416.1976284045232,3.9295769071730895,11.34283166665648,9.034113716806031
415.5249979302733,1.778199712168604,10.39819772924659,8.706924604610098
414.06767643498193,0,11.144080538452727,7.966810435492304
414.432416489007,0,9.317182089526057,5.936729092466539
0,0,0,0
0,0,0,0
0,0,0,0
0,0,0,0
0,0,0,0
0,0,0,0
0,0,0,0
0,0,0,0
0,0,0,0
0,0,0,0
0,0,0,0
0,0,0,0
0,0,0,0
0,0,0,0
0,0,0,0
0,0,0,0
0,0,0,0
0,0,0,0
0,0,0,0
0,0,0,0
0,0,0,0
0,0,0,0
0,0,0,0
0,0,0,0
0,0,0,0
0,0,0,0
0,0,0,0
0,0,0,0
0,0,0,0
0,0,0,0
0,0,0,0
0,0,0,0
0,0,0,0
0,0,0,0
0,0,0,0
0,0,0,0
0,0,0,0
0,0,0,0
0,0,0,0
0,0,0,0
0,0,0,0
0,0,0,0
0,0,0,0
0,0,0,0
0,0,0,0
0,0,0,0
0,0,0,0
0,0,0,0
0,0,0,0
0,0,0,0
0,0,0,0
0,0,0,0
0,0,0,0
0,0,0,0
0,0,0,0
0,0,0,0
0,0,0,0
0,0,0,0
0,0,0,0
0,0,0,0
0,0,0,0
0,0,0,0
0,0,0,0
0,0,0,0
0,0,0,0
0,0,0,0
0,0,0,0
0,0,0,0
0,0,0,0
0,0,0,0
0,0,0,0
0,0,0,0
0,0,0,0
0,0,0,0
0,0,0,0
0,0,0,0
0,0,0,0
0,0,0,0
0,0,0,0
0,0,0,0
0,0,0,0
0,0,0,0
0,0,0,0
0,0,0,0
0,0,0,0
0,0,0,0
0,0,0,0
0,0,0,0
0,0,0,0
402.98704424982014,137.7834557175521,8.393242432652642,7.833692937142445
0,0,0,0
0,0,0,0
0,0,0,0
0,0,0,0
0,0,0,0
0,0,0,0
0,0,0,0
0,0,0,0
0,0,0,0
0,0,0,0
0,0,0,0
0,0,0,0
0,0,0,0
0,0,0,0
0,0,0,0
0,0,0,0
0,0,0,0
0,0,0,0
0,0,0,0
0,0,0,0
0,0,0,0
0,0,0,0
0,0,0,0
0,0,0,0
0,0,0,0
0,0,0,0
0,0,0,0
0,0,0,0
0,0,0,0
0,0,0,0
0,0,0,0
0,0,0,0
0,0,0,0
0,0,0,0
0,0,0,0
0,0,0,0
0,0,0,0
0,0,0,0
0,0,0,0
0,0,0,0
0,0,0,0
0,0,0,0
0,0,0,0
0,0,0,0
0,0,0,0
0,0,0,0
0,0,0,0
0,0,0,0
0,0,0,0
0,0,0,0
0,0,0,0
0,0,0,0
0,0,0,0
0,0,0,0
0,0,0,0
0,0,0,0
0,0,0,0
0,0,0,0
0,0,0,0
0,0,0,0
0,0,0,0
0,0,0,0
0,0,0,0
0,0,0,0
0,0,0,0
0,0,0,0
0,0,0,0
0,0,0,0
0,0,0,0
0,0,0,0
0,0,0,0
0,0,0,0
0,0,0,0
0,0,0,0
0,0,0,0
0,0,0,0
0,0,0,0
0,0,0,0
0,0,0,0
0,0,0,0
0,0,0,0
0,0,0,0
0,0,0,0
0,0,0,0
0,0,0,0
0,0,0,0
0,0,0,0
0,0,0,0
0,0,0,0
0,0,0,0
0,0,0,0
0,0,0,0
0,0,0,0
0,0,0,0
0,0,0,0
0,0,0,0
0,0,0,0
0,0,0,0
0,0,0,0
0,0,0,0
0,0,0,0
0,0,0,0
0,0,0,0
0,0,0,0
0,0,0,0
0,0,0,0
0,0,0,0
0,0,0,0
0,0,0,0
0,0,0,0
0,0,0,0
0,0,0,0
0,0,0,0
0,0,0,0
0,0,0,0
0,0,0,0
0,0,0,0
0,0,0,0
0,0,0,0
0,0,0,0
0,0,0,0
0,0,0,0
0,0,0,0
0,0,0,0
0,0,0,0
0,0,0,0
0,0,0,0
0,0,0,0
0,0,0,0
0,0,0,0
0,0,0,0
0,0,0,0
0,0,0,0
0,0,0,0
0,0,0,0
0,0,0,0
0,0,0,0
0,0,0,0
0,0,0,0
0,0,0,0
0,0,0,0
0,0,0,0
0,0,0,0
0,0,0,0
0,0,0,0
0,0,0,0
0,0,0,0
0,0,0,0
0,0,0,0
0,0,0,0
0,0,0,0
0,0,0,0
0,0,0,0
0,0,0,0
0,0,0,0
0,0,0,0
0,0,0,0
0,0,0,0
0,0,0,0
0,0,0,0
0,0,0,0
0,0,0,0
0,0,0,0
0,0,0,0
0,0,0,0
0,0,0,0
0,0,0,0
0,0,0,0
0,0,0,0
0,0,0,0
0,0,0,0
0,0,0,0
0,0,0,0
0,0,0,0
0,0,0,0
0,0,0,0
0,0,0,0
0,0,0,0
0,0,0,0
0,0,0,0
0,0,0,0
0,0,0,0
0,0,0,0
0,0,0,0
0,0,0,0
0,0,0,0
0,0,0,0
0,0,0,0
0,0,0,0
0,0,0,0
0,0,0,0
0,0,0,0
0,0,0,0
0,0,0,0
0,0,0,0
0,0,0,0
0,0,0,0
0,0,0,0
0,0,0,0
0,0,0,0
0,0,0,0
0,0,0,0
0,0,0,0
0,0,0,0
0,0,0,0
0,0,0,0
0,0,0,0
0,0,0,0
0,0,0,0
0,0,0,0
0,0,0,0
0,0,0,0
0,0,0,0
0,0,0,0
0,0,0,0
0,0,0,0
0,0,0,0
0,0,0,0
0,0,0,0
0,0,0,0
0,0,0,0
0,0,0,0
0,0,0,0
0,0,0,0
0,0,0,0
0,0,0,0
0,0,0,0
0,0,0,0
0,0,0,0
0,0,0,0
0,0,0,0
0,0,0,0
0,0,0,0
0,0,0,0
0,0,0,0
0,0,0,0
0,0,0,0
0,0,0,0
0,0,0,0
0,0,0,0
0,0,0,0
0,0,0,0
0,0,0,0
0,0,0,0
0,0,0,0
0,0,0,0
0,0,0,0
0,0,0,0
0,0,0,0
0,0,0,0
0,0,0,0
0,0,0,0
0,0,0,0
0,0,0,0
0,0,0,0
0,0,0,0
0,0,0,0
0,0,0,0
0,0,0,0
0,0,0,0
0,0,0,0
0,0,0,0
0,0,0,0
565.8449523344617,0.0,14.040105136802708,5.839080459770116
565.8449523344617,0,12.544680047782663,6.76898631855114
566.683019851336,0,11.227716806980311,7.8465016973893835
566.2592313531574,0,11.89781908217094,9.121368717018544
565.7948092530661,0,12.52910975227769,10.770879596960349
565.2130451213385,0.2467067760504449,12.367088336138522,11.972394027538348
564.6218536264236,0.290659215633962,14.313088842643651,13.590205567762645
566.1121585384406,2.90636819850228,13.156475602834007,12.433592327953058
564.0402575767653,5.75383991494194,15.143880483187786,11.003826825913466
566.4786658273111,7.115164552138133,12.855956093641453,12.638058532732298
567.0423664381992,8.592593636035662,12.64349857756531,13.136102418249724
564.4831043888528,10.247284652150597,15.166450675489841,12.327410647565607
564.6454621417854,11.176528086208474,16.186188805524807,12.577694458295017
564.1924255109691,12.230315131679092,17.631932805002975,13.522795922481059
565.1203615627046,14.61627936992532,15.361778044097036,12.638058532732298
566.7816927277377,15.673386677618806,13.880074766014104,12.690354071784375
567.2349174412266,18.165522951311473,13.13610241824972,12.397196657223176
567.634760617592,19.41501063112636,13.049908477040958,12.57101275311285
566.0034145033944,21.14361564368276,16.259516154473772,12.194637115855297
566.0049366050881,22.468139451366177,17.091046246226256,11.801999896109045
565.4662346314105,23.284976962543094,16.996009750915846,13.727546337278188
567.6001219547845,25.019149456206552,14.203410739732476,12.807699857793484
567.4662277302192,26.038569831101658,14.164615203341668,13.26241041331986
565.7159182135482,27.558283770235853,17.498114347940714,13.156476953338846
567.9601003445323,29.40473757936381,16.043006751591633,12.930184546058932
567.1354586695289,30.610075473760133,15.903432047381784,13.734782222738843
568.8254158110146,32.731187989278425,13.981041072803464,13.027788272384996
568.6766086040576,34.04165255155479,14.532379052694864,13.318089163035438
568.449721794916,35.78858365254867,16.192585357334224,13.445628912786447
567.816091954023,38.02298850574713,16.471483813953682,11.992074356672617
568.8368748328328,40.81742251413508,14.964720671018085,13.238022132054446
569.157804118907,42.52881064725923,15.204939234717472,12.571012753112853
570.432211809009,43.88904798545106,13.967072974639109,12.570365677175204
570.7402055374895,44.97337084600862,13.156475602834007,12.722745637905454
571.1143274778299,46.66118788576826,12.577694458295014,13.189582296806662
570.910560916249,48.43114965279236,12.630867060304581,13.081969455315509
569.6754548821365,50.754974125363056,14.413357973829989,12.713669533519827
571.3705005601203,51.455223294822325,13.879358877715049,12.86732229288166
570.0052870217806,53.455394411194725,15.064326834761346,13.10456309900733
571.0638711852105,55.280493197219684,13.734782222738886,12.722745637905447
570.7739690390717,56.33992008899759,14.14166138682208,13.268719325907156
570.963306620911,57.85301536079102,14.772365286686522,13.582644592456717
569.8334369016505,59.80536233065325,16.555239708710133,12.498653105671906
572.0721576166936,61.08765425906887,13.792484562456139,13.443307738090141
570.3141421065596,62.896609141415574,15.348431457454467,13.238022132054446
572.5782149050774,64.76007338762454,12.722745637905405,13.15647560283405
571.0873929963108,65.69016318885497,15.728671206903869,13.663290139330613
570.4140231849465,67.09352222490375,17.476301341004273,13.504414672594208
571.7676874713679,69.55697726698342,16.52304854058582,12.710037338912201
573.6700956029075,71.96352071457534,12.498653105671906,12.63021787520529
573.8249443967666,75.16159200589881,12.269985144295902,12.721087539306808
573.5521513838902,76.17364426163594,12.690736684094873,13.049908477040958
573.7708584535934,78.93110625592652,12.64349857756531,11.904592816538809
574.4851231780459,79.95509022446066,12.269985144295902,12.3602056232981
574.444469882827,81.10694644698067,12.451288822130778,13.528804200969077
574.444469882827,82.98644296167124,12.59586547710694,13.239650891016694
574.5097148908666,85.21768936679445,13.182802435005215,13.073853654550646
574.9077352253016,87.1515840744547,12.235523566605139,12.367088336138508
575.1929815175642,89.37020256583399,12.744954089358203,12.570365677175204
575.1929815175642,89.37020256583399,12.936809482576336,14.488919609357012
575.6886984734933,92.14621751903682,12.738522700204726,13.100912132755596
575.5141100613104,93.89210164086671,13.087699524570667,13.799265781487549
576.943989261938,96.27523364191275,11.975571257415822,13.163763914541946
573.9078795074378,98.01015350162713,15.879140941773244,13.308340569518137
576.221105987057,100.6125332911987,13.565914462154069,12.296303984684755
576.221105987057,101.87751408984433,13.987574728369282,13.561284783330379
575.1089777199021,102.83076689026274,14.781952062051346,14.51453758374879
575.1089777199021,105.22764006026368,15.43564474477887,13.425049779202894
575.8983663371024,108.51675929859839,14.777820897111951,12.109402083869014
576.9458968102003,109.73887818387931,13.904878836196986,12.633167320417982
576.9458968102003,112.00852754225816,14.079467248379956,13.15693255696695
576.9458968102003,114.46808549205674,15.616690967004047,15.309045763040714
578.0911991231932,118.12674243159651,13.59020556776261,13.301052257810255
578.0911991231932,118.68629192710668,13.59020556776261,14.699925996585705
578.0911991231932,121.48403940465755,14.989079306538088,14.140376501075536
578.0911991231932,124.28178688220842,14.989079306538088,13.301052257810284
578.0911991231932,126.00848542117204,14.989079306538088,13.876618437464842
579.7129693966538,127.86193716226985,13.830671968351908,13.644936969827612
579.7129693966538,130.41043330627934,13.830671968351908,13.644936969827626
579.9446508642909,131.8005221121027,13.367309033077504,13.876618437464856
579.9446508642909,134.5806997237494,13.135627565440359,12.949892566915963
579.9446508642909,137.0986724535452,13.135627565440359,12.949892566915963
580.9630308407002,139.13543240636363,13.135627565440359,12.949892566915963
581.2428055884553,141.37363038840434,13.135627565440359,12.949892566915963
581.5225803362105,144.1713778659552,13.135627565440359,12.949892566915963
581.5225803362105,145.7931481394158,13.135627565440359,12.949892566915963
581.7771753303127,147.57531309813194,13.135627565440359,12.949892566915963
581.1622858428631,150.03487104793052,13.135627565440359,12.949892566915963
581.7218353383732,151.99329428221614,13.135627565440359,12.949892566915963
582.0016100861283,155.0708165075221,13.135627565440359,12.949892566915963
581.7218353383731,156.46969024629755,13.135627565440359,12.949892566915963
582.0292800820979,160.77391665844505,13.135627565440359,12.949892566915963
582.0292800820979,162.40585166826523,13.135627565440359,12.949892566915963
582.5888295776081,164.92382439806102,13.135627565440359,12.949892566915963
582.5888295776081,166.96058435087946,13.135627565440359,12.949892566915963
582.5888295776081,169.50653429190254,13.135627565440359,12.949892566915963
582.5888295776081,171.07783000154944,13.135627565440359,12.949892566915963
582.4142411654251,173.69665618429428,13.135627565440359,12.949892566915963
583.4326211418344,175.73341613711273,13.135627565440359,12.949892566915963
583.7400658855591,178.80786357436094,13.135627565440359,12.949892566915963
583.7400658855591,180.48651206089147,13.135627565440359,12.949892566915963
583.8591023807213,182.11844707071165,13.135627565440359,12.949892566915963
583.8591023807213,184.91899200583703,13.135627565440359,12.949892566915963
583.4374421145061,187.44895360312827,13.135627565440359,12.949892566915963
584.2318194481882,189.51433467070152,13.135627565440359,12.949892566915963
584.2318194481882,191.78398402908036,13.135627565440359,12.949892566915963
584.0001379805509,193.63743577017817,13.135627565440359,12.949892566915963
584.2547329746532,195.41960072889432,13.135627565440359,12.949892566915963
584.062877581435,198.4892870203852,13.135627565440359,12.949892566915963
584.062877581435,201.01924861767645,13.135627565440359,12.949892566915963
584.062877581435,202.697897104207,13.135627565440359,12.949892566915963
584.2945590490723,204.78303031294203,13.135627565440359,12.949892566915963
584.2945590490723,209.003848963742,13.135627565440359,12.949892566915963
585.4456914083813,211.30611368236018,13.135627565440359,12.949892566915963
585.8794213733099,213.61934016197935,13.135627565440359,12.949892566915963
585.8794213733099,215.6561001147978,13.135627565440359,12.949892566915963
585.5996466255548,217.6145233490834,13.135627565440359,12.949892566915963
585.9374980459328,219.30378045097365,13.135627565440359,12.949892566915963
586.2172727936879,222.3813026762796,13.135627565440359,12.949892566915963
586.2172727936879,224.6195006583203,13.135627565440359,12.949892566915963
586.2172727936879,226.857698640361,13.135627565440359,12.949892566915963
586.7768222891981,229.65544611791188,13.135627565440359,12.949892566915963
586.7768222891981,231.3340946044424,13.135627565440359,12.949892566915963
586.7768222891981,234.03497753896124,13.135627565440359,12.949892566915963
586.2172727936879,235.15407652998158,13.135627565440359,12.949892566915963
587.1705255941064,238.17271039797322,13.135627565440359,12.949892566915963
587.679715582311,240.20947035079166,12.371842583133457,12.695297572813644
588.2392650778212,243.00721782834253,12.371842583133457,12.695297572813644
587.679715582311,244.96564106262815,12.371842583133457,12.695297572813615
588.2946050697607,247.1177542687019,12.371842583133457,12.695297572813615
588.2946050697607,249.3594232181348,12.371842583133457,12.246963782927025
587.7350555742505,252.71672019119583,12.371842583133457,12.246963782927054
588.7534355506598,256.2810501086281,12.371842583133457,12.246963782927025
589.0608802943846,259.35549754587635,12.371842583133457,12.246963782927025
589.0608802943846,260.97726781933693,12.371842583133457,12.246963782927025
589.0608802943846,263.0723287655328,12.371842583133457,12.246963782927025
589.3154752884868,265.10908871835125,12.371842583133457,12.246963782927025
589.0357005407317,267.62706144814706,12.371842583133457,12.246963782927025
589.5123269409409,269.5335670489839,12.054091649660677,12.246963782927025
590.0360921774898,271.9778048195458,12.054091649660677,12.246963782927025
590.0360921774898,274.2474541779246,12.054091649660677,12.246963782927025
589.6413978688896,276.61562002952564,12.054091649660677,12.246963782927025
589.6413978688896,279.0598578000875,12.054091649660677,11.723198546378057
589.4124179595974,281.5219723975228,13.081969455315516,11.728662270282882
589.5712934263338,283.60710560625785,12.923093988579126,11.728662270282882
589.5712934263338,286.1370672035491,13.133924121686732,10.042021205422031
589.3967050141508,289.4542470350259,13.133924121686732,10.042021205422031
589.8733314143601,291.67850356933553,12.339546788004668,10.042021205422031
590.0651868075782,293.7889128947355,12.339546788004668,10.617587385076547
590.5738817936415,295.6115432450343,12.638058532732316,11.548570728186405
590.9958715262111,297.7907889792507,12.392286405439336,7.149396003138122
590.6551952800048,300.2452741594495,11.457412071472277,7.098649549072661
590.6527623715075,303.33537203286875,12.395777264992262,5.936006014221618
591.4201839443803,309.4747446158505,12.395777264992262,5.936006014221618
591.4201839443803,310.74771958636205,12.395777264992262,5.936006014221618
591.4201839443803,313.29366952738513,12.395777264992262,5.936006014221618
590.6126221227935,312.4131901788793,13.429877525272673,9.400914267690837
590.2288452926607,318.65631421318676,13.59020556776261,6.2167961639765394
590.412700517639,318.94007088484534,13.443307738090198,7.5073017238685225
592.0830089508194,322.31736627150093,11.855285708048314,5.927642854024157
591.2488607365533,325.3122527942747,12.221188852809178,6.4597712507705864
591.9767100097434,327.46714995034955,11.697423616260266,5.41224077767265
591.3358678050728,329.92463624942917,12.43897785334866,6.3249039932281335
590.7177004178036,331.970588867849,12.9877842453418,6.047746862334748
590.4639339062159,334.0149034579474,14.313088842643651,7.084256093833744
589.7638425670419,336.2169096667435,14.07743034007251,6.4466737071360285
589.7638425670419,338.6764676165421,14.07743034007251,6.4466737071360285
590.0712873107668,340.82858082261583,14.07743034007251,6.4466737071360285
591.414275063294,344.2819779005431,12.350731801108964,6.254818313917838
590.4558265277806,345.89823664206654,13.419606492405592,6.84136801573618
590.4558265277806,347.74290510441546,13.419606492405592,6.84136801573618
590.4558265277806,351.1002020774765,13.419606492405592,6.84136801573618
590.4558265277806,353.5597600272751,13.419606492405592,6.84136801573618
591.0153760232907,358.87548023462176,12.860056996895423,6.561593267981095
591.0153760232907,360.72893197571955,12.16501259398376,6.561593267981095
591.0153760232907,363.80645420102553,12.72456208949393,6.561593267981095
591.0153760232907,366.3524041420486,12.72456208949393,6.561593267981095
591.437036289506,368.6715356062323,12.72456208949393,6.561593267981095
591.2053548218688,370.98835028260453,12.72456208949393,6.561593267981095
591.485129569624,373.50632301240034,12.72456208949393,6.561593267981095
591.7649043173791,376.02429574219616,12.72456208949393,6.561593267981095
590.751350056245,379.0649585255986,12.72456208949393,6.561593267981095
591.3662395436946,381.5245164753972,12.72456208949393,6.561593267981095
591.3662395436946,383.00957750398015,12.72456208949393,6.561593267981095
591.3662395436946,385.55807364798966,12.72456208949393,6.561593267981095
591.6681891585721,388.6422834094232,13.519625763073122,6.182297362680345
591.9674318213475,390.4973531567075,12.97416218768467,6.950444029116795
592.2753459876371,393.50333054274347,13.617896150273168,6.110594426404589
591.3707488741911,394.2456903104703,15.203313917012224,7.094879827939053
591.9872821798992,394.8710648561392,14.13256952587085,10.193984576037963
592.4066112798931,401.6808756847792,12.74248072004741,4.633629352744549
591.9337918442034,403.68336861665347,14.968939450639937,5.270753327690102
592.6125397461119,406.3724080937062,16.02309011617797,5.059923194582495
593.542275181669,411.5735322216164,12.984344699217672,4.328114899739205
593.2908616778501,413.2676844208791,13.66329013933057,5.560641335774108
594.018472794268,415.87651191223875,12.470600559181776,6.714938762636336
593.9067436201201,418.349863839965,13.205843655321928,6.487081093842335
593.714888226902,420.2684177721468,13.205843655321928,6.487081093842335
594.873295565088,423.2802768514307,13.205843655321928,6.487081093842335
594.873295565088,424.8515725610776,13.205843655321928,6.487081093842335
593.7783323511393,427.0845121526001,13.914788785101905,6.746564259443346
594.5129963709946,430.53410357332757,13.703958651994299,5.270753327690102
594.2584013768924,433.334648508453,13.703958651994299,5.270753327690102
594.2584013768924,435.65377997263664,13.703958651994299,5.270753327690102
594.2584013768924,438.33975547769114,13.703958651994299,5.270753327690102
594.2584013768924,440.25830940987294,13.703958651994299,5.270753327690102
594.873290864342,442.4905775314087,13.703958651994299,5.270753327690102
594.873290864342,444.78193247832945,13.703958651994299,5.270753327690102
594.873290864342,446.5640974370456,13.703958651994299,5.270753327690102
595.1807356080668,449.02365538684415,13.703958651994299,5.270753327690102
595.1807356080668,451.4715579015744,13.703958651994299,5.270753327690102
595.1807356080668,453.0087816201985,13.703958651994299,5.270753327690102
595.1807356080668,455.0455415730169,13.703958651994299,5.270753327690102
595.5364671564622,455.8792925276243,13.792484562456139,5.41224077767265
594.7921504808287,460.31558957211274,13.748129681524574,4.837304887943844
595.4871948837404,461.7056783779361,13.748129681524574,4.837304887943844
595.6790502769585,464.0079430965543,12.788852715433677,4.6454494947256535
595.6790502769585,465.69458416141515,12.788852715433677,4.6454494947256535
596.1811450640848,466.4365773353256,11.584073381861344,5.09699228801901
595.7105111888699,468.52921423732573,13.02778827238501,5.560641335774108
596.2860773685244,470.6396235627257,13.02778827238501,5.560641335774108
596.2860773685244,472.3663221016893,13.02778827238501,5.560641335774108
596.7361643464106,474.34034245362363,13.02778827238501,5.560641335774108
596.270260380841,475.56755535818365,13.429877525272673,5.371951010109058
596.2173788444696,477.79405737816586,12.86891280564862,5.0840149355648805
596.8713651991613,479.27493120183965,12.722745637905405,5.927642854024157
596.9182753236729,480.72238036190083,12.278745165963528,5.755661796545439
595.907531123331,482.35419014976964,14.75810931753233,5.692413593905314
596.5423445547896,483.6421985495971,13.156475602834007,5.783066199047937
595.4786699889132,486.36799570095394,14.139916539539854,5.0840149355648805
596.5196440212065,487.7390730237752,13.242475798245323,5.301462540993555
596.2230394040253,489.76304071263627,14.125618918209511,5.270753327690102
596.1476179036698,490.15723966661614,13.82216560606696,5.401765869037661
596.4616161893309,492.32777304207315,13.1866637391214,6.196143202719668
597.0298962850588,495.39431814192955,12.63021787520529,7.499191863403155
596.4740742023524,497.613317839123,13.967072974639109,5.761417602038648
595.5394374186069,498.4444106160627,14.772865277799838,6.139372582981764
596.727970072246,500.3391723618171,12.690354071784327,6.146890253520553
595.9379941514006,502.0880089682527,13.89395376633513,6.044772093145809
595.843696841486,503.6852647966044,13.400699995914465,6.427978046820726
595.9092390858638,505.8776709857997,14.735254187739542,6.122329014200318
596.8611473304701,506.9193464945737,12.867322292881681,5.080653505426312
0,0,0,0
