263.1486269643065,118.58518559469702,17.151806675146076,13.582644592456703
263.3861214753184,117.69341403676134,17.104958531370414,13.836495117732767
262.9980958334728,116.80911780701432,17.25095006633188,13.97921815719998
262.34180366347863,116.25238156712939,17.83886571632206,14.007699924897196
262.9508504734276,115.34988370585344,17.21390731182504,13.945443898187364
262.60210602840584,114.41576451112289,17.719141785340014,13.887975993915148
262.3018923425608,113.5202011942729,17.944953804632576,14.078361548385786
262.54148188770864,113.20526397546934,17.548380239889354,13.186071027713453
262.5787040042311,112.45309615932084,17.64752363107516,13.384357810085078
262.6381475467314,111.562947627231,17.25095006633188,13.483501201270897
262.6401491629678,110.87591742970054,17.449236848703492,13.582644592456717
262.77680881597036,110.23318882294896,17.638351907096194,13.301052257810255
262.574745498491,109.2380937065048,17.647523631075103,13.97921815719998
262.43262936214774,108.64769185702941,17.746667022260965,13.384357810085078
262.52878672676235,107.5633421922455,17.746667022260965,13.681787983642522
262.54429754854516,106.62622765113322,17.05266328396027,13.880074766014161
262.509840007331,105.66136666550824,17.62327727219639,13.846860713868608
261.67080451055097,104.69986997265892,17.530032418904398,13.940105567160657
262.36193904003574,103.64059990513756,17.074788063584833,14.720856375806662
262.5746057600204,102.48693933573227,16.631152227015207,13.91586206750253
262.6050087141273,101.58525170580909,17.734238854317255,13.703730023790612
262.72937023543466,100.73092958404811,17.5706997939526,13.796711457927586
262.83658494193,99.81758290457523,17.606959628090124,13.61887720630584
262.65783276980267,98.78748643507426,17.601787695176938,13.63172380384961
263.298801825415,97.83665273134308,17.01718572579813,13.800238287222584
262.7779906737259,97.19189556210242,17.453148711298923,14.018819448752993
262.87694677419984,95.63216373966902,17.64387070849523,14.825484358998182
262.72800067608216,95.63995321768053,17.5407847040006,13.733482597705915
262.8497325106301,94.65549370764913,17.241134423952758,14.039209459504391
262.7154519777142,93.95385394956853,17.412552447419955,13.533071850326394
262.66201759168104,92.84495784578691,17.694437116445215,14.415398070390694
262.8408154162192,91.97299154381884,17.450480645389177,14.415398070390694
262.50619736071087,91.76713471123675,17.678350630154398,13.793617529897531
262.8952732139887,90.57220121928768,17.214434938990962,13.679327764019604
262.629270495892,90.00445634978024,17.763144552134463,13.473881300700427
262.7572621266835,88.74131135537287,17.483409992258316,14.499574686912922
262.85118295964656,87.77986153352985,17.390165138966324,14.406329833620873
262.6388289938548,86.71432274649567,17.763144552134463,14.173217700390765
262.86385147407884,86.07252973656956,17.5407847040006,14.617320586667176
262.83284271993347,84.98212047530023,17.385093810213675,14.291660747898078
262.9069087019396,82.8168295845801,17.450830547570774,14.709660262443506
263.4376003087515,81.92089647187177,16.890143914160262,14.525523766177798
262.89644414702235,81.5058944494885,17.52210681060535,14.000714884987303
263.44896299289076,80.74265944677171,16.903552055986893,13.848693250688058
263.71767475945256,79.59612608853698,16.6508671284883,14.037961825248587
263.6173898734837,78.7181090141626,16.83384343444635,14.46922328646393
263.56086923667397,77.7028987054526,16.912823920142557,14.514975538269809
263.6173287889844,76.73019263128288,16.75588596824275,14.555228133703935
263.7648969407051,75.72124537351509,17.446962471459983,14.724741376622262
263.79251231671594,74.63702221519597,17.36813525094624,14.755229947706539
263.6190521835122,73.68780232890828,17.778002749493623,14.8576968223434
263.5953313673777,73.62833291174816,17.565749670726632,13.624716090755925
263.62184427578086,72.55843594770424,17.622050150440487,13.793617529897531
263.7035057477673,71.61252681358356,17.608772241612996,13.597507522481095
263.545291765591,70.48974152443068,17.669899698842414,14.033350420452706
263.5221867878466,69.46860164192817,17.67675977922545,14.141407823380348
263.70755938027264,68.77202493374827,17.632568455198907,13.920448780420202
263.7676005143501,67.58283531855156,17.323225148967367,13.796711457927586
263.551072973637,66.85672249789394,17.809766978780488,14.173217700390765
264.6047491455852,65.74147359031558,16.70210056580669,13.986728387930157
264.2704113434688,63.71097525579829,17.064871940713772,13.869457672930722
264.58827813733205,62.50253556377168,16.666429943154355,13.875008179276271
264.68636066361154,61.50298868609417,16.800857861984753,13.958288476244917
264.53364188963525,59.78137784129317,17.064871940713772,14.617320586667184
264.57649982497077,58.57352816640555,16.73539384881633,14.792892777078734
264.5870878510441,57.7205388726607,16.753334003125133,13.781794638656464
264.6011911402863,56.282993461235286,17.56453321934771,14.043141293729697
264.50366969369156,54.59605417095139,17.67553587485679,14.8576968223434
264.47655974050843,52.98350634400377,17.756305777691523,14.9103473603612
265.6402465750633,51.63101332689248,16.588959177426943,15.025245812341616
265.5825926168175,50.494358452018744,16.777542954732496,14.91962712417488
265.6506843869014,48.95455530101213,16.737451165921982,15.245533513249278
265.4015044860941,47.55692521656032,17.678350630154398,14.919627124174873
265.82458634844994,46.59984602107093,16.511259109769696,14.494046458349864
265.45592327240524,45.14301062199389,17.744747316837845,14.48134551144237
265.58442052729674,43.6367936939223,17.678350630154398,14.919627124174873
265.6311431725394,42.637339417350674,17.5407847040006,13.937445210543132
265.8870457787674,41.05677703248684,17.15903378383871,13.957108819390335
266.5682988844459,39.4093211704449,16.890143914160262,15.144829043030342
266.4216409424087,37.82381879883998,17.00950118971724,14.55029619843284
266.7353459493768,35.82100934266264,16.580801214011615,14.724741376622255
266.5620862851341,33.651817611419325,16.843284270727167,14.50983178989594
266.5557985906439,31.611592455771028,16.73539384881633,14.942315936443155
266.57115057856305,30.52306060370414,16.724934252651735,14.277382898605154
266.80062058775906,28.733402514816646,17.453148711298923,14.244021367608468
267.03360931222574,26.691065141308624,17.232111489415615,15.066819993363378
267.6323567564915,25.785223136441953,16.690828739275958,14.359707406974852
267.73456640257615,23.623645376463372,16.644206312629933,14.779309246789055
267.5692415217646,22.43050381045049,16.877318445860055,14.779309246789055
267.55227504379894,21.452540334957384,16.758431453242395,14.085567702472083
267.6252030093252,19.72003602143868,16.497166816533024,13.730561201338034
267.7824958341975,17.711995906987944,16.83384343444635,14.694425205319405
267.8700544884604,16.74990172107973,16.317009026977303,14.209395360992751
267.8365860657921,14.932640404221914,16.518932552765307,14.229792086651763
268.25360990463673,13.397959988793943,16.600568136400398,14.164615203341619
268.0779298744124,12.074974886577856,16.327139117021545,14.244021367608465
267.72616280178664,10.54594698659303,16.631152227015207,14.170420519956853
268.70402111131284,8.55021024746959,15.599121621671543,14.613913940302819
268.4861942605759,7.804918810338645,16.062989631676373,14.269911719303217
268.7810910591749,6.779055915302806,16.209589246533767,13.796711457927579
268.5988407486212,5.2743196848165415,16.521902475519767,14.486595648825284
268.2999860627237,2.6358587550395782,17.60779154042922,14.132569525870828
268.9082584298758,0.7515538579894212,16.40217854453772,13.887975993915152
268.6948993301362,0,16.556946328031188,13.431483299964723
268.7761093725822,0,16.708725730740355,11.788496372921031
269.4195198033309,0,16.20529760711304,10.559752795409477
271.7858817571706,0,14.616542939749024,9.64477193623069
271.93069037224245,0,14.457667473012634,8.227675507810837
271.69326143545265,0,15.014603447737045,6.898886094049667
271.6981149211112,0,14.603689418206102,4.998876936238514
271.96618164314117,0.0,11.051440640804628,4.314668504135076
273.0292839593407,0.0,9.975789193357684,2.451415856226146
0,0,0,0
0,0,0,0
0,0,0,0
0,0,0,0
0,0,0,0
0,0,0,0
0,0,0,0
0,0,0,0
0,0,0,0
0,0,0,0
0,0,0,0
0,0,0,0
0,0,0,0
0,0,0,0
0,0,0,0
0,0,0,0
0,0,0,0
0,0,0,0
0,0,0,0
0,0,0,0
0,0,0,0
0,0,0,0
0,0,0,0
0,0,0,0
0,0,0,0
0,0,0,0
0,0,0,0
0,0,0,0
0,0,0,0
0,0,0,0
0,0,0,0
0,0,0,0
0,0,0,0
0,0,0,0
0,0,0,0
0,0,0,0
0,0,0,0
0,0,0,0
0,0,0,0
0,0,0,0
0,0,0,0
0,0,0,0
0,0,0,0
0,0,0,0
0,0,0,0
0,0,0,0
0,0,0,0
0,0,0,0
0,0,0,0
0,0,0,0
0,0,0,0
0,0,0,0
0,0,0,0
0,0,0,0
0,0,0,0
0,0,0,0
0,0,0,0
0,0,0,0
0,0,0,0
0,0,0,0
0,0,0,0
0,0,0,0
0,0,0,0
0,0,0,0
0,0,0,0
0,0,0,0
0,0,0,0
0,0,0,0
0,0,0,0
0,0,0,0
0,0,0,0
0,0,0,0
0,0,0,0
0,0,0,0
0,0,0,0
0,0,0,0
0,0,0,0
0,0,0,0
0,0,0,0
0,0,0,0
0,0,0,0
0,0,0,0
0,0,0,0
0,0,0,0
0,0,0,0
0,0,0,0
0,0,0,0
0,0,0,0
0,0,0,0
0,0,0,0
0,0,0,0
0,0,0,0
0,0,0,0
0,0,0,0
0,0,0,0
0,0,0,0
0,0,0,0
0,0,0,0
0,0,0,0
0,0,0,0
0,0,0,0
0,0,0,0
0,0,0,0
0,0,0,0
0,0,0,0
0,0,0,0
0,0,0,0
0,0,0,0
0,0,0,0
0,0,0,0
0,0,0,0
0,0,0,0
0,0,0,0
0,0,0,0
0,0,0,0
0,0,0,0
0,0,0,0
0,0,0,0
0,0,0,0
0,0,0,0
0,0,0,0
0,0,0,0
0,0,0,0
0,0,0,0
0,0,0,0
0,0,0,0
0,0,0,0
0,0,0,0
0,0,0,0
0,0,0,0
0,0,0,0
0,0,0,0
0,0,0,0
0,0,0,0
0,0,0,0
0,0,0,0
0,0,0,0
0,0,0,0
0,0,0,0
0,0,0,0
0,0,0,0
0,0,0,0
0,0,0,0
0,0,0,0
0,0,0,0
0,0,0,0
0,0,0,0
0,0,0,0
0,0,0,0
0,0,0,0
0,0,0,0
0,0,0,0
0,0,0,0
0,0,0,0
0,0,0,0
0,0,0,0
0,0,0,0
0,0,0,0
0,0,0,0
0,0,0,0
0,0,0,0
0,0,0,0
0,0,0,0
0,0,0,0
0,0,0,0
0,0,0,0
0,0,0,0
0,0,0,0
0,0,0,0
0,0,0,0
0,0,0,0
0,0,0,0
0,0,0,0
0,0,0,0
0,0,0,0
0,0,0,0
0,0,0,0
0,0,0,0
0,0,0,0
0,0,0,0
0,0,0,0
0,0,0,0
0,0,0,0
0,0,0,0
0,0,0,0
0,0,0,0
0,0,0,0
0,0,0,0
0,0,0,0
0,0,0,0
0,0,0,0
0,0,0,0
0,0,0,0
0,0,0,0
0,0,0,0
0,0,0,0
0,0,0,0
0,0,0,0
0,0,0,0
0,0,0,0
0,0,0,0
0,0,0,0
0,0,0,0
0,0,0,0
0,0,0,0
0,0,0,0
0,0,0,0
0,0,0,0
0,0,0,0
0,0,0,0
0,0,0,0
0,0,0,0
0,0,0,0
0,0,0,0
0,0,0,0
0,0,0,0
0,0,0,0
0,0,0,0
0,0,0,0
0,0,0,0
0,0,0,0
0,0,0,0
0,0,0,0
0,0,0,0
0,0,0,0
0,0,0,0
0,0,0,0
0,0,0,0
0,0,0,0
0,0,0,0
0,0,0,0
0,0,0,0
0,0,0,0
0,0,0,0
0,0,0,0
0,0,0,0
0,0,0,0
0,0,0,0
0,0,0,0
0,0,0,0
0,0,0,0
0,0,0,0
0,0,0,0
0,0,0,0
0,0,0,0
0,0,0,0
0,0,0,0
0,0,0,0
0,0,0,0
0,0,0,0
0,0,0,0
0,0,0,0
0,0,0,0
0,0,0,0
0,0,0,0
0,0,0,0
0,0,0,0
0,0,0,0
0,0,0,0
0,0,0,0
0,0,0,0
0,0,0,0
0,0,0,0
0,0,0,0
0,0,0,0
0,0,0,0
0,0,0,0
0,0,0,0
0,0,0,0
0,0,0,0
0,0,0,0
0,0,0,0
0,0,0,0
0,0,0,0
0,0,0,0
0,0,0,0
0,0,0,0
0,0,0,0
0,0,0,0
0,0,0,0
0,0,0,0
0,0,0,0
0,0,0,0
0,0,0,0
0,0,0,0
0,0,0,0
0,0,0,0
0,0,0,0
0,0,0,0
0,0,0,0
0,0,0,0
0,0,0,0
0,0,0,0
0,0,0,0
0,0,0,0
0,0,0,0
0,0,0,0
0,0,0,0
0,0,0,0
0,0,0,0
0,0,0,0
0,0,0,0
0,0,0,0
0,0,0,0
0,0,0,0
0,0,0,0
0,0,0,0
0,0,0,0
0,0,0,0
0,0,0,0
0,0,0,0
0,0,0,0
0,0,0,0
0,0,0,0
0,0,0,0
0,0,0,0
0,0,0,0
0,0,0,0
0,0,0,0
0,0,0,0
0,0,0,0
0,0,0,0
0,0,0,0
0,0,0,0
0,0,0,0
0,0,0,0
0,0,0,0
0,0,0,0
0,0,0,0
0,0,0,0
0,0,0,0
0,0,0,0
0,0,0,0
0,0,0,0
0,0,0,0
0,0,0,0
0,0,0,0
0,0,0,0
0,0,0,0
0,0,0,0
0,0,0,0
0,0,0,0
0,0,0,0
0,0,0,0
0,0,0,0
0,0,0,0
0,0,0,0
0,0,0,0
0,0,0,0
0,0,0,0
0,0,0,0
0,0,0,0
0,0,0,0
0,0,0,0
0,0,0,0
0,0,0,0
0,0,0,0
0,0,0,0
0,0,0,0
0,0,0,0
0,0,0,0
0,0,0,0
0,0,0,0
0,0,0,0
0,0,0,0
0,0,0,0
0,0,0,0
0,0,0,0
0,0,0,0
0,0,0,0
0,0,0,0
0,0,0,0
0,0,0,0
0,0,0,0
0,0,0,0
0,0,0,0
0,0,0,0
0,0,0,0
0,0,0,0
0,0,0,0
0,0,0,0
0,0,0,0
0,0,0,0
0,0,0,0
0,0,0,0
0,0,0,0
0,0,0,0
0,0,0,0
0,0,0,0
0,0,0,0
0,0,0,0
0,0,0,0
0,0,0,0
0,0,0,0
0,0,0,0
0,0,0,0
0,0,0,0
0,0,0,0
0,0,0,0
0,0,0,0
0,0,0,0
0,0,0,0
0,0,0,0
0,0,0,0
0,0,0,0
0,0,0,0
0,0,0,0
0,0,0,0
0,0,0,0
0,0,0,0
0,0,0,0
275.60025743032713,0.0,9.674609775887632,4.185665558072949
274.80476607698705,0.0,10.552046626999925,4.610597434165438
274.7062446768697,0.0,10.889028978949625,5.304003749756085
274.64617486212364,0.0,13.682736031472416,5.902008103611809
274.7797713683018,0,13.669206590596389,6.411535200900676
274.40359948510644,0,14.268512135509468,7.031486288792717
274.58737369620053,0,13.703958651994299,7.987598706839039
274.2186833777476,0,14.757347698791477,8.1647639229808
274.529539648393,0,14.142458211341818,9.02256567648729
274.88042545499144,0,13.669206590596389,9.654980206720289
272.3968292276481,0,16.04642214037665,10.154841176301169
272.05343051234263,0,16.337162012310387,10.079478658498015
271.91793432822936,0,16.626315322262826,10.49173204987446
272.6179446395484,0,15.39059971685515,11.103984559550915
272.537490711093,0,15.601429849962756,11.624138746422439
272.8807802347642,0,15.410920273431032,12.783828239684663
272.7517060745433,0,15.179769583747543,13.004942923035378
272.42914542841226,0,16.06213392083498,13.930653261320913
272.42914542841226,0,16.06213392083498,13.930653261320913
272.42914542841226,1.342987752527263,15.87027852761679,13.546942474884553
272.2266206452722,1.4931816526487047,16.25592674258405,13.875008179276271
272.40667488093794,2.376451649262208,15.862942589730494,13.979218157199973
272.60152093522646,3.467066887845279,15.862942589730494,13.384357810085083
272.58904062378053,3.730877385479733,15.90024594030217,13.611105474188644
272.23491194180775,4.736697952283334,16.05924526238732,13.352630892322038
272.6294534362716,5.476498991281716,15.705121188465682,13.461532447256289
272.2550974678558,5.73582577821867,16.16037276328791,13.88007476601416
271.49527345513934,6.652436882205976,16.828275858996847,12.868681539232899
271.61568051178983,6.815796664845226,16.737451165921982,13.846860713868608
271.60829438865284,7.464907478345371,16.560214629097516,13.727546337278188
271.7014275725152,8.041829899677339,16.560214629097516,13.836495117732774
272.0003561580716,8.803656018459145,16.43974007644931,13.343213692186586
272.0003561580716,8.803656018459145,16.43974007644931,13.343213692186586
271.8557795030954,9.526539293340138,16.43974007644931,13.343213692186586
271.52893316173163,10.398129536976848,16.43974007644931,13.343213692186586
271.52893316173163,10.833924658795203,16.43974007644931,13.343213692186586
271.9800355567425,11.55568849081261,16.43974007644931,13.343213692186584
272.0889843371971,12.31832995399473,16.43974007644931,13.343213692186584
271.729812544251,12.677501746940813,16.43974007644931,13.343213692186584
271.83876132470556,13.7669895514867,16.43974007644931,13.343213692186582
272.0625375844585,13.910561696050415,16.12441950727913,13.291751215459833
271.6883936303327,14.577748241131392,16.761350337483805,13.6485281319511
271.78904806733715,15.116452725174986,16.600568136400398,13.713512808330742
271.6493913805245,15.614782085379364,16.73539384881633,13.971065400574354
271.5381070605747,15.429763664596,16.781009094404737,14.525497119350325
272.09750840088066,17.50270120522888,16.233368287733754,14.272290239551133
271.6334017989457,17.705123433760313,16.84029050027374,14.07743034007256
271.9823194495724,18.423768950890057,16.149465741389463,14.074394724339449
271.5463506671758,19.02755138050437,16.781009094404737,13.71351280833074
271.8097868690376,19.632846267405665,16.580801214011615,13.487368151696021
271.62396212715896,19.66125145019423,16.860909327876584,13.937445210543132
271.57747618580674,20.473716895029256,16.912731863496504,13.464504978705968
271.52585807525645,21.385160595795412,16.777542954732496,13.624716090755925
271.48777366314107,21.555447813150447,17.241134423952758,14.039209459504395
271.85135489477796,22.761586494197726,16.666429943154355,13.710806899048148
271.85135489477796,22.761586494197726,16.666429943154355,13.710806899048148
271.7316309637959,23.719377942053942,16.666429943154355,13.710806899048148
271.7316309637959,23.719377942053942,16.666429943154355,13.710806899048148
271.9947605028627,24.64033132878766,16.666429943154355,13.710806899048144
271.8029051096445,24.64033132878766,16.858285336372546,14.478228471920865
271.7126846306423,25.632756597811596,16.858285336372546,14.478228471920868
272.2656878827399,26.416554655308715,16.20529760711304,13.82216560606701
272.76552780114605,27.08117020299082,15.5402868506726,13.238022132054454
272.4871576630749,27.68123014104178,15.683834958645548,14.007699924897182
271.9950822766518,27.935229604307533,16.57716096120697,14.866818957272894
271.63174419083896,29.695915339155462,16.69078861540254,13.44285137132421
271.94949512431174,30.331417206101072,16.69078861540254,13.44285137132421
271.5262457786348,31.09561308374576,16.708725730740355,13.814300801005786
271.795497952715,31.373245334663537,16.641626406501757,14.247147786861234
271.598892218248,32.58500207071442,16.43974007644931,13.512115131328187
271.6396793422049,33.049867973802684,16.656089719216993,13.880074766014161
271.7683487847976,33.868745716085094,16.88481700818079,13.373372763116627
271.40085481201646,34.44862485775036,17.151806675146076,13.979218157199973
271.4187913117615,35.10132630383243,16.92889686548898,13.053607221581856
271.7794359585535,35.91177989388976,16.45298410220215,13.869457672930722
271.6873801922236,36.50711859530096,16.830631223382454,13.300303698477848
271.772072000891,36.970191183338464,16.436547530087466,13.597507502163275
271.66055029605855,37.4299557712788,16.656089719216993,13.880074766014161
271.08498411640403,38.19737734415152,16.656089719216993,13.880074766014161
271.08498411640403,38.67627306807963,16.656089719216993,13.880074766014161
271.6079651741795,40.09579308204173,16.656089719216993,13.880074766014161
271.4990163937249,40.31369064295091,16.656089719216993,13.880074766014161
271.4990163937249,40.31369064295091,16.656089719216993,13.880074766014161
271.19157165000007,42.158359105299844,16.656089719216993,13.069663739723822
271.19157165000007,42.158359105299844,16.656089719216993,13.880074766014161
271.19157165000007,42.158359105299844,16.656089719216993,13.880074766014161
271.54074847436607,44.25342005149571,16.656089719216993,13.880074766014161
271.54074847436607,44.82898623115025,16.656089719216993,13.880074766014161
271.54074847436607,45.62336356483227,16.656089719216993,13.880074766014161
271.2515951644137,46.49082349468946,16.656089719216993,13.880074766014161
271.2515951644137,46.49082349468946,16.656089719216993,13.880074766014161
270.9718204166586,47.889697233464894,16.656089719216993,13.880074766014161
271.5501270365634,48.612580508345886,16.656089719216993,13.880074766014161
271.5501270365634,48.612580508345886,16.656089719216993,13.880074766014161
270.7827054636907,49.95556826087315,16.656089719216993,13.880074766014161
270.7827054636907,49.95556826087315,16.656089719216993,13.880074766014161
271.3422549592009,51.074667251893494,16.656089719216993,13.880074766014154
271.0624802114458,52.193766242913846,16.656089719216993,13.880074766014154
271.0624802114458,52.193766242913846,16.656089719216993,13.880074766014154
270.8078852173435,52.95755122522077,16.656089719216993,13.880074766014147
270.17539481802066,54.644192290081605,16.656089719216993,13.880074766014147
270.17539481802066,54.644192290081605,16.656089719216993,13.880074766014147
270.17539481802066,54.644192290081605,16.656089719216993,13.880074766014147
270.5970550842359,56.12000322183484,16.656089719216993,13.88007476601414
270.4224666720529,56.99294528274979,16.656089719216993,13.880074766014133
270.4224666720529,57.20377541585739,16.656089719216993,13.880074766014133
270.4224666720529,58.93047395482102,16.656089719216993,13.88007476601414
270.7116199820053,59.79793388467821,16.656089719216993,13.880074766014125
270.7116199820053,60.64125441710863,16.656089719216993,13.880074766014133
270.56704332702907,61.21956103701342,16.656089719216993,13.880074766014133
270.56704332702907,61.81818069192356,16.656089719216993,13.880074766014133
270.56704332702907,62.53652427781572,16.656089719216993,13.880074766014125
270.46789993584326,63.23052801611643,16.656089719216993,13.880074766014125
270.46789993584326,63.23052801611643,16.656089719216993,13.880074766014125
270.46789993584326,63.23052801611643,16.656089719216993,13.880074766014125
270.46789993584326,63.23052801611643,16.656089719216993,13.880074766014125
269.89233375618875,64.18980498220733,16.656089719216993,13.880074766014133
269.89233375618875,64.18980498220733,16.656089719216993,13.880074766014133
269.89233375618875,64.18980498220733,16.656089719216993,13.880074766014133
269.89233375618875,64.18980498220733,16.656089719216993,13.880074766014133
269.89233375618875,64.18980498220733,16.656089719216993,13.880074766014133
269.89233375618875,64.18980498220733,16.656089719216993,13.880074766014133
269.89233375618875,64.18980498220733,16.656089719216993,13.880074766014133
269.89233375618875,64.18980498220733,16.656089719216993,13.880074766014133
269.89233375618875,64.18980498220733,16.656089719216993,13.880074766014133
269.89233375618875,64.18980498220733,16.656089719216993,13.880074766014133
269.89233375618875,65.16234814367284,16.656089719216993,13.880074766014133
269.89233375618875,66.04613126793605,16.656089719216993,13.880074766014133
269.89233375618875,66.04613126793605,16.656089719216993,13.880074766014133
269.89233375618875,66.04613126793605,16.656089719216993,13.880074766014133
269.89233375618875,66.04613126793605,16.656089719216993,13.880074766014133
270.2610707582094,65.67739426591537,16.656089719216993,13.880074766014133
270.86487691765427,64.93465336911832,16.656089719216993,13.880074766014133
270.5602549272416,64.93292931618133,16.21080893851513,12.09895164320659
270.964164427952,63.77436299520602,16.656089719216993,13.880074766014133
270.5080546512712,63.046479584202245,16.656089719216993,13.880074766014133
270.35661580231243,62.240857129655446,16.656089719216993,13.880074766014125
270.5989221785875,61.69830650184062,16.656089719216993,13.880074766014133
270.78592412597567,60.90275745851582,16.656089719216993,13.880074766014133
270.2301851765668,60.763822721163606,16.656089719216993,13.880074766014133
270.9935629522275,60.00044494550293,16.656089719216993,13.880074766014125
271.3680608082774,59.37308583796174,16.150367216234486,13.75364414026852
271.243739437701,58.06101135813921,16.656089719216993,13.880074766014133
271.243739437701,58.06101135813921,16.656089719216993,13.880074766014133
271.5216089124054,57.50527240873035,16.656089719216993,13.880074766014133
272.00711721336165,56.992282472214264,16.19806305382059,13.116696990353468
271.4983344318033,56.27884639942306,16.656089719216993,13.880074766014133
271.67071129449636,54.2448355721467,16.656089719216993,13.880074766014133
272.1740372725594,53.23818361602062,16.656089719216993,13.880074766014133
272.0693400746543,52.819394824400085,16.656089719216993,13.88007476601414
272.4341365142921,52.63128538531103,16.135891235751615,13.013077293571868
271.65027203601045,51.143122669824756,16.656089719216993,13.880074766014125
272.0670762480671,50.44844898306368,16.656089719216993,13.880074766014125
272.4305697612085,50.276125197382484,16.309290730240093,13.186476788060304
272.15599453899296,48.989583521810836,16.656089719216993,13.880074766014125
272.2824251647386,48.48386101882834,16.656089719216993,13.880074766014125
271.9881234563885,47.08890562528817,16.656089719216993,13.880074766014125
272.23278320685023,45.8656068729795,16.656089719216993,13.880074766014125
272.910457687563,44.32190293176477,16.656089719216993,13.880074766014125
273.1330980779139,43.653981760711936,16.656089719216993,13.880074766014125
272.68781729721206,43.87662215106288,16.43344932886606,12.544232423908461
273.1902324353181,41.80393020196898,16.656089719216993,13.880074766014125
273.1902324353181,41.80393020196898,16.19806305382059,12.505994769824909
272.72801850300056,39.18541579665661,16.656089719216993,13.880074766014125
272.5753429478684,38.422038020995934,16.656089719216993,13.880074766014125
272.8806940581327,37.50598469020312,16.350738608952724,12.964021435221312
273.54788610933394,36.47695169806492,15.68354655775147,13.046466341900839
273.19232606877864,34.42106908565214,16.656089719216993,13.880074766014125
273.4976771790429,32.28361131380225,16.656089719216993,13.880074766014125
273.4541274670149,31.148995958958032,16.656089719216993,13.880074766014125
273.6555827624001,29.51929144555122,16.656089719216993,13.880074766014129
273.7380276690796,28.937597420135535,16.656089719216993,13.880074766014129
273.53911763590173,26.715487037184573,16.656089719216993,13.880074766014125
273.6631517367279,25.20550910299545,16.656089719216993,13.880074766014125
273.8544994454259,23.358190064123523,16.656089719216993,13.880074766014129
273.7155647080737,22.2467121653058,16.656089719216993,13.880074766014125
273.69485929579565,20.754887072048295,16.656089719216993,13.880074766014129
273.60815954855144,19.620656851706133,16.656089719216993,13.880074766014129
274.8379385234507,17.901184631280668,16.656089719216993,13.880074766014133
274.8379385234507,17.901184631280668,16.656089719216993,13.880074766014133
274.8379385234507,15.121007019633948,16.656089719216993,13.880074766014134
274.8379385234507,15.121007019633948,16.656089719216993,13.880074766014134
274.8379385234507,12.046559582385726,16.656089719216993,13.880074766014133
274.8379385234507,12.046559582385726,16.656089719216993,13.880074766014133
275.2216493098871,8.593162504458478,16.656089719216993,13.88007476601413
275.2216493098871,8.593162504458478,16.656089719216993,13.88007476601413
275.2216493098871,5.907186999403952,16.656089719216993,13.880074766014133
275.2216493098871,5.907186999403952,16.656089719216993,13.880074766014133
275.5708261342531,1.3678882826462404,16.656089719216993,13.880074766014133
275.5708261342531,1.3678882826462404,16.656089719216993,13.880074766014133
276.5561754676889,0,16.656089719216993,11.79924038163504
275.26338139052825,0,16.935864466972077,11.137426608301006
277.4920117128267,0,14.707234144673635,8.619453878505219
278.110668687869,0,14.624769926786314,7.142726644680818
278.30242273911705,0.0,15.154272089252288,7.149557724662758
277.69461446939926,0.0,12.303671061772377,4.494478236023483
0,0,0,0
0,0,0,0
0,0,0,0
0,0,0,0
0,0,0,0
0,0,0,0
0,0,0,0
0,0,0,0
0,0,0,0
0,0,0,0
0,0,0,0
0,0,0,0
0,0,0,0
0,0,0,0
0,0,0,0
0,0,0,0
0,0,0,0
0,0,0,0
0,0,0,0
0,0,0,0
0,0,0,0
0,0,0,0
0,0,0,0
0,0,0,0
0,0,0,0
0,0,0,0
0,0,0,0
0,0,0,0
0,0,0,0
0,0,0,0
0,0,0,0
0,0,0,0
0,0,0,0
0,0,0,0
0,0,0,0
0,0,0,0
0,0,0,0
0,0,0,0
0,0,0,0
0,0,0,0
0,0,0,0
0,0,0,0
0,0,0,0
0,0,0,0
0,0,0,0
0,0,0,0
0,0,0,0
0,0,0,0
0,0,0,0
0,0,0,0
0,0,0,0
0,0,0,0
0,0,0,0
0,0,0,0
0,0,0,0
0,0,0,0
0,0,0,0
0,0,0,0
0,0,0,0
0,0,0,0
0,0,0,0
0,0,0,0
0,0,0,0
0,0,0,0
0,0,0,0
0,0,0,0
0,0,0,0
0,0,0,0
0,0,0,0
0,0,0,0
0,0,0,0
0,0,0,0
0,0,0,0
0,0,0,0
0,0,0,0
0,0,0,0
0,0,0,0
0,0,0,0
0,0,0,0
0,0,0,0
0,0,0,0
0,0,0,0
0,0,0,0
0,0,0,0
0,0,0,0
0,0,0,0
0,0,0,0
0,0,0,0
0,0,0,0
0,0,0,0
0,0,0,0
0,0,0,0
0,0,0,0
0,0,0,0
0,0,0,0
0,0,0,0
0,0,0,0
0,0,0,0
0,0,0,0
0,0,0,0
0,0,0,0
0,0,0,0
0,0,0,0
0,0,0,0
0,0,0,0
0,0,0,0
0,0,0,0
0,0,0,0
0,0,0,0
0,0,0,0
0,0,0,0
0,0,0,0
0,0,0,0
0,0,0,0
0,0,0,0
0,0,0,0
0,0,0,0
0,0,0,0
0,0,0,0
0,0,0,0
0,0,0,0
0,0,0,0
0,0,0,0
0,0,0,0
0,0,0,0
0,0,0,0
0,0,0,0
0,0,0,0
0,0,0,0
0,0,0,0
0,0,0,0
0,0,0,0
0,0,0,0
0,0,0,0
0,0,0,0
0,0,0,0
0,0,0,0
0,0,0,0
0,0,0,0
0,0,0,0
0,0,0,0
0,0,0,0
0,0,0,0
0,0,0,0
0,0,0,0
0,0,0,0
0,0,0,0
0,0,0,0
0,0,0,0
0,0,0,0
0,0,0,0
0,0,0,0
0,0,0,0
0,0,0,0
0,0,0,0
0,0,0,0
0,0,0,0
0,0,0,0
0,0,0,0
0,0,0,0
0,0,0,0
0,0,0,0
0,0,0,0
0,0,0,0
0,0,0,0
0,0,0,0
0,0,0,0
0,0,0,0
0,0,0,0
0,0,0,0
0,0,0,0
0,0,0,0
0,0,0,0
0,0,0,0
0,0,0,0
0,0,0,0
0,0,0,0
0,0,0,0
0,0,0,0
0,0,0,0
0,0,0,0
0,0,0,0
0,0,0,0
0,0,0,0
0,0,0,0
0,0,0,0
0,0,0,0
0,0,0,0
0,0,0,0
0,0,0,0
0,0,0,0
0,0,0,0
0,0,0,0
0,0,0,0
0,0,0,0
0,0,0,0
0,0,0,0
0,0,0,0
0,0,0,0
0,0,0,0
0,0,0,0
0,0,0,0
0,0,0,0
0,0,0,0
0,0,0,0
0,0,0,0
0,0,0,0
0,0,0,0
279.8857679188973,0,10.790319401325519,4.597420010557751
279.8857679188973,0,10.790319401325519,5.9488256920699465
279.8857679188973,0,13.01457593563515,6.107701158806349
279.8857679188973,0,13.01457593563515,6.107701158806349
279.8857679188973,0,13.01457593563515,6.107701158806349
279.5479164985192,0,13.352427356013209,8.134809681074643
279.5479164985192,0,13.352427356013209,8.134809681074643
279.5479164985192,0,13.352427356013209,8.134809681074643
279.5479164985192,0,13.352427356013209,8.134809681074643
275.8315508743607,0,16.05523871903756,11.513323884855133
275.8315508743607,0,16.05523871903756,11.513323884855133
275.8315508743607,0,16.05523871903756,11.513323884855133
275.8315508743607,0,16.05523871903756,11.513323884855133
275.8315508743607,0,16.05523871903756,11.513323884855133
275.8315508743607,0,16.05523871903756,12.62711965629236
275.8315508743607,0,16.05523871903756,12.62711965629236
275.8315508743607,0,16.05523871903756,12.62711965629236
275.8315508743607,1.4368941246117692,16.05523871903756,12.62711965629236
275.8315508743607,1.4368941246117692,16.05523871903756,12.62711965629236
275.8315508743607,1.4368941246117692,16.05523871903756,12.62711965629236
275.3832170844741,3.2302292841580735,16.05523871903756,12.627119656292358
275.3832170844741,3.2302292841580735,16.05523871903756,12.627119656292358
275.3832170844741,3.2302292841580735,16.05523871903756,12.627119656292358
275.3832170844741,3.2302292841580735,16.05523871903756,12.627119656292358
275.3832170844741,5.933040647182465,16.05523871903756,12.627119656292358
275.3832170844741,5.933040647182465,16.05523871903756,12.627119656292358
275.3832170844741,5.933040647182465,16.05523871903756,12.627119656292358
275.3832170844741,5.933040647182465,16.05523871903756,12.627119656292358
275.3832170844741,7.046836418619693,16.05523871903756,12.627119656292356
275.3832170844741,7.046836418619693,16.05523871903756,12.627119656292356
275.79120083692914,8.678771428439862,16.05523871903756,15.075022171022606
275.79120083692914,8.678771428439862,16.05523871903756,15.075022171022606
275.79120083692914,8.678771428439862,16.05523871903756,15.075022171022606
275.79120083692914,8.678771428439862,16.05523871903756,15.075022171022606
275.79120083692914,10.523439890788795,16.36268346276239,13.230353708673674
275.79120083692914,10.523439890788795,16.36268346276239,13.230353708673674
275.79120083692914,10.523439890788795,16.36268346276239,13.230353708673674
275.79120083692914,13.379326157974091,16.36268346276239,13.230353708673675
275.79120083692914,13.379326157974091,16.36268346276239,13.230353708673675
275.79120083692914,13.379326157974091,16.36268346276239,13.230353708673675
275.79120083692914,13.379326157974091,16.36268346276239,13.230353708673675
275.79120083692914,13.379326157974091,16.36268346276239,13.230353708673675
275.1763113494795,16.14632885149749,16.36268346276239,13.230353708673675
275.1763113494795,16.14632885149749,16.36268346276239,13.230353708673675
275.1763113494795,16.14632885149749,16.36268346276239,13.230353708673675
275.1763113494795,16.14632885149749,16.36268346276239,13.230353708673675
275.1763113494795,16.14632885149749,16.36268346276239,13.230353708673675
275.1763113494795,16.14632885149749,16.36268346276239,13.230353708673675
275.62464513936607,19.284665380703522,16.36268346276239,13.230353708673675
275.62464513936607,19.284665380703522,16.36268346276239,13.230353708673675
275.62464513936607,19.284665380703522,16.36268346276239,13.230353708673675
274.40902859993054,20.29767916356645,16.36268346276239,13.230353708673675
275.62464513936607,19.284665380703522,16.36268346276239,13.230353708673675
275.62464513936607,20.39846115214075,16.36268346276239,13.230353708673679
275.62464513936607,20.39846115214075,16.36268346276239,13.230353708673679
275.62464513936607,20.39846115214075,16.36268346276239,13.230353708673679
275.62464513936607,22.763421094787095,16.36268346276239,13.230353708673679
274.1474093429882,23.35431541333822,16.36268346276239,13.230353708673682
274.40902859993054,23.573832121077437,16.36268346276239,13.230353708673682
275.9624965597441,25.12838103743344,16.36268346276239,13.230353708673679
275.9624965597441,25.12838103743344,16.36268346276239,13.230353708673679
275.9624965597441,25.12838103743344,16.36268346276239,13.230353708673679
275.9624965597441,25.12838103743344,16.36268346276239,13.230353708673679
275.5912313025984,26.613442066016407,16.36268346276239,13.230353708673679
275.5912313025984,26.613442066016407,16.36268346276239,13.230353708673679
275.5912313025984,26.613442066016407,16.36268346276239,13.230353708673679
274.5776770414642,29.3162534290408,16.36268346276239,13.230353708673675
274.5776770414642,29.3162534290408,16.36268346276239,13.230353708673675
274.5776770414642,29.3162534290408,16.36268346276239,13.230353708673675
274.3330172910025,29.3162534290408,16.36268346276239,13.230353708673675
274.5776770414642,32.580123448681135,16.36268346276239,13.230353708673675
274.5776770414642,32.580123448681135,16.36268346276239,13.230353708673675
274.03996327671774,32.580123448681135,16.36268346276239,13.230353708673675
