7.146708269087846,309.11817274055335,18.55063250420777,7.2360623243363875
8.289330029470207,309.59360514205923,18.419067734674382,7.893886172003306
8.82727266157221,310.23295425174064,18.437485371232185,6.94398799695756
9.5355279343176,310.8940360837882,18.429554141422678,6.990520536401732
10.917842404818948,310.1448308114056,18.44067076056167,8.328044859608497
11.872876558573402,311.3589735475805,18.73919023818927,8.062209753639593
13.28225156964324,310.7458974894942,17.76124388700744,8.02545094153669
13.793113020182808,311.73733180265157,18.412343896825504,6.536926827275352
15.105958993035166,311.66620178056553,18.024373426074213,9.604228175937351
14.731786641864204,312.1182082977828,19.553902164494758,8.380243784783488
16.162215645874994,312.4567445315354,19.5416824085775,7.149396003138122
17.503936959542933,313.2119934610515,18.553051713469202,6.746564259443346
17.83793301236244,313.07272957832015,18.76388184657681,7.379054658766165
17.83900158432074,312.1669138699448,19.13615458410804,9.568077292054
19.685593005954942,313.57975080841084,19.96957940783816,8.925996318025966
21.239425958859528,313.32797137114625,17.561139783585006,8.68408011276182
22.159168017812632,314.0551977829016,19.66847727878188,8.429347405192232
23.45126651055652,314.7470810898758,19.32100432697862,8.204810056662154
24.569676601617175,314.727419778406,18.377732069605898,8.150124656955654
24.908022275294684,316.00661318961255,19.1480636271097,8.25816962117051
26.276763752686296,315.98646281277183,18.41158935151827,7.590083773483059
26.859615914967566,316.1320974664326,18.62981645137722,8.766972447706905
27.873616468290233,316.74647889512926,18.87581627696122,7.80442403758974
28.103211153518274,317.1625427438594,19.508921899643937,7.948079292447517
29.91268986632554,317.05024259605915,18.62981645137722,8.328623825321586
30.28115657162902,318.22132878400765,19.147645568169047,6.864250298022853
30.916262978756745,316.9716021963631,20.146219137847854,9.330880442792704
32.200875914212894,317.30991604811396,19.01695753289654,9.42857558353694
32.73256116348358,317.5575901713393,19.486787812439374,8.434579799414053
33.733382427231206,318.29517017900775,18.41007772315345,8.622441465274392
33.53675259493997,319.723608625594,19.974765213280556,7.682602005107924
35.59004620801811,319.16030008951964,19.34136402279431,7.416613271898541
35.82471089581894,319.95185038347404,19.683914922260115,8.105141438577675
37.120957771952845,319.4110917374818,19.147645568169054,8.068504736272473
37.41891485705966,320.6910148579446,19.206505012769767,6.914341804597143
38.7855711790984,320.428405753218,18.759668864214028,7.416613271898541
39.13005729558989,320.52794232780747,19.492865874507032,7.902513192367735
41.666940449998805,321.7170268336899,19.66847727878188,7.375678979543181
42.44454096168582,321.5980186175768,19.342233557237165,7.690285631190704
42.03370998840957,321.08080145345815,21.10605285011917,9.286663254052428
43.59900191400047,322.35516462322755,20.543224774115984,7.598179026042885
45.03120490943191,322.9242367153756,19.79175364214653,6.803415314487893
45.32713109333935,323.38174775961954,19.66847727878188,7.024456170993517
46.09597683048604,323.7466543966157,21.10605285011917,7.598179026042885
46.87547805359399,322.772234566992,19.80831147427903,10.02067521639998
47.810023980614126,323.5921228723969,19.537476021995467,7.192056390705602
48.60032017403853,323.82479004070706,19.819606892961986,6.936862412536698
50.49031324855446,324.7924270160432,19.325112447675963,6.235569616450107
51.306167842339704,324.5826444876558,19.48084565671431,7.928251139360498
51.79546074671893,324.6130189218398,18.75824190253593,7.315714341989008
52.53866331105641,324.7572603472296,19.38853082731312,7.965830494942622
52.944759004760144,325.06845775663544,19.789945207175407,8.066044018090452
53.9937138688723,325.8356189408519,19.750563708957152,6.664300637991687
54.50207432249995,325.6533197164605,19.53362859791575,6.873662548371954
55.346085294073404,326.0506836809266,19.222045181288365,6.853973214775749
56.068765694899255,326.3538589886664,19.602362788150046,6.659175875400251
57.258861119307326,326.09236481041034,19.50857157863736,7.128131922963632
57.652850667557324,326.93836588080205,20.162900052317745,7.094353722111805
59.707460606704984,327.6325477305899,18.909282364113096,6.431728695276547
60.12761677831049,327.6138455799747,19.488137946687978,7.2678534256625085
61.72874165786007,327.8591111363741,18.987441009648464,7.519996962009429
62.51445147534039,327.8714497288404,18.60630020420414,7.596150083367775
62.63367329932886,328.08991832466694,19.261788836115727,7.067833806800536
63.70120012244615,328.37506680898406,18.449040683381327,6.699372315194353
64.51304503050787,328.54207210714077,18.937634761561654,6.462843609104368
64.87653756278593,328.8474319337775,19.76399748312005,7.192056390705602
66.60969896367676,328.86531243211107,18.79381424629618,7.467740760117692
66.79014651672746,329.3445015130772,18.448995905918494,6.8809768513966105
67.71070131904473,329.6780263576882,18.898928716804946,6.51848906113122
69.06128735325053,330.10102644120667,18.234977620529094,6.682383103175255
70.24716500962555,329.7269087455921,18.327421714042032,6.9753619956428565
70.51261613267931,329.42397506994024,18.629816451377224,7.890275202936209
71.19332291702139,329.88681029741025,18.139838884218506,7.2147086471323405
72.0955638074394,329.77702544494286,17.838565063561077,7.75836004351703
73.37792172923281,329.8252699059126,17.865312220151466,8.33714570273736
73.71383815353616,330.7556871922019,18.828626548313878,6.936862412536698
73.71725228866067,330.54171224390234,19.01695753289654,7.830511925310361
75.3335875014561,330.72538687421536,17.50731942211641,7.267189194086086
75.75233757484713,331.0501844682525,18.60356892681274,7.350678454008914
77.67306581230119,330.4767507638988,18.614808853132843,8.429347405192232
77.02631502202915,331.1851344927935,19.923059181374583,7.998308430478858
77.86796579186671,331.98401906968854,19.486787812439374,7.271189482253476
80.14739756423536,331.86194739222583,18.30105498458822,7.3423394249545595
80.39238852668183,331.98365000336605,18.65932609660264,7.543131826286185
81.67480118928302,331.31171882635755,18.058119337960576,9.108962851891647
81.54111308121762,332.3712357737497,18.786369236694156,6.984675741847809
82.1581989542419,333.10602749598,19.923059181374583,6.544070534028151
83.70206418406843,333.10027670991394,18.574759812215973,6.682383103175255
83.87155733901481,333.3787799332876,19.654443502187306,7.432352584860723
84.82688951795754,332.5912396442597,18.69734480125122,7.830511925310361
82.99303596540598,332.72228226287285,21.69565957459089,7.781578612264184
84.31023712657333,332.7570511870481,20.96666705744326,8.191278527818326
87.97716058410724,333.4438771448089,18.79166174267783,7.67546747236139
87.98704654038269,333.46975385977174,18.32339749527881,8.725427378704183
87.88317470552472,333.14420237232525,19.34136402279431,8.289156009768988
89.52221660924627,334.0906900384089,18.498299766764518,8.0930061479595
89.69255708291199,334.3890613722219,19.216001740558383,7.51941742783481
91.58126509451945,334.5376203375416,17.865312220151466,7.013789241985364
91.60759928860057,334.44843942405004,19.32411672063793,7.84526106179743
92.8632719669053,334.7408258075472,18.03584263005871,7.965830494942622
94.47463676527211,334.9014816771256,17.57517679294328,8.548237739758406
94.15929203539822,335.0442477876106,19.292035398230084,7.964601769911553
95.45162148898115,334.72616846400723,18.906794680519127,8.068504736272473
95.99230040985654,335.78968485499234,18.532579419796235,8.001150524413845
96.68909432043252,335.8273227129268,18.629816451377224,8.328623825321586
97.08518695917246,335.4038906311353,19.453339973053815,9.131159579188534
97.14901562495496,336.17352958014095,19.99062367494379,8.670631955397312
99.32669986942845,336.5069170452903,18.333136375989838,6.60653563098731
100.0792473673416,335.5496539550642,18.262319158377053,8.998823933113329
100.84204004796985,337.41474990268506,18.56188804010209,7.289486396315397
101.92479117978448,337.64293051500243,17.837646203665784,7.267189194086086
102.12965154294065,337.40220200250263,18.333136375989838,7.927842757184806
102.11877036070678,337.25545918195866,18.805137507292272,7.362609946745351
103.28839797495205,338.3119618196755,19.141063465027443,7.248686755986739
104.39472441497087,338.7268419869357,17.582114798444536,7.707228404797604
104.32736530970904,339.00947537471643,19.32098915961201,7.128131922963632
105.58031537887966,339.240198734417,19.05731451039354,7.2599293372927605
106.38329697634387,339.6336142058395,19.147645568169054,8.309355623922443
107.6140974368357,339.658009457344,17.917106302533625,7.79599281865967
108.16345375231683,339.15151766609506,18.86248541726974,8.642174593569791
108.97719634781984,341.79613012202816,18.787336072977837,6.913739674855833
109.56637341946012,342.26410488292464,18.964377015319343,6.184035983256308
110.46835390768959,343.0444704030952,19.1777522293589,7.3423394249545595
111.34047725767856,341.72410210506837,18.304667461394317,7.225526629497779
112.81504963150743,342.8811262614373,18.74604485292653,8.671078015670844
113.42675926479687,343.5416497357277,17.735884305279498,7.529971933118645
113.78048887351432,343.33698832972925,17.972293517799216,9.314908225688612
114.40188388598273,343.53096312394325,17.370019087189092,8.206308230168077
114.50003380784032,343.38642767550425,18.966565393677385,8.439667854602874
115.95293581290096,344.04588808710577,19.26807101199401,7.707228404797604
116.0353168675006,343.8674427774808,18.532579419796235,7.727606916741593
117.95232583722454,343.6625079977844,18.0255644917586,9.118814978183764
118.03101469988084,345.8185145365541,18.518129446934836,6.3992312767695125
118.68862905494798,345.624022242558,18.56188804010209,6.087096887644805
119.2659606810226,346.43133871109785,18.60356892681274,6.443187286847319
120.13021859229502,346.4021149590922,18.06381657374439,6.984675741847809
119.68010461501683,345.5603125100892,18.697344801251234,6.552060998729075
121.00022843510308,345.26018796035254,17.912363236033485,8.429347405192232
121.66124797365686,345.68329440335975,18.6659437928692,8.550206511572355
122.53332175020967,346.0173006022936,17.83764620366577,7.927842757184806
121.90015178391869,347.36515224286524,19.388496455818967,6.864250298022853
124.43608353671581,347.06502501451325,18.349271603724333,8.177392779920638
125.29046790699368,347.81691319832015,18.61424507456894,6.980341902963346
126.17850422162917,348.28486892432494,17.60064092800107,7.278460534135775
127.26610737308138,348.16046421665015,16.98600911743216,5.808119246605827
126.50886459761452,348.51992774635755,18.806123027468487,6.633432486052527
126.50362871417573,348.2788847547884,19.51106009397435,8.076671387738202
127.6994113925516,348.4779816893582,18.94761741688926,7.579046966755698
128.10366047109062,348.4077950093193,19.923059181374583,9.452546326929564
126.90979657902737,348.8650809940384,21.884149277645534,9.166568187994926
130.13378232640278,349.66144046576625,18.250554680602505,7.1846074986987105
130.87867246835748,349.31257198323055,18.545518349044244,6.262123078898071
132.1613020826555,349.8640445104998,18.411589351518273,7.890681150650664
132.38788744480445,350.548688734202,18.12171688996682,7.4752082171112875
133.47811700308478,350.6220330482102,17.85065009275357,8.07766847772649
133.843050486926,350.9168239488161,17.05890115426388,6.688291641980129
134.48843933571473,350.82357192894625,18.05009869714189,7.080425455784962
135.63598760531255,350.4649061710745,17.09559627302852,7.890275202936209
134.4118237537036,350.60822469193965,18.358196035289296,7.77889662512257
136.44340581148649,351.7827691947014,18.28928585497252,6.377802246862188
136.48803730170738,352.08603301806994,18.63139017749711,6.5124920073318435
138.89043829450267,352.01372933407777,18.065086524685654,8.211402965766183
138.5443243343534,352.3956798028375,19.06744428170697,7.626977712682788
138.7466704937611,352.3866258510757,18.99037520841938,7.254750079620862
139.82619812777492,353.18626657132796,18.362585425014572,6.656839199611227
140.4548575272664,353.84107103711193,18.178347255247957,7.531838582392481
140.2216656302171,353.2543343520583,18.476868273997894,7.878461599065076
140.69933408835965,353.37008349265466,18.659326096602626,7.543131826286185
142.88727198528042,354.22286886768757,17.42473772672909,6.854280717149379
142.5169462842036,354.5709306290951,19.20375021076117,6.4866000711904235
143.2040698972382,353.088912164999,19.147066021277567,8.676014290891374
143.19784680332126,354.31921843692487,19.990623674943777,8.429781067747399
143.70887617281167,354.89356794138234,18.52699045052745,9.263495225263739
145.64151859251504,354.8168387875569,17.82296568609445,8.911482843047224
145.7474134911216,355.283390998443,17.667450193900265,8.022900088051301
146.2635208771457,355.219891533739,18.008456159404517,7.135426025424408
146.53692746279393,355.861090833806,18.787336072977837,6.76344098627203
147.5912759794775,356.3644596062029,17.917106302533625,6.0179593687899455
148.5111309746227,356.35204860017546,17.669584009224366,6.997155267652829
148.13248631791322,356.3696226040528,18.874508929386565,7.385677407151263
149.44409927711644,356.59243105207156,18.512819810096573,7.622925804157433
150.16524855782407,356.6472150070168,18.190649910205906,8.206308230168077
151.69280879576115,357.29562202479076,17.5514771861711,7.379598362367403
151.63531867093118,356.65985102854495,17.920227899053117,8.505914624896207
152.41020910191503,358.010217255034,17.779103451861886,5.926367817287314
152.4969513065064,357.564007069375,18.007912226434485,6.659175875400251
152.7973647141013,357.6944446178263,19.050516443504165,8.580003589059118
154.35038839420216,357.2393549211743,17.05134140226872,7.467740760117692
154.74338275459286,357.8975976012869,17.838565063561077,6.5124920073318435
154.66467151416762,358.1551341998165,18.532579419796235,7.043747897560934
155.92632293665093,358.674149207136,18.785067160245063,7.895173154305894
156.6782369061758,357.90532388124507,17.75092579055942,8.177392779920638
157.36040144382721,359.08755937096277,17.62450255228049,6.287103249643906
157.0722904635156,358.938944247278,19.10497011130107,6.285348473099077
158.47504868600555,359.1627511912061,17.75506450827845,6.60653563098731
158.5413039722856,359.3803465762783,18.05009869714189,6.8809768513966105
158.98877453749472,359.05876950236006,16.929247554405038,6.193627154050603
158.88736502337792,358.67838382850937,18.95857791816624,7.561513736147219
160.31145878211166,358.9847478959251,17.259087508847273,7.031480096197015
160.55448392775708,360.0132864579542,18.663463157539212,5.94588206788859
161.6701986009802,359.6153064662426,17.820329807409138,6.752967084912939
162.09816301169727,359.73022880471564,19.06816507376257,7.01357795816557
164.77712299229185,360.09090671118554,16.989110229267737,6.160886127097115
164.42343927263045,359.6574859944175,18.03584263005871,8.116129183526425
165.40119710201927,359.9709787077855,17.09559627302852,6.575229335780193
165.58474117180657,359.9767610789576,18.545518349044244,6.262123078898071
166.43901061679375,359.8211288939759,17.26376711992387,5.720233284512062
165.98141608018116,360.3894809135961,18.663463157539212,5.615555286339202
167.34788086008572,359.57103500466496,17.242332176070335,7.078431103860453
167.84716856444936,360.0538725836973,17.83764620366577,6.60653563098731
168.4458582237351,359.933648463065,17.17483565696608,7.138511939726641
168.3979236936152,360.2279139559016,18.04704017028439,6.7209666841059175
167.32977185591704,359.1340130833961,19.313381483021203,7.7403824620668615
168.2538475420139,359.97044037546897,19.9897255816484,6.76344098627203
169.75725718396862,360.15452274515246,18.744650908059413,6.852274199018723
170.74437560165507,360.63177472328465,17.643532051010197,6.465642180183863
171.87649398093356,360.51814323009353,17.632747388383763,6.752967084912939
171.7267757221017,360.7862363046822,17.71941255548694,7.492963929997188
172.26774807231942,360.7445556085882,17.422209833095224,6.3257110753023085
172.52209962890586,360.8735416502583,18.215311695140883,6.923948889965857
173.55821287137775,360.67646462372386,17.838565063561077,7.192056390705602
173.68213594925652,360.45426349564434,17.987636521390414,6.749781091523687
175.44395170122579,360.44393714077523,17.21223348673007,7.730044979070385
175.91701512196613,360.6080338855418,17.366834386311467,7.163175013938542
176.13435010055366,360.7943845652218,17.75092579055942,6.382355340425875
176.0960694040236,360.72628788962,18.05811933796059,7.510899193665011
176.91973744209983,360.98301998773695,17.824921523744194,6.640657038257643
177.78346595490535,360.6212262458307,17.98523798463711,6.853973214775749
177.7040728545727,361.0753189043741,17.747253020372767,6.329983024771877
178.15041379029307,361.13594867664,18.734325205609224,5.931825065101805
178.36054790262085,360.9739424611969,18.512819810096573,6.352438170131165
179.43119713768664,361.82390776724185,18.861309748931745,5.359497852155471
180.71038849527233,361.5047560944048,16.984650186406526,5.803800063696713
180.91647581162073,361.24418957994624,17.75092579055942,5.983458131649229
181.53134380256955,361.8761880765898,17.060833942638027,5.8079434698342425
181.35012556366954,361.35770135587404,18.261290662934442,5.786499510477142
183.0464801971011,361.31078413947586,16.43288822989291,6.253222954738021
183.0514387319393,361.5630927169319,17.450854757408393,6.689494323673216
183.54932449856395,361.3441639223352,16.87933570920572,6.533936403563473
184.01880151962092,361.1629706598256,17.643562694861345,6.428274780298295
184.86615083480507,361.4842613137241,16.740185537263812,6.285348473099077
185.2117955100837,361.11396628368277,17.160007178118263,6.398646744383086
185.76254512185926,361.5265410898182,17.725304332998775,6.059449085082633
186.84728307706305,361.73207561941973,17.58585178362742,6.143324223080526
187.02919840504157,361.7298051338759,17.09559627302852,5.479357779816837
187.5922852770553,361.8400974798657,17.67365313227853,5.600805570088255
188.59971582902884,361.66597221940754,16.875848853781577,5.549775797552343
187.9208935764883,361.52224318006216,18.523763878754238,6.143324223080526
189.9634441627787,361.5948223803574,16.647939688500628,6.3309066421059015
189.09103870187863,361.6185747035204,18.39580761596011,6.770204289888682
190.54971274409885,361.5375202635928,16.970084825921873,6.080190819982704
190.97281529298112,361.3249336124633,17.584946564307245,6.162246231936706
191.47156234967315,361.570446947833,16.754545969926482,5.676029859199559
192.17107962112436,361.9209657984176,16.457706399928583,5.936798199061002
192.99427204275543,360.82299766822626,15.955888351064658,5.58456092287264
193.60209808460303,361.4129050347056,17.46168935461958,6.62339941037294
193.5987551450644,361.1826021013344,17.0145833884732,6.834918113318281
194.37894495985856,361.940446406483,16.959703675680686,5.7444157611176365
194.1326616603307,361.76301871757744,18.561888040102104,5.936798199061002
195.71428936515298,361.58347948073765,16.070686950745795,6.086345270707966
196.31939070993084,362.078847950848,16.377860360194916,6.0212721912481015
196.46005502996329,361.7664967635544,17.05890115426388,5.63620082189334
196.96861000319902,361.7823555140995,17.362497267273625,6.285348473099077
197.14430896078122,361.8680183441815,17.553081761944185,6.6018227865719155
198.53390520684715,361.77330291547304,16.6987282248584,6.291148773086206
198.72542747463694,361.344464052155,16.864647883265775,6.907660203108833
199.2449283898677,361.4082122402484,16.959703675680686,7.385677407151263
199.32335726364545,361.7418108172239,16.42987518031788,6.017175066038476
200.11484746439845,361.22557018537265,17.13949648894763,5.830962723044024
201.40766955730373,361.4209339824435,16.683154432804315,6.76344098627203
201.41631904947442,361.5994288342007,17.215631045468456,6.569122372612981
202.25330504091662,361.81947963718443,16.47943629681356,5.493145432271206
203.02749940510344,361.3922021968018,16.984650186406526,6.230550068380296
202.51541237345964,361.32014831884686,17.32889177603076,6.3426009114883755
203.48945628067304,361.6199235660408,17.09559627302852,5.917706402202157
204.15125871275296,361.9712718644984,17.848720400615548,6.770204289888682
204.46487664895812,360.88865162352863,16.753682768617864,7.180149757979109
204.64525010866447,361.8915462196513,17.563566505169035,6.679102755486838
204.96733803810412,361.26726587757844,17.672482812891104,8.423332929508831
206.5711937963801,361.9014213684545,16.864647883265775,5.84973026209218
206.5848465973637,362.32571035020686,17.10237031490618,6.569122372612981
206.0890986703886,361.3990212434337,17.917106302533625,7.727606916741593
207.5311657978337,362.22186427322737,17.1135725752697,7.77889662512257
208.16174026958146,362.16934242492675,18.14982299933604,6.581803944814169
209.03497984148447,361.91095662060013,17.486959613275587,7.156584895112758
209.771838795618,362.292700843541,17.589901117503757,6.523953935599991
209.49432988453552,361.88834686882853,17.810394597182977,7.7403824620668615
210.21222568219264,361.9278030698639,17.984808997283437,6.907660203108833
209.7702999869282,362.04383178579815,18.600965321714284,7.248905603315109
210.0588337347203,362.43272309305934,19.632211602084453,7.416613271898541
211.6151081617258,362.59333573996463,17.359498531431512,7.139187707731594
213.0913877142277,362.86844554694494,16.18010498025498,5.84973026209218
212.74066657983403,361.83419313224226,18.918276592298128,7.34327841411573
213.98789845070255,362.89706871024487,17.545286043294453,6.058455125446983
214.37954748527537,363.2609943424202,17.591916013629884,5.786303501171858
215.74804275808253,361.71041849115204,16.764084163630343,8.175587843346818
215.45511691931907,363.2305530280407,17.575176792943296,6.086345270707966
216.47287003328495,362.69524624666326,16.61871124784483,7.225526629497779
216.57877252417012,363.9747260408326,15.856511645593287,4.584110001806607
217.25299599154903,362.3937686674797,17.885543941474907,7.965830494942622
217.52480056900237,362.4157481100373,17.424737726729063,7.680097671022793
217.85685179481064,362.3126905939499,18.32339749527881,8.143732220123923
219.74888423134308,363.7404219633084,16.47943629681356,6.285970546207238
219.71923242930475,363.834148158076,17.160699853536272,6.338636882837704
220.30419318897538,364.47281343307617,16.90303168756725,6.390170516031503
221.25592100105942,364.59618761344535,14.947286865108822,6.193627154050603
221.66877859125714,363.8918038469516,16.67795436426283,6.098654954096105
222.9743472843909,364.00296669793187,16.507252874231625,6.284011037349558
224.16800102407407,364.23337562141074,15.029868560496169,5.28522850478987
224.08511590896882,363.68482741518716,17.052855675200334,6.681528247008316
224.11789147963623,364.8517930334651,17.651201488365274,6.482079642620022
224.06044019708384,364.10770336707003,17.860346651281475,6.40981081910104
224.69167500077012,365.2076221914034,17.85065009275357,5.285388016290142
224.94755013670218,365.4968020027982,17.589901117503757,7.019444107924016
226.07819409087514,365.5593767853363,16.59892077285565,6.193627154050603
226.75745630770996,364.7868412144852,16.686160068008405,6.56504658413445
226.86809694289326,365.19248854759275,17.060833942638027,7.078431103860453
228.60222908595165,365.489393775913,16.40962011332431,6.352111011609395
228.74788783440093,365.1623536936827,16.739136691669813,7.82765384862256
229.07266748092098,364.5739578856122,17.011829249792356,8.423332929508831
229.1723452508884,365.55804134981753,17.335969635850688,7.543131826286185
229.54906979709853,365.60275747730907,17.735245252891076,8.56702524927789
231.8062739901501,365.7413855861795,16.083023739845544,7.5884689476736185
232.05755126205577,365.813807126562,16.006810334177118,6.988889019147734
231.75131661631525,365.91347111943094,17.660095908599146,7.289486396315397
233.26503911926392,366.2735810287497,16.929247554405038,7.84526106179743
233.3427873215713,365.98548382073847,17.359498531431512,8.34157721640213
234.6833340950223,366.03771862349265,16.54938826417228,8.753395445512638
234.79323372090658,366.2418502014179,16.457706399928583,7.890681150650664
234.29399998982427,365.81942763396376,17.860346651281475,8.650133047136308
236.04161805873918,365.0298287968073,16.578312019537975,9.88881769586476
237.25098178383035,366.16360835828885,15.269497912732334,8.289156009768988
237.09227896628093,366.54028599982865,16.43288822989291,7.998308430478858
237.74514981642162,366.00537962444713,15.615606236873134,10.586851686015677
237.36331553776347,366.68937216159776,17.259087508847273,8.3099310227783
238.59860492297756,366.55479051277297,16.377860360194916,8.429781067747399
239.76423762580254,367.2974948682266,15.880277529023516,7.940138764511744
239.56493775443468,366.1481997182937,16.21028287715538,8.8770596708232
240.38750491490984,366.97732498703425,15.560345492022492,9.161698747639434
241.07073651820855,366.5378189840707,16.32848618385418,9.534082536881272
241.02354480654506,366.94295373941213,16.67429140547469,8.469481348812565
242.22655307302384,367.40507770510277,16.598920772855678,9.33173157876962
243.07982616073662,368.40079575853275,15.350934944722724,7.940138764511744
243.6776374834103,368.02788178601895,17.341263910794623,8.429781067747399
244.07951639415566,368.02957981108335,16.413461664718938,8.535000065653833
244.26714326312225,368.0831122388283,17.13405049855578,7.364635740607298
245.23287532932085,368.1869413487462,16.457706399928554,7.590083773483059
245.4499647081879,367.93489564624707,17.335969635850688,8.60181699488777
246.47496647060552,367.9363239238498,16.65724765064317,7.23275226935823
247.74178952648327,368.09858637791586,15.780550405872475,8.547798136514245
247.2174791184206,369.2428254554501,17.424357739817538,6.575229335780193
248.77213232315978,368.7625815940374,15.705769281667585,7.852884640833793
247.90002059019204,369.07889725066065,16.85956213549477,6.984675741847809
249.62021379988371,369.4566781856953,16.4982858040199,6.382548522723027
249.42400272016033,369.40156962254144,16.36203479254175,6.3257110753023085
250.32753771423654,369.5991796144903,16.27155145631548,5.863972004543314
250.55326277981672,369.5706502364346,16.98911022926771,6.78319785710687
250.55326277981672,369.5706502364346,16.98911022926771,6.78319785710687
250.55326277981672,369.5706502364346,16.98911022926771,6.78319785710687
252.3209063818572,369.9241789568427,16.458817148655584,6.78319785710687
252.26092471739827,369.7841079786323,16.989110229267737,6.78319785710687
252.8350681459195,370.4950016804087,16.55414847898797,5.674368175517145
255.32695260673324,370.78537134568256,15.534882253420164,6.382548522723027
255.32695260673324,370.78537134568256,15.534882253420164,6.382548522723027
255.32695260673324,370.78537134568256,15.534882253420164,6.382548522723027
256.58108255711215,371.1945133608636,17.850650092753597,6.482079642620022
256.58108255711215,371.1945133608636,17.850650092753597,6.482079642620022
256.58108255711215,371.1945133608636,17.850650092753597,6.482079642620022
256.58108255711215,371.1945133608636,17.850650092753597,6.482079642620022
256.58108255711215,371.1945133608636,17.850650092753597,6.482079642620022
256.58108255711215,371.1945133608636,17.850650092753597,6.482079642620022
256.58108255711215,371.1945133608636,17.850650092753597,6.482079642620022
260.42853300697175,372.0316020994912,17.341263910794623,5.780421303598189
260.42853300697175,372.0316020994912,17.341263910794623,5.780421303598189
260.42853300697175,372.0316020994912,17.341263910794623,5.780421303598189
261.5369926882278,371.83950149328047,18.349271603724333,6.980701153590758
261.5369926882278,371.83950149328047,18.349271603724333,6.980701153590758
261.5369926882278,371.83950149328047,18.349271603724333,6.980701153590758
263.1789752742988,371.83950149328047,16.707289017653352,6.980701153590758
264.0254284150801,371.83950149328047,15.860835876872045,7.127079725758563
264.845705296016,372.21771514632434,14.889273534718598,6.433121076054704
265.20094031275926,372.8719762717695,15.644907589621823,6.624548340998501
266.8544277167173,373.1765943437584,15.608027358911443,6.544031084531639
267.2478053255568,373.3764151404448,15.316273060419803,6.25839382970787
267.53281617192954,373.43341730971935,16.271316323362157,6.486402506806144
267.8862859923516,373.87971520789426,15.62783500125704,5.763216796826271
268.3569201279182,373.64596169525277,15.891296336902997,5.9610082353059965
268.963148742386,373.90187250746436,15.551766637660762,6.17915514263251
269.8016575290862,374.34878578831905,15.158764420832256,5.685038366755521
270.3259224663827,374.45945635666135,15.758296799891184,5.346359121315004
270.9529463284028,374.68746503375957,14.960266430047398,5.460363459864084
271.2067567494758,374.3847752247188,15.725293614564578,5.52937892870284
272.2041969745434,375.09658119243113,17.029387414410564,5.394642553302049
272.53462143969944,375.09658119243113,17.036133926233674,5.4890495433467095
273.33209142185194,375.09658119243113,17.136701735235818,5.771684820614951
273.37386103309166,375.09658119243113,16.634919184089085,5.708050992693131
273.59278696881887,375.6096007159021,17.118333485613846,5.63687895018785
274.52294602240005,375.33111648264355,15.991061471752232,5.759006323304789
275.6972556061933,375.09658119243113,15.754893048808583,6.102694978636521
276.83428560950074,376.4862197043838,14.460023818152308,5.285388016290142
276.59230151834083,375.7065622698908,16.205559484167622,7.466377517147691
276.59230151834083,375.7065622698908,17.10041302314471,7.466377517147691
277.7824566801221,375.7065622698908,15.910257861363448,7.403737771790759
278.4596925805819,375.7065622698908,15.23302196090367,7.207017647391979
279.01826490304154,376.8974606895255,15.993072723596867,5.604125100964893
279.87329744215987,376.8974606895255,16.117725029455585,5.698532091009497
280.53263243054124,376.9662955771391,15.387393731039765,5.560862315782288
280.47068017367343,376.8974606895255,15.862355313589319,5.906019986814044
280.36693622577116,376.8974606895255,15.966099261491593,5.854148012862936
280.9375279392337,377.26056450718346,16.381075053100687,5.594788143107223
282.54520990300125,377.970984417822,15.091685982513582,5.071508228989387
282.80418372179076,377.99881889134343,15.31855884342616,5.629697203395892
283.6732022912243,377.97807115463934,15.402921299789,5.366036563282137
284.00994053398455,377.92595656523577,15.978754373640129,6.39506619230275
284.6488504494848,377.92595656523577,16.369014486947094,6.352111011609395
284.70052766459946,377.92595656523577,17.00637447075843,6.257704021564791
285.30531500881875,377.92595656523577,16.40158712653914,6.352111011609395
286.52804281019206,378.6776335095186,15.30413881587964,5.600434067326489
286.59068255554894,378.61499376416174,15.617337542664131,5.725713558040354
287.34455126742347,378.55138400580216,14.831421448359208,5.453059065795173
287.6611308929176,378.1836876493957,14.04577124244031,5.9225592046761335
287.9012231403395,378.9272025042526,17.843795345571266,5.88095442250949
287.9012231403395,378.9272025042526,14.462094748694994,6.012497441898574
287.9012231403395,378.9272025042526,17.826044154264707,6.551971470404624
289.5982483763169,378.9272025042526,17.098747624560076,6.794403646972853
289.4155906678392,378.9272025042526,17.94590725481089,6.450229208904716
290.7922884201117,378.9272025042526,16.293869952083924,6.863238534586458
291.3051460177345,378.9272025042526,16.710661566076055,6.870046377581616
291.9203997279782,378.9272025042526,16.47362150887625,6.3376790347412
291.633019449065,380.61221642035036,17.76842275638495,5.21323605838478
291.633019449065,380.61221642035036,18.595474100508227,5.098724339076682
293.2971595224581,380.61221642035036,17.294437844773086,5.150596313027847
291.54989556713315,381.1109597119414,18.958577918166213,5.150596313027847
291.633019449065,380.61221642035036,18.958577918166213,5.150596313027847
293.2162218641783,381.0252257460321,18.476733704870867,4.668752099732501
292.46425826838333,380.61221642035036,18.12733909884787,5.150596313027847
295.0046977558891,380.8715762901061,16.416851194560365,5.098724339076682
295.1435987173598,381.36940018410024,17.100035952598375,5.081761425414243
294.82514092843996,381.58125329801777,17.248512839929617,4.979589805204171
296.4514615820186,381.7135746221683,17.306540615439246,5.081761425414243
297.75921912277806,381.7724676370554,17.434647875723442,5.561051477601438
299.3692171983411,381.96038687312614,15.359768917677854,5.405435555748056
299.76944308554005,381.96038687312614,15.737622639746007,5.318619301033209
300.0142499556268,382.08566636383995,16.24449271394218,5.373132241530698
300.55047380365306,382.57990086164875,15.71377568538287,5.423381702374172
300.8016093645408,381.7455457066251,17.556790334976483,6.431922068462541
300.81713796878296,381.7455457066251,17.525733126492185,6.922444319539011
300.7470379463689,381.68854353735054,18.007946186967615,7.070791411259904
303.4831420715475,382.7145825842925,14.701820369043446,5.987750195043418
303.4500750061884,382.02876667675883,15.988935158442757,6.400143806695553
304.21625862849805,383.2700250930057,15.379108396274717,5.215685350356921
304.5938480683957,383.43590725825084,16.268593991306318,5.532973590951883
304.5938480683957,383.43590725825084,16.268593991306318,5.532973590951883
304.5938480683957,383.43590725825084,16.268593991306318,5.532973590951883
304.5938480683957,383.43590725825084,16.268593991306318,5.532973590951883
305.27463264387467,383.3602645276421,16.268593991306318,5.532973590951883
306.79998072006345,384.09774705375116,16.268593991306318,5.532973590951883
306.10670268057123,383.73847818068595,16.268593991306318,5.532973590951883
308.22469913761705,384.1166918337298,15.209595762783408,5.45733086034312
308.2938805019376,384.1351610029918,15.633039197302821,5.322944005258705
308.7879624699223,383.4315551323546,16.38981211045092,6.182906736037523
309.20416944777486,383.9822342332637,14.872246930780364,6.527081174105604
310.04942048102436,384.28658767147294,15.29936060717256,5.384876366193737
309.84020365754947,383.9953128405668,16.08924786710668,5.994987499966783
311.45689821646016,384.4243148256051,15.15486258749712,6.0726001034541355
312.7960816142097,384.3576728917272,15.159415086612,6.394275253462752
312.90233363118324,385.24149469274744,15.389660680983411,6.1299674409651175
313.49579957550776,385.56222138730135,14.580251235134199,5.909619787709062
313.6943514012186,385.79165911531123,15.195762459534023,5.028269855484382
314.89629790875614,385.3551594749092,14.986575645247001,6.01630265880334
314.96778435755465,385.7192420426852,14.763803735230908,5.4252918992009995
314.3902640539982,386.21372442411587,15.927515309693717,5.409026160881751
316.1579076560387,385.97050233629113,14.40035631477167,5.652248248706485
316.3297214665438,386.32403105669925,15.157793032762527,5.177503440014277
317.2164760396806,386.32403105669925,14.755902812762145,5.2987195282983635
317.58915639891643,386.21372442411587,14.383222453526287,5.409026160881751
318.54645815058996,386.6565265844266,13.42592070185276,4.966224000571003
318.47160945958353,386.8755642196162,14.383222453526287,4.9677996305482
319.49989225744275,386.69832841225275,14.503823448338892,5.936798199061002
319.6564843847343,386.8432805515622,14.875399666571013,5.883490268214587
320.22528775080525,387.3408051305726,14.86226419175722,5.894448536826644
320.22528775080525,387.3408051305726,15.559801906443795,5.84412356905932
321.32945720508155,387.3408051305726,15.032766761280698,5.63498550690565
322.3262209670709,387.7975297428043,14.337140123184838,5.68015610116322
322.7561732117208,387.7404186244014,14.306801372363736,5.7372672195660925
322.5527653809923,387.82848387036097,14.934088733521776,5.698532091009497
323.2411142571285,387.75964898274736,15.311375840928918,5.767366978623102
324.20480268371927,388.1726583084291,14.623026964792643,5.35435765294136
324.52390039113556,388.24345966197006,15.014157211993506,5.387300247302676
324.8614833308427,388.23000003555234,15.397450469278056,5.698532091009497
325.1836346859824,388.45488132393007,15.310687518139162,5.573252600295689
325.99717898421267,388.26047246236686,15.138587361366774,6.029273090149502
325.99717898421267,388.26047246236686,14.2805964714928,6.644872729325641
325.99717898421267,388.26047246236686,15.125536941479595,5.739644545376791
327.55004266580033,388.7171970745985,14.554631238831803,5.457388737523274
327.55004266580033,388.4431623072595,14.737321083724453,5.548733659969628
327.7427805047812,388.26047246236686,15.458032469206955,5.407149017649431
328.6639329264629,387.77560810923046,14.90052831237756,5.822768427308631
329.0727626156906,387.84485305270766,14.128050358297571,5.656520663444951
330.5772014949807,387.8601339565904,13.729800540273061,5.4503918955645645
330.1793576691621,388.2408550016633,16.516339242341076,5.626445236401878
331.5846642473319,388.2408550016633,14.107242251192815,5.024170988614856
331.4183856462073,388.10318522643604,14.864301939614109,5.144601023106532
332.58845466031033,387.83933883647194,14.107242251192815,5.124550029912655
332.27518368824644,387.79962847132975,14.420513223256705,5.0749120734849384
333.8858514689922,387.86264134861943,14.24705732407773,5.323874313966769
334.04008980958065,388.02024173649653,14.310206590673317,5.405831971235102
335.2896692091249,387.2161016070521,14.397386202135237,6.027654528172889
335.58242635346045,387.947994467891,14.37594995936223,5.372087174163141
335.2896692091249,387.2161016070521,14.132961600537499,6.023471833958581
335.2896692091249,387.2161016070521,14.668707103697841,5.957601462834305
335.875183497796,387.50885875138766,14.668707103697841,5.957601462834305
336.1381818271136,387.5797498719044,14.444660251666846,6.3258460588209005
337.04621207513827,387.65523732355547,14.229571387194483,6.250358607169858
337.0252227356052,387.67282621928376,15.586690253234167,6.506804478780566
337.4980081176775,388.3202710613284,14.78566539071386,5.384566786801258
338.0708620803128,388.2407516122266,14.815085675865589,5.664844318498751
338.8194814517933,388.53978119805276,14.066466304385074,5.365814732672561
339.20070521413163,388.2909893411089,14.759196724734807,5.0859394119018475
340.01921401798114,387.9182086000153,15.855685514369611,5.780718677113896
340.01921401798114,387.9182086000153,15.855685514369611,5.780718677113896
340.01921401798114,387.9182086000153,15.855685514369611,5.780718677113896
341.2180544994674,386.31975462470024,14.523640534940398,5.514309681228042
340.01921401798114,387.9182086000153,15.855685514369611,5.780718677113896
342.3356533022323,386.2636091112645,14.421699290785568,6.001331942280672
342.84744378124594,386.3273293581789,14.618334992941243,5.603954316909835
343.8821444583259,385.5205276370427,14.390436036997471,5.780718677113896
344.66181971523275,385.2846338279951,13.760170607517693,6.591848834553787
344.66181971523275,385.2846338279951,15.053173794435793,6.447523911191638
344.66181971523275,385.2846338279951,15.681443471105922,6.819486331481301
345.76488604106663,385.72586035832865,15.024108840573888,5.877275577129467
346.2719840090784,385.1382552558273,15.255176174891687,6.39482761429224
346.5920865730173,385.2846338279951,15.520587899623877,5.6934973311069825
346.97053766508316,385.2846338279951,15.142136807558018,5.675414366091388
347.1870246598948,385.2846338279951,14.925649812746371,5.620616163529917
348.12513666174874,385.2846338279951,13.987537810892434,5.78150142147706
348.45516819804186,385.2846338279951,15.10281959323379,6.33996867637029
348.93536279713203,385.2846338279951,14.62262499414362,6.626813182555225
349.4093241153484,385.47888036219985,14.925649812746371,5.4263696293251655
350.4478466391785,385.2846338279951,14.555454470731604,6.658630759999255
350.60870221066057,385.2846338279951,14.394598899249559,6.336919617035164
351.20389232280394,385.2846338279951,14.141655779906785,6.097888842296243
350.44307298977066,385.2846338279951,15.359732328141831,6.658630759999255
350.882208706274,385.4310124001629,15.401554747059436,6.833963330795541
351.7667525807713,385.3949404605785,14.582882310240336,6.097888842296243
351.64191347125694,385.417838325938,15.452787288264574,5.515092425591206
353.07788728879075,385.2846338279951,14.81604045838833,4.93104189261436
353.7731854383437,385.2846338279951,14.12074230883536,4.982274433819498
353.7370319680967,384.962922685031,14.233743327767513,5.854352902589028
355.008723930695,384.8850203341663,14.520355802664142,6.047910417362857
355.3304944465892,385.2846338279951,14.731403278541563,5.037876560915606
355.8313715554136,385.2846338279951,14.230526169717166,5.22379903694997
356.7214782877218,385.2846338279951,14.342910210132004,5.4263696293251655
357.0309909464227,385.2846338279951,14.233743327767513,5.210930616660846
357.6881990644925,385.2846338279951,13.693156020601293,4.798452313849509
358.6678288701632,385.2846338279951,13.385274472715253,5.389462661126913
358.375534390133,385.2846338279951,13.854333312949507,4.849069935876571
359.75588439937866,385.1382552558273,13.059497592374953,5.370177609117718
359.83760956089475,385.2846338279951,13.987537810892434,4.982274433819498
359.83760956089475,385.2846338279951,14.084147597549418,6.1020704699566295
359.83760956089475,385.2846338279951,14.36226904507356,5.546355679379303
361.008638138237,385.72376954449845,14.376904741884971,4.93104189261436
360.71588099390146,385.2846338279951,15.54793331922724,5.370177609117718
361.56926803415274,385.417838325938,14.653560300607069,5.648296923534133
361.49220904964557,385.72586035832865,14.693188942823724,5.436049046795915
363.30092650741074,386.08386081565266,12.921901827349018,5.248683429705352
363.45089285748094,386.0119303576997,14.420452550305868,5.768181020122313
363.8505063513097,385.95065631770973,14.786764798549939,5.648296923534133
363.8921193878145,385.72586035832865,14.36226904507356,5.766968944546079
364.5181815684694,385.92500705458815,14.035530882245325,6.126510934172586
364.6642658158982,386.0567802560788,15.355028738324052,5.656662311962691
365.23125996810205,385.64593301435406,15.670487646787308,6.619042716604383
364.88294314381267,385.61872909698997,16.01880447107669,6.646246633968474
366.3415194947499,385.2846338279951,15.267675907548949,6.76134318349915
366.3415194947499,385.2846338279951,15.586191348623572,7.185245690077181
366.3415194947499,385.2846338279951,16.417101194905285,6.18663053982101
368.5094894727016,386.00729048731233,14.823843860631712,7.188111811538249
368.5094894727016,386.00729048731233,14.249131216953572,5.463973880503772
368.5094894727016,386.00729048731233,17.450854757408422,6.980341902963346
368.5094894727016,386.00729048731233,17.450854757408422,6.980341902963346
368.5094894727016,386.00729048731233,17.450854757408422,6.980341902963346
368.5094894727016,386.00729048731233,17.450854757408422,6.980341902963346
369.9548027913361,386.00729048731233,14.707773895780463,5.710500923730592
369.9548027913361,386.00729048731233,14.527955829353573,5.463973880503772
369.9548027913361,386.00729048731233,15.035450619969993,5.805575009763686
371.16402116402116,386.2433862433862,14.918885061971991,6.744246146889452
372.43589743589746,386.7521367521368,14.969760112847041,6.2354956381389
371.8390804597701,386.8735632183908,15.566577088974384,6.114069171884864
373.5632183908046,386.8735632183908,13.842439157939907,6.114069171884864
374.2907427472395,386.00729048731233,14.215004379197296,7.188111811538249
374.2907427472395,386.00729048731233,14.104318981155586,6.832215685527217
374.2907427472395,386.00729048731233,17.450854757408422,6.980341902963346
374.2907427472395,386.00729048731233,17.450854757408422,6.980341902963346
374.2907427472395,386.00729048731233,17.450854757408422,6.980341902963346
374.2907427472395,386.00729048731233,17.450854757408422,6.980341902963346
376.1609907120743,386.06811145510835,15.580606792573633,6.919520935167327
376.6497461928934,386.29441624365484,15.09185131175451,6.693216146620841
376.64041994750653,386.61417322834643,15.101177557141398,6.373459161929247
377.10843373493975,386.4457831325301,14.633163769708176,6.541849257745582
378.1055900621118,386.49068322981367,13.63600744253614,6.496949160462009
379.64458804523423,385.46042003231014,13.08562197092084,7.754442649434566
378.77237851662403,385.6777493606138,13.992236890837205,7.309883029661876
379.94505494505495,386.26373626373623,13.170168933219372,6.723896126539444
380.0719960217774,386.00729048731233,14.337941866421318,6.539293363619322
379.83752943326624,386.00729048731233,15.355905502255496,6.724245268842424
380.0719960217774,386.00729048731233,17.450854757408422,6.980341902963346
380.0719960217774,386.00729048731233,17.450854757408422,6.980341902963346
380.0719960217774,386.00729048731233,17.450854757408422,6.980341902963346
380.0719960217774,386.00729048731233,17.450854757408422,6.980341902963346
382.2399659997291,387.4526038059468,17.450854757408422,6.980341902963346
382.2399659997291,387.4526038059468,17.450854757408422,6.980341902963346
382.2399659997291,387.4526038059468,17.450854757408422,6.980341902963346
382.2399659997291,387.4526038059468,17.450854757408422,6.980341902963346
382.2399659997291,387.4526038059468,17.450854757408422,6.980341902963346
384.94983277591973,387.6254180602006,14.740987981217813,6.807527648709538
384.40793597768084,387.4526038059468,17.450854757408422,6.980341902963346
384.40793597768084,387.4526038059468,17.450854757408422,6.980341902963346
384.40793597768084,387.4526038059468,17.450854757408422,6.980341902963346
384.40793597768084,387.4526038059468,17.450854757408422,6.980341902963346
384.40793597768084,387.4526038059468,17.450854757408422,6.980341902963346
386.9135802469136,387.90123456790127,14.945210488175633,6.531711141008884
387.35632183908046,388.02298850574715,14.502468896008793,6.409957203163003
387.8151260504202,388.2352941176471,14.043664684669068,6.197651591263082
388.021219274267,387.4526038059468,15.160598907551105,6.865578012235005
388.021219274267,387.4526038059468,17.450854757408422,6.980341902963346
388.021219274267,387.4526038059468,17.450854757408422,6.980341902963346
388.021219274267,387.4526038059468,17.450854757408422,6.980341902963346
390.0735294117647,388.60294117647055,15.441176470588232,6.617647058823536
390.911845911536,388.8979171245813,14.643709644019566,6.737003510339321
390.911845911536,388.8979171245813,17.450854757408422,6.980341902963346
390.911845911536,388.8979171245813,17.450854757408422,6.980341902963346
390.911845911536,388.8979171245813,17.450854757408422,6.980341902963346
390.911845911536,388.8979171245813,17.450854757408422,6.980341902963346
390.911845911536,388.8979171245813,17.450854757408422,6.980341902963346
390.911845911536,388.8979171245813,17.450854757408422,6.980341902963346
390.911845911536,388.8979171245813,17.450854757408422,6.980341902963346
394.52512920812217,388.8979171245813,14.210502975785857,7.194036898407148
394.52512920812217,388.8979171245813,14.619413564739148,7.267274615831695
394.52512920812217,388.8979171245813,17.450854757408422,6.980341902963346
394.52512920812217,388.8979171245813,17.450854757408422,6.980341902963346
394.52512920812217,388.8979171245813,17.450854757408422,6.980341902963346
394.52512920812217,388.8979171245813,17.450854757408422,6.980341902963346
394.52512920812217,388.8979171245813,17.450854757408422,6.980341902963346
394.52512920812217,388.8979171245813,17.450854757408422,6.980341902963346
397.4157558453911,389.6205737838985,17.450854757408422,6.980341902963346
397.4157558453911,389.6205737838985,17.450854757408422,6.980341902963346
397.4157558453911,389.6205737838985,17.450854757408422,6.980341902963346
397.4157558453911,389.6205737838985,17.450854757408422,6.980341902963346
397.4157558453911,389.6205737838985,17.450854757408422,6.980341902963346
397.4157558453911,389.6205737838985,17.450854757408422,6.980341902963346
400.90090090090087,391.59159159159157,15.467211203400211,5.910224996171166
402.4464831804281,392.04892966360853,14.254989807692482,6.081038011020951
401.75169580129455,391.78854376185024,15.48968350905028,5.42984704274744
401.75169580129455,391.78854376185024,15.48968350905028,6.579272330103777
401.75169580129455,391.78854376185024,16.639108796406617,6.579272330103777
401.75169580129455,391.78854376185024,17.450854757408422,6.980341902963346
401.75169580129455,391.78854376185024,17.450854757408422,6.980341902963346
401.75169580129455,391.78854376185024,17.450854757408422,6.980341902963346
404.6423224385635,391.78854376185024,17.450854757408422,6.980341902963346
404.6423224385635,391.78854376185024,17.450854757408422,6.980341902963346
404.6423224385635,391.78854376185024,17.450854757408422,6.980341902963346
404.6423224385635,391.78854376185024,17.450854757408422,6.980341902963346
406.8102924165152,392.5112004211675,17.450854757408422,6.980341902963346
406.8102924165152,392.5112004211675,17.450854757408422,6.980341902963346
406.8102924165152,392.5112004211675,17.450854757408422,6.980341902963346
407.73067331670825,394.0149625935162,16.530473857215384,5.476579730614617
406.8102924165152,392.5112004211675,17.450854757408422,6.980341902963346
406.8102924165152,392.5112004211675,17.450854757408422,6.980341902963346
408.9782623944669,393.95651373980195,17.450854757408422,6.980341902963346
408.9782623944669,393.95651373980195,17.450854757408422,6.980341902963346
408.9782623944669,393.95651373980195,17.450854757408422,6.980341902963346
408.9782623944669,393.95651373980195,17.450854757408422,6.980341902963346
408.9782623944669,393.95651373980195,17.450854757408422,6.980341902963346
408.9782623944669,393.95651373980195,17.450854757408422,6.980341902963346
408.9782623944669,393.95651373980195,17.450854757408422,6.980341902963346
411.8688890317359,395.4018270584364,17.450854757408422,6.980341902963346
411.8688890317359,395.4018270584364,17.450854757408422,6.980341902963346
411.8688890317359,395.4018270584364,17.450854757408422,6.980341902963346
411.8688890317359,395.4018270584364,17.450854757408422,6.980341902963346
411.8688890317359,395.4018270584364,17.450854757408422,6.980341902963346
411.8688890317359,395.4018270584364,17.450854757408422,6.980341902963346
411.8688890317359,395.4018270584364,17.450854757408422,6.980341902963346
413.31420235037035,396.12448371775366,17.450854757408422,6.980341902963346
413.31420235037035,396.12448371775366,17.450854757408422,6.980341902963346
413.31420235037035,396.12448371775366,17.450854757408422,6.980341902963346
416.49048625792807,397.46300211416485,14.274570849850704,5.641823506552157
416.0,396.1904761904762,17.52380952380952,7.428571428571388
414.7595156690048,396.8471403770709,18.896168076042898,6.980341902963346
414.7595156690048,396.8471403770709,18.896168076042898,6.980341902963346
416.8797953964194,397.69820971867006,16.775888348628314,6.129272561364189
418.14058956916097,397.9591836734694,15.515094175886759,5.868298606564849
418.47133757961785,397.45222929936307,15.184346165429872,6.375252980671178
420.36775106082035,398.7270155586987,13.287932684227371,5.100466721335522
419.4055944055944,398.6013986013986,15.209790209790242,5.769230769230774
421.4145383104126,398.42829076620825,13.359528487229852,6.4833005893909785
421.9203143819704,398.6691015299803,13.107934205600202,6.415644232731495
422.25,398.75,14.25,5.75
423.4548335974643,398.89064976228207,12.99524564183838,6.65610142630743
422.8723404255319,398.80319148936167,14.321410934993708,6.469604109307056
423.00242130750604,399.1525423728814,14.504940892234458,5.635991724576684
423.94174795786284,399.26171216229625,14.17706392332525,6.513865395459504
424.9787230565243,399.315556318305,12.641238555759742,6.442601071330273
425.53944618922446,399.61543984275664,11.725511075732754,6.367466140149304
425.3256150506512,399.2764109985528,13.024602026049195,6.8017366136034525
425.2604166666667,398.95833333333337,13.541666666666686,7.03125
423.5185768063918,399.54517609151134,15.540727897084707,6.385294256136945
425.9048662379474,398.93167915899596,13.86524870458129,7.275217392728109
425.9048662379474,398.93167915899596,14.343360712407275,7.451299564408316
425.9048662379474,398.93167915899596,14.899731463202045,7.482113944452294
425.9048662379474,398.93167915899596,14.899731463202045,6.907401300774154
427.38301559792023,400.34662045060657,14.571007390585521,7.216597940198028
428.1135383352078,400.16324167073054,15.652364972680232,6.96144026311174
427.35017955658185,399.6543358183132,15.178556075602046,7.908882572491393
428.6476868327402,401.2455516014235,14.946619217081889,6.049822064056968
429.512341718744,401.00568716966455,14.676847470445182,6.6970155330381544
431.2134782192862,401.2888083294573,13.363044811917348,5.546258535327183
430.6761219069145,401.87163071853496,13.669776097520128,6.110630922263283
430.96346285316804,401.0996491369477,15.058568970577369,6.856287215561508
430.96346285316804,401.0996491369477,14.07590722557211,6.774366611083792
430.96346285316804,401.0996491369477,14.224139104417588,7.056957714602106
430.96346285316804,401.0996491369477,15.284622904871753,7.016736774231504
432.5407499194141,401.0996491369477,14.77786206796759,6.786786194282627
432.5138504500673,401.8748429353973,15.031369188175574,6.135492981915377
432.8153147050199,401.0996491369477,16.258759369054133,7.233684196385639
434.60718754952427,402.3142240357331,13.435997335765876,5.513036423106314
435.6923076923077,402.0,13.230769230769226,6.307692307692321
433.854089490437,401.8223057962649,14.372860864172935,6.546488529976216
435.86077845364764,402.8256502778703,13.191618424836179,6.315932776756199
435.95935264833173,402.99189643953974,13.046495304884616,5.780033385021625
436.40964504599253,402.93341690737606,12.590354954007466,5.399916425957258
437.7654323848307,403.5172210505022,13.212403338767729,5.739623799562992
438.6,403.5,14.150257566479866,5.30264769922826
438.1,403.5,14.650257566479866,5.30264769922826
439.2395246857574,403.77394822882343,13.418703162343888,6.605798606619601
437.4673727870232,403.2676191148994,16.55561571872397,7.1691624942960175
437.4673727870232,403.2676191148994,16.55561571872397,5.445024563261541
437.4673727870232,403.2676191148994,16.55561571872397,6.5944498506178775
437.4673727870232,403.2676191148994,15.980903075045774,6.5944498506178775
437.4673727870232,403.2676191148994,18.896168076042898,6.980341902963346
437.4673727870232,403.2676191148994,18.896168076042898,6.980341902963346
441.0818306183485,404.77364321128493,14.038651309362308,6.973344740522236
441.8033127429266,404.71293243353387,14.51852633753316,6.298561819339682
441.8033127429266,404.71293243353387,16.242664268567637,6.298561819339682
441.8033127429266,404.71293243353387,13.94381369385502,6.298561819339682
442.95273803028294,404.9428174910051,14.518526337533103,6.781320440029333
443.2664756446991,405.44412607449857,14.040114613180549,6.303724928366762
444.273127753304,406.38766519823787,12.489239961517,6.2137829763532295
441.8033127429266,404.71293243353387,16.242664268567637,6.873274463017879
443.8893622866033,406.9293600736903,13.34662206802517,6.108449574288841
443.9884027172197,406.3838835903462,14.109283658101617,5.698378620450683
445.4165960395128,406.15824575216834,14.357840050712753,5.871829435801544
445.4165960395128,406.15824575216834,13.778806259337784,7.15209907541788
445.4165960395128,406.15824575216834,16.0776568340504,6.577386431739683
445.4165960395128,406.15824575216834,14.928231546694121,6.002673788061543
446.5660213268691,405.5835331084902,16.0776568340504,6.577386431739683
448.71608842529963,405.3968244323714,12.197617158456694,6.024495364582947
448.86487190158175,405.5835331084902,12.629380971981448,4.853248500705206
448.9971586993594,404.8794733736517,13.406933372251842,6.373723557294568
448.2646973053356,405.05065081545945,13.444163454158058,5.392387159224086
449.5117608782782,403.2676191148994,14.299802290886703,6.796620713794425
449.9845660174645,403.2676191148994,14.015433982535512,6.732380885100611
450.55486304716743,402.93758611159916,12.646457084845736,5.973304977509713
448.3597598159141,402.23402738363325,14.430937858504478,5.776308533679412
450.350523464273,401.7782574127717,13.479263769769545,6.094083012760166
451.21745320675706,401.73798240361833,12.83608407813773,6.675019508427511
450.134141088286,401.5679024010184,14.738380158172902,6.647395049406498
452.24937759044377,401.819918971561,11.979378502315,5.854352902589028
449.7525359954162,400.37699247763044,16.339418027572265,8.335651200530492
449.7525359954162,400.37699247763044,15.764705383894125,7.186225913174155
453.15487571701715,400.1912045889101,12.3623656622932,7.946726445572608
453.6522574438842,400.9340955416973,12.085904116004428,5.751141227104995
453.1457495682705,400.37699247763044,13.520917098396183,6.609035466481373
453.5986898415701,400.69750529814326,13.388489645609354,6.834545983908015
455.22262146550173,400.37699247763044,12.46968622680589,6.63155453091656
455.81871246600446,400.744639536454,12.012169886936704,6.7921251694283455
455.1521040299735,400.1610097562482,12.45048776268311,6.102489163838243
454.1529760394206,399.93694847322996,13.063745632746645,7.323777599377308
455.30809155097177,399.6601465994942,13.15068981103542,6.074620425595356
455.35253599541625,399.5769924776305,13.647464004583753,7.123007522369505
456.06308808107985,398.9142411174503,13.189380184082381,7.009595271830392
457.3068667559174,398.6687926146212,12.57819071534692,7.078333822160346
455.8884759513196,397.6090224996787,14.111524048680394,6.590977500321287
457.0483068181273,397.3633565377337,12.507718551851553,6.230723800532644
458.701326033692,396.8910653332867,10.98565913928985,6.239082936894533
458.2601088476248,397.2555064090947,12.300081855593305,5.96261039662636
457.24637068816173,397.33182951722256,13.630822294294376,5.124310833654647
456.91846943067344,395.05729925666566,14.491452240344813,6.900925286415259
456.83345244616925,395.3183958624098,15.38072989825912,6.562935541352886
457.70175924790584,395.3183958624098,15.255439195673944,7.0162344877848
457.70175924790584,395.3183958624098,15.286746499220612,6.497696091613193
457.70175924790584,395.3183958624098,14.712033855542415,7.64712137896953
457.70175924790584,395.3183958624098,14.712033855542415,5.922983447935053
461.00519930675904,395.66724436741765,13.518197573656892,5.719237435008665
460.8953720223569,395.3183958624098,12.956923386824712,5.280406532799816
460.1736693602654,395.3183958624098,14.433072212768252,6.0299187443317805
461.1717907936472,395.1606671557852,12.64524390666827,5.943433790587051
462.2739018087855,395.3488372093023,13.178294573643427,5.684754521963839
462.3457220962031,395.3183958624098,12.886476046211783,5.919994230469513
462.738301559792,396.1871750433275,13.85962576415676,6.111562722045619
463.35282651072123,395.32163742690057,13.24510081322751,6.977100338472553
463.33333333333337,395.64102564102564,13.264593990615367,6.6577121243474835
461.4942528735632,394.91954022988506,15.10367445038554,7.379197535488061
462.74329244424837,395.8931085060879,13.693489164947039,7.07240873529139
463.9664804469274,396.6480446927374,12.849162011173178,5.86592178770951
464.83548265051513,396.68825887610836,11.363147486471178,5.709001397864256
463.42494714587735,395.3488372093023,13.53065539112049,6.765327695560245
463.9695509727381,395.3183958624098,12.857543501415194,6.464135331886098
464.6739130434782,395.47101449275357,14.091984258422258,6.827723272619551
465.09652273322104,395.0831017447627,13.0211243256025,6.799251196413763
465.05747126436773,395.8620689655172,14.267200613185537,5.976898684913351
465.625,395.83333333333337,13.98809523809524,4.761904761904759
465.93186372745487,395.79158316633266,14.2284569138277,5.811623246492957
466.12466124661245,395.9349593495935,14.092140921409225,5.6910569105691025
467.3076923076923,395.2991452991453,13.626174972159845,6.999592466227796
466.3716814159292,394.69026548672565,14.562185863922991,7.608472278647469
468.39080459770116,394.91954022988506,12.543062682151003,7.379197535488061
467.37512043142993,395.3183958624098,14.234074970868903,6.497696091613193
469.222411071824,395.3183958624098,12.920446071033155,6.467318423304505
469.2042819927812,394.81078164921183,13.029220545289888,6.712060990382099
470.10902881422504,395.5728487886184,12.079266351169338,6.208321694842141
471.62444930709984,395.9526453338686,11.462231453999493,4.8930206280763855
470.5462252056199,395.68203222604615,13.090138430743707,5.227058683044788
470.94395247834717,395.54161014812405,12.76140466450994,5.35124699473306
471.73199595660805,395.5357871667576,12.398438826000586,5.551169354981482
470.79514295453765,395.91363395764785,11.645333235938551,5.872080328066431
471.1268405190596,396.08175464103573,12.842625129795351,5.95386876863347
471.8638962985719,394.8689576601626,11.282171117158441,6.479356946578946
471.65012411950056,395.3183958624098,12.133659664283186,6.5527060086920415
471.8977504817766,395.3183958624098,12.815625314401757,7.017060613174067
471.8491198492226,395.3183958624098,13.253301007388188,6.916241009098599
471.9058990021411,395.3183958624098,12.742288631121141,6.174141451023047
471.22723253381827,395.3183958624098,14.044085295639093,7.317263052318879
474.76703717905224,396.6568279847807,10.701414063777577,6.020036259961159
473.95351953354316,396.15346893130334,12.685311364160384,6.142982008153865
472.97542820342534,396.0080510348236,13.921123520712513,6.980454712302787
472.5510250204014,396.0021565461705,14.115641646265203,6.7328861888722145
474.2798517492282,395.8234463674603,13.34641087703443,6.701806157792248
475.0036643463619,395.5063657872218,13.154230390480166,7.125213160146586
474.1881412867444,395.3183958624098,12.819732729003647,6.453257680897309
474.72635342199214,397.4360429212333,13.979528930949016,5.8580747258255315
475.07147628126245,396.74244649532113,14.010802199750174,6.896794011007955
476.4029960088515,396.9265829969127,12.63209171044673,6.435990102502501
476.2923351158645,397.8609625668449,14.036068735111769,4.437775198528243
476.2890574771763,397.019416227337,13.445286967859374,5.675361141996518
476.5229614940124,396.6673573233972,12.829856877595091,6.2553984177301345
477.8054862842893,396.75810473815466,12.468827930174541,6.733167082294244
476.9934193257394,396.6398549169366,14.423746342923266,6.952959454320876
477.7591973244147,397.15719063545146,12.374581939799327,5.68561872909703
479.0224032586558,397.35234215885947,12.01629327902242,5.906313645621196
478.94999999156823,397.06985910608915,12.408024699789735,5.810799330124837
478.6783307528851,397.798865021727,11.556044247114926,5.521447478272989
479.74677785690403,397.69589885742437,12.215397083994276,5.613793813970403
479.5795871961841,398.10290819183007,12.997732391444742,5.8146175813657806
480.21499174510296,398.1811303427387,12.975669733496261,6.293577828467562
480.7439210867583,398.35029672589064,11.91266638624387,6.401323144519722
481.6832183083201,398.18894195277363,13.398748904794616,6.72909083411156
480.5068397961921,398.25757406658255,14.608841437741091,5.341397655782487
481.2615613857481,398.1989549139957,11.137488495487048,6.0765795278095425
480.4723775928465,398.2110035215209,13.005883276718691,6.861460246594959
481.86872997845137,398.329062469575,11.670595864245229,6.446218429301439
483.34298208350134,398.2090224996787,11.798718321356944,6.649277095462935
482.82016506945627,398.70284966017255,13.229217646593156,5.98850836451885
483.54699518595777,399.46097868121234,11.445180087907602,6.329318658380714
484.4021099560812,399.0686213535469,11.872961677156638,6.375504720951653
484.1753625060786,398.9723812783047,12.007843600791603,5.862224319659674
484.3871696904646,399.14012119614057,12.074655262980457,6.074031504045649
483.3599296402286,398.67413877874844,13.616814545817931,6.907256570088805
484.95260053522503,399.1181134087696,11.714066131441598,6.336432045775837
483.960864998035,398.48450459334265,13.559796158989798,7.576101467263413
484.88576449912125,398.7697715289982,11.599297012302259,7.029876977152924
485.2040816326531,399.234693877551,11.734693877551024,6.122448979591866
484.9058941519604,399.343776812102,12.920192804561282,7.022682815227142
484.44005564264364,399.6543358183132,14.7965855787304,5.943628558277112
487.3108690397728,400.13280471783474,12.928365409987975,6.087290975945166
486.94005564264364,399.6543358183132,11.948833246245215,6.734553070575657
487.0803196690463,399.6543358183132,10.939482311151721,5.956225237792353
486.4008399563691,399.6543358183132,13.354062004415198,6.963311240510336
487.8394890704057,400.2209080562735,11.593938691633923,5.444814323329865
487.2424155246495,399.6543358183132,14.527495979775267,6.392861821804786
487.38742406369624,400.07538844989216,13.665207515251097,5.819348392213101
487.87755564264364,400.5918358183132,13.684944357356358,5.0331641816868
488.73693064264364,401.0215233183132,15.559944357356358,6.5956641816868
488.1844380403458,400.28818443804033,15.15178567834073,6.346493283236214
488.9855101880982,400.91696208093947,14.044792842204856,6.406270242292862
490.6005221932115,400.78328981723234,13.838120104438644,6.52741514360315
490.8056325172115,400.68280287518394,12.55828185587717,6.350836268546971
490.8311167170076,400.57540517604315,14.72443883854794,6.369039268401309
489.71692489117066,400.37699247763044,14.719304314004944,5.907665563034982
489.66624216503624,400.37699247763044,15.172467512383093,6.43304336466349
491.30537145955503,400.37699247763044,12.48866648082435,6.127072563019965
492.47194359039264,401.30722503576993,12.876893618909719,6.599751708416136
490.14538914843484,400.79540251947145,14.038711269975181,6.526773212746093
492.4107142857143,402.08333333333337,12.202380952380963,5.952380952380906
492.6607075938327,401.49490605394374,11.884746951621821,6.0149753689811405
494.0026082593615,402.8690604232502,11.657667359350853,4.245797187768574
493.49112426035504,401.7751479289941,12.721893491124263,6.213017751479299
493.33333333333337,401.2345679012346,12.592592592592553,6.913580246913568
495.1960982303594,401.8855037538435,10.697811396359668,6.3659697235631825
494.7145877378435,401.4799154334038,13.680232596063718,6.600075606507232
494.7096559530678,402.3357574346616,13.240134841911242,6.869263485840463
495.7348546084684,403.0232642293895,10.976663870279936,4.9987624197988225
495.719719737809,402.6670501907772,12.160381639965408,5.98944170326655
495.719719737809,402.6670501907772,12.160381639965408,5.98944170326655
495.719719737809,402.6670501907772,12.160381639965408,5.98944170326655
495.719719737809,402.6670501907772,12.160381639965408,5.98944170326655
495.719719737809,402.6670501907772,12.160381639965408,5.98944170326655
495.719719737809,402.6670501907772,12.160381639965408,5.98944170326655
495.719719737809,402.6670501907772,12.160381639965408,5.98944170326655
496.8961903260443,403.60822666136545,12.160381639965408,5.98944170326655
497.9419419600312,402.944827968555,12.160381639965408,5.98944170326655
497.6167387079987,403.4800583208585,12.160381639965408,5.98944170326655
499.3330030343952,404.1123635094117,12.160381639965408,5.98944170326655
499.3330030343952,404.1123635094117,12.160381639965408,5.98944170326655
499.3330030343952,404.1123635094117,12.160381639965408,5.98944170326655
499.3330030343952,404.1123635094117,12.160381639965408,5.98944170326655
499.3330030343952,404.1123635094117,12.160381639965408,5.98944170326655
499.3330030343952,404.1123635094117,12.160381639965408,5.98944170326655
499.3330030343952,404.1123635094117,12.160381639965408,5.98944170326655
499.3330030343952,404.1123635094117,12.160381639965408,5.98944170326655
500.77831635302965,404.1123635094117,12.160381639965351,5.98944170326655
500.77831635302965,404.1123635094117,12.160381639965351,5.98944170326655
500.77831635302965,404.1123635094117,12.160381639965351,5.98944170326655
500.77831635302965,404.1123635094117,12.160381639965351,5.98944170326655
500.77831635302965,404.1123635094117,12.160381639965351,5.98944170326655
500.77831635302965,404.1123635094117,12.160381639965351,5.98944170326655
502.2236296716641,404.83502016872893,12.160381639965237,5.98944170326655
502.2236296716641,404.83502016872893,12.160381639965237,5.98944170326655
502.2236296716641,404.83502016872893,12.160381639965237,5.98944170326655
502.2236296716641,404.83502016872893,12.160381639965237,5.98944170326655
502.2236296716641,404.83502016872893,12.160381639965237,5.98944170326655
505.8369129682503,404.83502016872893,12.160381639964953,5.98944170326655
505.8369129682503,404.83502016872893,12.160381639964953,5.98944170326655
505.8369129682503,404.83502016872893,12.160381639964953,5.98944170326655
505.8369129682503,404.83502016872893,12.160381639964953,5.98944170326655
505.8369129682503,404.83502016872893,12.160381639964953,5.98944170326655
505.8369129682503,404.83502016872893,12.160381639964953,5.98944170326655
507.0738975708846,404.83502016872893,12.160381639964726,5.98944170326655
507.0738975708846,404.83502016872893,12.160381639964726,5.98944170326655
507.0738975708846,404.83502016872893,12.160381639964726,5.98944170326655
507.0738975708846,404.83502016872893,12.160381639964726,5.98944170326655
507.0738975708846,404.83502016872893,12.160381639964726,5.98944170326655
507.0738975708846,404.83502016872893,12.160381639964726,5.98944170326655
507.0738975708846,404.83502016872893,12.160381639964726,5.98944170326655
507.0738975708846,404.83502016872893,12.160381639964726,5.98944170326655
509.32520987489715,404.83502016872893,12.160381639964726,5.98944170326655
509.32520987489715,404.83502016872893,12.160381639964726,5.98944170326655
509.32520987489715,404.83502016872893,12.160381639964726,5.98944170326655
509.32520987489715,404.83502016872893,12.160381639964726,5.98944170326655
509.32520987489715,404.83502016872893,12.160381639964726,5.98944170326655
509.32520987489715,404.83502016872893,12.160381639964726,5.98944170326655
512.5877552941902,406.00021496133354,12.160381639964044,5.98944170326655
512.5877552941902,406.00021496133354,12.160381639964044,5.98944170326655
512.5877552941902,406.00021496133354,12.160381639964044,5.98944170326655
512.5877552941902,406.00021496133354,12.160381639964044,5.98944170326655
512.5877552941902,406.00021496133354,12.160381639964044,5.98944170326655
512.5877552941902,406.00021496133354,12.160381639964044,5.98944170326655
512.5877552941902,406.00021496133354,12.160381639964044,5.98944170326655
512.5877552941902,406.00021496133354,12.160381639964044,5.98944170326655
514.4549583211503,406.00021496133354,12.160381639964044,5.98944170326655
514.4549583211503,406.00021496133354,12.160381639964044,5.98944170326655
514.4549583211503,406.00021496133354,12.160381639964044,5.98944170326655
514.4549583211503,406.00021496133354,12.160381639964044,5.98944170326655
514.4549583211503,406.00021496133354,12.160381639964044,5.98944170326655
514.4549583211503,406.00021496133354,12.160381639964044,5.98944170326655
514.4549583211503,406.00021496133354,12.160381639964044,5.98944170326655
514.4549583211503,406.00021496133354,12.160381639964044,5.98944170326655
517.4283258680327,406.00021496133354,12.160381639964044,5.98944170326655
517.4283258680327,406.00021496133354,12.160381639964044,5.98944170326655
517.4283258680327,406.00021496133354,12.160381639964044,5.98944170326655
517.4283258680327,406.00021496133354,12.160381639964044,5.98944170326655
517.4283258680327,406.00021496133354,12.160381639964044,5.98944170326655
517.4283258680327,406.00021496133354,12.160381639964044,5.98944170326655
517.4283258680327,406.00021496133354,12.160381639964044,5.98944170326655
517.4283258680327,406.00021496133354,12.160381639964044,5.98944170326655
517.4283258680327,406.00021496133354,12.160381639964044,5.98944170326655
520.6093078371669,406.4243458905514,12.160381639964044,5.98944170326655
520.6093078371669,406.4243458905514,12.160381639964044,5.98944170326655
520.6093078371669,406.4243458905514,12.160381639964044,5.98944170326655
520.6093078371669,406.4243458905514,12.160381639964044,5.98944170326655
520.6093078371669,406.4243458905514,12.160381639964044,5.98944170326655
520.6093078371669,406.4243458905514,12.160381639964044,5.98944170326655
520.6093078371669,406.4243458905514,12.160381639964044,5.98944170326655
520.6093078371669,406.4243458905514,12.160381639964044,5.98944170326655
520.6093078371669,406.4243458905514,12.160381639964044,5.98944170326655
520.6093078371669,406.4243458905514,12.160381639964044,5.98944170326655
521.7745026297717,406.4243458905514,12.160381639964044,5.98944170326655
521.7745026297717,406.4243458905514,12.160381639964044,5.98944170326655
521.7745026297717,406.4243458905514,12.160381639964044,5.98944170326655
521.7745026297717,406.4243458905514,12.160381639964044,5.98944170326655
523.4481427971358,407.6795760160744,12.160381639964044,5.98944170326655
526.0162601626016,407.3170731707317,9.273637657269774,6.45172797322175
524.020004991021,407.65457436155316,12.160381639964044,5.98944170326655
524.2207535699711,408.0979860579154,12.160381639964044,5.98944170326655
524.2044614975455,407.66328394364876,12.160381639964044,5.98944170326655
524.5389500178746,407.1236465898521,12.160381639964044,5.98944170326655
525.9128918655007,407.8980301010778,10.087108134499317,5.365127793659042
527.0876608490282,408.2564069592537,10.316919303643544,4.87336403311275
526.9035532994924,407.61421319796955,10.192250050930738,4.799574395848424
526.9221766773464,408.1462001951872,9.766565044507843,5.098832917395612
527.1212140601858,407.79046610913065,10.856928016316942,5.460900011087915
526.5431387522597,407.0674327072717,12.160381639964044,5.98944170326655
526.6986458918193,407.4319025656144,12.160381639964044,5.98944170326655
527.3306312912974,407.92135187857536,10.393919606906138,4.952899618430649
527.9408861913334,408.0636901528465,11.130152060032628,5.870736076661672
527.6751477378564,407.79420890425007,12.160381639964044,5.98944170326655
529.4808762559136,407.9394974057029,9.408012632975328,5.191815725610184
529.3682769907721,407.72812685534933,9.87553004964525,5.4400608891095885
529.5031215473267,408.0556672608614,10.13798775120506,5.484300112711196
528.9526383532138,407.71559409715115,12.160381639964044,5.98944170326655
529.4722837142398,407.7475973083208,10.414294735665749,6.430096453493945
524.9354217104591,406.4243458905514,12.160381639964044,5.98944170326655
530.7082336285224,407.9141038048903,8.584131362166545,4.748838466990492
529.6551857222585,408.1942573949762,8.987882124349198,5.2275715135783685
530.1129365033585,408.9391387899597,9.827891899008364,5.557902630158651
524.9354217104591,406.4243458905514,12.160381639964044,5.98944170326655
524.9354217104591,406.4243458905514,12.160381639964044,5.98944170326655
524.9354217104591,406.4243458905514,12.160381639964044,5.98944170326655
530.1619823537802,407.96156960917557,12.160381639964044,5.98944170326655
530.1619823537802,407.96156960917557,12.160381639964044,5.98944170326655
530.1619823537802,407.96156960917557,12.160381639964044,5.98944170326655
530.1619823537802,407.96156960917557,12.160381639964044,5.98944170326655
530.1619823537802,407.96156960917557,12.160381639964044,5.98944170326655
530.1619823537802,407.96156960917557,12.160381639964044,5.98944170326655
530.1619823537802,407.96156960917557,12.160381639964044,5.98944170326655
532.9597298313316,407.96156960917557,12.160381639964044,5.98944170326655
532.9597298313316,407.96156960917557,12.160381639964044,5.98944170326655
532.9597298313316,407.96156960917557,12.160381639964044,5.98944170326655
532.9597298313316,407.96156960917557,12.160381639964044,5.98944170326655
532.9597298313316,407.96156960917557,12.160381639964044,5.98944170326655
532.9597298313316,407.96156960917557,12.160381639964044,5.98944170326655
532.9597298313316,407.96156960917557,12.160381639964044,5.98944170326655
532.9597298313316,407.96156960917557,12.160381639964044,5.98944170326655
534.8043982936803,409.1913485840749,12.160381639964044,5.98944170326655
534.8043982936803,409.1913485840749,12.160381639964044,5.98944170326655
534.8043982936803,409.1913485840749,12.160381639964044,5.98944170326655
534.8043982936803,409.1913485840749,12.160381639964044,5.98944170326655
534.8043982936803,409.1913485840749,12.160381639964044,5.98944170326655
534.8043982936803,409.1913485840749,12.160381639964044,5.98944170326655
534.8043982936803,409.1913485840749,12.160381639964044,5.98944170326655
535.2810246938894,409.1913485840749,12.160381639964044,5.98944170326655
535.2810246938894,409.1913485840749,12.160381639964044,5.98944170326655
535.2810246938894,409.1913485840749,12.160381639964044,5.98944170326655
540.2696868254087,409.6448633233039,12.160381639964044,5.98944170326655
535.2810246938894,409.1913485840749,12.160381639964044,5.98944170326655
535.2810246938894,409.1913485840749,12.160381639964044,5.98944170326655
535.2810246938894,409.1913485840749,12.160381639964044,5.98944170326655
535.2810246938894,409.1913485840749,12.160381639964044,5.98944170326655
539.5755032214969,410.21384347160046,12.160381639964044,5.98944170326655
542.1775764180275,410.3407738714312,12.160381639964044,5.98944170326655
541.3784786632649,409.62424901697534,12.160381639964044,5.98944170326655
536.40012368491,409.1913485840749,12.160381639964044,5.98944170326655
536.40012368491,409.1913485840749,12.160381639964044,5.98944170326655
541.0046531221459,410.53433633660217,12.160381639964044,5.98944170326655
541.0046531221459,410.53433633660217,12.160381639964044,5.98944170326655
541.0046531221459,410.53433633660217,12.160381639964044,5.98944170326655
541.0046531221459,410.53433633660217,12.160381639964044,5.98944170326655
541.0046531221459,410.53433633660217,12.160381639964044,5.98944170326655
541.0046531221459,410.53433633660217,12.160381639964044,5.98944170326655
541.0046531221459,410.53433633660217,12.160381639964044,5.98944170326655
542.9630763564319,410.53433633660217,12.160381639964044,5.98944170326655
542.9630763564319,410.53433633660217,12.160381639964044,5.98944170326655
542.9630763564319,410.53433633660217,12.160381639964044,5.98944170326655
542.9630763564319,410.53433633660217,12.160381639964044,5.98944170326655
542.9630763564319,410.53433633660217,12.160381639964044,5.98944170326655
542.9630763564319,410.53433633660217,12.160381639964044,5.98944170326655
542.9630763564319,410.53433633660217,12.160381639964044,5.98944170326655
542.9630763564319,410.53433633660217,12.160381639964044,5.98944170326655
542.9630763564319,410.53433633660217,12.160381639964044,5.98944170326655
542.9630763564319,410.53433633660217,12.160381639964044,5.98944170326655
542.9630763564319,410.53433633660217,12.160381639964044,5.98944170326655
542.9630763564319,410.53433633660217,12.160381639964044,5.98944170326655
542.9630763564319,410.53433633660217,12.160381639964044,5.98944170326655
542.9630763564319,410.53433633660217,12.160381639964044,5.98944170326655
542.9630763564319,410.53433633660217,12.160381639964044,5.98944170326655
542.9630763564319,410.53433633660217,12.160381639964044,5.98944170326655
544.5848466298927,410.53433633660217,12.160381639964044,5.98944170326655
544.5848466298927,410.53433633660217,12.160381639964044,5.98944170326655
544.5848466298927,410.53433633660217,12.160381639964044,5.98944170326655
544.5848466298927,410.53433633660217,12.160381639964044,5.98944170326655
544.5848466298927,410.53433633660217,12.160381639964044,5.98944170326655
544.5848466298927,410.53433633660217,12.160381639964044,5.98944170326655
544.5848466298927,410.53433633660217,12.160381639964044,5.98944170326655
544.5848466298927,410.53433633660217,12.160381639964044,5.98944170326655
544.5848466298927,410.53433633660217,12.160381639964044,5.98944170326655
546.5053191639054,410.53433633660217,12.160381639964044,5.98944170326655
546.5053191639054,410.53433633660217,12.160381639964044,5.98944170326655
546.5053191639054,410.53433633660217,12.160381639964044,5.98944170326655
546.5053191639054,410.53433633660217,12.160381639964044,5.98944170326655
546.5053191639054,410.53433633660217,12.160381639964044,5.98944170326655
547.4585719643237,410.53433633660217,12.160381639964044,5.98944170326655
547.4585719643237,410.53433633660217,12.160381639964044,5.98944170326655
547.4585719643237,410.53433633660217,12.160381639964044,5.98944170326655
547.4585719643237,410.53433633660217,12.160381639964044,5.98944170326655
547.4585719643237,410.53433633660217,12.160381639964044,5.98944170326655
547.4585719643237,410.53433633660217,12.160381639964044,5.98944170326655
547.4585719643237,410.53433633660217,12.160381639964044,5.98944170326655
547.4585719643237,410.53433633660217,12.160381639964044,5.98944170326655
549.5536329105194,410.53433633660217,12.160381639964044,5.98944170326655
549.5536329105194,410.53433633660217,12.160381639964044,5.98944170326655
549.5536329105194,410.53433633660217,12.160381639964044,5.98944170326655
549.5536329105194,410.53433633660217,12.160381639964044,5.98944170326655
549.5536329105194,410.53433633660217,12.160381639964044,5.98944170326655
549.5536329105194,410.53433633660217,12.160381639964044,5.98944170326655
549.5536329105194,410.53433633660217,12.160381639964044,5.98944170326655
549.5536329105194,410.53433633660217,12.160381639964044,5.98944170326655
549.5536329105194,410.53433633660217,12.160381639964044,5.98944170326655
549.5536329105194,410.53433633660217,12.160381639964044,5.98944170326655
551.7918308925605,410.53433633660217,12.160381639964044,5.98944170326655
551.7918308925605,410.53433633660217,12.160381639964044,5.98944170326655
551.7918308925605,410.53433633660217,12.160381639964044,5.98944170326655
551.7918308925605,410.53433633660217,12.160381639964044,5.98944170326655
552.9502382307468,410.53433633660217,12.160381639964044,5.98944170326655
552.9502382307468,410.53433633660217,12.160381639964044,5.98944170326655
552.9502382307468,410.53433633660217,12.160381639964044,5.98944170326655
552.9502382307468,410.53433633660217,12.160381639964044,5.98944170326655
552.9502382307468,410.53433633660217,12.160381639964044,5.98944170326655
552.9502382307468,410.53433633660217,12.160381639964044,5.98944170326655
552.9502382307468,410.53433633660217,12.160381639964044,5.98944170326655
552.9502382307468,410.53433633660217,12.160381639964044,5.98944170326655
555.3944760013084,410.01057110005326,12.160381639964044,5.98944170326655
555.3944760013084,410.01057110005326,12.160381639964044,5.98944170326655
555.3944760013084,410.01057110005326,12.160381639964044,5.98944170326655
555.3944760013084,410.01057110005326,12.160381639964044,5.98944170326655
555.3944760013084,410.01057110005326,12.160381639964044,5.98944170326655
555.3944760013084,410.01057110005326,12.160381639964044,5.98944170326655
557.0731244878392,410.01057110005326,12.160381639964044,5.98944170326655
557.0731244878392,410.01057110005326,12.160381639964044,5.98944170326655
557.0731244878392,410.01057110005326,12.160381639964044,5.98944170326655
557.0731244878392,410.01057110005326,12.160381639964044,5.98944170326655
558.0915044642483,408.992191123644,12.160381639964044,5.98944170326655
558.0915044642483,408.992191123644,12.160381639964044,5.98944170326655
558.0915044642483,408.992191123644,12.160381639964044,5.98944170326655
558.0915044642483,408.992191123644,12.160381639964044,5.98944170326655
558.0915044642483,408.992191123644,12.160381639964044,5.98944170326655
558.0915044642483,408.992191123644,12.160381639964044,5.98944170326655
559.9889756622167,408.35970072432116,12.160381639964044,5.98944170326655
559.9889756622167,408.35970072432116,12.160381639964044,5.98944170326655
559.9889756622167,408.35970072432116,12.160381639964044,5.98944170326655
559.9889756622167,408.35970072432116,12.160381639964044,5.98944170326655
559.9889756622167,408.35970072432116,12.160381639964044,5.98944170326655
559.9889756622167,408.35970072432116,12.160381639964044,5.98944170326655
559.9889756622167,408.35970072432116,12.160381639964044,5.98944170326655
559.9889756622167,408.35970072432116,12.160381639964044,5.98944170326655
561.4740366907997,408.35970072432116,12.160381639964044,5.98944170326655
561.4740366907997,408.35970072432116,10.481682866395886,4.186424736933475
