283.40057175195244,163.60090150555712,18.498729712647275,13.858580119173894
283.4233307506528,164.16932224962378,19.049457525331206,13.152186710139603
283.4976745154045,164.20152816349707,18.72489560967216,12.856474717568744
283.20477084696483,163.68131417300972,19.118844431465504,13.42795093848747
283.5347544269016,163.53338064717292,19.265408060260654,13.358379135972314
284.1679610370373,162.38495751649685,18.029776453805596,14.190837267606184
283.2846247645334,162.7898712474853,18.74221551170092,13.240769167470319
284.33640918478255,162.4281468615664,18.023387400450645,13.491190568758384
283.58905812222173,161.40788437706635,18.7884936840357,14.54593059409217
283.8822073861198,161.69327458547536,18.690920267134004,13.98305689157769
284.59954018461815,162.0153703351202,18.72489560967216,13.474203232527003
284.98278510777004,161.4154318834928,17.871963272891662,13.907520614862023
284.9734203960511,161.15742433724503,18.454639384377913,13.705851425636325
284.7084036474441,160.88044928502399,18.710046255392115,13.109760301397216
284.72004962071725,161.18287571001937,18.031819831683208,12.724582079804804
284.97750577789225,160.17252914688282,17.543617710430453,12.917688662406505
285.01874307863955,160.02336887135522,17.392393596517138,12.724582079804804
284.5751243568438,159.70054624426297,19.086873119707207,13.459922250245796
284.6331798160818,159.7643252370775,18.13567822445941,12.94649146242429
284.14847249992505,159.93579094616288,18.995151834966407,12.238746202610486
285.1919035570359,159.3977814792224,17.584221467066925,12.085155844638734
285.8964754367875,158.6553359170755,16.833102032612487,12.509002427904704
285.95224584237167,158.09841560541253,17.37361448320098,13.783067490006118
285.7902058008895,157.64516281471225,17.77604933761677,13.715692744312207
285.7658627459556,157.68181501557262,17.952734965974344,13.242555039417653
285.74579717507356,156.90156436181854,17.90393458464996,14.035405861895242
285.56295901898187,157.13867094508066,18.454639384377913,13.744459457821222
286.0284807747011,157.35212835896306,16.903552055986893,12.684937515336117
285.65795466486134,155.68410328374162,18.329198907330237,14.627095021001338
285.5190319109048,155.68820188882836,19.00703111658885,14.552258198638327
285.4907192658144,155.43781477391244,18.881936806085207,14.023256610990842
285.72945432124146,155.18272500637022,18.409853796951552,14.193856744214543
285.6419666982991,154.13232969143425,18.751438058543727,15.011397134298676
285.5527297696261,154.41010765737477,18.671246066849278,14.674832097061312
285.484257590814,154.71810347838593,18.585760749737915,13.634852971673837
285.62093219748414,154.72068531491936,18.929941504362716,13.634852971673837
285.9180770430584,154.95801448230617,18.671246066849278,13.108237820904435
286.68600800783327,154.48297239406327,17.52027884355033,12.820496015079726
286.58292931611646,154.1404005591264,18.479858979084156,14.031984611625518
286.54268148817386,153.7143179816037,18.929941504362716,14.826247891528851
286.29855494481995,153.77453907284774,19.767312478664223,14.053323715300365
286.67518745170145,153.83529385498227,18.719991095355567,14.190572400469023
286.4662656727264,153.6600669599054,18.67827955239858,14.197819971293626
286.5796659202774,154.0582640297432,18.794899072876888,14.467405381153554
286.4300249331267,153.48189132132796,18.671805790090843,15.298834421558297
286.7253587706789,153.5503713181189,18.602348231762903,14.173217700390751
286.6809234237375,153.77798843409025,18.620091765631003,14.343289438212622
286.4131881706034,153.72073073227534,18.929941504362716,13.89960739830829
286.5688900422207,153.70060196227368,18.911030699468995,14.488758905131618
286.5166309839725,153.67171203083672,19.00703111658885,14.806816651092646
286.5559035219853,153.45282850419727,19.1827870549821,14.898631279369454
286.388298846564,153.3725743488775,18.895045249157363,14.738774720577936
286.5404108014619,153.90455386033173,19.05490180794891,14.419061602994901
287.4772036158908,153.56639081751447,17.89739924048837,14.85272333419229
287.54639206980977,153.7597798840967,17.988254091677845,14.826256302125103
287.498907051434,153.99434473422193,18.32915283179301,14.430571118364014
287.7266151254931,153.76503116278124,17.632644813853915,14.614444350221277
287.8023586984015,154.40562324243913,17.976825568478716,13.581902086346958
287.6885069139843,153.76122558263773,17.65999328396566,14.57604058528301
287.50429038030944,154.35574134578383,17.747274964117025,13.848693250688058
287.5168353314972,154.65381606330553,18.089501538656634,13.520503727346465
287.5168353314972,154.65381606330553,18.089501538656634,13.520503727346465
287.59457458104544,154.5954378682721,18.09640168472265,13.674129890385274
287.61532388756865,154.51028490450798,18.215104552449702,13.793705627654504
287.61532388756865,154.51028490450798,18.215104552449702,13.793705627654504
287.4978743617626,154.31252564518462,19.14174504567029,13.687803857000745
287.6656779769529,153.6928375346833,18.63871163506485,14.40264080891373
287.4536480934446,153.75746435595124,18.936853428543657,13.877656965259263
287.96979867572037,153.0262156379761,18.73646733916621,14.25600775806123
288.47202979659113,152.7773047499415,17.95035012581525,14.42911625157717
287.5563613099849,152.6008319518324,18.940124592852783,14.45966501174783
287.8936980099012,152.54497372010655,18.575332131574385,13.747664056070533
288.49085286590673,151.66751721927145,17.712106714100173,14.291176355961682
288.49085286590673,151.66751721927145,17.712106714100173,14.291176355961682
288.63256915036715,151.90380966754586,17.94963425871856,13.986727993806682
288.63256915036715,151.90380966754586,17.94963425871856,13.986727993806682
288.58516837930546,151.064078842741,18.447446884541137,14.259205044203384
288.77939909077577,151.4596418364914,18.141767432178597,13.660534042556776
288.88018203757383,151.47878758571764,18.358601305869968,13.780997305718643
288.7379612806779,150.89161213158195,18.241871151641647,14.023256610990842
288.7233311599702,150.86490965784557,18.831102625640767,13.55583618552069
288.3751230451938,150.92738244927452,18.863073937399065,13.491893562004094
288.77828823231465,150.60915978717065,18.901720119770857,13.526323877531183
289.0785291117532,150.44566279455023,18.067307791338806,13.61594210361767
289.0863887085597,149.89518528979363,18.585520340815606,13.98305689157769
288.29079716888776,149.6705266770415,19.18819199589086,14.671052230258624
288.8932829202822,150.05935207448502,18.44552840532822,14.168726077909838
289.8003145164771,149.7636120625694,17.514523817046665,14.226913864677442
289.65219465348554,149.84310402243534,17.659120256517383,14.37616536625029
289.77035836655347,149.77527565923822,18.125495578106438,14.197819971293626
289.6599636477519,149.970669363754,18.13567822445941,14.084935496952397
289.709277814293,149.92469289565997,18.334508653237606,13.3473295583359
289.76446328312045,149.74690239174384,18.612236192401383,13.820181070317943
289.668240584988,149.44018619162208,18.695898442723205,13.94964587414529
289.72104656693483,149.37793430200145,18.527249874296558,14.286943010998527
289.75087317216924,149.5991821188413,18.64918565901479,13.790505463920454
289.6113578924221,149.57260804200243,18.794655125933787,13.703223783769062
289.70727758075924,149.6159021765349,18.29453088044005,13.740754742327624
289.8340603714038,149.90877667084942,18.32915283179301,13.41228484993107
289.466162686482,149.87120335740562,18.866586810998058,13.66685711262241
289.466162686482,149.87120335740562,18.866586810998058,13.66685711262241
289.466162686482,149.87120335740562,18.866586810998058,13.66685711262241
289.466162686482,149.87120335740562,18.866586810998058,13.66685711262241
289.466162686482,149.87120335740562,18.866586810998058,13.66685711262241
289.466162686482,149.87120335740562,18.866586810998058,13.66685711262241
289.466162686482,149.87120335740562,18.866586810998058,13.66685711262241
289.466162686482,149.87120335740562,18.866586810998058,13.66685711262241
289.466162686482,149.87120335740562,18.866586810998058,13.66685711262241
289.466162686482,149.87120335740562,18.866586810998058,13.66685711262241
289.466162686482,149.87120335740562,18.866586810998058,13.66685711262241
289.466162686482,149.87120335740562,18.866586810998058,13.66685711262241
289.466162686482,149.87120335740562,18.866586810998058,13.66685711262241
289.466162686482,149.87120335740562,18.866586810998058,13.66685711262241
289.466162686482,149.87120335740562,18.866586810998058,13.66685711262241
289.466162686482,149.87120335740562,18.866586810998058,13.66685711262241
289.466162686482,149.87120335740562,18.866586810998058,13.66685711262241
289.466162686482,149.87120335740562,18.866586810998058,13.66685711262241
289.466162686482,149.87120335740562,18.866586810998058,13.66685711262241
289.466162686482,149.87120335740562,18.866586810998058,13.66685711262241
289.8196914068901,150.04796771760968,18.866586810998058,13.66685711262241
290.26538967413956,150.13761235329147,18.866586810998058,13.66685711262241
290.31999365527275,149.87120335740562,18.866586810998058,13.66685711262241
290.43129611537427,149.87120335740562,18.866586810998058,13.66685711262241
289.466162686482,149.87120335740562,18.866586810998058,13.66685711262241
290.74690913966816,149.87120335740562,18.866586810998058,13.66685711262241
289.85465575489155,150.25969642581518,18.866586810998058,13.66685711262241
290.5267488477063,150.40149643801777,18.866586810998058,13.66685711262241
290.13218517619663,150.4040213491773,18.866586810998058,13.66685711262241
290.5267488477063,150.2247320778137,18.866586810998058,13.66685711262241
290.3146753044707,150.35606771054202,18.866586810998058,13.66685711262241
290.5703321407583,150.3730985638948,18.866586810998058,13.66685711262241
290.78356983599207,150.60309621824453,18.866586810998058,13.66685711262241
290.78356983599207,150.31033907390898,18.866586810998058,13.66685711262241
291.515462696831,150.45671764607675,17.841936805823593,13.66685711262241
291.2310688078162,150.20212325515578,18.20474701549773,13.66685711262241
291.451682072983,150.53304315290595,18.094440382914343,13.66685711262241
291.0419718341753,150.71971597539434,18.62415463442983,13.424424936054209
291.71814068723063,150.35377007185176,18.06230895358783,13.66685711262241
291.59743465356877,150.53722584712023,18.73338231305513,13.400448116736555
291.3690841246632,150.60309621824453,18.720208238830253,13.227721396119051
291.6007401084589,150.298118841801,18.653129068800354,13.453399370424705
291.34271421342027,150.1057722982729,18.866586810998058,13.66685711262241
291.62524459547166,150.55435449291366,18.866586810998058,13.66685711262241
291.7483241946346,150.7994985801144,18.62246703513989,13.17802484546445
291.7483241946346,150.7676810026704,18.62246703513989,13.17802484546445
291.7483241946346,150.88510557620967,18.62246703513989,13.17802484546445
291.7483241946346,150.4459698597063,18.62246703513989,13.17802484546445
291.7483241946346,150.4459698597063,18.62246703513989,13.17802484546445
291.7483241946346,150.4459698597063,18.62246703513989,13.17802484546445
291.7483241946346,150.4459698597063,18.62246703513989,13.17802484546445
291.7483241946346,150.4459698597063,18.62246703513989,13.17802484546445
291.7483241946346,150.4459698597063,18.62246703513989,13.17802484546445
291.7483241946346,150.4459698597063,18.62246703513989,13.17802484546445
291.7483241946346,150.4459698597063,18.62246703513989,13.17802484546445
291.7483241946346,150.4459698597063,18.62246703513989,13.17802484546445
291.7483241946346,150.4459698597063,18.62246703513989,13.17802484546445
291.7483241946346,150.4459698597063,18.62246703513989,13.17802484546445
291.7483241946346,150.4459698597063,18.62246703513989,13.17802484546445
291.7483241946346,150.4459698597063,18.62246703513989,13.17802484546445
291.7483241946346,150.4459698597063,18.62246703513989,13.17802484546445
291.7483241946346,150.4459698597063,18.62246703513989,13.17802484546445
291.7483241946346,150.4459698597063,18.62246703513989,13.17802484546445
291.7483241946346,150.4459698597063,18.62246703513989,13.17802484546445
291.94257072883937,150.25172332550153,18.62246703513989,13.17802484546445
291.7483241946346,150.4459698597063,18.62246703513989,13.17802484546445
292.3886974212277,150.2325121175086,18.62246703513989,13.17802484546445
292.17523967903,150.4459698597063,18.62246703513989,13.17802484546445
292.52531033145374,150.25172332550153,18.62246703513989,13.17802484546445
292.3886974212277,150.01905437531093,18.62246703513989,13.17802484546445
292.55260205204485,150.12425871674222,18.62246703513989,13.17802484546445
292.3886974212277,149.80559663311323,18.62246703513989,13.17802484546445
292.6021551634254,149.37868114871785,18.62246703513989,13.17802484546445
292.41434668434925,149.91315186793463,18.62246703513989,13.17802484546445
292.55260205204485,149.96340314526017,18.62246703513989,13.17802484546445
292.7729741998091,149.42131985453182,18.62246703513989,13.17802484546445
292.6021551634254,149.80559663311323,18.62246703513989,13.17802484546445
292.6865999581037,149.50769409623717,18.62246703513989,13.17802484546445
292.2811421864063,149.51353837410585,18.62246703513989,13.17802484546445
292.55260205204485,149.80254757377813,18.62246703513989,13.17802484546445
292.63214599565487,149.20861933827797,18.62246703513989,13.17802484546445
292.3886974212277,148.95176566432247,18.62246703513989,14.245313556452913
291.90917976611667,148.6765585734038,19.105033749586028,14.304013845838767
291.9617819368323,148.95176566432247,19.262840261732947,14.03185581425521
292.187459911138,148.9821841380285,18.915224179475445,13.90991770630336
292.3338384833057,148.6894269936929,18.915224179475445,14.349053422806719
292.3917464805628,148.83741414488586,18.783322606621937,13.982302702874676
292.41434668434925,148.5811068885054,18.75567153308282,13.710842837236129
292.7195568656585,148.69775105186332,18.03972743252558,13.17802484546445
292.88137077276315,147.61335341438502,18.62246703513989,14.311071423592978
292.7134576235269,148.6765585734038,18.62246703513989,13.49973598842854
292.7134576235269,148.03313628747563,18.62246703513989,14.143158274356722
292.7729741998091,148.39666984935735,18.62246703513989,13.90991770630336
292.2174620763692,148.33484939190078,19.326173857741765,13.881731668066294
292.6807556802351,148.18149339467664,18.75567153308282,13.977251833121983
292.63214599565487,148.3247975372577,18.62246703513989,13.708317926076603
292.62659562764134,148.25029127718958,18.62246703513989,13.470781989800003
292.6021551634254,147.884476953334,18.62246703513989,14.03185581425521
292.52531033145374,147.92076491504423,18.816713569344643,13.95501098228354
292.62659562764134,147.66477698851844,18.62246703513989,14.641810567142272
292.48021705547353,148.39666984935735,18.62246703513989,13.17802484546445
292.40512931554713,148.03670471663312,18.950869595596146,14.081131886719135
292.40512931554713,148.03670471663312,18.950869595596146,14.081131886719135
292.40512931554713,148.03670471663312,18.950869595596146,14.081131886719135
292.40512931554713,148.03670471663312,18.950869595596146,14.081131886719135
292.40512931554713,148.03670471663312,18.950869595596146,14.081131886719135
292.40512931554713,148.03670471663312,18.950869595596146,14.081131886719135
292.40512931554713,148.03670471663312,18.950869595596146,14.081131886719135
292.40512931554713,148.03670471663312,18.950869595596146,14.081131886719135
292.40512931554713,148.03670471663312,18.950869595596146,14.081131886719135
292.40512931554713,148.03670471663312,18.950869595596146,14.081131886719135
292.40512931554713,148.03670471663312,18.950869595596146,14.081131886719135
292.40512931554713,148.03670471663312,18.950869595596146,14.081131886719135
292.40512931554713,148.03670471663312,18.950869595596146,14.081131886719135
292.40512931554713,148.03670471663312,18.950869595596146,14.081131886719135
292.40512931554713,148.03670471663312,18.950869595596146,14.081131886719135
292.40512931554713,148.03670471663312,18.950869595596146,14.081131886719135
292.40512931554713,148.03670471663312,18.950869595596146,14.081131886719135
292.40512931554713,148.03670471663312,18.950869595596146,14.081131886719135
292.40512931554713,148.03670471663312,18.950869595596146,14.081131886719135
292.40512931554713,148.03670471663312,18.950869595596146,14.081131886719135
292.40512931554713,148.03670471663312,18.950869595596146,14.081131886719135
292.40512931554713,148.03670471663312,18.950869595596146,14.081131886719135
292.40512931554713,148.03670471663312,18.950869595596146,14.081131886719135
292.40512931554713,148.03670471663312,18.950869595596146,14.081131886719135
292.40512931554713,148.03670471663312,18.950869595596146,14.081131886719135
292.40512931554713,148.03670471663312,18.950869595596146,14.081131886719135
292.40512931554713,148.03670471663312,18.950869595596146,14.081131886719135
292.40512931554713,148.03670471663312,18.950869595596146,14.081131886719135
292.40512931554713,148.03670471663312,18.950869595596146,14.081131886719135
292.40512931554713,148.03670471663312,18.950869595596146,14.081131886719135
292.40512931554713,148.03670471663312,18.950869595596146,14.081131886719135
292.40512931554713,148.03670471663312,18.950869595596146,14.081131886719135
292.40512931554713,148.03670471663312,18.950869595596146,14.081131886719135
292.40512931554713,148.03670471663312,18.950869595596146,14.081131886719135
292.40512931554713,148.03670471663312,18.950869595596146,14.081131886719135
292.40512931554713,148.03670471663312,18.950869595596146,14.081131886719135
292.40512931554713,148.03670471663312,18.950869595596146,14.081131886719135
292.40512931554713,148.03670471663312,18.950869595596146,14.081131886719135
292.40512931554713,148.03670471663312,18.950869595596146,14.081131886719135
292.40512931554713,148.03670471663312,18.950869595596146,14.081131886719135
292.40512931554713,148.03670471663312,18.950869595596146,14.081131886719135
292.40512931554713,148.03670471663312,18.950869595596146,14.081131886719135
292.40512931554713,148.03670471663312,18.950869595596146,14.081131886719135
292.40512931554713,148.03670471663312,18.950869595596146,14.081131886719135
292.40512931554713,148.03670471663312,18.950869595596146,14.081131886719135
292.40512931554713,148.03670471663312,18.950869595596146,14.081131886719135
292.40512931554713,148.03670471663312,18.950869595596146,14.081131886719135
292.40512931554713,148.03670471663312,18.950869595596146,14.081131886719135
292.40512931554713,148.03670471663312,18.950869595596146,14.081131886719135
292.40512931554713,148.03670471663312,18.950869595596146,14.081131886719135
292.40512931554713,148.03670471663312,18.950869595596146,14.081131886719135
293.5948500097769,148.03670471663312,18.950869595596146,14.081131886719135
293.5948500097769,148.03670471663312,18.950869595596146,14.081131886719135
293.5948500097769,148.03670471663312,18.950869595596146,14.081131886719135
293.5948500097769,148.03670471663312,18.950869595596146,14.081131886719135
293.5948500097769,148.03670471663312,18.950869595596146,14.081131886719135
293.5948500097769,148.03670471663312,18.950869595596146,14.081131886719135
293.5948500097769,148.03670471663312,18.950869595596146,14.081131886719135
293.5948500097769,148.03670471663312,18.950869595596146,14.081131886719135
293.5948500097769,148.03670471663312,18.950869595596146,14.081131886719135
294.49795705103156,147.0514970352644,18.950869595596146,14.081131886719135
294.49795705103156,147.0514970352644,18.950869595596146,14.081131886719135
294.49795705103156,147.0514970352644,18.950869595596146,14.081131886719135
294.49795705103156,147.0514970352644,18.950869595596146,14.081131886719135
293.6439613754164,148.25404654024837,18.62246703513989,13.17802484546445
293.6439613754164,148.25404654024837,18.62246703513989,13.17802484546445
293.6439613754164,148.25404654024837,18.62246703513989,13.17802484546445
293.6439613754164,148.25404654024837,18.62246703513989,13.17802484546445
293.6439613754164,148.25404654024837,18.62246703513989,13.17802484546445
293.6439613754164,148.25404654024837,18.62246703513989,13.17802484546445
293.6439613754164,148.25404654024837,18.62246703513989,13.17802484546445
293.6439613754164,148.25404654024837,18.62246703513989,13.17802484546445
293.6439613754164,148.25404654024837,18.62246703513989,13.17802484546445
293.6439613754164,148.25404654024837,18.62246703513989,13.17802484546445
293.6439613754164,148.25404654024837,18.62246703513989,13.17802484546445
293.6439613754164,148.25404654024837,18.62246703513989,13.17802484546445
293.6439613754164,148.25404654024837,18.62246703513989,13.17802484546445
293.6439613754164,148.25404654024837,18.62246703513989,13.17802484546445
293.6439613754164,148.25404654024837,18.62246703513989,13.17802484546445
293.6439613754164,148.25404654024837,18.62246703513989,13.17802484546445
293.6439613754164,148.25404654024837,18.62246703513989,13.17802484546445
293.6439613754164,148.25404654024837,18.62246703513989,13.17802484546445
293.6439613754164,148.25404654024837,18.62246703513989,13.17802484546445
293.6439613754164,148.25404654024837,18.62246703513989,13.17802484546445
293.6439613754164,148.25404654024837,18.62246703513989,13.17802484546445
293.6439613754164,148.25404654024837,18.62246703513989,13.17802484546445
293.6439613754164,148.25404654024837,18.62246703513989,13.17802484546445
293.6439613754164,148.25404654024837,18.62246703513989,13.17802484546445
293.6439613754164,148.25404654024837,18.62246703513989,13.17802484546445
293.6439613754164,148.25404654024837,18.62246703513989,13.17802484546445
293.6439613754164,148.25404654024837,18.62246703513989,13.17802484546445
294.3657252074338,147.44206222922878,18.62246703513989,13.17802484546445
294.3657252074338,147.44206222922878,18.62246703513989,13.17802484546445
294.3657252074338,147.44206222922878,18.62246703513989,13.17802484546445
294.3657252074338,147.44206222922878,18.62246703513989,13.17802484546445
294.3657252074338,147.44206222922878,18.62246703513989,13.17802484546445
294.3657252074338,147.44206222922878,18.62246703513989,13.17802484546445
294.8416379707206,149.61766343282576,18.62246703513989,13.17802484546445
295.31755073400745,149.68565097043816,18.62246703513989,13.17802484546445
295.7537326840352,150.9120809207323,18.62246703513989,13.17802484546445
295.4974131165142,150.57086121662064,18.62246703513989,13.17802484546445
295.7948432900717,151.46315173729297,18.62246703513989,13.17802484546445
296.53374905109825,153.1051645395742,18.62246703513989,13.17802484546445
296.7812236960835,153.78571981328363,18.62246703513989,13.17802484546445
296.7812236960835,153.78571981328363,18.62246703513989,13.17802484546445
297.23232609109436,154.77814508230756,18.62246703513989,13.17802484546445
297.23232609109436,154.77814508230756,19.917378068558833,14.304034439741798
297.31717890857914,156.56750007961642,19.992089648241063,13.108649164826346
299.46031074372047,156.74316662348048,19.07862362014805,13.600515487645652
300.48600412993295,157.76886000969296,19.07862362014805,13.600515487645652
300.579248983225,158.5148188360293,19.07862362014805,13.600515487645652
301.5526842922751,159.43702070776095,19.07862362014805,13.600515487645652
302.4436388758652,159.69157916021527,19.07862362014805,13.600515487645652
303.3401778320518,160.81225285544852,19.07862362014805,13.600515487645652
304.14447042825384,161.55467679040427,19.07862362014805,13.600515487645652
304.5948742659648,162.68068638468162,19.07862362014805,13.600515487645652
305.8596733817859,163.59415241277463,19.07862362014805,13.600515487645652
306.51600992892907,164.09605683117823,19.07862362014805,13.600515487645652
307.6983200029203,164.8279630674585,19.07862362014805,13.600515487645652
308.36971754984467,165.75513110844932,19.07862362014805,13.600515487645652
309.3455249509195,166.90064414449373,19.07862362014805,13.600515487645652
310.4346575228766,167.53304370240429,19.07862362014805,13.600515487645652
311.5069733357351,168.88509407513894,19.07862362014805,13.600515487645652
314.2291944305728,170.55554792878937,19.07862362014805,13.600515487645652
315.46465146048934,171.752396926521,19.07862362014805,13.600515487645652
316.5917870814947,172.87953254752634,19.07862362014805,13.600515487645652
318.07755676372904,173.801734419258,19.07862362014805,13.600515487645652
319.49389090963865,174.7822734433493,19.07862362014805,13.600515487645652
320.84510242277145,175.96458351734051,19.07862362014805,13.600515487645652
322.32291394482456,176.70348927836707,18.87368987087433,14.112849860829897
324.04794373072735,178.14878450439377,18.87368987087433,14.112849860829897
325.63310623669213,178.98798818402219,18.87368987087433,14.112849860829897
327.40078221461465,179.80383863537105,18.87368987087433,14.112849860829897
329.5819368207026,181.3901328943441,18.178745291546306,13.610945442426328
330.93398719343725,182.4624487072026,18.178745291546306,13.610945442426328
332.7696507089722,183.5502493090011,18.790633130057927,13.610945442426328
334.74226317085737,184.51959554029952,18.790633130057927,13.610945442426328
336.5983230082467,185.5713627814868,18.790633130057927,13.610945442426328
338.764958819031,186.54261331735563,18.790633130057927,13.610945442426328
340.3116753501888,188.0274611872671,18.790633130057927,13.610945442426328
343.09916439229744,189.183249326678,18.790633130057927,13.610945442426328
345.0028154454448,190.3390374660889,18.790633130057927,13.610945442426328
347.3935859952757,191.6091343206866,18.790633130057927,13.610945442426328
351.132900563958,193.37681029860914,18.790633130057927,13.610945442426328
353.6560190660053,194.68419566406422,19.427029261193695,13.610945442426328
355.7794608361743,195.76522056524115,19.427029261193695,13.610945442426328
357.88707450215884,196.98899624226445,19.427029261193695,13.610945442426328
360.3618209520113,197.91702616095913,19.427029261193695,13.610945442426328
362.8984360631101,199.58748001460955,19.427029261193695,13.610945442426328
365.6050504331754,200.85056672064002,19.427029261193695,13.610945442426328
368.0680696365972,201.67157312178063,19.427029261193695,13.610945442426328
370.99153375393064,203.30327402447836,19.427029261193695,13.610945442426328
373.2760326595857,204.60870197056698,19.007427421379475,12.165650216399627
375.94616412631916,205.5573013074328,18.972294112606676,11.70891720235312
378.9777285273884,206.48533122612747,19.467243402577196,11.894523186092044
381.4020947129816,207.604269465632,19.467243402577196,11.894523186092044
384.21711869867494,208.6739785801955,18.904238605438536,11.781922226664307
387.5472921243726,210.4671488863404,18.904238605438536,11.781922226664307
389.68671035349956,211.48055752119,18.904238605438536,11.781922226664307
392.504549406013,212.55645970487694,18.904238605438536,11.781922226664307
395.60167724420717,213.74439914966374,18.904238605438536,11.781922226664307
398.3990228429685,215.42280650892053,18.904238605438536,11.781922226664307
401.05937527655993,216.8457857175857,18.904238605438536,11.781922226664307
404.27632271513545,217.451877263984,18.904238605438536,11.781922226664307
409.6588962435646,220.1122296975754,18.904238605438536,11.781922226664307
412.6304356080333,221.39306563053603,18.904238605438536,11.781922226664307
415.9507263759339,222.7443467570072,18.904238605438536,11.781922226664307
418.6146805966914,223.43929133633526,18.904238605438536,11.781922226664307
421.5845292086584,224.4999515548949,18.904238605438536,11.781922226664307
424.4558536740656,225.6822616288861,18.904238605438536,11.781922226664307
428.12361673163025,226.68607046569326,18.904238605438536,11.781922226664307
430.6571383187543,228.60028677596475,18.904238605438536,11.781922226664307
434.2469435609782,229.53990022862737,18.904238605438536,11.781922226664307
436.32507882526795,230.56298220489307,18.904238605438536,11.781922226664307
439.1252218022654,231.87820087590703,18.904238605438536,11.781922226664307
443.367862676504,233.53283081686007,18.904238605438536,11.781922226664307
446.3092233582679,234.74774066367561,18.904238605438536,11.781922226664307
449.40095453027504,235.62607338299583,18.904238605438536,11.781922226664307
452.4980823684692,236.09276387916208,18.904238605438536,11.781922226664307
455.6217849537527,237.91103851835695,18.904238605438536,11.781922226664307
459.01589765314355,239.56566845931,18.904238605438536,11.781922226664307
461.59942408241494,240.51749398588368,18.904238605438536,11.781922226664307
464.8783640707942,241.38846242029692,18.904238605438536,11.781922226664307
468.14193393601573,243.81282860589008,18.904238605438536,11.781922226664307
473.892250624793,244.80426251774824,18.904238605438536,11.781922226664307
477.4821774765367,247.32187355663345,18.95086103208456,9.590668174301271
480.85958967062896,248.08451501981557,18.95086103208456,9.590668174301243
483.5620126968946,249.26682509380677,18.95086103208456,9.590668174301214
488.1402936291217,251.06101626994982,18.95086103208456,9.590668174301214
490.4970317457693,252.34185220291045,18.95086103208456,9.590668174301186
492.9625138752824,252.86483326068597,18.95086103208456,9.590668174301157
496.00273977983124,253.09003517954145,18.950861032084504,9.590668174301157
499.4673848096247,253.8943277757435,18.950861032084504,9.590668174301157
502.91561169441525,256.8499508198497,18.950861032084504,9.590668174301186
506.1791815596368,258.34186847252244,18.95086103208456,9.590668174301186
509.57329425902765,259.3176758735973,18.950861032084617,9.590668174301186
512.9760706275748,259.68888784107514,18.950861032084617,9.590668174301186
515.4352756188592,260.66232315012525,18.950861032084617,9.590668174301186
519.2940057042201,261.8117321117221,18.950861032084617,9.590668174301186
519.2940057042201,261.8117321117221,18.950861032084617,9.590668174301186
527.346888027176,264.62786875189823,17.476301341004273,7.626022403347292
529.2654419593578,266.54642268408,17.476301341004273,7.626022403347292
532.7572102030175,267.59395315717796,17.476301341004273,7.626022403347292
536.3525199580189,268.4655434008147,17.476301341004273,7.626022403347292
542.3011234291678,270.05183765978774,17.476301341004273,7.626022403347292
545.5695868428054,272.4487108297887,17.476301341004273,7.626022403347292
548.4930509601388,273.40053635636235,17.476301341004273,7.626022403347292
553.184515868252,274.57340258339065,17.476301341004273,7.626022403347292
556.6543555876807,274.57340258339065,17.476301341004273,7.626022403347292
559.9796186521332,275.73001582320023,17.476301341004273,7.626022403347292
562.5247384956691,276.8794247847971,17.476301341004273,7.626022403347292
565.7373364220044,277.55182900193705,17.476301341004273,7.626022403347292
567.9330551308452,278.1148337990757,17.476301341004273,7.626022403347292
572.635073385565,279.72341899147983,17.476301341004273,7.626022403347292
576.1615870766047,280.4039742651893,17.476301341004273,7.626022403347292
578.0283490612698,281.42220807500655,17.476301341004273,7.626022403347292
581.6316885547272,282.03409591351823,17.476301341004273,7.626022403347292
585.4209486728187,282.66563926653345,17.476301341004273,7.626022403347292
588.3287757513954,283.5318005239818,17.476301341004273,7.626022403347292
591.3603401524647,284.5835677651691,17.476301341004273,7.626022403347292
595.7151823245308,286.376738071314,17.476301341004273,7.626022403347292
597.4122386742263,286.5888701150259,17.476301341004273,7.626022403347292
600.7372550970898,287.77180865008313,17.476301341004273,7.626022403347292
604.918118841054,289.07174107467705,17.476301341004273,7.626022403347292
608.1815206464495,289.8875915260259,17.476301341004273,7.626022403347292
614.7561396584845,292.6519199742679,17.476301341004273,7.626022403347292
617.9687375848198,292.9507662929968,17.476301341004273,7.626022403347292
620.0763512508044,293.2907039810588,17.476301341004273,7.626022403347292
622.6748350231494,294.3424712222461,17.3251649768506,7.626022403347292
626.2836541832364,295.33489649127006,13.716345816763578,7.626022403347292
629.3336887258428,296.8792177786657,10.666311274157238,7.626022403347292
632.6539794937433,298.53936316261604,7.34602050625665,4.962068182589803
0,0,0,0
0,0,0,0
0,0,0,0
0,0,0,0
0,0,0,0
0,0,0,0
0,0,0,0
0,0,0,0
0,0,0,0
0,0,0,0
0,0,0,0
0,0,0,0
0,0,0,0
0,0,0,0
0,0,0,0
0,0,0,0
0,0,0,0
0,0,0,0
0,0,0,0
0,0,0,0
0,0,0,0
0,0,0,0
0,0,0,0
0,0,0,0
0,0,0,0
0,0,0,0
0,0,0,0
0,0,0,0
0,0,0,0
0,0,0,0
0,0,0,0
0,0,0,0
0,0,0,0
0,0,0,0
0,0,0,0
0,0,0,0
0,0,0,0
0,0,0,0
0,0,0,0
0,0,0,0
0,0,0,0
0,0,0,0
0,0,0,0
0,0,0,0
0,0,0,0
0,0,0,0
0,0,0,0
0,0,0,0
0,0,0,0
0,0,0,0
0,0,0,0
0,0,0,0
0,0,0,0
0,0,0,0
0,0,0,0
0,0,0,0
0,0,0,0
0,0,0,0
0,0,0,0
0,0,0,0
0,0,0,0
0,0,0,0
0,0,0,0
0,0,0,0
0,0,0,0
0,0,0,0
0,0,0,0
0,0,0,0
0,0,0,0
0,0,0,0
0,0,0,0
0,0,0,0
0,0,0,0
0,0,0,0
0,0,0,0
0,0,0,0
0,0,0,0
0,0,0,0
0,0,0,0
0,0,0,0
0,0,0,0
0,0,0,0
0,0,0,0
0,0,0,0
0,0,0,0
0,0,0,0
0,0,0,0
0,0,0,0
0,0,0,0
0,0,0,0
0,0,0,0
0,0,0,0
0,0,0,0
0,0,0,0
0,0,0,0
0,0,0,0
0,0,0,0
0,0,0,0
0,0,0,0
0,0,0,0
0,0,0,0
0,0,0,0
0,0,0,0
0,0,0,0
0,0,0,0
0,0,0,0
0,0,0,0
0,0,0,0
0,0,0,0
0,0,0,0
0,0,0,0
0,0,0,0
0,0,0,0
0,0,0,0
0,0,0,0
0,0,0,0
0,0,0,0
0,0,0,0
0,0,0,0
0,0,0,0
0,0,0,0
0,0,0,0
0,0,0,0
0,0,0,0
0,0,0,0
0,0,0,0
0,0,0,0
0,0,0,0
0,0,0,0
0,0,0,0
0,0,0,0
0,0,0,0
0,0,0,0
0,0,0,0
0,0,0,0
0,0,0,0
0,0,0,0
0,0,0,0
0,0,0,0
0,0,0,0
0,0,0,0
0,0,0,0
0,0,0,0
0,0,0,0
0,0,0,0
0,0,0,0
0,0,0,0
0,0,0,0
0,0,0,0
0,0,0,0
0,0,0,0
0,0,0,0
0,0,0,0
0,0,0,0
0,0,0,0
0,0,0,0
0,0,0,0
0,0,0,0
0,0,0,0
0,0,0,0
0,0,0,0
0,0,0,0
0,0,0,0
0,0,0,0
0,0,0,0
0,0,0,0
0,0,0,0
0,0,0,0
0,0,0,0
0,0,0,0
0,0,0,0
0,0,0,0
0,0,0,0
0,0,0,0
0,0,0,0
0,0,0,0
0,0,0,0
0,0,0,0
0,0,0,0
0,0,0,0
0,0,0,0
0,0,0,0
0,0,0,0
0,0,0,0
0,0,0,0
0,0,0,0
0,0,0,0
0,0,0,0
0,0,0,0
0,0,0,0
0,0,0,0
0,0,0,0
0,0,0,0
0,0,0,0
0,0,0,0
0,0,0,0
0,0,0,0
0,0,0,0
0,0,0,0
0,0,0,0
0,0,0,0
0,0,0,0
0,0,0,0
0,0,0,0
0,0,0,0
0,0,0,0
0,0,0,0
0,0,0,0
0,0,0,0
0,0,0,0
0,0,0,0
0,0,0,0
0,0,0,0
0,0,0,0
0,0,0,0
0,0,0,0
0,0,0,0
0,0,0,0
0,0,0,0
0,0,0,0
0,0,0,0
0,0,0,0
0,0,0,0
0,0,0,0
0,0,0,0
0,0,0,0
0,0,0,0
0,0,0,0
0,0,0,0
0,0,0,0
0,0,0,0
0,0,0,0
0,0,0,0
0,0,0,0
0,0,0,0
0,0,0,0
0,0,0,0
0,0,0,0
0,0,0,0
0,0,0,0
0,0,0,0
0,0,0,0
0,0,0,0
0,0,0,0
0,0,0,0
0,0,0,0
0,0,0,0
0,0,0,0
0,0,0,0
0,0,0,0
0,0,0,0
0,0,0,0
0,0,0,0
0,0,0,0
0,0,0,0
0,0,0,0
0,0,0,0
0,0,0,0
0,0,0,0
0,0,0,0
0,0,0,0
0,0,0,0
0,0,0,0
0,0,0,0
0,0,0,0
0,0,0,0
0,0,0,0
0,0,0,0
0,0,0,0
0,0,0,0
0,0,0,0
0,0,0,0
0,0,0,0
0,0,0,0
0,0,0,0
0,0,0,0
0,0,0,0
0,0,0,0
0,0,0,0
0,0,0,0
0,0,0,0
0,0,0,0
0,0,0,0
0,0,0,0
0,0,0,0
0,0,0,0
0,0,0,0
0,0,0,0
0,0,0,0
0,0,0,0
0,0,0,0
0,0,0,0
0,0,0,0
0,0,0,0
0,0,0,0
0,0,0,0
0,0,0,0
0,0,0,0
0,0,0,0
0,0,0,0
0,0,0,0
0,0,0,0
0,0,0,0
0,0,0,0
0,0,0,0
0,0,0,0
0,0,0,0
0,0,0,0
0,0,0,0
0,0,0,0
0,0,0,0
0,0,0,0
0,0,0,0
0,0,0,0
0,0,0,0
0,0,0,0
0,0,0,0
0,0,0,0
0,0,0,0
0,0,0,0
0,0,0,0
0,0,0,0
0,0,0,0
0,0,0,0
0,0,0,0
0,0,0,0
0,0,0,0
0,0,0,0
0,0,0,0
0,0,0,0
0,0,0,0
0,0,0,0
0,0,0,0
0,0,0,0
0,0,0,0
0,0,0,0
0,0,0,0
0,0,0,0
0,0,0,0
0,0,0,0
0,0,0,0
0,0,0,0
0,0,0,0
0,0,0,0
0,0,0,0
0,0,0,0
0,0,0,0
0,0,0,0
0,0,0,0
0,0,0,0
0,0,0,0
0,0,0,0
0,0,0,0
0,0,0,0
0,0,0,0
0,0,0,0
0,0,0,0
0,0,0,0
0,0,0,0
0,0,0,0
0,0,0,0
0,0,0,0
0,0,0,0
0,0,0,0
0,0,0,0
0,0,0,0
0,0,0,0
0,0,0,0
0,0,0,0
0,0,0,0
0,0,0,0
0,0,0,0
0,0,0,0
0,0,0,0
0,0,0,0
0,0,0,0
0,0,0,0
0,0,0,0
0,0,0,0
0,0,0,0
0,0,0,0
0,0,0,0
0,0,0,0
0,0,0,0
0,0,0,0
0,0,0,0
0,0,0,0
0,0,0,0
0,0,0,0
0,0,0,0
0,0,0,0
0,0,0,0
0,0,0,0
0,0,0,0
0,0,0,0
0,0,0,0
0,0,0,0
0,0,0,0
0,0,0,0
0,0,0,0
0,0,0,0
0,0,0,0
0,0,0,0
0,0,0,0
0,0,0,0
0,0,0,0
0,0,0,0
0,0,0,0
0,0,0,0
0,0,0,0
0,0,0,0
0,0,0,0
0,0,0,0
0,0,0,0
0,0,0,0
0,0,0,0
0,0,0,0
0,0,0,0
0,0,0,0
0,0,0,0
0,0,0,0
0,0,0,0
0,0,0,0
0,0,0,0
0,0,0,0
0,0,0,0
0,0,0,0
0,0,0,0
0,0,0,0
0,0,0,0
0,0,0,0
0,0,0,0
0,0,0,0
0,0,0,0
0,0,0,0
0,0,0,0
0,0,0,0
0,0,0,0
0,0,0,0
0,0,0,0
0,0,0,0
0,0,0,0
0,0,0,0
0,0,0,0
0,0,0,0
0,0,0,0
0,0,0,0
0,0,0,0
0,0,0,0
0,0,0,0
0,0,0,0
0,0,0,0
0,0,0,0
0,0,0,0
0,0,0,0
0,0,0,0
0,0,0,0
0,0,0,0
0,0,0,0
0,0,0,0
0,0,0,0
0,0,0,0
0,0,0,0
0,0,0,0
0,0,0,0
0,0,0,0
0,0,0,0
0,0,0,0
0,0,0,0
0,0,0,0
0,0,0,0
0,0,0,0
0,0,0,0
0,0,0,0
0,0,0,0
0,0,0,0
0,0,0,0
0,0,0,0
0,0,0,0
0,0,0,0
0,0,0,0
0,0,0,0
0,0,0,0
0,0,0,0
0,0,0,0
0,0,0,0
0,0,0,0
0,0,0,0
0,0,0,0
0,0,0,0
0,0,0,0
0,0,0,0
0,0,0,0
0,0,0,0
0,0,0,0
0,0,0,0
0,0,0,0
0,0,0,0
0,0,0,0
0,0,0,0
0,0,0,0
0,0,0,0
0,0,0,0
0,0,0,0
0,0,0,0
0,0,0,0
0,0,0,0
0,0,0,0
0,0,0,0
0,0,0,0
0,0,0,0
0,0,0,0
0,0,0,0
0,0,0,0
0,0,0,0
0,0,0,0
0,0,0,0
0,0,0,0
0,0,0,0
0,0,0,0
0,0,0,0
0,0,0,0
0,0,0,0
0,0,0,0
0,0,0,0
0,0,0,0
0,0,0,0
0,0,0,0
0,0,0,0
0,0,0,0
0,0,0,0
0,0,0,0
0,0,0,0
0,0,0,0
0,0,0,0
0,0,0,0
0,0,0,0
0,0,0,0
0,0,0,0
0,0,0,0
0,0,0,0
0,0,0,0
0,0,0,0
0,0,0,0
0,0,0,0
0,0,0,0
0,0,0,0
0,0,0,0
0,0,0,0
0,0,0,0
0,0,0,0
0,0,0,0
0,0,0,0
0,0,0,0
0,0,0,0
0,0,0,0
0,0,0,0
0,0,0,0
0,0,0,0
0,0,0,0
0,0,0,0
0,0,0,0
0,0,0,0
0,0,0,0
0,0,0,0
0,0,0,0
0,0,0,0
0,0,0,0
0,0,0,0
0,0,0,0
0,0,0,0
0,0,0,0
0,0,0,0
0,0,0,0
0,0,0,0
0,0,0,0
0,0,0,0
0,0,0,0
0,0,0,0
0,0,0,0
0,0,0,0
0,0,0,0
0,0,0,0
0,0,0,0
0,0,0,0
0,0,0,0
0,0,0,0
0,0,0,0
0,0,0,0
0,0,0,0
0,0,0,0
0,0,0,0
0,0,0,0
0,0,0,0
0,0,0,0
0,0,0,0
0,0,0,0
0,0,0,0
0,0,0,0
0,0,0,0
0,0,0,0
0,0,0,0
0,0,0,0
0,0,0,0
0,0,0,0
0,0,0,0
0,0,0,0
0,0,0,0
0,0,0,0
0,0,0,0
0,0,0,0
0,0,0,0
0,0,0,0
0,0,0,0
0,0,0,0
0,0,0,0
0,0,0,0
0,0,0,0
0,0,0,0
0,0,0,0
0,0,0,0
0,0,0,0
0,0,0,0
0,0,0,0
0,0,0,0
0,0,0,0
0,0,0,0
0,0,0,0
0,0,0,0
0,0,0,0
0,0,0,0
0,0,0,0
0,0,0,0
0,0,0,0
0,0,0,0
0,0,0,0
0,0,0,0
0,0,0,0
0,0,0,0
0,0,0,0
0,0,0,0
0,0,0,0
0,0,0,0
0,0,0,0
0,0,0,0
0,0,0,0
0,0,0,0
0,0,0,0
0,0,0,0
0,0,0,0
0,0,0,0
0,0,0,0
0,0,0,0
0,0,0,0
0,0,0,0
0,0,0,0
0,0,0,0
0,0,0,0
0,0,0,0
0,0,0,0
0,0,0,0
0,0,0,0
0,0,0,0
0,0,0,0
0,0,0,0
0,0,0,0
0,0,0,0
0,0,0,0
0,0,0,0
0,0,0,0
0,0,0,0
0,0,0,0
0,0,0,0
0,0,0,0
0,0,0,0
0,0,0,0
0,0,0,0
0,0,0,0
0,0,0,0
0,0,0,0
0,0,0,0
632.9518678229169,311.63350235347593,7.048132177083062,8.197107350759609
631.2366712784968,310.33977567843306,8.763328721503171,8.638121931410979
627.7336627793204,310.8735016206393,12.266337220679588,8.487436601117338
627.7336627793204,310.8735016206393,12.266337220679588,8.487436601117338
627.7336627793204,310.8735016206393,12.266337220679588,8.487436601117338
627.7336627793204,310.8735016206393,12.266337220679588,8.487436601117338
624.5011166428056,310.39460589671114,15.498883357194359,8.36771267013529
624.5011166428056,310.39460589671114,15.498883357194359,8.36771267013529
624.5011166428056,310.39460589671114,15.498883357194359,8.36771267013529
620.5292299743955,310.39460589671114,19.470770025604452,8.36771267013529
620.5292299743955,310.39460589671114,19.470770025604452,8.36771267013529
618.931698817204,310.39460589671114,19.470770025604452,8.36771267013529
617.7822735298478,310.39460589671114,19.470770025604452,8.36771267013529
616.4289663448151,310.2141649387068,19.470770025604452,8.36771267013529
616.4289663448151,310.2141649387068,19.470770025604452,8.36771267013529
616.4289663448151,310.2141649387068,19.470770025604452,8.36771267013529
612.8767175674136,310.3457297082402,19.470770025604452,8.36771267013529
612.8767175674136,310.3457297082402,19.470770025604452,8.36771267013529
610.482238947773,310.82462543216826,19.470770025604452,8.36771267013529
610.482238947773,310.82462543216826,19.470770025604452,8.36771267013529
610.482238947773,310.82462543216826,19.470770025604452,8.36771267013529
608.1833883730603,310.82462543216826,19.470770025604452,8.36771267013529
606.233236510044,310.60672787125907,19.470770025604452,8.36771267013529
606.233236510044,310.60672787125907,19.470770025604452,8.36771267013529
603.9216602312222,310.8106904840963,19.470770025604452,8.36771267013529
603.9216602312222,310.8106904840963,19.470770025604452,8.36771267013529
600.4263999630214,310.9695659508327,20.83796785307061,10.961468531925902
600.4263999630214,310.9695659508327,19.688542565714215,13.260319106638576
599.7727072802938,310.9695659508327,19.19280996108546,13.260319106638576
599.7727072802938,310.9695659508327,18.04338467372918,12.11089381928224
597.3072251507807,310.82014279146824,19.35944151588592,12.83502962232484
597.3072251507807,310.82014279146824,18.21001622852964,12.2603169786467
594.9562160234209,310.88201145271455,19.411600068533176,12.198448317400391
594.9562160234209,310.88201145271455,18.836887424854922,12.198448317400391
593.0615859643752,310.611350015708,19.007379552866155,12.46910975440693
593.0615859643752,310.611350015708,18.432666909188015,11.89439711072879
589.3625463252861,310.5211295367058,20.982281260920786,13.708755520765465
589.3625463252861,310.5211295367058,19.832855973564506,13.708755520765465
588.5244788084119,310.64085346768786,19.521498203082388,12.43960630242708
588.5244788084119,310.64085346768786,17.797360272047854,12.43960630242708
586.4848526800397,310.50487839246307,18.687561113063794,12.575581377651872
586.4848526800397,310.50487839246307,16.96342318202926,13.150294021330012
583.1439449727388,310.44300973121676,19.154905601973837,12.06273739522004
583.1439449727388,310.44300973121676,19.729618245651977,12.06273739522004
580.6407868569381,310.6127153661863,19.35921314306188,13.042457047606774
580.6407868569381,310.6127153661863,19.93392578674002,12.467744403928634
578.7203143229252,310.43812695400334,20.1302603897185,13.791758103467942
578.7203143229252,310.43812695400334,18.406122458683967,13.791758103467942
576.418049604307,311.01369313365785,19.558961889945863,12.06676663645709
576.418049604307,311.01369313365785,18.40953660258947,12.64147928013523
576.418049604307,311.01369313365785,18.40953660258947,13.216191923813426
573.3920599050391,311.01369313365785,19.136675727144848,12.64147928013523
573.3920599050391,311.01369313365785,17.987250439788454,13.216191923813426
571.2370291473626,311.01369313365785,20.716993841143108,12.64147928013523
571.2370291473626,311.01369313365785,17.268717979074154,13.216191923813426
568.7265907187598,310.75752594706574,18.629731120320685,13.472359110405534
568.7265907187598,310.75752594706574,19.779156407676965,12.322933823049198
566.6230562363852,310.75752594706574,20.15855295901713,13.472359110405534
566.6230562363852,310.75752594706574,19.58384031533899,12.322933823049198
564.9376185862263,310.75752594706574,19.545140034463316,13.472359110405534
563.7403792764061,310.75752594706574,20.167666700605423,13.472359110405534
563.500931414442,310.75752594706574,20.50990869395912,13.361715245346204
