247.71942282098584,322.79488960950596,6.621218932237582,4.189238159119554
247.71942282098584,322.79488960950596,6.621218932237582,4.189238159119554
247.71942282098584,322.79488960950596,6.621218932237582,4.189238159119554
247.71942282098584,322.79488960950596,6.621218932237582,4.189238159119554
246.32271552352185,322.79488960950596,6.621218932237582,4.189238159119554
246.32271552352185,322.79488960950596,6.621218932237582,4.189238159119554
246.32271552352185,322.79488960950596,6.621218932237582,4.189238159119554
246.32271552352185,322.79488960950596,6.621218932237582,4.189238159119554
244.87694897375994,322.79488960950596,6.621218932237582,4.189238159119554
244.87694897375994,322.79488960950596,6.621218932237582,4.189238159119554
244.87694897375994,322.79488960950596,6.621218932237582,4.189238159119554
244.87694897375994,322.79488960950596,6.621218932237582,4.189238159119554
243.44706977313243,322.63601414276957,6.621218932237582,4.189238159119554
243.44706977313243,322.63601414276957,6.621218932237582,4.189238159119554
242.05036247566844,322.63601414276957,6.621218932237582,4.189238159119554
242.05036247566844,322.63601414276957,6.621218932237582,4.189238159119554
242.05036247566844,322.63601414276957,6.621218932237582,4.189238159119554
242.05036247566844,322.63601414276957,6.621218932237582,4.189238159119554
240.46160780830454,322.63601414276957,6.621218932237582,4.189238159119554
240.32499578644664,322.4994021209116,6.621218932237582,4.189238159119554
240.46160780830454,322.63601414276957,6.621218932237582,4.189238159119554
240.46160780830454,322.63601414276957,6.621218932237582,4.189238159119554
240.46160780830454,322.63601414276957,6.621218932237582,4.189238159119554
240.46160780830454,322.63601414276957,6.621218932237582,4.189238159119554
238.4747268409536,322.55116132528485,6.621218932237582,4.189238159119554
238.4747268409536,322.55116132528485,6.621218932237582,4.189238159119554
238.4747268409536,322.55116132528485,6.621218932237582,4.189238159119554
238.4747268409536,322.55116132528485,6.621218932237582,4.189238159119554
236.8859721735897,322.55116132528485,6.621218932237582,4.189238159119554
236.8859721735897,322.55116132528485,6.621218932237582,4.189238159119554
236.8859721735897,322.55116132528485,6.621218932237582,4.189238159119554
236.8859721735897,322.55116132528485,6.621218932237582,4.189238159119554
236.8859721735897,322.55116132528485,6.621218932237582,4.189238159119554
236.8859721735897,322.55116132528485,6.621218932237582,4.189238159119554
234.84921222077114,322.55116132528485,6.621218932237582,4.189238159119554
234.84921222077114,322.55116132528485,6.621218932237582,4.189238159119554
234.84921222077114,322.55116132528485,6.621218932237582,4.189238159119554
234.84921222077114,322.55116132528485,6.621218932237582,4.189238159119554
233.311988502147,322.55116132528485,6.621218932237582,4.189238159119554
233.311988502147,322.55116132528485,6.621218932237582,4.189238159119554
233.311988502147,322.55116132528485,6.621218932237582,4.189238159119554
233.311988502147,322.55116132528485,6.621218932237582,4.189238159119554
233.311988502147,322.55116132528485,6.621218932237582,4.189238159119554
231.4282640696167,322.55116132528485,6.621218932237582,4.189238159119554
231.4282640696167,322.55116132528485,6.621218932237582,4.189238159119554
231.4282640696167,322.55116132528485,6.621218932237582,4.189238159119554
231.4282640696167,322.55116132528485,6.621218932237582,4.189238159119554
229.64609911090045,322.55116132528485,6.621218932237582,4.189238159119554
229.64609911090045,322.55116132528485,6.621218932237582,4.189238159119554
229.64609911090045,322.55116132528485,6.621218932237582,4.189238159119554
229.64609911090045,322.55116132528485,6.621218932237582,4.189238159119554
228.25601030507707,322.08779839001045,6.621218932237582,4.189238159119554
228.25601030507707,322.08779839001045,6.621218932237582,4.189238159119554
228.25601030507707,322.08779839001045,6.621218932237582,4.189238159119554
228.25601030507707,322.08779839001045,6.621218932237582,4.189238159119554
228.25601030507707,322.08779839001045,6.621218932237582,4.189238159119554
225.7260487077858,322.08779839001045,6.621218932237582,4.189238159119554
225.7260487077858,322.08779839001045,6.621218932237582,4.189238159119554
225.7260487077858,322.08779839001045,6.621218932237582,4.189238159119554
225.7260487077858,322.08779839001045,6.621218932237582,4.189238159119554
224.24802470763208,321.59512372329255,6.621218932237582,4.189238159119554
224.24802470763208,321.59512372329255,6.621218932237582,4.189238159119554
224.24802470763208,321.59512372329255,6.621218932237582,4.189238159119554
222.39169842190333,321.59512372329255,6.621218932237582,4.189238159119554
221.88018947049667,321.59512372329255,6.621218932237582,4.189238159119554
222.39169842190333,321.59512372329255,6.621218932237582,4.189238159119554
221.64985865929205,321.44675577077027,6.621218932237582,4.189238159119554
221.161919447004,321.59512372329255,6.621218932237582,4.189238159119554
220.24951068787993,321.2301602196429,6.621218932237582,4.189238159119554
221.161919447004,321.59512372329255,6.621218932237582,4.189238159119554
221.161919447004,321.59512372329255,6.621218932237582,4.189238159119554
221.161919447004,321.59512372329255,6.621218932237582,4.189238159119554
218.7969595043576,321.2572723029145,6.621218932237582,4.189238159119554
218.7969595043576,321.2572723029145,6.621218932237582,4.189238159119554
218.7969595043576,321.2572723029145,6.621218932237582,4.189238159119554
217.85058726460997,321.2572723029145,6.621218932237582,4.189238159119554
217.1077024024673,321.2572723029145,6.621218932237582,4.189238159119554
216.38231380143105,320.6355106448834,6.001105887688112,3.7168209613341787
216.00770240246732,320.65727230291446,6.192297597532672,3.342727697085536
215.54030428334508,320.47357324335337,6.621218932237582,4.189238159119554
214.8711013203998,320.4678836857142,6.621218932237582,4.189238159119554
214.8711013203998,320.4678836857142,6.621218932237582,4.189238159119554
213.8711013203998,320.2678836857142,6.621218932237582,4.189238159119554
213.40530327479718,320.4678836857142,6.621218932237582,4.189238159119554
213.19245283386928,320.4678836857142,6.621218932237582,4.189238159119554
213.19245283386928,320.4678836857142,6.621218932237582,4.189238159119554
213.19245283386928,320.4678836857142,6.621218932237582,4.189238159119554
213.19245283386928,320.4678836857142,6.621218932237582,4.189238159119554
213.19245283386928,320.4678836857142,6.621218932237582,4.189238159119554
210.40499638787625,319.5968035463414,6.621218932237582,4.189238159119554
210.12276654237823,320.0841728992778,6.621218932237582,4.189238159119554
210.12276654237823,320.0841728992778,6.621218932237582,4.189238159119554
210.12276654237823,320.0841728992778,6.621218932237582,4.189238159119554
208.70180739495373,320.0841728992778,6.621218932237582,4.189238159119554
208.31398101266245,320.0841728992778,6.621218932237582,4.189238159119554
208.16434330809264,320.0841728992778,6.621218932237582,4.189238159119554
208.16434330809264,320.0841728992778,6.621218932237582,4.189238159119554
206.48569482156213,320.0841728992778,6.621218932237582,4.189238159119554
206.48569482156213,320.0841728992778,6.621218932237582,4.189238159119554
206.48569482156213,320.0841728992778,6.621218932237582,4.189238159119554
204.69715820191672,319.559969552738,6.241732734094683,4.161155156063103
204.69715820191672,319.559969552738,6.241732734094683,4.161155156063103
204.0075030295029,319.559969552738,6.241732734094683,4.161155156063103
203.44454859857643,319.559969552738,6.241732734094683,4.161155156063103
203.30045090445273,319.559969552738,6.241732734094683,4.161155156063103
202.18686515835026,319.3372524035175,6.241732734094683,4.161155156063103
201.93681454081639,319.559969552738,6.241732734094683,4.161155156063103
200.94499051901374,319.559969552738,6.241732734094683,4.161155156063103
200.89785746243135,319.7801316294396,6.097917545522506,3.2834940629736593
200.68638911807653,319.7598752418378,5.884859754986223,3.393459274773079
200.27084533427222,319.81262581709575,5.4982631287462596,3.1786833713064198
198.92325407891136,319.7890239786664,6.089250857876323,3.3042446515607935
198.92325407891136,319.7890239786664,6.089250857876323,3.3042446515607935
198.92325407891136,319.7890239786664,6.089250857876323,3.3042446515607935
198.1075933937564,319.7890239786664,6.089250857876323,3.3042446515607935
197.29603514400011,319.7890239786664,6.089250857876323,3.3042446515607935
197.38841093316583,319.7890239786664,6.089250857876323,3.3042446515607935
196.10841093316583,319.7890239786664,6.089250857876323,3.3042446515607935
195.6062459744496,319.7890239786664,6.089250857876323,3.3042446515607935
195.6062459744496,319.7890239786664,6.089250857876323,3.3042446515607935
195.6062459744496,319.7890239786664,6.089250857876323,3.3042446515607935
194.51697127937337,319.45169712793734,6.0052219321148925,3.5248041775456613
194.0105012935985,319.6117190141274,6.089250857876323,3.3042446515607935
193.98447570098898,319.0939795757548,6.089250857876323,3.3042446515607935
193.98447570098898,319.0939795757548,6.089250857876323,3.3042446515607935
193.98447570098898,319.0939795757548,6.089250857876323,3.3042446515607935
193.98447570098898,319.0939795757548,6.089250857876323,3.3042446515607935
193.31780903432232,319.36064624242147,6.089250857876323,3.3042446515607935
193.98447570098898,319.0939795757548,6.089250857876323,3.3042446515607935
193.98447570098898,319.0939795757548,6.089250857876323,3.3042446515607935
192.52887162529757,319.0939795757548,6.089250857876323,3.3042446515607935
191.89510172783434,318.662854860631,6.483354215873391,4.82435760383521
191.89510172783434,318.662854860631,6.483354215873391,4.82435760383521
191.89510172783434,318.662854860631,6.483354215873391,4.82435760383521
191.89510172783434,318.662854860631,6.483354215873391,4.82435760383521
191.89510172783434,318.662854860631,6.483354215873391,4.82435760383521
191.89510172783434,318.662854860631,6.483354215873391,4.82435760383521
191.89510172783434,318.662854860631,6.483354215873391,4.82435760383521
191.89510172783434,318.662854860631,6.483354215873391,4.82435760383521
191.89510172783434,318.662854860631,6.483354215873391,4.82435760383521
191.89510172783434,318.662854860631,6.483354215873391,4.82435760383521
191.89510172783434,318.662854860631,6.483354215873391,4.82435760383521
191.89510172783434,318.662854860631,6.483354215873391,4.82435760383521
191.89510172783434,318.662854860631,6.483354215873391,4.82435760383521
191.03004982472015,318.662854860631,6.483354215873391,4.82435760383521
190.8490766232318,318.45364983971047,6.483354215873391,4.82435760383521
190.70259746889056,318.662854860631,6.483354215873391,4.82435760383521
190.51170251834822,318.0699694851369,6.483354215873391,4.82435760383521
190.2850838387467,318.3050731075004,6.673771259643303,3.877395586596208
190.65775639600085,318.43788298211587,6.483354215873391,4.82435760383521
190.19510172783436,318.362854860631,7.104898272165656,4.237145139369034
190.3169094753236,318.2324387917644,7.100594111476994,4.292668812252828
190.36448948293636,318.3227188062092,6.91442208168948,4.126260785627551
189.8583417750158,318.7506499095913,7.6562204429016845,3.3808299398003783
189.8583417750158,318.7506499095913,7.6562204429016845,3.3808299398003783
189.8583417750158,318.7506499095913,7.6562204429016845,3.3808299398003783
189.8583417750158,318.7506499095913,7.6562204429016845,3.3808299398003783
189.94030643999977,318.7230694985324,6.155697804215748,3.445852575185995
189.94030643999977,318.7230694985324,6.155697804215748,3.445852575185995
189.94030643999977,318.7230694985324,6.155697804215748,3.445852575185995
189.94030643999977,318.7230694985324,6.155697804215748,3.445852575185995
189.94030643999977,318.7230694985324,6.155697804215748,3.445852575185995
189.94030643999977,318.7230694985324,6.155697804215748,3.445852575185995
189.94030643999977,318.7230694985324,6.155697804215748,3.445852575185995
189.94030643999977,318.7230694985324,6.155697804215748,3.445852575185995
189.94030643999977,318.7230694985324,6.155697804215748,3.445852575185995
189.94030643999977,318.7230694985324,6.155697804215748,3.445852575185995
189.94030643999977,318.7230694985324,6.155697804215748,3.445852575185995
189.94030643999977,318.7230694985324,6.155697804215748,3.445852575185995
189.94030643999977,318.7230694985324,6.155697804215748,3.445852575185995
189.94030643999977,318.7230694985324,6.155697804215748,3.445852575185995
189.94030643999977,318.7230694985324,6.155697804215748,3.445852575185995
189.94030643999977,318.7230694985324,6.155697804215748,3.445852575185995
189.94030643999977,318.7230694985324,6.155697804215748,3.445852575185995
189.94030643999977,318.7230694985324,6.155697804215748,3.445852575185995
189.94030643999977,318.7230694985324,6.155697804215748,3.445852575185995
189.7584882581816,318.17761495307786,6.155697804215748,3.445852575185995
189.7633152895573,318.36908719764745,6.155697804215748,3.445852575185995
189.9,317.6,6.196004244215516,4.568922073718397
189.44444444444446,317.55555555555554,6.651559799771064,4.613366518162877
189.42055592024926,317.4756682511312,6.52539002569668,4.1459533704904175
189.18032786885246,317.59562841530055,6.666666666666657,4.153005464480827
189.4548695467959,317.4285711166554,6.66163530757305,3.930652184315477
189.71380587374836,317.59056666727537,6.155697804215748,3.445852575185995
189.67680182866906,317.5372987475443,6.3706290013704745,3.9383270759076368
189.74873555877375,317.38207332995006,6.228275935479132,4.457007129820056
189.67540577774813,317.53101651839995,6.615984950728688,3.92593712398417
189.64030643999976,317.52306949853244,6.559693560000227,4.176930501467552
189.34030643999978,317.32306949853245,6.559693560000227,4.07693050146753
189.8211169286768,317.5311743853024,5.888060663695057,3.922937652838243
189.57972951692284,317.64133872930165,6.574116636923321,3.993276655313707
189.94030643999977,317.6634668495258,6.218633957351216,4.323288117361642
189.8580121703854,317.8498985801217,6.237992073830128,4.319023493596717
189.54030643999977,318.02306949853244,6.659693560000221,4.176930501467552
189.49494949494948,317.8787878787879,6.601054749266041,4.290134194930545
189.9,317.7,6.196004244215516,4.468922073718431
189.94030643999977,318.7230694985324,6.155697804215748,3.445852575185995
189.66666666666666,318.22222222222223,6.429337577548864,3.9466998514961915
189.77983867190318,318.1104896338413,6.443730557204532,4.241954285307031
189.77983867190318,318.1104896338413,6.443730557204532,4.241954285307031
189.899578805124,318.7319902576313,6.247367325420811,3.8196339088065088
189.899578805124,318.7319902576313,6.247367325420811,3.8196339088065088
189.899578805124,318.7319902576313,6.247367325420811,3.8196339088065088
189.899578805124,318.7319902576313,6.247367325420811,3.8196339088065088
189.899578805124,318.7319902576313,6.247367325420811,3.8196339088065088
189.899578805124,318.7319902576313,6.247367325420811,3.8196339088065088
189.899578805124,318.7319902576313,6.247367325420811,3.8196339088065088
189.899578805124,318.7319902576313,6.247367325420811,3.8196339088065088
189.899578805124,318.7319902576313,6.247367325420811,3.8196339088065088
189.899578805124,318.7319902576313,6.247367325420811,3.8196339088065088
189.899578805124,318.7319902576313,6.247367325420811,3.8196339088065088
189.899578805124,318.7319902576313,6.247367325420811,3.8196339088065088
189.899578805124,318.7319902576313,6.247367325420811,3.8196339088065088
189.899578805124,318.7319902576313,6.247367325420811,3.8196339088065088
189.899578805124,318.7319902576313,6.247367325420811,3.8196339088065088
190.08001976312835,319.47983729550344,6.247367325420811,3.8196339088065088
190.08001976312835,319.47983729550344,6.247367325420811,3.8196339088065088
190.08001976312835,319.47983729550344,6.247367325420811,3.8196339088065088
190.08001976312835,319.47983729550344,6.247367325420811,3.8196339088065088
190.08001976312835,319.47983729550344,6.247367325420811,3.8196339088065088
190.08001976312835,319.47983729550344,6.247367325420811,3.8196339088065088
190.08001976312835,319.47983729550344,6.247367325420811,3.8196339088065088
190.08001976312835,319.47983729550344,6.247367325420811,3.8196339088065088
190.08001976312835,319.47983729550344,6.247367325420811,3.8196339088065088
190.08001976312835,320.0844322169061,6.247367325420811,3.8196339088065088
190.08001976312835,320.05017950082663,6.247367325420811,3.8196339088065088
190.19314193507404,320.384814671069,6.247367325420811,3.8196339088065088
190.08001976312835,320.34814409724004,6.247367325420811,3.8196339088065088
190.08001976312835,319.47983729550344,6.247367325420811,3.8196339088065088
190.08001976312835,320.3527793564183,6.247367325420811,3.8196339088065088
190.08001976312835,320.3527793564183,6.247367325420811,3.8196339088065088
190.08001976312835,320.3527793564183,6.247367325420811,3.8196339088065088
190.08001976312835,320.7643019901632,6.247367325420811,3.8196339088065088
190.08001976312835,321.0603265262296,6.247367325420811,3.8196339088065088
189.72540983405034,321.41660914365235,6.247367325420811,3.8196339088065088
189.5423853545262,321.24883670408855,6.247367325420811,3.8196339088065088
190.08001976312835,321.47322753569,6.247367325420811,3.8196339088065088
189.67921815992193,321.15438256283113,6.247367325420811,3.8196339088065088
189.58001976312835,321.0527793564183,6.247367325420811,3.8196339088065088
189.58740892568994,321.4611537406547,6.247367325420811,3.8196339088065088
189.42556950134826,321.92345998469057,6.247367325420811,3.8196339088065088
189.69630897669197,321.69576710894563,6.247367325420811,3.8196339088065088
189.69630897669197,321.69576710894563,6.247367325420811,3.8196339088065088
189.69630897669197,321.69576710894563,6.247367325420811,3.8196339088065088
189.69630897669197,321.69576710894563,6.247367325420811,3.8196339088065088
189.69630897669197,321.69576710894563,6.247367325420811,3.8196339088065088
189.69630897669197,322.4448307793576,6.247367325420811,3.8196339088065088
189.1351146129494,322.62871377422283,6.1579036113825225,4.35648703253031
189.1351146129494,322.62871377422283,6.1579036113825225,4.35648703253031
189.1351146129494,322.62871377422283,6.1579036113825225,4.35648703253031
189.1351146129494,322.62871377422283,6.1579036113825225,4.35648703253031
189.1351146129494,322.62871377422283,6.1579036113825225,4.35648703253031
189.1351146129494,322.62871377422283,6.1579036113825225,4.35648703253031
189.1351146129494,322.62871377422283,6.1579036113825225,4.35648703253031
189.1351146129494,322.62871377422283,6.1579036113825225,4.35648703253031
189.1351146129494,322.62871377422283,6.1579036113825225,4.35648703253031
189.1351146129494,322.62871377422283,6.1579036113825225,4.35648703253031
189.1351146129494,322.62871377422283,6.1579036113825225,4.35648703253031
189.1351146129494,322.62871377422283,6.1579036113825225,4.35648703253031
189.1351146129494,322.62871377422283,6.1579036113825225,4.35648703253031
189.1351146129494,322.62871377422283,6.1579036113825225,4.35648703253031
189.1351146129494,322.62871377422283,6.1579036113825225,4.35648703253031
189.1351146129494,322.62871377422283,6.1579036113825225,4.35648703253031
189.1351146129494,322.62871377422283,6.1579036113825225,4.35648703253031
189.1351146129494,322.62871377422283,6.1579036113825225,4.35648703253031
189.1351146129494,322.62871377422283,6.1579036113825225,4.35648703253031
189.1351146129494,322.62871377422283,6.1579036113825225,4.35648703253031
189.1351146129494,322.62871377422283,6.1579036113825225,4.35648703253031
189.1351146129494,322.62871377422283,6.1579036113825225,4.35648703253031
189.1351146129494,322.62871377422283,6.1579036113825225,4.35648703253031
189.1351146129494,322.62871377422283,6.1579036113825225,4.35648703253031
189.1351146129494,322.62871377422283,6.1579036113825225,4.35648703253031
189.1351146129494,322.62871377422283,6.1579036113825225,4.35648703253031
189.1351146129494,322.62871377422283,6.1579036113825225,4.35648703253031
189.1351146129494,322.62871377422283,6.1579036113825225,4.35648703253031
189.1351146129494,322.62871377422283,6.1579036113825225,4.35648703253031
189.1351146129494,322.62871377422283,6.1579036113825225,4.35648703253031
189.1351146129494,322.62871377422283,6.1579036113825225,4.35648703253031
189.1351146129494,322.62871377422283,6.1579036113825225,4.35648703253031
189.1351146129494,322.62871377422283,6.1579036113825225,4.35648703253031
189.1351146129494,322.62871377422283,6.1579036113825225,4.35648703253031
189.1351146129494,322.62871377422283,6.1579036113825225,4.35648703253031
189.1351146129494,322.62871377422283,6.1579036113825225,4.35648703253031
189.1351146129494,322.62871377422283,6.1579036113825225,4.35648703253031
189.1351146129494,322.62871377422283,6.1579036113825225,4.35648703253031
189.1351146129494,322.62871377422283,6.1579036113825225,4.35648703253031
189.1351146129494,322.62871377422283,6.1579036113825225,4.35648703253031
189.1351146129494,322.62871377422283,6.1579036113825225,4.35648703253031
189.1351146129494,322.62871377422283,6.1579036113825225,4.35648703253031
189.1351146129494,322.62871377422283,6.1579036113825225,4.35648703253031
189.1351146129494,322.62871377422283,6.1579036113825225,4.35648703253031
189.1351146129494,322.62871377422283,6.1579036113825225,4.35648703253031
189.1351146129494,322.62871377422283,6.1579036113825225,4.35648703253031
189.1351146129494,322.62871377422283,6.1579036113825225,4.35648703253031
189.1351146129494,322.62871377422283,6.1579036113825225,4.35648703253031
189.1351146129494,322.62871377422283,6.1579036113825225,4.35648703253031
189.1351146129494,322.62871377422283,6.1579036113825225,4.35648703253031
189.1351146129494,322.62871377422283,6.1579036113825225,4.35648703253031
189.1351146129494,322.62871377422283,6.1579036113825225,4.35648703253031
189.1351146129494,322.62871377422283,6.1579036113825225,4.35648703253031
189.62522784000137,322.8250897504959,6.03773705526379,3.973363723868431
189.62522784000137,322.8250897504959,6.03773705526379,3.973363723868431
189.62522784000137,322.8250897504959,6.03773705526379,3.973363723868431
189.62522784000137,322.8250897504959,6.03773705526379,3.973363723868431
189.62522784000137,322.8250897504959,6.03773705526379,3.973363723868431
189.62522784000137,322.8250897504959,6.03773705526379,3.973363723868431
189.62522784000137,322.8250897504959,6.03773705526379,3.973363723868431
189.62522784000137,322.8250897504959,6.03773705526379,3.973363723868431
189.62522784000137,322.8250897504959,6.03773705526379,3.973363723868431
189.62522784000137,322.8250897504959,6.03773705526379,3.973363723868431
189.62522784000137,322.8250897504959,6.03773705526379,3.973363723868431
189.62522784000137,322.8250897504959,6.03773705526379,3.973363723868431
189.62522784000137,322.8250897504959,6.03773705526379,3.973363723868431
189.62522784000137,322.8250897504959,6.03773705526379,3.973363723868431
189.62522784000137,322.8250897504959,6.03773705526379,3.973363723868431
189.62522784000137,322.8250897504959,6.03773705526379,3.973363723868431
189.62522784000137,322.8250897504959,6.03773705526379,3.973363723868431
189.62522784000137,322.8250897504959,6.03773705526379,3.973363723868431
189.62522784000137,322.8250897504959,6.03773705526379,3.973363723868431
189.62522784000137,322.8250897504959,6.03773705526379,3.973363723868431
189.62522784000137,322.8250897504959,6.03773705526379,3.973363723868431
189.62522784000137,322.8250897504959,6.03773705526379,3.973363723868431
189.62522784000137,322.8250897504959,6.03773705526379,3.973363723868431
189.62522784000137,322.8250897504959,6.03773705526379,3.973363723868431
189.62522784000137,322.8250897504959,6.03773705526379,3.973363723868431
189.62522784000137,322.8250897504959,6.03773705526379,3.973363723868431
189.62522784000137,322.8250897504959,6.03773705526379,3.973363723868431
189.62522784000137,322.8250897504959,6.03773705526379,3.973363723868431
189.62522784000137,322.8250897504959,6.03773705526379,3.973363723868431
189.62522784000137,322.8250897504959,6.03773705526379,3.973363723868431
189.62522784000137,322.8250897504959,6.03773705526379,3.973363723868431
189.62522784000137,322.8250897504959,6.03773705526379,3.973363723868431
189.62522784000137,322.8250897504959,6.03773705526379,3.973363723868431
189.62522784000137,322.8250897504959,6.03773705526379,3.973363723868431
189.62522784000137,322.8250897504959,6.03773705526379,3.973363723868431
189.62522784000137,322.8250897504959,6.03773705526379,3.973363723868431
189.62522784000137,322.8250897504959,6.03773705526379,3.973363723868431
189.62522784000137,322.8250897504959,6.03773705526379,3.973363723868431
189.62522784000137,322.8250897504959,6.03773705526379,3.973363723868431
189.62522784000137,322.8250897504959,6.03773705526379,3.973363723868431
189.62522784000137,322.8250897504959,6.03773705526379,3.973363723868431
189.62522784000137,322.8250897504959,6.03773705526379,3.973363723868431
189.62522784000137,322.8250897504959,6.03773705526379,3.973363723868431
189.62522784000137,322.8250897504959,6.03773705526379,3.973363723868431
189.62522784000137,322.8250897504959,6.03773705526379,3.973363723868431
189.62522784000137,322.8250897504959,6.03773705526379,3.973363723868431
189.62522784000137,322.8250897504959,6.03773705526379,3.973363723868431
189.62522784000137,322.8250897504959,6.03773705526379,3.973363723868431
189.62522784000137,322.8250897504959,6.03773705526379,3.973363723868431
189.62522784000137,322.8250897504959,6.03773705526379,3.973363723868431
189.62522784000137,322.8250897504959,6.03773705526379,3.973363723868431
189.62522784000137,322.8250897504959,6.03773705526379,3.973363723868431
189.62522784000137,322.8250897504959,6.03773705526379,3.973363723868431
189.62522784000137,322.8250897504959,6.03773705526379,3.973363723868431
189.62522784000137,322.8250897504959,6.03773705526379,3.973363723868431
188.69850196945245,322.8250897504959,6.03773705526379,3.973363723868431
188.69850196945245,322.8250897504959,6.03773705526379,3.973363723868431
188.69850196945245,322.8250897504959,6.03773705526379,3.973363723868431
188.69850196945245,322.8250897504959,6.03773705526379,3.973363723868431
188.69850196945245,322.8250897504959,6.03773705526379,3.973363723868431
188.69850196945245,322.8250897504959,6.03773705526379,3.973363723868431
188.69850196945245,322.8250897504959,6.03773705526379,3.973363723868431
188.69850196945245,322.8250897504959,6.03773705526379,3.973363723868431
188.69850196945245,322.8250897504959,6.03773705526379,3.973363723868431
188.69850196945245,322.8250897504959,6.03773705526379,3.973363723868431
188.69850196945245,322.8250897504959,6.03773705526379,3.973363723868431
188.69850196945245,322.8250897504959,6.03773705526379,3.973363723868431
188.69850196945245,322.8250897504959,6.03773705526379,3.973363723868431
188.69850196945245,322.8250897504959,6.03773705526379,3.973363723868431
188.69850196945245,322.8250897504959,6.03773705526379,3.973363723868431
188.69850196945245,322.8250897504959,6.03773705526379,3.973363723868431
188.69850196945245,322.8250897504959,6.03773705526379,3.973363723868431
188.69850196945245,322.8250897504959,6.03773705526379,3.973363723868431
188.69850196945245,322.8250897504959,6.03773705526379,3.973363723868431
188.69850196945245,322.8250897504959,6.03773705526379,3.973363723868431
188.69850196945245,322.8250897504959,6.03773705526379,3.973363723868431
188.69850196945245,322.8250897504959,6.03773705526379,3.973363723868431
188.69850196945245,322.8250897504959,6.03773705526379,3.973363723868431
188.69850196945245,322.8250897504959,6.03773705526379,3.973363723868431
188.69850196945245,322.8250897504959,6.03773705526379,3.973363723868431
188.69850196945245,322.8250897504959,6.03773705526379,3.973363723868431
188.69850196945245,322.8250897504959,6.03773705526379,3.973363723868431
188.69850196945245,322.8250897504959,6.03773705526379,3.973363723868431
188.69850196945245,322.8250897504959,6.03773705526379,3.973363723868431
188.02279912869633,323.50079259125204,6.03773705526379,3.973363723868431
188.02279912869633,323.50079259125204,6.03773705526379,3.973363723868431
188.02279912869633,323.50079259125204,6.03773705526379,3.973363723868431
188.02279912869633,323.50079259125204,6.03773705526379,3.973363723868431
188.02279912869633,323.50079259125204,6.03773705526379,3.973363723868431
188.02279912869633,323.50079259125204,6.03773705526379,3.973363723868431
188.02279912869633,323.50079259125204,6.03773705526379,3.973363723868431
188.02279912869633,323.50079259125204,6.03773705526379,3.973363723868431
188.02279912869633,323.50079259125204,6.03773705526379,3.973363723868431
188.02279912869633,323.50079259125204,6.03773705526379,3.973363723868431
187.77961724498707,323.9020321321769,5.494340788588175,4.03995646219721
187.77961724498707,323.9020321321769,5.494340788588175,4.03995646219721
187.77961724498707,323.9020321321769,5.494340788588175,4.03995646219721
187.77961724498707,323.9020321321769,5.494340788588175,4.03995646219721
187.77961724498707,323.9020321321769,5.494340788588175,4.03995646219721
187.77961724498707,323.9020321321769,5.494340788588175,4.03995646219721
187.88268829815934,324.66242628173495,5.534740353210168,3.454162775178588
187.88268829815934,324.66242628173495,5.534740353210168,3.454162775178588
187.88268829815934,324.66242628173495,5.534740353210168,3.454162775178588
187.88268829815934,324.66242628173495,5.534740353210168,3.454162775178588
187.88268829815934,324.66242628173495,5.534740353210168,3.454162775178588
187.88268829815934,324.66242628173495,5.534740353210168,3.454162775178588
187.88268829815934,324.66242628173495,5.534740353210168,3.454162775178588
187.88268829815934,324.66242628173495,5.534740353210168,3.454162775178588
187.8074801249941,324.1463483540187,5.575526035468329,4.047617458440925
187.8074801249941,324.1463483540187,5.575526035468329,4.047617458440925
187.8074801249941,324.1463483540187,5.575526035468329,4.047617458440925
187.8074801249941,324.1463483540187,5.575526035468329,4.047617458440925
187.8074801249941,324.1463483540187,5.575526035468329,4.047617458440925
187.8074801249941,324.1463483540187,5.575526035468329,4.047617458440925
187.8074801249941,324.1463483540187,5.575526035468329,4.047617458440925
187.8074801249941,324.1463483540187,5.575526035468329,4.047617458440925
187.8074801249941,324.1463483540187,5.575526035468329,4.047617458440925
187.8074801249941,324.1463483540187,5.575526035468329,4.047617458440925
187.8074801249941,324.1463483540187,5.575526035468329,4.047617458440925
187.8074801249941,324.1463483540187,5.575526035468329,4.047617458440925
187.8074801249941,324.1463483540187,5.575526035468329,4.047617458440925
187.8074801249941,324.1463483540187,5.575526035468329,4.047617458440925
187.8074801249941,324.1463483540187,5.575526035468329,4.047617458440925
187.8074801249941,324.1463483540187,5.575526035468329,4.047617458440925
187.8074801249941,324.1463483540187,5.575526035468329,4.047617458440925
187.8074801249941,324.1463483540187,5.575526035468329,4.047617458440925
187.8074801249941,324.1463483540187,5.575526035468329,4.047617458440925
187.8074801249941,324.1463483540187,5.575526035468329,4.047617458440925
186.83725604590106,323.82758419385493,6.410631265805733,3.8698322885046537
186.83725604590106,323.82758419385493,6.410631265805733,3.8698322885046537
186.83725604590106,323.82758419385493,6.410631265805733,3.8698322885046537
186.83725604590106,323.82758419385493,6.410631265805733,3.8698322885046537
186.83725604590106,323.82758419385493,6.410631265805733,3.8698322885046537
186.83725604590106,323.82758419385493,6.410631265805733,3.8698322885046537
186.83725604590106,323.82758419385493,6.410631265805733,3.8698322885046537
186.83725604590106,323.82758419385493,6.410631265805733,3.8698322885046537
186.83725604590106,323.82758419385493,6.410631265805733,3.8698322885046537
186.83725604590106,323.82758419385493,6.410631265805733,3.8698322885046537
186.83725604590106,323.82758419385493,6.410631265805733,3.8698322885046537
186.83725604590106,323.82758419385493,6.410631265805733,3.8698322885046537
186.83725604590106,323.82758419385493,6.410631265805733,3.8698322885046537
186.83725604590106,323.82758419385493,6.410631265805733,3.8698322885046537
186.83725604590106,323.82758419385493,6.410631265805733,3.8698322885046537
186.83725604590106,323.82758419385493,6.410631265805733,3.8698322885046537
186.83725604590106,323.82758419385493,6.410631265805733,3.8698322885046537
186.83725604590106,323.82758419385493,6.410631265805733,3.8698322885046537
186.83725604590106,323.82758419385493,6.410631265805733,3.8698322885046537
186.83725604590106,323.82758419385493,6.410631265805733,3.8698322885046537
186.83725604590106,323.82758419385493,6.410631265805733,3.8698322885046537
186.83725604590106,323.82758419385493,6.410631265805733,3.8698322885046537
186.83725604590106,323.82758419385493,6.410631265805733,3.8698322885046537
186.83725604590106,323.82758419385493,6.410631265805733,3.8698322885046537
186.4548468680808,323.6363796049448,6.410631265805733,3.8698322885046537
186.83725604590106,323.82758419385493,6.410631265805733,3.8698322885046537
186.83725604590106,323.82758419385493,6.410631265805733,3.8698322885046537
186.83725604590106,323.82758419385493,6.410631265805733,3.8698322885046537
186.83725604590106,323.82758419385493,6.410631265805733,3.8698322885046537
186.83725604590106,323.82758419385493,6.410631265805733,3.8698322885046537
186.83725604590106,323.82758419385493,6.410631265805733,3.8698322885046537
185.96431398498606,323.82758419385493,6.410631265805733,3.8698322885046537
185.96431398498606,323.82758419385493,6.410631265805733,3.8698322885046537
185.96431398498606,323.82758419385493,6.410631265805733,3.8698322885046537
185.96431398498606,323.82758419385493,6.410631265805733,3.8698322885046537
185.96431398498606,323.82758419385493,6.410631265805733,3.8698322885046537
185.96431398498606,323.82758419385493,6.410631265805733,3.8698322885046537
185.96431398498606,323.82758419385493,6.410631265805733,3.8698322885046537
185.96431398498606,323.82758419385493,6.410631265805733,3.8698322885046537
185.96431398498606,323.17291970940323,6.410631265805733,3.8698322885046537
185.96431398498606,323.44735605697275,6.410631265805733,3.8698322885046537
185.54148100401355,322.9819182319099,6.410631265805733,3.8698322885046537
185.3494244975364,322.90524996268044,6.410631265805733,3.8698322885046537
185.3494244975364,322.90524996268044,6.410631265805733,3.8698322885046537
0,0,0,0
0,0,0,0
0,0,0,0
0,0,0,0
0,0,0,0
0,0,0,0
0,0,0,0
184.6597530753189,321.851823872457,6.66094617255456,5.048742640343903
184.6597530753189,321.851823872457,6.66094617255456,5.048742640343903
184.6597530753189,321.851823872457,6.66094617255456,5.048742640343903
184.6597530753189,321.851823872457,6.66094617255456,5.048742640343903
184.6597530753189,321.851823872457,6.66094617255456,5.048742640343903
184.6597530753189,321.851823872457,6.66094617255456,5.048742640343903
184.6597530753189,321.851823872457,6.66094617255456,5.048742640343903
184.6597530753189,321.851823872457,6.66094617255456,5.048742640343903
184.6597530753189,321.851823872457,6.66094617255456,5.048742640343903
184.6597530753189,321.851823872457,6.66094617255456,5.048742640343903
184.6597530753189,321.851823872457,6.66094617255456,5.048742640343903
184.6597530753189,321.851823872457,6.66094617255456,5.048742640343903
184.6597530753189,321.851823872457,6.66094617255456,5.048742640343903
184.6597530753189,321.851823872457,6.66094617255456,5.048742640343903
184.6597530753189,321.851823872457,6.66094617255456,5.048742640343903
184.6597530753189,321.851823872457,6.66094617255456,5.048742640343903
184.6597530753189,321.851823872457,6.66094617255456,5.048742640343903
184.6597530753189,321.851823872457,6.66094617255456,5.048742640343903
184.6597530753189,321.851823872457,6.66094617255456,5.048742640343903
184.6597530753189,321.851823872457,6.66094617255456,5.048742640343903
184.6597530753189,321.851823872457,6.66094617255456,5.048742640343903
184.06642998798785,321.7911406137792,6.4641255302930745,3.6833319059405767
184.06642998798785,321.7911406137792,6.4641255302930745,3.6833319059405767
184.06642998798785,321.7911406137792,6.4641255302930745,3.6833319059405767
184.06642998798785,321.7911406137792,6.4641255302930745,3.6833319059405767
184.06642998798785,321.7911406137792,6.4641255302930745,3.6833319059405767
184.06642998798785,321.7911406137792,6.4641255302930745,3.6833319059405767
184.06642998798785,321.7911406137792,6.4641255302930745,3.6833319059405767
184.06642998798785,321.7911406137792,6.4641255302930745,3.6833319059405767
184.06642998798785,321.7911406137792,6.4641255302930745,3.6833319059405767
184.06642998798785,321.7911406137792,6.4641255302930745,3.6833319059405767
184.06642998798785,321.7911406137792,6.4641255302930745,3.6833319059405767
184.06642998798785,321.7911406137792,6.4641255302930745,3.6833319059405767
184.06642998798785,320.5690217284984,6.4641255302930745,3.6833319059405767
184.06642998798785,320.5690217284984,6.4641255302930745,3.6833319059405767
184.06642998798785,320.5690217284984,6.4641255302930745,3.6833319059405767
184.06642998798785,320.5690217284984,6.4641255302930745,3.6833319059405767
184.06642998798785,320.5690217284984,6.4641255302930745,3.6833319059405767
184.06642998798785,320.5690217284984,6.4641255302930745,3.6833319059405767
184.06642998798785,320.5690217284984,6.4641255302930745,3.6833319059405767
184.06642998798785,320.5690217284984,6.4641255302930745,3.6833319059405767
184.06642998798785,320.5690217284984,6.4641255302930745,3.6833319059405767
184.06642998798785,320.5690217284984,6.4641255302930745,3.6833319059405767
184.06642998798785,320.5690217284984,6.4641255302930745,3.6833319059405767
182.853491982597,320.0299381705469,6.4641255302930745,3.6833319059405767
183.1131771875695,319.77464439481645,6.4641255302930745,3.6833319059405767
183.1131771875695,319.77464439481645,6.4641255302930745,3.6833319059405767
183.1131771875695,319.77464439481645,6.4641255302930745,3.6833319059405767
182.19363695768445,319.77464439481645,6.4641255302930745,3.6833319059405767
183.1131771875695,319.77464439481645,6.4641255302930745,3.6833319059405767
182.07700129185017,319.0714749160531,6.4641255302930745,3.6833319059405767
182.07700129185017,319.0714749160531,6.4641255302930745,3.6833319059405767
182.07700129185017,319.0714749160531,6.4641255302930745,3.6833319059405767
182.07700129185017,319.0714749160531,6.4641255302930745,3.6833319059405767
182.07700129185017,319.0714749160531,6.4641255302930745,3.6833319059405767
182.07700129185017,319.0714749160531,6.4641255302930745,3.6833319059405767
181.12374849143183,317.95934664889836,6.4641255302930745,3.6833319059405767
181.12374849143183,317.95934664889836,6.4641255302930745,3.6833319059405767
181.12374849143183,317.95934664889836,6.4641255302930745,3.6833319059405767
181.12374849143183,317.95934664889836,6.4641255302930745,3.6833319059405767
181.12374849143183,317.95934664889836,6.4641255302930745,3.6833319059405767
181.12374849143183,317.95934664889836,6.4641255302930745,3.6833319059405767
180.816303747707,316.72956767399904,6.4641255302930745,3.6833319059405767
180.816303747707,316.72956767399904,6.4641255302930745,3.6833319059405767
180.816303747707,316.72956767399904,6.4641255302930745,3.6833319059405767
180.816303747707,316.72956767399904,6.4641255302930745,3.6833319059405767
180.816303747707,316.72956767399904,6.4641255302930745,3.6833319059405767
180.30711375950236,316.4749726798967,6.4641255302930745,3.6833319059405767
180.30711375950236,316.4749726798967,6.4641255302930745,3.6833319059405767
180.30711375950236,316.4749726798967,6.4641255302930745,3.6833319059405767
180.30711375950236,316.4749726798967,6.4641255302930745,3.6833319059405767
180.30711375950236,316.4749726798967,6.4641255302930745,3.6833319059405767
179.99966901577753,315.86008319244706,6.4641255302930745,3.6833319059405767
179.99966901577753,315.86008319244706,6.4641255302930745,3.6833319059405767
178.98128903936825,315.86008319244706,6.4641255302930745,3.6833319059405767
178.98128903936825,315.86008319244706,6.4641255302930745,3.6833319059405767
178.98128903936825,315.86008319244706,6.4641255302930745,3.6833319059405767
178.98128903936825,315.86008319244706,6.4641255302930745,3.6833319059405767
178.16532153445817,314.63613193508195,6.4641255302930745,3.6833319059405767
178.16532153445817,314.63613193508195,6.4641255302930745,3.6833319059405767
178.16532153445817,314.63613193508195,6.4641255302930745,3.6833319059405767
177.4015365521512,314.1269419468773,6.4641255302930745,3.6833319059405767
177.4015365521512,314.1269419468773,6.4641255302930745,3.6833319059405767
177.4015365521512,314.1269419468773,6.4641255302930745,3.6833319059405767
177.01782576571483,313.55137576722274,6.4641255302930745,3.6833319059405767
177.01782576571483,313.55137576722274,6.4641255302930745,3.6833319059405767
177.01782576571483,313.55137576722274,6.4641255302930745,3.6833319059405767
177.01782576571483,313.55137576722274,6.4641255302930745,3.6833319059405767
177.01782576571483,313.55137576722274,6.4641255302930745,3.6833319059405767
176.0910998951659,313.08801283194833,6.4641255302930745,3.6833319059405767
176.0910998951659,313.08801283194833,6.4641255302930745,3.6833319059405767
176.0910998951659,313.08801283194833,6.4641255302930745,3.6833319059405767
176.0910998951659,313.08801283194833,6.4641255302930745,3.6833319059405767
174.93269255697976,311.6979240261251,6.4641255302930745,3.6833319059405767
174.93269255697976,311.6979240261251,6.4641255302930745,3.6833319059405767
174.93269255697976,311.6979240261251,6.4641255302930745,3.6833319059405767
174.93269255697976,311.6979240261251,6.4641255302930745,3.6833319059405767
173.91382963816193,310.8769176249845,7.531433851775859,4.504338307081184
173.91382963816193,310.8769176249845,7.531433851775859,4.504338307081184
173.91382963816193,310.8769176249845,7.531433851775859,4.504338307081184
173.91382963816193,310.8769176249845,7.531433851775859,4.504338307081184
173.91382963816193,310.8769176249845,7.531433851775859,4.504338307081184
173.91382963816193,310.8769176249845,7.531433851775859,4.504338307081184
173.91382963816193,310.8769176249845,7.531433851775859,4.504338307081184
173.91382963816193,310.8769176249845,7.531433851775859,4.504338307081184
173.91382963816193,310.8769176249845,7.531433851775859,4.504338307081184
173.14640806528917,309.1502190860208,7.531433851775859,4.504338307081184
173.14640806528917,309.1502190860208,7.531433851775859,4.504338307081184
173.14640806528917,309.1502190860208,7.531433851775859,4.504338307081184
173.14640806528917,309.1502190860208,7.531433851775859,4.504338307081184
173.14640806528917,309.1502190860208,7.531433851775859,4.504338307081184
172.3304405603791,307.9262678286557,7.531433851775859,4.504338307081184
172.3304405603791,307.9262678286557,7.531433851775859,4.504338307081184
172.3304405603791,307.9262678286557,7.531433851775859,4.504338307081184
172.3304405603791,307.9262678286557,7.531433851775859,4.504338307081184
170.93156682160367,307.9262678286557,7.531433851775859,4.504338307081184
170.93156682160367,307.9262678286557,7.531433851775859,4.504338307081184
170.65179207384858,307.3667183331455,7.531433851775859,4.504338307081184
170.65179207384858,307.3667183331455,7.531433851775859,4.504338307081184
170.65179207384858,307.3667183331455,7.531433851775859,4.504338307081184
170.65179207384858,307.3667183331455,7.531433851775859,4.504338307081184
169.9605893710558,305.8154568746086,7.087604814399469,4.682114695572977
169.9605893710558,305.8154568746086,7.087604814399469,4.682114695572977
169.9605893710558,305.8154568746086,7.087604814399469,4.682114695572977
169.9605893710558,305.8154568746086,7.087604814399469,4.682114695572977
169.9605893710558,305.8154568746086,7.087604814399469,4.682114695572977
169.9605893710558,305.8154568746086,7.087604814399469,4.682114695572977
169.40103987554562,305.8154568746086,7.087604814399469,4.682114695572977
169.40103987554562,305.8154568746086,7.087604814399469,4.682114695572977
168.21872980155442,304.86873178274146,8.269914888390673,4.400612297003647
168.21872980155442,304.86873178274146,8.269914888390673,4.400612297003647
168.21872980155442,304.86873178274146,8.269914888390673,4.400612297003647
168.21872980155442,304.86873178274146,8.269914888390673,4.400612297003647
168.21872980155442,304.86873178274146,8.269914888390673,4.400612297003647
168.21872980155442,304.86873178274146,8.269914888390673,4.400612297003647
167.20104572661515,303.84497029230664,8.269914888390673,4.400612297003647
167.20104572661515,303.84497029230664,8.269914888390673,4.400612297003647
167.20104572661515,303.84497029230664,8.269914888390673,4.400612297003647
167.20104572661515,303.84497029230664,8.269914888390673,4.400612297003647
167.20104572661515,303.84497029230664,8.269914888390673,4.400612297003647
166.56855532729233,302.3691593605534,8.269914888390673,4.400612297003647
166.56855532729233,302.3691593605534,8.269914888390673,4.400612297003647
166.56855532729233,302.3691593605534,8.269914888390673,4.400612297003647
166.56855532729233,302.3691593605534,8.269914888390673,4.400612297003647
166.56855532729233,302.3691593605534,8.269914888390673,4.400612297003647
166.56855532729233,302.3691593605534,8.269914888390673,4.400612297003647
166.56855532729233,302.3691593605534,8.269914888390673,4.400612297003647
166.56855532729233,302.3691593605534,8.269914888390673,4.400612297003647
165.51603717102526,300.6588173566194,8.269914888390673,4.400612297003647
165.51603717102526,300.6588173566194,8.269914888390673,4.400612297003647
165.51603717102526,300.6588173566194,8.269914888390673,4.400612297003647
165.51603717102526,300.6588173566194,8.269914888390673,4.400612297003647
165.51603717102526,300.6588173566194,8.269914888390673,4.400612297003647
165.51603717102526,300.6588173566194,8.269914888390673,4.400612297003647
164.9564876755151,299.5397183655991,8.269914888390673,4.400612297003647
164.9564876755151,299.5397183655991,8.269914888390673,4.400612297003647
164.9564876755151,299.5397183655991,8.269914888390673,4.400612297003647
164.9564876755151,299.5397183655991,8.269914888390673,4.400612297003647
164.9564876755151,299.5397183655991,8.269914888390673,4.400612297003647
164.39693818000492,298.7003941223338,8.269914888390673,4.400612297003647
164.39693818000492,298.7003941223338,8.269914888390673,4.400612297003647
163.93182190093518,298.23527784326404,8.269914888390673,4.400612297003647
164.39693818000492,298.7003941223338,8.269914888390673,4.400612297003647
164.39693818000492,298.7003941223338,8.269914888390673,4.400612297003647
164.39693818000492,298.7003941223338,8.269914888390673,4.400612297003647
163.4088524678722,297.8017380769066,8.269914888390673,4.400612297003647
163.4088524678722,297.8017380769066,8.269914888390673,4.400612297003647
163.4088524678722,297.8017380769066,8.269914888390673,4.400612297003647
163.4088524678722,297.8017380769066,8.269914888390673,4.400612297003647
163.4088524678722,297.8017380769066,8.269914888390673,4.400612297003647
163.4088524678722,297.8017380769066,8.269914888390673,4.400612297003647
163.27728769833882,296.7492199206395,8.269914888390673,4.400612297003647
163.27728769833882,296.7492199206395,8.269914888390673,4.400612297003647
163.27728769833882,296.7492199206395,8.269914888390673,4.400612297003647
163.27728769833882,296.7492199206395,8.269914888390673,4.400612297003647
163.27728769833882,296.7492199206395,8.269914888390673,4.400612297003647
162.78289666244402,295.5994537430774,7.72601458749142,4.876525060290476
162.78289666244402,295.5994537430774,7.72601458749142,4.876525060290476
162.78289666244402,295.5994537430774,7.72601458749142,4.876525060290476
162.78289666244402,295.5994537430774,7.72601458749142,4.876525060290476
162.78289666244402,295.5994537430774,7.72601458749142,4.876525060290476
162.78289666244402,295.5994537430774,7.72601458749142,4.876525060290476
162.37491290998898,293.96751873325724,7.72601458749142,4.876525060290476
162.37491290998898,293.96751873325724,7.72601458749142,4.876525060290476
162.37491290998898,293.96751873325724,7.72601458749142,4.876525060290476
162.37491290998898,293.96751873325724,7.72601458749142,4.876525060290476
162.37491290998898,293.96751873325724,7.72601458749142,4.876525060290476
162.37491290998898,293.96751873325724,7.72601458749142,4.876525060290476
162.37491290998898,293.96751873325724,7.72601458749142,4.876525060290476
161.2921116381306,292.8847174613989,7.72601458749142,4.876525060290476
161.2921116381306,292.8847174613989,7.72601458749142,4.876525060290476
161.2921116381306,292.8847174613989,7.72601458749142,4.876525060290476
161.2921116381306,292.8847174613989,7.72601458749142,4.876525060290476
161.2921116381306,292.8847174613989,7.72601458749142,4.876525060290476
161.2921116381306,292.8847174613989,7.72601458749142,4.876525060290476
161.2921116381306,292.8847174613989,7.72601458749142,4.876525060290476
161.2921116381306,292.8847174613989,7.72601458749142,4.876525060290476
160.5495811238391,291.3996564328159,7.72601458749142,4.876525060290476
160.5495811238391,291.3996564328159,7.72601458749142,4.876525060290476
160.5495811238391,291.3996564328159,7.72601458749142,4.876525060290476
160.5495811238391,291.3996564328159,7.72601458749142,4.876525060290476
160.5495811238391,291.3996564328159,7.72601458749142,4.876525060290476
160.5495811238391,291.3996564328159,7.72601458749142,4.876525060290476
160.5495811238391,291.3996564328159,7.72601458749142,4.876525060290476
160.5495811238391,291.3996564328159,7.72601458749142,4.876525060290476
160.5495811238391,291.3996564328159,7.72601458749142,4.876525060290476
159.78579614153213,290.3812764564066,7.72601458749142,4.876525060290476
159.78579614153213,290.3812764564066,7.72601458749142,4.876525060290476
159.78579614153213,290.3812764564066,7.72601458749142,4.876525060290476
159.12681755833609,289.72229787321055,7.72601458749142,4.876525060290476
158.9424756091017,289.3271257908686,7.72601458749142,4.876525060290476
158.9424756091017,289.3271257908686,7.72601458749142,4.876525060290476
158.9424756091017,289.3271257908686,7.72601458749142,4.876525060290476
158.9424756091017,289.3271257908686,7.72601458749142,4.876525060290476
158.9424756091017,289.3271257908686,7.72601458749142,4.876525060290476
158.9424756091017,289.3271257908686,7.72601458749142,4.876525060290476
157.91306384439582,288.88594932028036,7.72601458749142,4.876525060290476
158.15877654954056,289.17038597895635,7.72601458749142,4.876525060290476
157.82867983766445,289.3271257908686,7.72601458749142,4.876525060290476
157.82867983766445,289.3271257908686,7.72601458749142,4.876525060290476
156.98535930523403,287.98159427186295,7.72601458749142,4.876525060290476
156.82692166319688,287.80797599426637,7.445049144283843,5.082055285445961
156.82692166319688,287.80797599426637,7.445049144283843,5.082055285445961
156.82692166319688,287.80797599426637,7.445049144283843,5.082055285445961
156.82692166319688,287.80797599426637,7.445049144283843,5.082055285445961
156.82692166319688,287.80797599426637,7.445049144283843,5.082055285445961
156.82692166319688,287.80797599426637,7.445049144283843,5.082055285445961
156.2713661076413,286.97464266093306,7.445049144283843,5.082055285445961
156.22571925838727,287.00637278785354,7.445049144283843,5.082055285445961
155.9618697600827,286.9429240911522,7.445049144283843,5.082055285445961
155.83961559831678,286.39753875872333,7.445049144283843,5.082055285445961
155.72282071682466,286.2306889280203,7.445049144283843,5.082055285445961
154.69049686829746,285.8713132733732,8.80269422404018,5.718451416581729
154.69049686829746,285.8713132733732,8.80269422404018,5.718451416581729
154.69049686829746,285.8713132733732,8.80269422404018,5.718451416581729
154.69049686829746,285.8713132733732,8.80269422404018,5.718451416581729
154.69049686829746,285.8713132733732,8.80269422404018,5.718451416581729
154.69049686829746,285.8713132733732,8.80269422404018,5.718451416581729
154.69049686829746,285.8713132733732,8.80269422404018,5.718451416581729
154.16325609501098,285.1683255756579,7.699661303934533,5.165593580756877
152.80147571062278,284.2642333047652,8.80269422404018,5.718451416581729
152.80147571062278,284.2642333047652,8.80269422404018,5.718451416581729
152.80147571062278,284.2642333047652,8.80269422404018,5.718451416581729
152.80147571062278,284.2642333047652,8.80269422404018,5.718451416581729
152.80147571062278,284.2642333047652,8.80269422404018,5.718451416581729
152.80147571062278,284.2642333047652,8.80269422404018,5.718451416581729
152.80147571062278,284.2642333047652,8.80269422404018,5.718451416581729
152.80147571062278,284.2642333047652,8.80269422404018,5.718451416581729
152.53900851902173,283.47683172996204,8.80269422404018,5.718451416581729
151.8651461226078,282.5788400463382,8.80269422404018,5.718451416581729
151.96215146735753,282.86535956598976,8.80269422404018,5.718451416581729
151.96215146735753,282.86535956598976,8.80269422404018,5.718451416581729
151.96215146735753,282.86535956598976,8.80269422404018,5.718451416581729
151.96215146735753,282.86535956598976,8.80269422404018,5.718451416581729
151.6466940541083,282.2344447394914,8.132485756617257,4.989530023915563
151.82609704558882,282.4571963006836,8.173902954411176,5.297905740132705
151.6752074214465,281.71758338234554,8.1526261510069,5.800350620523886
150.8430524763372,281.46648582721434,8.80269422404018,5.718451416581729
150.8430524763372,281.46648582721434,8.80269422404018,5.718451416581729
150.8430524763372,281.46648582721434,8.80269422404018,5.718451416581729
150.31949226691313,280.94292561779025,8.80269422404018,5.718451416581729
150.04867514265524,280.9898594270052,8.80269422404018,5.718451416581729
150.04867514265524,280.9898594270052,8.80269422404018,5.718451416581729
150.04867514265524,280.9898594270052,8.80269422404018,5.718451416581729
150.04867514265524,280.9898594270052,8.80269422404018,5.718451416581729
149.46501755510658,280.21164931027363,8.80269422404018,5.718451416581729
149.03447635969377,280.17850040063604,8.80269422404018,5.718451416581729
148.81028504977598,279.7514693341259,8.80269422404018,5.718451416581729
149.34937444335452,279.5912580284038,8.80269422404018,5.718451416581729
149.1533253908149,279.5853196869602,8.80269422404018,5.718451416581729
149.1533253908149,279.5853196869602,8.80269422404018,5.718451416581729
149.1533253908149,279.5853196869602,8.80269422404018,5.718451416581729
149.1533253908149,279.5853196869602,8.80269422404018,5.718451416581729
148.85302509051462,278.98471908635963,8.80269422404018,5.718451416581729
148.31400114754965,277.9066712004297,8.80269422404018,5.718451416581729
148.31400114754965,277.9066712004297,8.80269422404018,5.718451416581729
148.31400114754965,277.9066712004297,8.80269422404018,5.718451416581729
148.31400114754965,277.9066712004297,8.80269422404018,5.718451416581729
148.31400114754965,277.9066712004297,8.80269422404018,5.718451416581729
148.31400114754965,277.9066712004297,8.80269422404018,5.718451416581729
147.82934848195998,277.5835694233699,8.80269422404018,5.718451416581729
147.34026052403382,276.6008137334393,8.80269422404018,5.718451416581729
146.82059125596754,276.38341977406026,8.80269422404018,5.718451416581729
147.00012446961205,276.53855532799133,8.80269422404018,5.718451416581729
147.00012446961205,276.53855532799133,8.80269422404018,5.718451416581729
147.00012446961205,276.53855532799133,8.80269422404018,5.718451416581729
147.00012446961205,276.53855532799133,8.80269422404018,5.718451416581729
147.00012446961205,276.53855532799133,8.80269422404018,5.718451416581729
146.69267972588722,275.308776353092,8.80269422404018,5.718451416581729
146.69267972588722,275.308776353092,8.80269422404018,5.718451416581729
146.69267972588722,275.308776353092,8.80269422404018,5.718451416581729
146.69267972588722,275.308776353092,8.80269422404018,5.718451416581729
146.69267972588722,275.308776353092,8.80269422404018,5.718451416581729
145.85934639255387,275.308776353092,8.80269422404018,5.718451416581729
145.35488708374675,273.882304274446,8.80269422404018,5.718451416581729
145.4687284685221,274.1738349663824,8.80269422404018,5.718451416581729
145.23937067035695,273.4982153889819,8.80269422404018,5.718451416581729
144.59153548606596,273.2688575908168,8.80269422404018,5.718451416581729
144.3360423843797,273.43066988855145,8.80269422404018,5.718451416581729
145.01001287219185,273.2688575908168,8.80269422404018,5.718451416581729
144.0720211710581,272.68656298459086,8.80269422404018,5.718451416581729
144.0720211710581,272.68656298459086,8.80269422404018,5.718451416581729
144.0720211710581,272.68656298459086,8.80269422404018,5.718451416581729
144.0720211710581,272.68656298459086,8.80269422404018,5.718451416581729
144.0720211710581,272.68656298459086,8.80269422404018,5.718451416581729
143.50059259962956,272.11513441316225,8.80269422404018,5.718451416581729
143.11274420496716,271.7272860184999,8.80269422404018,5.718451416581729
143.11274420496716,271.7272860184999,8.80269422404018,5.718451416581729
143.11274420496716,271.7272860184999,8.80269422404018,5.718451416581729
142.8376410412808,270.6268733637544,8.80269422404018,5.718451416581729
142.48025380564434,270.449446463655,8.80269422404018,5.718451416581729
142.48025380564434,270.449446463655,8.80269422404018,5.718451416581729
142.48025380564434,270.449446463655,8.80269422404018,5.718451416581729
142.48025380564434,270.449446463655,8.80269422404018,5.718451416581729
141.98764996496004,269.39349975053364,8.80269422404018,5.718451416581729
141.98764996496004,269.39349975053364,8.80269422404018,5.718451416581729
141.98764996496004,269.39349975053364,8.80269422404018,5.718451416581729
141.98764996496004,269.39349975053364,8.80269422404018,5.718451416581729
141.6802052212352,268.1637207756343,8.80269422404018,5.718451416581729
141.6802052212352,268.1637207756343,8.80269422404018,5.718451416581729
141.1971134337956,267.51959839238145,8.239279480858187,5.266230915187009
140.2976020888765,267.2320274598936,8.755984167929768,5.159776384672909
140.2976020888765,267.2320274598936,8.755984167929768,5.159776384672909
140.2976020888765,266.56977580426445,8.755984167929768,5.159776384672909
140.2976020888765,266.3986941265602,8.755984167929768,5.159776384672909
140.0084487789241,265.96714072298994,8.755984167929768,5.159776384672909
140.0084487789241,265.96714072298994,8.755984167929768,5.159776384672909
140.0084487789241,265.96714072298994,8.755984167929768,5.159776384672909
139.4765338853071,264.9033109357559,9.105026398380858,6.018674879846969
138.83542825106488,264.3542374971835,9.698296089111068,6.1736217403531555
138.6084487789241,264.1671407229899,9.591551221075889,5.632859277010084
138.7354738084125,264.1849757642737,8.755984167929768,5.159776384672909
138.7354738084125,264.1849757642737,8.755984167929768,5.159776384672909
138.7354738084125,264.1849757642737,8.755984167929768,5.159776384672909
137.7326084788996,262.8955774834714,9.258795532561692,6.302130252918232
137.15756453819554,262.2125891765025,10.376952227090442,6.03198676038113
136.87184789664667,261.41256686051327,10.117094715348657,7.201442205801243
136.87184789664667,261.41256686051327,10.117094715348657,7.201442205801243
136.87184789664667,260.73686401975715,10.117094715348657,7.201442205801243
136.87184789664667,260.73686401975715,10.117094715348657,7.201442205801243
135.8642912215837,259.7293073446942,10.117094715348657,7.201442205801243
135.64789663928156,259.104929009937,10.117094715348657,7.201442205801243
135.64789663928156,259.104929009937,10.117094715348657,7.201442205801243
135.64789663928156,259.104929009937,10.117094715348657,7.201442205801243
135.64789663928156,259.104929009937,10.117094715348657,7.201442205801243
135.64789663928156,257.8751500350377,10.117094715348657,7.201442205801243
135.64789663928156,257.8751500350377,10.117094715348657,7.201442205801243
135.0695900193768,257.441420070109,9.220555759162067,6.304903249614654
135.0695900193768,257.441420070109,9.220555759162067,6.304903249614654
135.0695900193768,256.92238892824054,9.220555759162067,6.304903249614654
134.71623312891742,255.67463561781216,9.983413514192108,7.399569329184317
135.0695900193768,255.70999813053862,9.220555759162067,6.304903249614654
135.0695900193768,255.70999813053862,9.220555759162067,6.304903249614654
133.7994931647791,254.36518969625874,9.594113657573132,6.529037988661315
133.7994931647791,254.36518969625874,9.594113657573132,6.529037988661315
133.16524369332035,253.5195237343137,10.175136856362514,6.9455925447560105
133.7994931647791,253.58292111738004,9.594113657573132,6.529037988661315
133.29030317657447,252.87901049310554,9.594113657573132,6.529037988661315
132.92467246359456,252.87014328799202,9.594113657573132,6.529037988661315
132.5265181942675,250.92900002758054,9.594113657573132,6.529037988661315
132.5265181942675,250.92900002758054,9.594113657573132,6.529037988661315
132.5265181942675,250.92900002758054,9.594113657573132,6.529037988661315
131.98123680632412,249.79199810358048,9.594113657573132,6.529037988661656
131.98123680632412,249.79199810358048,9.594113657573132,6.529037988661656
131.98123680632412,249.79199810358048,9.594113657573132,6.529037988661656
131.2915816339103,248.92992913806324,9.594113657573132,6.529037988661628
131.1379162738937,248.73784743804245,9.594113657573132,6.529037988661656
130.93215495702125,247.70904085368034,9.594113657573132,6.529037988661656
129.73440750196386,247.1589000696214,10.61646969101858,7.227064842659274
129.6863033706679,246.47978292191343,10.95885791965469,7.391184820022062
129.03287996135947,246.33196973864378,11.699149970107356,6.529037988661656
129.03287996135947,246.33196973864378,11.699149970107356,6.529037988661656
129.03287996135947,246.33196973864378,11.699149970107356,6.529037988661656
128.4559568844364,244.40889281556684,10.967120038640502,7.898799492125448
128.0193257002253,244.98056405713155,11.699149970107385,6.529037988661656
127.8973744807131,243.7610518620096,11.00506454367715,7.092606674575791
128.0193257002253,243.55538590986313,11.173073349655937,7.038438318165362
126.93678172187617,242.40952210855238,11.699149970107385,6.529037988661656
127.25554071791838,241.96309938230974,10.922333468632601,7.169221658905002
127.25554071791838,242.18001912200603,11.699149970107342,6.529037988661656
127.25554071791838,242.18001912200603,11.699149970107342,6.529037988661656
127.25554071791838,242.18001912200603,11.699149970107342,6.529037988661656
127.25554071791838,242.18001912200603,11.699149970107342,6.529037988661656
126.55554071791839,240.08001912200604,11.044459282081604,8.419980877993964
126.83240954725547,239.9233195451372,10.12104602397163,8.454677633988354
126.24350413308501,239.71918063480908,10.687113385273946,8.842264468280831
126.24350413308501,239.71918063480908,10.687113385273946,8.842264468280831
126.24350413308501,239.71918063480908,10.687113385273946,8.842264468280831
126.24350413308501,239.71918063480908,10.687113385273946,8.842264468280831
126.24350413308501,239.71918063480908,10.687113385273946,8.842264468280831
126.24350413308501,239.71918063480908,10.687113385273946,8.842264468280831
126.24350413308501,239.71918063480908,10.687113385273946,8.842264468280831
126.24350413308501,239.71918063480908,10.687113385273946,8.842264468280831
126.24350413308501,239.71918063480908,10.687113385273946,8.842264468280831
126.24350413308501,239.71918063480908,10.687113385273946,8.842264468280831
125.83552038062997,238.08724562498892,10.687113385273946,8.842264468280831
125.83552038062997,238.08724562498892,10.687113385273946,8.842264468280831
125.83552038062997,238.08724562498892,10.687113385273946,8.842264468280831
125.83552038062997,238.08724562498892,10.687113385273946,8.842264468280831
125.83552038062997,238.08724562498892,10.687113385273946,8.842264468280831
125.83552038062997,238.08724562498892,10.687113385273946,8.842264468280831
125.83552038062997,238.08724562498892,10.687113385273946,8.842264468280831
125.83552038062997,238.08724562498892,10.687113385273946,8.842264468280831
125.83552038062997,238.08724562498892,10.687113385273946,8.842264468280831
125.83552038062997,238.08724562498892,10.687113385273946,8.842264468280831
125.83552038062997,238.08724562498892,10.687113385273946,8.842264468280831
125.83552038062997,238.08724562498892,10.687113385273946,8.842264468280831
125.83552038062997,238.08724562498892,10.687113385273946,8.842264468280831
125.83552038062997,238.08724562498892,10.687113385273946,8.842264468280831
125.83552038062997,238.08724562498892,10.687113385273946,8.842264468280831
125.83552038062997,238.08724562498892,10.687113385273946,8.842264468280831
125.83552038062997,238.08724562498892,10.687113385273946,8.842264468280831
125.83552038062997,238.08724562498892,10.687113385273946,8.842264468280831
125.83552038062997,238.08724562498892,10.687113385273946,8.842264468280831
125.83552038062997,238.08724562498892,10.687113385273946,8.842264468280831
125.83552038062997,238.08724562498892,10.687113385273946,8.842264468280831
125.83552038062997,238.08724562498892,10.687113385273946,8.842264468280831
125.83552038062997,238.08724562498892,10.687113385273946,8.842264468280831
125.83552038062997,238.08724562498892,10.687113385273946,8.842264468280831
125.83552038062997,238.08724562498892,10.687113385273946,8.842264468280831
125.83552038062997,238.08724562498892,10.687113385273946,8.842264468280831
124.69138801542341,239.68004514551419,10.573582884994536,5.4756054225864546
124.69138801542341,239.68004514551419,10.573582884994536,5.4756054225864546
124.69138801542341,239.68004514551419,10.573582884994536,5.4756054225864546
124.69138801542341,239.68004514551419,10.573582884994536,5.4756054225864546
124.69138801542341,239.68004514551419,10.573582884994536,5.4756054225864546
124.69138801542341,239.68004514551419,10.573582884994536,5.4756054225864546
124.69138801542341,238.0570593858723,10.573582884994536,5.4756054225864546
124.69138801542341,238.0570593858723,10.573582884994536,5.4756054225864546
124.69138801542341,238.0570593858723,10.573582884994536,5.4756054225864546
124.69138801542341,238.0570593858723,10.573582884994536,5.4756054225864546
123.42496389281062,237.07858551867074,10.913520573056658,6.223468336322924
123.42496389281062,237.07858551867074,10.913520573056658,6.223468336322924
123.42496389281062,237.07858551867074,10.913520573056658,6.223468336322924
123.42496389281062,237.07858551867074,10.913520573056658,6.223468336322924
122.96160095753616,236.12310793015953,10.913520573056658,6.223468336322924
122.96160095753616,236.12310793015953,10.913520573056658,6.223468336322924
122.96160095753616,236.12310793015953,10.913520573056658,6.223468336322924
122.28589811678007,235.44740508940342,10.91352057305663,6.223468336322924
122.28589811678007,235.44740508940342,10.91352057305663,6.223468336322924
122.28589811678007,235.44740508940342,10.91352057305663,6.223468336322924
121.38923053700692,234.10240371974365,10.913520573056601,6.223468336322924
121.38923053700692,234.10240371974365,10.913520573056601,6.223468336322924
121.38923053700692,234.10240371974365,10.913520573056601,6.223468336322924
121.38923053700692,234.10240371974365,10.913520573056601,6.223468336322924
120.67078347470104,233.38395665743775,10.913520573056616,6.223468336322924
120.67078347470104,233.38395665743775,10.913520573056616,6.223468336322924
120.67078347470104,233.38395665743775,10.913520573056616,6.223468336322924
119.55698770326383,232.2701608860005,10.913520573056573,6.223468336322924
119.55698770326383,232.2701608860005,10.913520573056573,6.223468336322924
119.04779771505922,230.9971859154889,10.913520573056545,6.223468336322924
119.04779771505922,230.9971859154889,10.913520573056545,6.223468336322924
119.04779771505922,230.9971859154889,10.913520573056545,6.223468336322924
119.04779771505922,230.9971859154889,10.913520573056545,6.223468336322924
117.8238464576941,229.36525090566874,10.913520573056545,6.223468336322924
117.8238464576941,229.36525090566874,10.913520573056545,6.223468336322924
117.28244582176491,228.28244963381036,10.913520573056545,6.223468336322924
117.28244582176491,228.28244963381036,10.913520573056545,6.223468336322924
116.05266684686565,227.36011540263587,10.913520573056545,6.223468336322924
116.05266684686565,227.36011540263587,10.913520573056545,6.223468336322924
115.68140158971991,226.61758488834437,10.913520573056545,6.223468336322924
115.68140158971991,226.61758488834437,10.913520573056545,6.223468336322924
114.86543408480983,224.9856498785242,10.913520573056545,6.223468336322924
114.86543408480983,224.9856498785242,10.913520573056545,6.223468336322924
114.2505445973602,224.37076039107455,10.913520573056545,6.223468336322924
114.2505445973602,224.37076039107455,10.913520573056545,6.223468336322924
114.2505445973602,224.37076039107455,10.913520573056545,6.223468336322924
112.39421831163152,222.5144341053458,10.913520573056545,6.223468336322924
112.39421831163152,222.5144341053458,10.913520573056545,6.223468336322924
112.39421831163152,222.5144341053458,10.913520573056545,6.223468336322924
112.39421831163152,222.5144341053458,10.913520573056545,6.223468336322924
111.57825080672144,220.88249909552565,10.913520573056545,6.223468336322924
111.57825080672144,220.88249909552565,10.913520573056545,6.223468336322924
110.35429954935633,219.65854783816053,10.913520573056545,6.223468336322924
110.35429954935633,219.65854783816053,10.913520573056545,6.223468336322924
109.90596575946975,218.76188025838735,10.913520573056545,6.223468336322924
109.90596575946975,218.76188025838735,10.913520573056545,6.223468336322924
109.90596575946975,218.76188025838735,10.913520573056545,6.223468336322924
106.55735084580155,216.33883138918014,11.866773373474956,7.1767211367413495
106.55735084580155,216.33883138918014,11.866773373474956,7.1767211367413495
106.55735084580155,216.33883138918014,11.866773373474956,7.1767211367413495
106.06467617908365,214.86080738902643,11.866773373474956,7.1767211367413495
106.06467617908365,214.86080738902643,11.866773373474956,7.1767211367413495
104.98187490722526,213.23660548123885,11.866773373474956,7.1767211367413495
103.6,211.9,12.200000000000003,8.5
104.1077490330994,211.6631789078123,11.276866351515991,8.441716197082826
103.17404501596299,211.1499732422533,11.322029471202015,8.048311380378067
103.17404501596299,211.1499732422533,11.322029471202015,8.048311380378067
101.91095830993252,209.88688653622285,12.646984838478787,8.32666453220213
101.91095830993252,209.88688653622285,12.646984838478787,8.32666453220213
101.91095830993252,209.88688653622285,12.646984838478787,8.32666453220213
101.21591390702083,207.76835864222218,11.754694317806454,8.128377749830491
101.21591390702083,207.76835864222218,11.754694317806454,8.128377749830491
100.2023596458867,207.09265580146607,11.754694317806454,8.128377749830491
100.2023596458867,207.09265580146607,11.754694317806454,8.128377749830491
99.64281015037653,205.69378206269064,11.754694317806454,8.128377749830491
99.64281015037653,205.69378206269064,11.754694317806454,8.128377749830491
99.64281015037653,205.69378206269064,11.754694317806454,8.128377749830491
99.64281015037653,205.69378206269064,11.754694317806454,8.128377749830491
97.41521860750211,202.72366000552464,11.754694317806454,8.128377749830491
97.41521860750211,202.72366000552464,11.754694317806454,8.128377749830491
97.12494284552824,201.56255695762914,11.147916370727202,8.887370473430337
96.80032912005248,201.80132577435015,11.754694317806454,8.128377749830491
96.80032912005248,201.80132577435015,11.754694317806454,8.128377749830491
96.80032912005248,201.80132577435015,11.754694317806454,8.128377749830491
96.05779860576101,200.6875300029129,11.754694317806454,8.128377749830491
96.05779860576101,200.6875300029129,11.754694317806454,8.128377749830491
96.05779860576101,200.6875300029129,11.754694317806454,8.128377749830491
96.05779860576101,200.6875300029129,11.754694317806454,8.128377749830491
96.05779860576101,200.6875300029129,11.754694317806454,8.128377749830491
94.70639292424883,198.9982729010226,11.754694317806454,8.128377749830491
94.70639292424883,198.9982729010226,11.754694317806454,8.128377749830491
94.70639292424883,198.9982729010226,11.754694317806454,8.128377749830491
94.70639292424883,198.9982729010226,11.754694317806454,8.128377749830491
93.96386240995736,197.88447712958535,11.754694317806454,8.128377749830491
93.96386240995736,197.88447712958535,11.754694317806454,8.128377749830491
93.96386240995736,197.88447712958535,11.754694317806454,8.128377749830491
93.04152817878291,196.03980866723637,11.754694317806454,8.128377749830491
93.04152817878291,196.03980866723637,11.754694317806454,8.128377749830491
93.04152817878291,196.03980866723637,11.754694317806454,8.128377749830491
93.04152817878291,196.03980866723637,11.754694317806454,8.128377749830491
91.51880803851425,194.2939098306263,11.982425982713252,9.181339389351706
91.51880803851425,194.2939098306263,11.982425982713252,9.181339389351706
91.51880803851425,194.2939098306263,11.982425982713252,9.181339389351706
91.51880803851425,194.2939098306263,11.982425982713252,9.181339389351706
91.51880803851425,194.2939098306263,11.982425982713252,9.181339389351706
91.51880803851425,194.2939098306263,11.982425982713252,9.181339389351706
91.51880803851425,194.2939098306263,11.982425982713252,9.181339389351706
91.22895296605049,192.84463446830745,11.982425982713252,9.181339389351706
91.51880803851425,192.2539910683511,11.982425982713252,9.181339389351706
91.51880803851425,192.2539910683511,11.982425982713252,9.181339389351706
91.51880803851425,192.2539910683511,11.851978478339689,8.682338519663887
90.48939627380837,191.66575577423345,11.982425982713252,9.181339389351706
90.44992442806296,191.5414019947169,11.982425982713252,9.181339389351706
90.11529926658443,190.85048229642126,11.982425982713252,9.181339389351706
89.75113127083749,190.73883955319957,11.982425982713252,9.181339389351706
90.03181919093062,191.88224385645518,11.982425982713252,9.181339389351706
90.43600676665586,191.1711897964927,11.982425982713252,9.181339389351706
89.73018683475044,191.6254308589991,12.141462055479977,8.493323221908526
89.73018683475044,191.6254308589991,12.141462055479977,8.493323221908526
89.73018683475044,191.6254308589991,12.141462055479977,8.493323221908526
89.73018683475044,191.6254308589991,12.141462055479977,8.493323221908526
89.73018683475044,191.6254308589991,12.141462055479977,8.493323221908526
89.73018683475044,191.6254308589991,12.141462055479977,8.493323221908526
89.29350561204302,193.3721557498288,12.141462055479977,8.493323221908526
89.73018683475044,193.24963276678668,12.141462055479977,8.493323221908526
89.73018683475044,193.24963276678668,12.141462055479977,8.493323221908526
89.28770895864425,194.57706639510528,12.141462055479977,8.493323221908526
89.01173977244456,194.68652689139847,12.141462055479977,8.493323221908526
89.01173977244456,194.68652689139847,12.141462055479977,8.493323221908526
89.01173977244456,194.68652689139847,12.141462055479977,8.493323221908526
89.01173977244456,196.13580225371732,12.141462055479977,8.493323221908526
89.54365466606157,195.7503566786325,12.141462055479977,8.493323221908526
88.26547111572813,196.1790642048313,12.141462055479977,8.493323221908526
89.01173977244456,197.11813783364772,12.141462055479977,8.493323221908526
88.48548069431102,197.49695889777027,12.141462055479977,8.493323221908526
88.48548069431102,197.49695889777027,12.141462055479977,8.493323221908526
88.48548069431102,198.31292640268035,12.141462055479977,8.493323221908526
88.48548069431102,198.31292640268035,12.141462055479977,8.493323221908526
88.48548069431102,198.31292640268035,12.141462055479977,8.493323221908526
88.48548069431102,198.31292640268035,12.141462055479977,8.493323221908526
88.48548069431102,199.79798743126335,12.141462055479977,8.493323221908526
88.48548069431102,199.79798743126335,12.141462055479977,8.493323221908526
88.48548069431102,199.79798743126335,12.141462055479977,8.493323221908526
88.48548069431102,199.79798743126335,12.141462055479977,8.493323221908526
87.78712704557908,200.26218041072164,12.141462055479977,10.588384168104398
87.78712704557908,200.26218041072164,12.141462055479977,10.588384168104398
87.78712704557908,200.26218041072164,12.141462055479977,10.588384168104398
87.78712704557908,200.26218041072164,12.141462055479977,10.588384168104398
87.78712704557908,200.26218041072164,12.141462055479977,10.588384168104398
87.78712704557908,200.26218041072164,12.141462055479977,10.588384168104398
87.78712704557908,200.26218041072164,12.141462055479977,10.588384168104398
87.78712704557908,201.15884799049482,12.141462055479977,10.588384168104398
87.78712704557908,201.15884799049482,12.141462055479977,10.588384168104398
87.47390396659708,202.2964509394572,12.454685134461982,9.450781219142016
87.67123287671231,202.73972602739724,12.06166150810408,9.39889556368729
87.78712704557908,202.37465346161943,12.141462055479977,10.588384168104398
87.78712704557908,203.3925548641106,12.141462055479977,10.588384168104398
88.1903528520307,203.80541953446146,12.141462055479977,10.588384168104398
87.78712704557908,204.04501747742546,12.141462055479977,10.588384168104398
87.78712704557908,204.04501747742546,12.141462055479977,10.588384168104398
87.78712704557908,204.0326362397184,12.141462055479977,10.588384168104398
87.78712704557908,204.0326362397184,12.141462055479977,10.588384168104398
87.78712704557908,204.0326362397184,12.141462055479977,10.588384168104398
87.12871287128712,205.28052805280527,12.79987622977194,9.340492355017545
87.5,205.88235294117644,12.42858910105906,9.47396158429342
87.71433011131042,207.02117483630877,11.883121370761828,8.599627307788154
87.23291602604233,207.16646593726824,12.156316136212425,8.848767222826012
86.98147722166301,207.72575421608894,12.293657826420088,8.455131754035762
86.46521245756261,207.91893299238362,12.760505591980348,8.299515832182323
87.0254426604757,208.1867996448915,12.045484955741372,8.431839469018968
86.71713241540066,208.6463864268542,13.050449463298193,8.478635957047231
86.68080313801953,208.97634010881734,12.483475071127302,8.664329729732202
86.68111876350058,209.08440687705846,12.449273748273512,8.247643858231186
86.70158046789322,208.83559449212882,12.277390089953812,9.646520784963712
86.57318258593773,209.09395294438212,12.59747940967641,9.861375284497825
86.59770394199808,210.04922185907333,12.40266958066762,8.894843840680807
87.12568883426005,210.27649335897954,11.543589749252149,9.134492758103875
86.61367330162592,210.77452120812828,12.183775107611297,8.46669117647565
86.45012029269063,211.00287825056722,12.321444882838549,8.67319583931652
86.63024940458614,211.00895474994425,12.272908705797235,8.732646579124946
85.87640285575205,211.03219751492063,12.320112200819523,9.157478034325635
85.90587043134653,211.86108851409833,12.872123983747528,8.879700502157391
85.90587043134653,211.86108851409833,12.872123983747528,8.879700502157391
86.19020965460952,210.9754598560969,12.966427288879785,8.14316689639793
85.96606435921916,213.07435613116027,12.102836897404472,8.396343097574345
85.98073077773843,213.10481375617442,11.619322165055266,8.299515832182323
85.5219954577926,213.02934368960734,12.604889670126923,9.025723467498295
85.5219954577926,213.02934368960734,12.604889670126923,9.025723467498295
85.5219954577926,213.02934368960734,12.604889670126923,9.025723467498295
85.72520918751287,214.07414655093754,12.293657826420088,8.714491623791446
85.72520918751287,214.07414655093754,12.293657826420088,8.714491623791446
85.72520918751287,214.07414655093754,12.293657826420088,8.714491623791446
85.72520918751287,214.07414655093754,12.293657826420088,8.714491623791446
85.72520918751287,214.07414655093754,12.293657826420088,8.714491623791446
85.72520918751287,214.07414655093754,12.293657826420088,8.714491623791446
85.72520918751287,214.07414655093754,12.293657826420088,8.714491623791446
84.7543354011051,216.50133101695695,12.293657826420088,8.714491623791446
85.14717450543195,216.38628527926122,12.293657826420088,8.714491623791446
85.13026325322465,217.0488762223787,12.293657826420088,8.714491623791446
85.13026325322465,217.0488762223787,12.293657826420088,8.714491623791446
85.44829424688837,218.12788528955812,11.855200316920147,8.924701362175824
85.44829424688837,218.12788528955812,11.855200316920147,8.924701362175824
85.44829424688837,218.12788528955812,11.855200316920147,8.924701362175824
85.44829424688837,218.12788528955812,11.855200316920147,8.924701362175824
85.11826124358804,219.44801730275944,11.855200316920147,8.924701362175824
84.63196771627612,218.53604855486424,11.855200316920147,8.924701362175824
85.1127237770897,219.1345966989541,11.855200316920147,8.924701362175824
84.76570039023308,219.83436993119636,11.855200316920147,8.924701362175824
84.45326937126649,220.1179350408019,11.855200316920147,8.924701362175824
84.01942143291049,220.52222458272345,12.835739341011447,9.251547703539586
84.01942143291049,220.52222458272345,12.835739341011447,9.251547703539586
83.8490636816328,220.69258233400114,12.835739341011447,9.251547703539586
83.73533052381958,220.80631549181436,12.835739341011447,9.251547703539586
83.25019066367973,221.29145535195423,12.835739341011447,9.251547703539586
83.52190899509955,222.26351811506177,12.835739341011447,9.251547703539586
83.32174701430583,222.15013155946764,12.835739341011447,9.251547703539586
84.01942143291049,223.49234663988946,12.835739341011447,9.251547703539586
84.01942143291049,223.49234663988946,12.835739341011447,9.251547703539586
84.01942143291049,223.49234663988946,12.835739341011447,9.251547703539586
84.01942143291049,223.49234663988946,12.835739341011447,9.251547703539586
82.91648025643991,224.96293487518358,12.835739341011447,9.251547703539586
82.44874080463825,225.64768782680716,12.835739341011447,9.251547703539586
82.66195536956207,225.64768782680716,12.835739341011447,9.251547703539586
82.59896688745594,226.49996055407988,12.835739341011447,9.251547703539586
82.58252730829872,225.64768782680716,12.835739341011447,9.251547703539586
82.58252730829872,225.64768782680716,12.835739341011447,9.251547703539586
82.58252730829872,226.803757190969,12.835739341011447,9.251547703539586
82.58252730829872,227.95982655513086,12.835739341011447,9.251547703539586
82.58252730829872,228.38106369580578,12.835739341011447,9.251547703539586
82.91256031159905,228.79312802362585,12.835739341011447,9.251547703539586
82.58252730829872,229.1363623470582,12.835739341011447,9.251547703539586
82.18412093379673,229.7950608862348,12.835739341011447,9.251547703539586
82.18412093379673,230.67681726294845,12.835739341011447,9.251547703539586
81.91363098722849,230.67681726294845,12.835739341011447,9.251547703539586
81.4513055888417,231.12930595073124,12.835739341011447,9.251547703539586
81.7628551771512,231.08665332852223,12.835739341011447,9.251547703539586
81.38730818479274,232.2704427609564,12.835739341011447,9.251547703539586
81.38730818479274,233.0672555099604,12.835739341011447,9.251547703539586
81.09553846071508,233.55060551217204,12.835739341011447,9.251547703539586
81.38730818479276,233.55060551217204,12.835739341011447,9.251547703539586
81.42645794413687,234.12864019425297,12.835739341011447,9.251547703539586
81.68162640739781,234.75180671337324,12.835739341011447,9.251547703539586
81.86408024599284,235.70594669908974,12.835739341011447,9.251547703539586
81.86408024599284,235.70594669908974,12.835739341011447,9.251547703539586
81.86408024599284,235.70594669908974,12.835739341011447,9.251547703539586
81.56377994569254,236.60684759999066,12.835739341011447,9.251547703539586
81.53404724269251,237.3561117155914,12.835739341011447,9.251547703539586
81.86408024599284,237.37818750176532,12.835739341011447,9.251547703539586
81.86408024599284,237.86128788600743,12.835739341011447,9.251547703539586
81.86408024599284,237.86128788600743,12.835739341011447,9.251547703539586
81.86408024599284,237.86128788600743,12.835739341011447,9.251547703539586
81.86408024599284,240.17342661433113,12.835739341011447,9.251547703539586
81.86408024599284,240.01662907292513,12.835739341011447,9.251547703539586
81.86408024599284,240.01662907292513,12.835739341011447,9.251547703539586
81.18837740523675,241.36803475443736,12.835739341011447,9.251547703539586
81.18837740523675,241.36803475443736,12.835739341011447,9.251547703539586
81.18837740523675,241.36803475443736,12.835739341011447,9.251547703539586
81.18837740523675,242.70582739657783,12.835739341011447,9.251547703539586
81.18837740523675,243.1021388006801,12.835739341011447,9.251547703539586
81.18837740523675,243.68017348276106,12.835739341011447,9.251547703539586
81.18837740523675,244.47321066871092,12.835739341011447,9.251547703539586
80.95901960707161,245.1804611366315,12.835739341011447,9.251547703539586
81.18837740523675,245.96991689135746,12.835739341011447,9.251547703539586
81.18837740523675,245.96991689135746,12.835739341011447,9.251547703539586
81.18837740523675,245.96991689135746,12.835739341011447,9.251547703539586
81.18837740523675,245.96991689135746,12.835739341011447,9.251547703539586
81.18837740523675,246.54795157343835,12.835739341011447,9.251547703539586
81.18837740523675,248.28205561968116,12.835739341011447,9.251547703539586
81.18837740523675,247.6018519011776,12.835739341011447,9.251547703539586
81.18837740523675,247.6018519011776,12.835739341011447,9.251547703539586
81.18837740523675,247.6018519011776,12.835739341011447,9.251547703539586
81.18837740523675,249.33595594742036,12.835739341011447,9.251547703539586
81.18837740523675,249.33595594742036,12.835739341011447,9.251547703539586
81.18837740523675,250.06522523476713,12.835739341011447,9.251547703539586
81.18837740523675,250.06522523476713,12.835739341011447,9.251547703539586
81.18837740523675,251.22129459892898,12.835739341011447,9.251547703539586
81.18837740523675,250.99980467401946,12.835739341011447,9.251547703539586
81.12946941215844,252.16504973803774,12.835739341011447,9.251547703539586
81.18837740523675,252.61117517579032,12.835739341011447,9.251547703539586
81.18837740523675,253.0095815502923,12.835739341011447,9.251547703539586
80.82605856465703,253.69813169752945,12.835739341011447,9.251547703539586
81.18837740523675,253.04785639849774,12.835739341011447,9.251547703539586
80.77854133966298,254.2505194380854,12.835739341011447,9.251547703539586
80.73071150134659,254.67067174329605,12.835739341011447,9.251547703539586
81.18837740523675,255.95256249010208,12.835739341011447,9.251547703539586
81.18837740523675,255.95256249010208,12.835739341011447,9.251547703539586
81.18837740523675,255.95256249010208,12.835739341011447,9.251547703539586
80.09548123037337,256.22578653381794,12.835739341011447,9.251547703539586
81.18837740523675,257.68666653634483,12.835739341011447,9.251547703539586
81.18837740523675,257.92439347601754,12.835739341011447,9.251547703539586
81.18837740523675,258.80844875728735,12.835739341011447,9.251547703539586
81.18837740523675,258.80844875728735,12.835739341011447,9.251547703539586
80.68332690018624,259.5660245148631,12.835739341011447,9.251547703539586
80.36870527408921,260.44779301958243,12.835739341011447,9.251547703539586
80.8797354299281,260.9689425844478,12.835739341011447,9.251547703539586
80.29151641868967,261.05060122365506,12.835739341011447,9.251547703539586
81.18837740523675,263.53836864258017,12.835739341011447,9.251547703539586
81.18837740523675,263.53836864258017,12.835739341011447,9.251547703539586
81.18837740523675,263.53836864258017,12.835739341011447,9.251547703539586
81.18837740523675,263.53836864258017,12.835739341011447,9.251547703539586
81.09466778990955,265.7835422732641,12.113360955519099,7.388291079252781
81.09466778990955,265.7835422732641,12.530830218058568,9.116856133110332
81.09466778990955,265.7835422732641,13.281054753443058,9.233798767198323
82.0980122715149,268.45912755754506,12.113360955519099,7.388291079252781
82.15849757714359,268.97503163496623,12.113360955519099,7.388291079252781
81.09466778990955,270.07317987514665,12.113360955519099,7.388291079252781
81.09466778990955,270.07317987514665,12.113360955519099,7.388291079252781
81.58010468311343,270.55861676835053,12.113360955519099,7.388291079252781
81.09466778990955,271.5294905547583,12.113360955519099,7.388291079252781
81.09466778990955,272.6932672113912,12.113360955519099,7.388291079252781
81.09466778990955,273.40100819601776,12.113360955519099,7.388291079252781
81.09466778990955,273.40100819601776,12.113360955519099,7.388291079252781
81.09466778990955,274.4939043708811,12.113360955519099,7.388291079252781
81.09466778990955,275.4377681488363,12.113360955519099,7.388291079252781
81.09466778990955,275.4377681488363,12.113360955519099,7.388291079252781
81.09466778990955,276.1757755289101,12.113360955519099,7.388291079252781
81.09466778990955,277.0619700566238,12.113360955519099,7.388291079252781
80.51663310782864,277.6400047387047,12.113360955519099,7.388291079252781
80.79436748960926,278.26317125782504,12.113360955519099,7.388291079252781
81.09466778990955,279.4889631911365,12.113360955519099,7.388291079252781
81.09466778990955,280.32813247391846,12.113360955519099,7.388291079252781
81.09466778990955,280.4127397793217,12.113360955519099,7.388291079252781
81.09466778990955,281.0227148275864,12.113360955519099,7.388291079252781
80.73234894932983,282.8343090304849,12.113360955519099,7.388291079252781
81.09466778990955,283.52799361737664,12.113360955519099,7.388291079252781
81.09466778990955,283.52799361737664,12.113360955519099,7.388291079252781
81.09466778990955,283.8771704417426,12.113360955519099,7.388291079252781
81.09466778990955,283.8771704417426,12.113360955519099,7.388291079252781
81.09466778990955,285.51651470403766,12.113360955519099,7.388291079252781
80.53287003710055,285.84346257657404,12.113360955519099,7.388291079252781
80.16663787121489,285.8892553380258,12.855784890474837,8.687532965425362
80.16663787121489,285.8892553380258,12.855784890474837,8.687532965425362
80.16663787121489,285.8892553380258,12.855784890474837,8.687532965425362
79.83106740141623,288.23824862661644,12.855784890474837,8.687532965425362
80.16663787121489,287.8599540048974,12.855784890474837,8.687532965425362
80.16663787121489,289.6066788957271,12.855784890474837,8.687532965425362
80.16663787121489,289.06115520609865,12.855784890474837,8.687532965425362
80.16663787121489,290.30785651962765,12.855784890474837,8.687532965425362
80.16663787121489,290.30785651962765,12.855784890474837,8.687532965425362
80.16663787121489,290.30785651962765,12.855784890474837,8.687532965425362
80.16663787121489,291.9014820176356,12.855784890474837,8.687532965425362
80.16663787121489,291.6352901479462,12.855784890474837,8.687532965425362
80.16663787121489,293.27797857679366,12.855784890474837,8.687532965425362
80.16663787121489,294.330610155741,12.855784890474837,8.687532965425362
80.16663787121489,294.5880222449159,12.855784890474837,8.687532965425362
80.16663787121489,294.8716040748016,12.855784890474837,8.687532965425362
80.16663787121489,296.99063114825117,12.855784890474837,8.687532965425362
80.16663787121489,297.5686658303321,12.855784890474837,8.687532965425362
79.16329338960955,297.99397562985655,12.855784890474837,8.687532965425362
80.16663787121489,298.98266302076115,12.855784890474837,8.687532965425362
80.16663787121489,299.84651741543644,12.855784890474837,8.687532965425362
79.54744282477526,301.0849075083157,12.71261909472939,7.893420665058898
78.82163650155516,301.6398525749828,12.855784890474837,8.687532965425362
79.15608466209027,302.30874889605303,12.855784890474837,8.687532965425362
79.10253537795965,303.04434695700525,12.855784890474837,8.687532965425362
79.0158112588367,304.16412441964303,12.246324663493382,7.874710531813264
78.82163650155516,304.98123988929456,12.855784890474837,8.687532965425362
78.82163650155516,304.98123988929456,12.855784890474837,8.687532965425362
78.82163650155516,306.2438661519208,12.855784890474837,8.687532965425362
79.2296202540102,307.4291424040248,12.855784890474837,8.687532965425362
79.2296202540102,308.9404774166193,12.855784890474837,8.687532965425362
79.2296202540102,309.5844835909424,12.855784890474837,8.687532965425362
78.86465675036057,311.287646607974,12.855784890474837,8.687532965425362
79.2296202540102,310.92948496060217,12.855784890474837,8.687532965425362
78.06411908850903,314.65908869020586,12.855784890474837,8.687532965425362
77.59109235311061,314.6301320364154,12.34793203713329,8.235721622121162
77.59109235311061,314.6301320364154,13.316422097756444,8.942122298844765
78.02777357581803,316.81353814995254,12.365239524618644,8.513972767078087
78.47740282140248,318.5687169862482,12.70589245496953,5.840611854300505
78.31004021933666,319.2398579258455,12.70589245496953,5.840611854300505
77.63819340640673,319.7564421624283,11.835490804119587,6.83635562150522
77.63819340640673,321.14148371367486,12.70589245496953,5.840611854300505
80.87204226253549,322.2698028234362,8.549678470891877,6.78520422874999
79.86425339366517,321.71945701357464,9.728506787330303,8.371040723981935
78.86434001714113,324.5990248822744,10.497362110518452,7.138563770207895
