232.29102516148575,353.2645408061821,11.173997054703051,5.692413593905314
233.48450939833506,353.1289199919955,10.552046626999925,5.180095616890867
234.76356622674848,352.6156451064209,9.97648044734538,4.604529437236351
234.3143019943235,353.25239879686114,10.009154404393342,4.130762135146483
234.5961963195004,352.5618661870061,11.121282671548158,4.448513068619263
236.11211426867,352.97646580298726,10.64465627133896,2.859758401255249
236.83764802108476,353.27094221310546,10.525181562671065,3.1575544688013224
236.69564718579463,352.81858067667,11.280158138284577,4.289637601882873
237.16129488439807,352.974957782733,12.046600440626236,3.3171798314767784
239.28039069305217,353.274757793835,10.409519158286287,3.03610975450016
238.99007288518868,352.7992616778069,11.13432558132854,3.591717929460799
239.90679734549195,353.1030405797928,10.64465627133896,3.495260268200866
240.73786532069965,352.9366201598414,11.183005410338012,3.1575544688013224
241.03528703502744,352.80091753949046,11.439621947731808,4.575848779092723
242.57552728938796,352.74322585739895,10.70748624806808,4.263165820990082
243.03169454337186,352.360593717145,11.183005410338012,4.6047669336686
243.70242653367768,352.95841097042467,11.732945236238663,4.31006151535297
244.146678837581,353.4822788971474,10.168335840563572,3.4533970779272636
244.93339814326256,353.37226212259725,11.127612806654469,4.22081865079997
245.851746968694,353.7200611877476,10.999069967528271,3.3171798314767784
245.97011165249546,353.3739157120415,11.582409655467302,4.131059443783329
246.6101105221044,352.84744998030624,11.543801623282405,4.053843379413593
246.54014487900733,353.22837181951905,11.891273912946446,3.5519389610099665
248.4462368171676,353.23136804559346,11.505193591097537,3.6677630575646276
249.5327389228343,352.5648718392897,10.384909575827976,3.8850021434752193
251.002105964951,352.94928757555823,10.332066428134112,4.08333164225661
251.26494391313852,353.1701203918989,10.471889226779325,4.053634539398445
251.46589703648243,353.47631959796286,10.358705009690368,3.9324713462713135
252.63046764635575,353.0277052049098,10.912722148824656,4.4060756093845725
253.39062088268682,353.2616255188209,9.879135333315816,4.699782828470632
253.93527666780463,352.7295610390102,10.81640298187719,4.568997811310169
254.61191127105596,353.20289957537665,10.456211242450848,4.240306863298031
254.5507337338759,353.11025525435423,11.247173161149107,4.560257344091667
255.32931312787906,353.0257107613723,11.172630407291251,5.107488186190267
255.6507980077765,353.3535572059774,12.044871860892528,4.7423046215591285
257.4339880801089,353.14119062551555,11.317844362439473,4.923582010778716
258.6721842260125,352.5491213952448,10.926459028343402,4.813263301874713
259.2132944181574,352.95792768054275,11.427977526727716,4.710179926556691
259.3695653285371,352.3508277827302,11.578756833964178,5.072110294524123
260.4931714333994,352.62614501381864,11.389369494542848,4.94182811966607
260.7558955045366,352.3642990730727,11.736841784206888,5.598164666809225
260.9625635316035,352.4574421602203,11.60898423485952,5.4548239175845765
262.2237077441522,352.16819678569186,11.766800260198295,5.5737474916728615
262.4950724195819,352.1553068687616,12.34725839374056,5.020876857205678
263.46301409334677,352.3742720370679,12.366924688028519,5.480796168558072
264.41010874554246,352.6240909917581,11.814057848576681,4.787395990926484
265.7953395668893,352.35285896382754,11.217943706046924,5.574978084217264
265.9793604282971,352.102689491178,11.75504563679931,4.949492899704978
266.74756612988267,352.39396518255984,11.322589647372013,4.149908422792464
266.6878342137558,352.59226420661304,12.193558081785284,5.072110294524123
268.13307367023054,352.4297060079447,10.764740552005435,4.800492408326761
269.3749525598324,352.55456739608155,10.38556065773571,5.366516473699846
269.71301776384206,352.04381629267886,11.094045180131332,5.371180375394999
270.0489295643594,352.56522875931137,10.887465076139279,5.134868280590524
270.8795297336483,352.0487187844248,10.28756267402423,4.963086442269287
272.08763136163753,352.51686198716453,11.60558616826421,4.8916106990204185
272.39127139964796,352.43138442667373,11.327851134216985,5.727565180222086
273.2777117947491,352.5630925626881,11.588565916172513,4.312584821195173
273.32902662017386,352.41302182010025,12.311345495143769,4.481233389621821
274.45826232735243,352.5022865207065,10.480303895083239,4.31258482119523
275.26409516471625,352.415099032861,11.38298865702967,5.253687072475202
275.70518060191074,352.3695331449607,11.442802872961295,4.892324538333298
276.6980854337224,352.6173142006027,11.082620210892628,5.107642358063572
276.9809308498726,352.47219580879585,11.861356662330593,5.8507500517695235
278.32641322615405,352.6038586473775,10.691455003081217,4.6244785529200385
277.9006075591673,352.24244339965554,11.829385350572295,6.010606610561069
279.6013793947518,352.41132839794005,11.44449198853772,4.911046370560257
280.2650281000518,352.58110778023297,11.404806206448995,4.858680195094337
281.03680576983913,352.68340666908784,10.32673369793207,4.763725451987227
280.9211223182302,352.49147054513634,11.655606661505544,4.89535479783234
281.213833199083,352.21673118755723,11.636751221437237,5.08354970543121
282.74379886680293,352.81079009844746,10.953168024290903,4.68851454591686
283.0477308558522,352.4797967175534,12.058372784857738,5.766094622577441
283.87499887358126,352.69056747983973,11.515504495078005,4.857329012271066
284.16138037323043,352.67837536763506,11.582409586671304,5.6851387714796715
285.25672608155185,352.5821262802727,11.404806206448995,5.178713022316117
287.02154327234865,353.16837299925385,10.881406934675624,4.447874367458667
287.33869760597787,352.9276796578315,11.852665880761549,5.7525967955487545
288.3696327195582,352.74934454505365,11.445729609472664,5.75483611649463
288.53683554085796,352.93071901995836,11.62912520379956,5.726729329967725
289.0670870409613,353.23533746774615,11.709688812898492,4.921463414116772
290.4680865047871,353.2209560904465,10.605321524914075,4.969643419887291
290.37351797409235,353.2427867985823,11.427977526727773,4.980436151850938
290.62954265007284,353.2085034421057,12.238746202610457,5.327908441514921
292.4405175390361,353.1921642694245,10.996725645889,5.6915960211949255
293.00630364690517,352.61157412881363,11.102125572207399,5.7969959475133805
293.0137742481746,353.07693366482175,12.133952900322356,5.897270815191632
294.2549147212148,353.0706236897934,10.502854650277243,5.379510918434676
293.9680058152886,353.16325132807344,12.07280185453061,5.056809548717865
294.7779297667447,352.7753088906064,11.877677747761027,4.938993789636925
295.53378776964735,353.16146030671575,11.46658555891264,5.173476312775392
296.0239821875704,352.96928773392744,11.928496287357348,5.615121423073106
296.81899761225895,353.15007679694753,12.133952900322356,5.091169049086318
297.0003670948785,353.2245155743562,12.696827937261787,5.758143979137685
297.40413913755754,353.14261244368987,12.720920589894149,5.85451458966719
299.5738418276544,353.35752485488746,11.389369494542848,5.096260248405656
300.1892633283387,352.6224714510267,12.021213221122139,5.147381193086858
300.6667413050857,352.6386545062911,12.393178331350043,5.791204827733679
301.95699164783133,353.12833502907483,10.750792484479348,5.164596389602821
301.7191906107297,353.21647996582084,12.354570299165175,4.748787958741616
302.2805268409148,353.127241949631,12.500782897496663,5.2113238166034535
303.3920517028571,352.91189878806114,11.989241909363841,5.11540988132856
304.2896372063259,353.1651439727657,11.539983177928946,4.539625735435266
304.63649753590533,352.8605630276441,12.021213221122139,5.179352504845156
305.7297201552817,352.9811674614982,11.35076146235798,4.517139765632237
306.4931204108746,353.2001942700686,11.28593124365932,4.487177482418758
307.24987669687846,352.6353278843625,11.573614856505856,5.594979557703141
308.10656525596727,352.4853885544168,11.748851514797593,5.035222077770413
307.8566646373464,352.9222204188855,11.988624332511563,5.072110294524123
308.81205574500973,352.54603418932595,10.769780555231137,5.687936050814699
309.30779818661495,352.40689926653687,11.608463460135567,5.731496996608314
310.61276565099814,352.1353867552115,11.207525498525854,5.937529182604578
311.29311544753637,352.1986613672903,10.810249011769486,6.022853020843002
311.63488623883995,352.5908355291365,11.00328917269394,5.096260248405599
311.9656083156828,352.5950133575487,11.419917347745866,5.228105621225438
312.5217242014753,352.4540308515871,11.334870417766297,4.998743627177362
314.2456147606321,352.48788164585255,11.383192042389908,5.726729329967725
314.6697401227229,352.79853926829225,10.694424915214825,4.980436151850938
315.41308361138704,352.5908020193609,11.505193591097566,4.980436151850938
315.9576010703337,352.8876625764215,10.582504191998453,4.827668075503823
316.9056329775572,352.8663052708017,10.700315455097666,4.83224728867458
317.54236582224354,352.60148323729175,10.98843986427795,5.218448275313449
318.0255941617771,352.63739582526523,11.558858586253905,5.3402629334668745
318.47600073764283,352.7119376975761,11.181400218686235,5.020667941331681
318.5904813350433,352.4897746279364,12.24501240343028,6.298348416385807
319.69344663301905,352.5994161251425,11.684936526702018,5.926792547564332
320.6521652952756,352.5583548740145,11.251268779319275,5.782236631770047
321.60734336565866,352.62602542360924,11.201148952762424,5.353276382618901
322.32443973813326,352.24399628703503,11.492087886600359,5.236900809083693
323.05875674515755,352.24777692557564,10.786762563909122,4.867197742251676
323.1072085499926,352.4086986031399,11.81212071382214,5.702403103224469
323.85899304052646,352.5670484728252,11.781571985232745,5.242137647361972
325.01524248129437,352.20732144348665,10.996725645889,5.6915960211949255
325.60122872059844,352.47061512719483,11.356794731920559,4.713727543171672
325.7991909921301,352.3813992382521,12.121830927965789,5.874425757398797
326.37208914579486,352.2002287989968,11.945324982754812,5.480796168558072
327.3209571271506,352.49187253359236,11.921820856610395,5.048742640343903
328.8776372173635,351.5853065498908,10.891325719570546,4.988929845738767
329.30081365108094,352.23317076025603,11.728621099905865,4.633202466102773
330.1972682730652,352.1205024661309,11.667262404156077,3.98808242178427
331.28235521828907,352.08774607566687,10.359288267351587,3.9410335799707354
331.8117458155123,351.55407218006695,10.443423568708965,4.4291305313720954
333.7014279769034,352.3778235791406,9.715647602006356,3.98808242178427
332.69952262793987,351.70003531452267,10.810255274187796,4.09867498547402
333.88554759122536,351.7434707953978,11.062073868373034,4.8596393872621775
334.3876334847651,351.23666471558005,11.532189245154825,5.415305596108851
335.15296567820735,350.65962440713656,10.830611192217702,6.116883649046031
335.10736989264143,351.72161225822225,11.42899738191511,5.179644133675822
336.557515115421,350.6356661930394,11.25933673953,5.993342037062462
336.63919166468816,350.75443992035025,11.966900083876851,5.083284991381333
337.75166047646866,351.2870536891732,11.207525498525854,4.988929845738767
338.7078802444805,351.44400214589336,11.26009594277349,5.235944613389677
338.6171779843343,351.5610742054657,12.122922106055796,5.366516473699846
340.05834034261346,351.38320454609055,10.584490186207063,4.391437417681686
339.777540719758,351.1633345445022,12.160903618195391,4.504038377109396
340.2737079185362,350.97336482650496,11.937390895193118,4.047441548155632
341.2385845161684,350.397199180602,11.422494528275479,5.081844504416438
342.6729115035163,350.39438722709195,10.945993555597283,5.1670528585428315
343.90425242211285,350.8830132976299,10.590982574713848,5.2544409672998995
343.4799458916234,350.7338777511531,12.449725268377392,4.815943107932014
345.14328066053565,350.347059067167,10.926073108324204,5.5981646668091685
345.1919189092775,350.51234431584163,11.55788139410896,4.62315255764355
345.7240030996932,350.3674435314829,11.654199300770586,4.898141735106492
346.05942050898136,350.39443057316936,11.945324982754812,5.586196094876527
346.6521269451105,350.45605212145864,11.937390895193118,5.277044043797844
347.37207974931613,350.3779308539993,11.412703951701758,5.133595457828676
347.7794790961285,350.2572372114626,11.83299184566556,4.834108746206709
349.24358239766536,350.65177708625595,10.697091145634829,4.109935019112299
349.2355067623267,350.2861579533984,11.42899738191511,4.785540775678726
350.4053455552499,350.4361256905355,11.189382395045357,4.056151118203957
350.7058702617137,350.3377506998524,15.94511729236001,4.401315669077576
352.0692937403887,350.58892296731295,13.875008179276278,5.17234032718585
353.7723683849158,350.6148893257643,12.293780507041106,4.560595994547555
353.0196325236125,350.71768189454593,13.21820305836377,3.694528805132734
353.69674488105534,350.3046449052257,13.053607221581842,4.759127632868399
354.13541427185754,351.0698067038837,12.303658535291902,3.2668334731637287
355.71059949485135,350.7581329301195,11.26009594277349,3.378028782832075
356.92350479945145,349.9270501773995,10.742030942760096,3.2634018053954605
357.67627960827235,350.2675445163166,11.458000833276344,2.887055328069664
357.4861941239902,349.7982055080283,11.265854783629266,4.059921555097901
359.46602919784806,350.2093730201844,9.78721693837025,4.333271621568542
359.3827427396819,350.02852712975715,11.136359024336173,4.268937625995534
360.74559658742777,349.5455756418609,10.861160638050762,4.36992010046572
361.23205687135624,349.7686259126102,9.836819965137693,4.406075609384629
361.97464799842265,349.4469440664947,10.224764506914994,4.751757779147226
362.1972825861168,349.7033726807751,10.964681140509072,4.826004023111409
363.0237507772588,349.5354436191334,10.629913275293063,4.009528691557932
362.83066224402694,349.9668575985336,11.505583271061255,4.5574063606151185
364.45187412504436,349.7001695628598,10.097485280687806,5.048742640343903
364.4568322222167,349.5050288233232,10.528189706493208,4.729240295964871
365.2002925538253,349.1022145686299,10.90964783516921,5.128466931062462
366.66738934021197,348.85327823185753,9.960854460656208,5.073230222197594
367.10651842499635,349.4565156728859,10.39393508938042,4.578280932227074
368.1281022165207,349.36495368455763,9.930576875602753,3.5433044250976877
368.4585235156823,349.0901704382361,9.960854460656208,4.8257555772123055
368.3859607893951,349.04600828290467,11.034894023918014,4.109935019112299
369.4594783100506,348.86693212130314,10.246687463685078,4.354842172066185
369.49609321939744,348.8811950366732,11.057313792967932,4.482694780932945
371.1193930088074,348.7802668202813,10.402093254698059,4.419189944806362
371.86482932360093,348.5006890774267,10.459621155510206,5.080387418390671
373.1753501538865,349.17826605033304,9.178317577674761,4.079252256744326
373.12343911081007,348.9313216600433,10.023287801822164,2.941617072273914
374.1137580052995,348.2697234591072,9.977199302248778,3.2169474385755166
374.6022415255606,348.78723390129,9.246305115287157,3.3313893430078565
374.7890974143772,348.586627712115,10.198130641860814,3.807302106294685
376.0110217309512,348.3519132522037,10.167099410862363,3.8307317685476505
376.17726529732835,348.7789302476942,10.294611740614585,3.359294357463682
376.69995558111805,348.1894098044627,10.462776722105502,3.5133309288250985
377.547709150716,348.07340456531995,10.092987151729801,3.9962081108371876
377.9904510941819,348.47794743865575,10.673083214827898,3.6124281650186845
378.13031837411995,348.2448353054256,10.673083214827898,3.6124281650186845
379.0583482928146,348.121097982933,10.673083214827898,3.6124281650186845
379.126335830427,348.0531104453206,10.673083214827898,3.6124281650186845
380.1722979459781,348.2772451843673,10.673083214827898,3.6124281650186845
381.1666042665907,348.3127233978353,10.673083214827898,3.6124281650186845
381.2368708841363,348.3127233978353,10.673083214827898,3.6124281650186845
381.97467036836525,348.24245678028973,10.673083214827898,3.6124281650186845
382.18680241207716,348.0727511453202,10.673083214827898,3.6124281650186845
382.7928939584754,348.21261842525826,10.673083214827898,3.6124281650186845
385.00437680786655,347.654680670515,10.673083214827898,3.6124281650186845
385.00437680786655,347.654680670515,10.673083214827898,3.6124281650186845
385.9801842089414,347.654680670515,10.673083214827898,3.6124281650186845
386.69505316589857,348.0651838710853,10.673083214827898,3.6124281650186845
387.0349908539606,347.86122125824807,10.673083214827898,3.6124281650186845
387.38246314362465,347.9770453548027,10.673083214827898,3.6124281650186845
387.38246314362465,347.9770453548027,11.367086953128592,4.802148859248462
388.28327081904655,347.75184343594725,11.479687912556301,5.7029565346703635
389.33503806023384,347.81371209719356,10.613526655107933,5.084269922207227
390.3100880887458,347.86444439537496,10.07217591970965,4.013942143254326
390.4033329420378,347.49146498220676,10.07217591970965,4.013942143254326
390.9788165536873,347.52343629396506,10.07217591970965,4.013942143254326
391.8281932617549,347.4848282617802,10.07217591970965,4.013942143254326
392.7859847096111,347.60455219276224,10.07217591970965,4.013942143254326
392.7859847096111,347.60455219276224,10.07217591970965,4.013942143254326
393.50774854162853,347.51433171376004,10.07217591970965,4.013942143254326
393.73738165516227,347.56968107926497,10.18477687913736,4.802148859248462
395.00028586535524,347.6583149218846,10.38971062841108,5.365716669751123
394.824168813556,347.1520658876,11.260096346828789,5.50631085092175
396.69294864391304,347.5086546710418,10.023821728894802,4.522375384664144
397.5355485859449,347.21423670056186,10.649028594338859,4.794184187889584
397.98078511904964,346.5020317398819,10.606602185596444,4.4547729179505495
398.7928961888683,346.91844875746926,10.055058871945448,4.5820521441776805
398.82129071475975,346.7035146563078,10.55408808759563,4.867176545250402
400.00251468020673,346.6572499867506,10.575125940615294,4.742996684329114
400.1146497560661,346.42829412570336,10.352043733142125,5.006316231601545
400.78265910208603,346.48845678447117,10.902217309581488,4.124299216821157
400.4611913159357,346.68143231952814,11.094045180131275,4.603868893195681
400.94125201469126,346.3699181214953,11.562361808213495,4.522375384664144
402.7192801321106,346.9882766693334,10.575125940615294,4.251130361509809
403.2545163953939,347.0780415699997,10.484275294723943,4.474349810122135
404.0957496535367,347.33356540806386,10.854931492012213,4.527300695448957
404.5728134349614,347.26158437541,11.084773379227215,4.9168679818619125
405.0762254425916,347.2545514472243,10.786762563909122,5.217986768720266
406.12511679647827,347.09064521349956,10.721230421406972,4.5294186948865445
406.01605837255056,346.9409906062749,10.913971642465981,4.7703452212102775
406.8584287094042,347.33556408058297,10.854931492012213,4.341972596804851
407.1487861249556,347.4155859294416,10.929625665404501,4.30285927358949
407.5202133339374,347.2571215047315,11.034434905627847,4.384862779092316
407.4151351509262,347.15545743220713,11.490342115934823,5.030334106054454
409.24520740277126,347.0608270296618,10.456211242450877,4.914901137004563
410.3060281084371,347.1149921980025,10.710389439031701,4.284155775612646
410.77231713501925,346.5926942944874,11.142961165994791,5.236900809083693
411.217222313535,347.076813396012,11.401669298794047,4.2302371761449535
410.6421251930943,346.9497185161157,12.504086716202778,3.8066391159152886
412.66735100065534,346.97880453392094,11.299454084584,4.7703452212102775
413.21007687442153,346.0306260327726,10.775505164021865,5.242137647361972
414.2353765629856,346.80444354252126,10.08714365477232,4.5537761381124255
414.4883829052893,346.4369377572224,10.645392558160893,4.742996684329114
414.8094697661086,346.5896188914273,11.030102556614736,4.507954957920788
415.06391506964184,346.4330676805879,11.082620210892628,4.7703452212102775
415.35373936553793,346.1009874127861,11.619886501771987,5.064516569640261
415.26804035475476,346.11038351941784,11.75121305338314,5.107488186190267
415.6525642591066,346.1505876128506,12.311080838501653,5.21566220469856
417.2878521315609,346.4320265598761,11.433900099832783,5.615121423073106
417.98710728690634,346.2647696746301,11.137551590377711,5.196062454565947
419.1519544739775,346.1386363400551,10.766225946154293,5.773456746841589
419.2441783200739,346.0745010320048,10.742913935600484,4.9768193130231
420.1159691599158,346.25313967548885,10.376784933596412,4.6922426739643015
420.5716373925048,346.33690405172376,11.030866273020308,4.96388982285913
420.5716373925048,346.33690405172376,11.030866273020308,4.96388982285913
421.38748784385365,346.26891651411137,11.030866273020308,4.96388982285913
422.99969137606433,346.226490105369,11.030866273020308,4.96388982285913
423.8116756870839,346.226490105369,11.030866273020308,4.96388982285913
423.8116756870839,346.226490105369,11.030866273020308,4.96388982285913
424.6900084064041,346.3318900316874,11.030866273020308,4.96388982285913
425.4961101725094,346.28946362294505,11.030866273020308,4.96388982285913
426.16214485764897,346.2382301856266,11.030866273020308,4.96388982285913
426.71368817129996,346.3230830031114,11.030866273020308,4.96388982285913
427.2705061225168,346.19934568061876,11.030866273020308,4.96388982285913
427.87659766891505,346.33921296055684,11.030866273020308,4.96388982285913
428.5160239040811,346.33921296055684,11.030866273020308,4.96388982285913
429.07284185529795,346.33921296055684,11.030866273020308,4.96388982285913
429.5677911452685,346.2773442993105,11.030866273020308,4.96388982285913
430.1654837827262,346.2773442993105,11.030866273020308,4.96388982285913
430.88673273134674,346.2773442993105,11.030866273020308,4.96388982285913
431.77255883762115,346.4638340058946,11.030866273020308,4.96388982285913
431.77255883762115,346.4638340058946,11.030866273020308,4.96388982285913
432.69915161005855,346.5024420380795,11.030866273020308,4.96388982285913
433.31845688691106,346.55874251779335,11.030866273020308,4.96388982285913
434.1066636029052,346.6150429975072,11.030866273020308,4.96388982285913
434.5171668034755,346.53294235739315,11.030866273020308,4.96388982285913
435.9401460121407,346.7185483411321,11.030866273020308,4.96388982285913
435.9401460121407,346.7185483411321,11.030866273020308,4.96388982285913
436.3010279281494,345.9065640301125,11.030866273020308,4.96388982285913
437.18486591711064,345.9745515677249,11.030866273020308,4.96388982285913
438.30553961234386,345.9745515677249,11.030866273020308,4.96388982285913
438.30553961234386,345.9745515677249,11.030866273020308,4.96388982285913
439.7332779022044,345.9065640301125,11.030866273020308,4.96388982285913
439.7332779022044,345.9065640301125,11.030866273020308,4.96388982285913
440.554284303345,346.1528659504547,11.030866273020308,4.96388982285913
441.17297091580815,346.0291286279621,11.030866273020308,4.96388982285913
442.05879702208256,346.0291286279621,11.030866273020308,4.96388982285913
442.5679139269912,346.1139814454469,11.030866273020308,4.96388982285913
443.6868521664958,346.06735901880086,10.471397153268015,4.96388982285913
444.230752467395,345.8633964059636,10.471397153268015,4.96388982285913
444.97671129373134,345.72352912602554,10.471397153268015,4.96388982285913
445.53352924494817,345.72352912602554,10.471397153268015,4.96388982285913
446.1312218824059,345.6488175463433,10.471397153268015,4.96388982285913
446.91942859840003,345.81771898548493,10.471397153268015,4.96388982285913
446.91942859840003,345.81771898548493,10.471397153268015,4.96388982285913
448.233038840225,345.4072157849146,10.471397153268015,4.96388982285913
449.51387477318565,345.4072157849146,10.471397153268015,4.96388982285913
450.00882406315617,345.46908444616093,10.471397153268015,4.96388982285913
451.2403336648671,345.46908444616093,10.471397153268015,4.96388982285913
451.2403336648671,345.46908444616093,10.471397153268015,4.96388982285913
451.2403336648671,345.46908444616093,10.471397153268015,4.96388982285913
452.4375729746873,345.46908444616093,10.471397153268015,4.96388982285913
453.5647085956927,345.57155132079777,10.471397153268015,4.96388982285913
454.4556631792828,345.6988305470249,10.471397153268015,4.96388982285913
454.4556631792828,345.6988305470249,10.471397153268015,4.96388982285913
455.6871727809937,345.6988305470249,10.471397153268015,4.96388982285913
456.7118415273622,345.1864961738406,10.471397153268015,4.96388982285913
456.7118415273622,345.1864961738406,10.471397153268015,4.96388982285913
457.3906640672404,345.228922582583,10.471397153268015,4.96388982285913
457.58370422816483,345.26753061476785,10.471397153268015,4.96388982285913
458.3473795855278,345.0978249797983,10.471397153268015,4.96388982285913
459.7819158304437,344.9953581051615,10.471397153268015,4.96388982285913
460.4607383703219,344.52866760899525,10.471397153268015,4.96388982285913
461.3572773265085,344.52866760899525,10.471397153268015,4.96388982285913
461.3572773265085,344.52866760899525,10.471397153268015,4.96388982285913
462.89581740582724,344.6219124622873,10.471397153268015,4.96388982285913
463.75904282330146,344.5259985270124,10.663225023817859,6.114857046158079
464.52754438307784,344.4235316523756,10.663225023817859,6.114857046158079
465.2754072968143,344.4235316523756,10.663225023817859,6.114857046158079
465.65724497549576,344.3386788348908,10.663225023817859,6.114857046158079
466.73989072352185,344.51911979289514,10.663225023817859,6.114857046158079
467.6522379178065,344.06801739788426,10.663225023817859,6.114857046158079
468.30857446494963,344.0294093656994,10.663225023817859,6.114857046158079
468.30857446494963,344.0294093656994,10.663225023817859,6.114857046158079
469.49088453894086,344.3672122439826,10.663225023817859,6.114857046158079
470.7901264251134,344.3672122439826,10.663225023817859,6.114857046158079
470.7901264251134,344.3672122439826,10.663225023817859,6.114857046158079
471.35313122225205,344.3109117642687,10.663225023817859,6.114857046158079
472.8989968082556,343.9595786765406,10.663225023817859,6.114857046158079
473.0349718834804,343.9595786765406,10.663225023817859,6.114857046158079
473.68866456620793,343.7416811156314,10.663225023817859,6.114857046158079
474.70847763039404,343.673693578019,10.663225023817859,6.114857046158079
474.70847763039404,343.673693578019,10.663225023817859,6.114857046158079
475.8740382965446,343.673693578019,10.663225023817859,6.114857046158079
476.4933435733971,343.6173930983052,10.663225023817859,6.114857046158079
477.7634404279948,343.6921046779874,10.663225023817859,6.114857046158079
477.7634404279948,343.6921046779874,10.663225023817859,6.114857046158079
479.4631288683049,344.3719800541115,10.663225023817859,6.114857046158079
479.4631288683049,344.3719800541115,10.663225023817859,6.114857046158079
480.8242394157238,344.18637407037255,10.663225023817859,6.114857046158079
481.3655622897369,344.18637407037255,10.663225023817859,6.114857046158079
482.03159697487644,344.0839071957357,10.663225023817859,6.114857046158079
483.01680465624514,343.9197059155076,10.663225023817859,6.114857046158079
484.0627667717962,343.8449943358254,10.663225023817859,6.114857046158079
484.0627667717962,343.8449943358254,10.663225023817859,6.114857046158079
485.01459229836985,343.7090192606006,10.663225023817859,6.114857046158079
485.5071961390542,343.7090192606006,10.663225023817859,6.114857046158079
486.1640012599667,343.2985160600303,10.663225023817859,6.114857046158079
486.7588616070816,343.2985160600303,10.663225023817859,6.114857046158079
487.6304518507183,343.2985160600303,10.663225023817859,6.114857046158079
488.22907150562844,343.2985160600303,10.663225023817859,6.114857046158079
489.18232430604684,343.2985160600303,10.663225023817859,6.114857046158079
490.6100625959074,343.1625409848055,10.663225023817859,6.114857046158079
490.6100625959074,343.1625409848055,10.663225023817859,6.114857046158079
491.96336978094,343.1625409848055,10.663225023817859,6.114857046158079
492.5573395033334,343.0352617585784,10.663225023817859,6.114857046158079
493.8709497451584,343.0352617585784,10.663225023817859,6.114857046158079
493.8709497451584,343.0352617585784,10.663225023817859,6.114857046158079
494.9604375497043,342.9263129781238,10.663225023817859,6.114857046158079
496.7648471297478,343.016533457126,10.663225023817859,6.114857046158079
496.7648471297478,343.016533457126,10.663225023817859,6.114857046158079
497.15954143834796,343.1480982266594,10.663225023817859,6.114857046158079
498.80319619135673,342.9986750672949,10.663225023817859,6.114857046158079
500.1105815568118,342.9986750672949,10.663225023817859,6.114857046158079
500.1105815568118,342.9986750672949,10.663225023817859,6.114857046158079
501.79601920697064,342.9986750672949,10.663225023817859,6.114857046158079
501.79601920697064,342.9986750672949,10.663225023817859,6.114857046158079
501.79601920697064,342.9986750672949,10.663225023817859,6.114857046158079
504.0232910118379,342.9986750672949,10.663225023817915,6.114857046158079
504.0232910118379,342.9986750672949,10.663225023817915,6.114857046158079
504.0232910118379,342.9986750672949,10.663225023817915,6.114857046158079
505.8277005918814,343.17911602529927,10.663225023817915,6.114857046158079
506.9155011936799,343.17911602529927,10.663225023817972,6.114857046158079
507.8945721532464,343.17911602529927,10.663225023817972,6.114857046158079
507.97942497073115,342.92455757284495,10.663225023818029,6.114857046158079
508.80043137187175,342.76035629261685,10.663225023818029,6.114857046158079
508.80043137187175,342.76035629261685,10.663225023818029,6.114857046158079
508.80043137187175,342.76035629261685,10.663225023818029,6.114857046158079
511.58718447847235,342.73350815227633,10.663225023818029,6.114857046158079
512.3991687894919,342.64328767327413,10.663225023817972,6.114857046158079
513.6909320041276,342.7792627484989,10.663225023817972,6.114857046158079
514.6487234519839,342.5398148865349,10.663225023817972,6.114857046158079
514.6487234519839,342.5398148865349,10.663225023817972,6.114857046158079
515.5518304932385,342.704016166763,10.663225023817972,6.114857046158079
517.120773666565,342.62930458708075,10.663225023817972,6.114857046158079
517.7523170195802,342.62930458708075,10.663225023817972,6.114857046158079
517.7523170195802,342.62930458708075,10.663225023817972,6.114857046158079
518.654521809602,342.62930458708075,10.663225023817972,6.114857046158079
519.7320371884402,342.3898567251167,10.663225023817972,6.114857046158079
520.7234711002984,342.3898567251167,10.663225023817972,6.114857046158079
520.7234711002984,342.3898567251167,10.663225023817972,6.114857046158079
522.0682795345783,342.3898567251167,10.663225023817972,6.114857046158079
522.0682795345783,342.3898567251167,10.663225023817972,6.114857046158079
524.0531300726262,341.93875433010584,10.663225023817972,6.114857046158079
524.0531300726262,341.93875433010584,10.663225023817972,6.114857046158079
524.3909329509095,341.93875433010584,10.663225023817972,6.114857046158079
525.416626337122,341.93875433010584,10.663225023817972,6.114857046158079
527.0167904732309,341.82237875657063,10.663225023817972,6.114857046158079
528.2065111674607,342.02066553894224,10.663225023817972,6.114857046158079
528.2065111674607,342.02066553894224,10.663225023817972,6.114857046158079
529.4873471004213,342.4305330374896,10.663225023817972,6.114857046158079
530.9721949703328,342.49240169873593,10.663225023817972,6.114857046158079
530.9721949703328,342.49240169873593,10.663225023817972,6.114857046158079
531.963628882191,342.3932583075501,10.663225023817972,6.114857046158079
531.963628882191,342.3932583075501,10.663225023817972,6.114857046158079
533.815758149919,342.28430952709556,10.663225023817972,6.114857046158079
533.815758149919,342.28430952709556,10.663225023817972,6.114857046158079
534.4913639064854,342.28430952709556,10.663225023817972,6.114857046158079
535.61030214599,342.1444422471575,10.663225023817972,6.114857046158079
536.5955098273587,342.06234160704344,10.663225023817972,6.114857046158079
537.1941294822689,342.06234160704344,10.663225023817972,6.114857046158079
537.284349961271,342.15256208604563,10.663225023817972,6.114857046158079
538.6291583955509,341.40544628922345,10.513801864453512,4.770048611878167
539.3504073441715,341.5327255154506,10.513801864453512,4.770048611878167
540.4177156656542,341.3685242352225,10.513801864453512,4.770048611878167
541.4694829068416,341.6159988802077,10.513801864453512,4.770048611878167
541.4694829068416,341.6159988802077,10.513801864453512,4.770048611878167
542.6449874705215,341.677867541454,10.513801864453512,4.770048611878167
543.6696562168901,341.677867541454,10.513801864453512,4.770048611878167
544.9645672503091,341.79046850088173,10.513801864453512,4.770048611878167
546.309375684589,341.7157569211995,10.513801864453512,4.770048611878167
546.309375684589,341.7157569211995,10.513801864453512,4.770048611878167
548.2298482186019,341.7157569211995,10.513801864453512,4.770048611878167
548.2298482186019,341.7157569211995,10.513801864453512,4.770048611878167
548.7528292763774,341.7157569211995,10.513801864453512,4.770048611878167
549.2454331170618,341.7157569211995,10.513801864453512,4.770048611878167
550.7411589445347,341.51179430836225,10.513801864453512,4.770048611878167
550.7411589445347,341.51179430836225,10.513801864453512,4.770048611878167
551.7609720087208,341.57978184597465,10.513801864453512,4.770048611878167
552.8134901649879,341.9744761545748,10.513801864453512,4.770048611878167
553.2617596430813,341.9744761545748,10.513801864453512,4.770048611878167
554.411168604678,341.9744761545748,10.513801864453512,4.770048611878167
554.411168604678,341.9744761545748,10.513801864453512,4.770048611878167
555.7579743981661,341.9744761545748,10.513801864453512,4.770048611878167
556.7826431445338,341.9744761545748,10.513801864453512,4.770048611878167
557.681316460338,341.9744761545748,10.513801864453512,4.770048611878167
557.681316460338,341.9744761545748,10.513801864453512,4.770048611878167
558.8797530453389,341.9744761545748,10.513801864453512,4.770048611878167
558.8797530453389,341.9744761545748,10.513801864453512,4.770048611878167
561.1352650203925,341.9744761545748,10.513801864453512,4.770048611878167
561.1352650203925,341.9744761545748,10.513801864453512,4.770048611878167
562.6664864743462,341.9744761545748,10.513801864453512,4.770048611878167
563.6950259164498,341.9744761545748,10.513801864453512,4.770048611878167
564.0024706601746,341.9744761545748,10.513801864453512,4.770048611878167
564.0024706601746,341.9744761545748,10.513801864453512,4.770048611878167
565.5912253275385,341.9744761545748,10.513801864453512,4.770048611878167
566.6687407063764,341.9744761545748,10.513801864453512,4.770048611878167
567.660174618235,342.2719063281322,10.513801864453512,4.770048611878167
568.6785545946441,342.2719063281322,10.513801864453512,4.770048611878167
569.3509588117842,342.2719063281322,10.513801864453512,4.770048611878167
569.3509588117842,342.2719063281322,10.513801864453512,4.770048611878167
570.787852936396,342.2719063281322,10.513801864453512,4.770048611878167
571.1056038698688,342.2719063281322,10.513801864453512,4.770048611878167
571.9730637997258,342.2719063281322,10.513801864453512,4.770048611878167
573.699762338689,342.2719063281322,10.513801864453512,4.770048611878167
573.699762338689,342.2719063281322,10.513801864453512,4.770048611878167
574.7903396417335,342.2719063281322,10.513801864453512,4.770048611878167
575.5398968026678,342.2719063281322,10.513801864453512,4.770048611878167
576.3597842250226,342.52650132223454,10.513801864453512,4.770048611878167
578.4680855560987,342.52650132223454,10.513801864453512,4.770048611878167
578.0843747696624,342.52650132223454,10.513801864453512,4.770048611878167
579.459287836296,343.15899172155736,10.513801864453512,4.770048611878167
580.6814067215768,343.15899172155736,10.513801864453512,4.770048611878167
580.6814067215768,343.15899172155736,10.513801864453512,4.770048611878167
581.6346595219951,343.15899172155736,10.513801864453512,4.770048611878167
582.977647274522,343.15899172155736,10.513801864453512,4.770048611878167
583.5559538944267,343.15899172155736,10.513801864453512,4.770048611878167
583.8737048278995,343.15899172155736,10.513801864453512,4.770048611878167
584.509206694845,343.15899172155736,10.513801864453512,4.770048611878167
585.6213349619998,343.15899172155736,10.513801864453512,4.770048611878167
587.6580949148179,343.15899172155736,10.513801864453512,4.770048611878167
587.6580949148179,343.15899172155736,10.513801864453512,4.770048611878167
588.4524722484998,343.15899172155736,10.513801864453512,4.770048611878167
588.4524722484998,343.15899172155736,10.513801864453512,4.770048611878167
589.6822512233989,343.15899172155736,10.513801864453512,4.770048611878167
590.7728285264434,343.15899172155736,10.513801864453512,4.770048611878167
591.9239608857522,343.15899172155736,10.513801864453512,4.770048611878167
592.6179646240532,343.7538520686722,10.513801864453512,4.770048611878167
593.2534664909988,343.7538520686722,10.513801864453512,4.770048611878167
593.6871964559273,343.7538520686722,10.513801864453512,4.770048611878167
595.7225032826211,343.7538520686722,10.513801864453512,4.770048611878167
596.8346315497758,343.7538520686722,10.513801864453512,4.770048611878167
597.4671219490987,343.7538520686722,10.513801864453512,4.770048611878167
597.4671219490987,343.7538520686722,10.513801864453512,4.770048611878167
598.623735188908,343.7538520686722,10.513801864453512,4.770048611878167
599.9393828842418,343.7538520686722,10.513801864453512,4.770048611878167
599.9393828842418,343.7538520686722,10.513801864453512,4.770048611878167
600.6333866225428,343.7538520686722,10.513801864453512,4.770048611878167
601.6205704833818,343.7538520686722,10.513801864453512,4.770048611878167
602.6681009564796,343.7538520686722,10.513801864453512,4.770048611878167
603.5410430173945,343.7538520686722,10.513801864453512,4.770048611878167
604.7251259431949,343.7538520686722,10.513801864453512,4.770048611878167
605.5182730726818,344.2495690246012,10.513801864453512,4.770048611878167
606.9549602444657,344.2495690246012,10.513801864453512,4.770048611878167
606.9549602444657,344.2495690246012,10.513801864453512,4.770048611878167
608.0074784007328,344.2495690246012,10.513801864453512,4.770048611878167
608.7748999736053,344.2495690246012,10.513801864453512,4.770048611878167
608.7748999736053,344.2495690246012,10.513801864453512,4.770048611878167
611.1580319746512,345.20282182501956,10.513801864453512,4.770048611878167
611.1580319746512,345.20282182501956,10.513801864453512,4.770048611878167
612.6928751203963,345.20282182501956,10.513801864453512,4.770048611878167
612.6928751203963,345.20282182501956,10.513801864453512,4.770048611878167
614.4405052544965,345.20282182501956,10.513801864453512,4.770048611878167
614.4405052544965,345.20282182501956,10.513801864453512,4.770048611878167
615.5526335216513,345.36169729175595,10.513801864453512,4.770048611878167
615.5526335216513,345.36169729175595,10.513801864453512,4.770048611878167
617.0874766673963,345.36169729175595,10.513801864453512,4.770048611878167
617.7825210703081,345.36169729175595,10.513801864453512,4.770048611878167
617.7825210703081,345.36169729175595,10.513801864453512,4.770048611878167
619.3173642160532,345.36169729175595,10.513801864453512,4.770048611878167
619.3173642160532,345.36169729175595,10.513801864453512,4.770048611878167
620.4739774558625,345.36169729175595,10.513801864453512,4.770048611878167
621.2633660730628,345.36169729175595,10.513801864453512,4.770048611878167
622.4873173304279,345.36169729175595,10.513801864453512,4.770048611878167
623.2102006053087,345.36169729175595,10.513801864453512,4.770048611878167
623.2102006053087,345.36169729175595,10.513801864453512,4.770048611878167
623.2102006053087,345.36169729175595,10.513801864453512,4.770048611878167
625.3052615515044,345.36169729175595,10.513801864453512,4.770048611878167
626.1485820839348,345.36169729175595,10.513801864453512,4.770048611878167
626.9429594176167,345.9971991587015,10.513801864453512,4.770048611878167
628.5142551272635,345.9971991587015,10.513801864453512,4.770048611878167
628.5142551272635,345.9971991587015,11.485744872736518,4.770048611878167
629.3086324609454,345.9971991587015,10.513801864453512,4.770048611878167
629.3086324609454,345.9971991587015,10.513801864453512,4.770048611878167
631.2061036589139,346.6296895580243,8.79389634108611,5.613369144308592
631.9434467599656,345.9971991587015,7.878987565433363,5.209184328381525
633.5308733965564,347.6391817447725,6.469126603443556,3.5972039075417683
633.6665033048596,345.9971991587015,6.155931020539356,6.326431056133231
633.6649679231774,347.73211901841586,6.15746640222153,3.035128752163814
634.4401096079073,346.8290119771612,5.559890392092711,4.59504091433098
635.8281170845087,346.928155368347,4.171882915491324,4.59504091433098
0,0,0,0
0,0,0,0
0,0,0,0
0,0,0,0
0,0,0,0
0,0,0,0
0,0,0,0
0,0,0,0
0,0,0,0
0,0,0,0
0,0,0,0
0,0,0,0
0,0,0,0
0,0,0,0
0,0,0,0
0,0,0,0
0,0,0,0
0,0,0,0
0,0,0,0
0,0,0,0
0,0,0,0
0,0,0,0
0,0,0,0
0,0,0,0
0,0,0,0
0,0,0,0
0,0,0,0
0,0,0,0
0,0,0,0
0,0,0,0
0,0,0,0
0,0,0,0
0,0,0,0
0,0,0,0
0,0,0,0
0,0,0,0
0,0,0,0
0,0,0,0
0,0,0,0
0,0,0,0
0,0,0,0
0,0,0,0
0,0,0,0
0,0,0,0
0,0,0,0
0,0,0,0
0,0,0,0
0,0,0,0
0,0,0,0
0,0,0,0
0,0,0,0
0,0,0,0
0,0,0,0
0,0,0,0
0,0,0,0
0,0,0,0
0,0,0,0
0,0,0,0
0,0,0,0
0,0,0,0
0,0,0,0
0,0,0,0
0,0,0,0
0,0,0,0
0,0,0,0
0,0,0,0
0,0,0,0
0,0,0,0
0,0,0,0
0,0,0,0
0,0,0,0
0,0,0,0
0,0,0,0
0,0,0,0
0,0,0,0
0,0,0,0
0,0,0,0
0,0,0,0
0,0,0,0
0,0,0,0
0,0,0,0
0,0,0,0
0,0,0,0
0,0,0,0
0,0,0,0
0,0,0,0
0,0,0,0
0,0,0,0
0,0,0,0
0,0,0,0
0,0,0,0
0,0,0,0
0,0,0,0
0,0,0,0
0,0,0,0
0,0,0,0
0,0,0,0
0,0,0,0
0,0,0,0
0,0,0,0
0,0,0,0
0,0,0,0
0,0,0,0
0,0,0,0
0,0,0,0
0,0,0,0
0,0,0,0
0,0,0,0
0,0,0,0
0,0,0,0
0,0,0,0
0,0,0,0
0,0,0,0
0,0,0,0
0,0,0,0
0,0,0,0
0,0,0,0
0,0,0,0
0,0,0,0
0,0,0,0
0,0,0,0
0,0,0,0
0,0,0,0
0,0,0,0
0,0,0,0
0,0,0,0
0,0,0,0
0,0,0,0
0,0,0,0
0,0,0,0
0,0,0,0
0,0,0,0
0,0,0,0
0,0,0,0
0,0,0,0
0,0,0,0
0,0,0,0
0,0,0,0
0,0,0,0
0,0,0,0
0,0,0,0
0,0,0,0
0,0,0,0
0,0,0,0
0,0,0,0
0,0,0,0
0,0,0,0
0,0,0,0
634.29087447743,350.1405522474644,5.709125522570048,3.835843886241946
633.1438861662148,349.7466467677235,6.85611383378523,4.229749365982855
631.3829247502936,349.5135765096134,8.286827421665066,5.91769261385781
629.6263818842801,350.39184794262013,9.896991715510694,5.332178325186646
629.6263818842801,350.39184794262013,9.896991715510694,5.332178325186646
629.6263818842801,348.47137540860723,9.722403303327724,7.252650859199548
627.0778857402706,348.47137540860723,12.270899447337229,7.020969391562346
627.0778857402706,348.47137540860723,12.270899447337229,7.020969391562346
625.4870064984342,348.47137540860723,13.861778689173661,4.899797069113731
624.6183277904724,348.47137540860723,12.270899447337229,4.958824596003353
624.4574722189905,348.47137540860723,12.431755018819217,5.573269248223937
622.9316867256116,348.47137540860723,12.484357189534876,5.953680680573882
621.6587117551003,348.47137540860723,12.270899447337229,6.0558359626700735
621.4978561836183,348.47137540860723,12.431755018819217,4.608135819331665
619.8803905891929,348.47137540860723,12.697814931732637,5.313307453980826
619.747756578078,348.47137540860723,12.270899447337229,4.97166938121336
618.6286575870574,348.47137540860723,12.270899447337229,7.020969391562346
617.4775252277486,347.89580922895266,12.270899447337229,7.020969391562346
615.6809518948997,347.89580922895266,13.224152247755683,7.338720325035126
614.1676823934312,348.2887628967904,11.999390262569136,5.162158086649981
613.4340991582197,347.8567531701089,11.049892384879286,5.334970991163516
612.7858881525466,347.8567531701089,11.64763785901414,6.351339315440214
611.4014221432396,347.8567531701089,11.580547735628443,3.8405025826518795
611.4014221432396,347.8567531701089,10.299212525702842,4.661793937772188
610.0047148457759,347.33298793356,11.208746145943792,5.500435662008329
609.131772784861,347.33298793356,10.5427236562291,4.967617670236621
609.131772784861,347.33298793356,10.0994410879714,6.875104551989125
607.4531242983302,347.33298793356,10.212490843625687,5.506128785682904
606.8206338990074,346.9113276673448,10.276314660343246,5.633640159951199
605.2834101803835,346.9113276673448,10.89208587273231,6.068352321847499
604.9121982129057,346.9113276673448,10.143110162400376,5.7668446578941825
603.9001616280725,346.9113276673448,10.23275479808217,6.312287205463576
602.6780427427917,346.9113276673448,10.622976900483877,5.761886475558924
601.4559238575109,346.9113276673448,10.40951915828623,5.445218495515121
600.3974650201005,346.9113276673448,10.836434642681638,5.9753442177566285
600.225760849586,346.9113276673448,10.878657040020812,5.21064955464783
599.0746284902772,346.9113276673448,10.73123030125032,5.424930035919317
597.6757547515015,346.9113276673448,10.939018272547628,7.148327073913663
596.7490288809524,346.4479647320704,11.157634095672734,7.051903324092109
595.9269245789354,347.17872411164103,11.048933615410533,5.035920943331973
593.8752406317287,346.4479647320704,10.73118412187091,5.63988131814898
592.7710711774524,346.4479647320704,11.513688612562532,5.751623286993265
592.4383465071169,346.4479647320704,10.710656282179798,5.249728080504042
591.9396032155258,346.4479647320704,10.57576692214991,4.807558511932541
590.7413212711394,346.08431646721806,10.288303070002144,4.842405606864872
588.8461111955872,346.4479647320704,11.241589194982794,4.652116963823971
588.7457321542894,346.046448566879,10.008002993094806,4.747832874014819
588.1434579065024,345.5445533603898,10.309140116988374,5.450486163099754
586.3253903188842,345.01107060745863,10.77489884807153,6.314749857580637
585.9186235805857,345.5626037703756,10.40951915828623,6.316393426523007
584.382052058819,345.81410293784137,10.710656282179798,6.153139452184689
583.8292940767105,345.650485064583,10.226829313393523,5.492645555563627
583.0985346971398,345.01107060745863,10.299212525702842,5.875166896189455
581.9070092983476,345.21834023844525,10.710656282179798,6.052760410886833
581.0204376488439,345.6760616629133,10.57576692214991,5.638797331250885
580.0841522564108,345.376450297244,10.318174235839933,5.94937016779528
579.1655443303544,345.7418299870293,10.592209003178937,5.492645555563627
578.0694052609983,345.01107060745863,11.071358953786557,5.654553631022679
577.1550425597482,345.59293778098146,10.40951915828623,4.807558511932541
576.1783369957789,345.5405697217201,10.560804619503756,4.95468788625908
573.7469634005429,345.42669001711783,11.323881859536414,6.137540622841925
573.0402758248568,345.01107060745863,11.769244897719659,5.4673149928383395
572.1917632068681,345.01107060745863,10.785155832797273,6.249045027638772
572.070547118584,345.25350278402686,10.045870893433971,5.933350401421762
570.9909758145079,345.3038277517942,10.263140586118425,6.036181165168671
569.4480405133272,345.01107060745863,10.942337150057938,6.432867147608761
568.2825613080986,345.01107060745863,11.574998363514851,6.6327941980670175
567.8495865380121,345.2774796033445,10.5427236562291,6.832480641437542
566.4430463898584,344.6575418870505,11.823634039918602,7.019344646279762
565.495819064797,344.7183134631231,11.287790591292946,5.743424020833061
563.7004640148798,344.29262354515276,12.11718109586775,7.469548413140444
563.7004640148798,344.29262354515276,10.848654874789531,5.743424020833061
562.8519513968911,344.29262354515276,11.258031776274947,6.660646931126394
561.8356010436788,344.8254415369245,10.809132652114954,5.367231164065402
561.0656497158596,344.87813783382387,11.141412019125141,5.4506668764975075
560.7894718172423,343.99148642125925,10.40951915828623,6.554655617376056
559.536160213212,344.29262354515276,10.263140586118425,6.475316881672029
558.32919547982,344.29262354515276,11.47010531951048,6.135522845259516
557.9259959193664,344.5853806894883,10.11676201395062,6.182559737336419
555.527348890979,343.9998664008172,10.70227630262184,7.0608311703431355
554.5026988858046,344.43900211732057,11.141412019125141,6.621695453839777
553.9374087715213,343.20612362617135,10.798012226695732,6.6327941980670175
552.946317786091,343.5741764828469,10.942337150057938,5.367231164065402
552.946317786091,343.5741764828469,10.40951915828623,5.273068458633588
551.5865920466575,343.5741764828469,11.769244897719659,5.661561527043148
550.7807152423741,343.5741764828469,10.773167423138489,7.387943460831025
549.8214382762834,343.80288816060255,11.052941444214412,7.194341322221817
548.889006790683,344.33065528262154,11.341950643886662,6.566071645551688
548.75580229274,343.7978372908499,10.40951915828623,7.36529863320925
547.8789729342357,343.3871033716019,10.99225876090054,7.409780334886136
546.8070558355544,343.729369682763,10.40951915828623,5.858025245348983
545.841675800198,344.2119832616096,10.850745688619782,5.764860263606067
544.6030431351425,343.7550376092801,10.712090080721396,6.089328845390753
544.7834593727432,343.36225856804464,10.40951915828623,6.0545664897059055
544.0976499096066,343.24798194898784,10.326395276354447,6.4700361505692285
543.218834826747,343.08173418512416,10.74201468601359,6.636283914432909
542.2715879634388,343.6380247603167,10.683553925625233,5.035920943331973
542.0888981185461,343.6380247603167,10.226829313393523,4.396506486207613
540.8913661326555,343.58047747671515,10.40951915828623,5.971292858978245
539.529596694831,343.4923241237275,10.530735246570316,5.206053871717188
538.7435952178009,343.5850907777584,10.610277240881942,4.948590956610531
537.7113553705694,343.37110803544334,10.651951334854402,4.721189518580786
537.0592129551935,343.27292293413694,11.181665586369945,5.654553631022679
536.3972367703873,343.4904469306269,11.39287465620032,4.803402425041554
535.8326030201634,342.88243748867353,10.509898199584086,5.651244245695466
534.9975783232012,343.1921979492793,11.378556035953693,4.973600759305555
534.0067534381543,342.88624368230694,10.773167423138489,5.569702136569504
533.7292558209492,342.9195776980108,10.683553925625233,5.12726586577827
533.1279853070935,342.58130036477996,10.91141436477551,7.759204112950158
532.4030915574016,341.8916701724769,11.186505295105349,8.575259540114757
531.8248638490405,342.28016324088645,10.530735246570316,6.903079107694566
531.3673428079999,342.28016324088645,10.40951915828623,7.792724031182047
530.4233675940234,341.5617161785806,10.40951915828623,8.963752608524317
529.6914747331845,341.5617161785806,10.70227630262184,6.91445259817533
528.6917091207654,341.96132967240936,10.675928154172084,4.967617670236621
528.9176819745556,341.66209521987844,9.907623951797063,7.05655082386528
528.1202619166254,342.2890127082852,10.894383511422689,5.327269960001274
527.7885532950032,342.1472304672517,10.555897730454035,5.157909732161954
526.893555351355,342.1132493414975,10.630132423453006,4.772100570355576
525.7795044342345,341.9638585970673,10.710656282179798,4.948590956610531
524.6437474335162,341.83738093314616,11.140278537856943,5.492645555563627
524.0922142705992,341.88223160989816,11.291972218953333,5.323633733272516
523.5395779792399,341.26120530798244,11.011793406073252,5.450486163099754
522.6456799643723,341.22457450861214,11.341950643886662,6.1664581517229635
523.4449069520299,341.0913700106692,9.876701166514522,6.0332536537800365
522.1128619726006,341.35777900655506,10.5427236562291,5.234026666122475
521.8464529767148,341.490983504498,10.5427236562291,4.967617670236621
520.5282067403045,341.4619633905781,11.112172447371108,4.948590956610531
521.0515121219865,340.5585520188975,10.288303070002144,6.175782577989992
519.8381391635693,341.22039181439783,10.188905893119454,5.5442469984392915
519.6143002404198,341.0124084025502,10.863375541938922,6.921398882087317
518.653831159014,341.35777900655506,10.675928154172084,6.299662649665834
518.0371296812575,341.19796647602186,10.500864080732526,6.40609478002699
517.4592768104569,340.5585520188975,10.96105232120317,7.088539854606722
516.7942857550022,340.47542813696566,10.40951915828623,7.051903324092109
517.0956285456047,340.4373359306134,10.288303070002144,7.266727372546882
515.5944138392559,340.0257340271258,11.208746145943792,7.498503131152177
514.9283913495414,339.89252952918287,10.143110162400376,6.965685139380469
514.8119176284556,339.7864055908138,10.630132423453006,6.7576199568565585
513.9294645677885,339.8967122233972,10.630132423453006,6.537006691689783
513.1485944366214,339.84010495659163,11.535508158660491,6.39006346481159
512.6637300834849,339.71888886830754,10.651951334854402,6.175782577989992
512.6466992301321,339.5389678326981,10.108382034392662,7.156929865163136
512.1448040236429,339.5389678326981,10.309140116988374,5.952381369588977
511.98486008957565,339.67385719272795,10.077023630558926,5.638797331250885
510.9873735063936,339.5907333107961,10.07702363055887,7.135027206023949
510.864971375463,339.2920354219136,10.40951915828623,6.40609478002699
509.67757521337603,338.524426920264,10.53073524657043,6.418214754558164
509.68956362303487,339.20243781963745,10.409519158286287,5.367231164065402
508.7251203057736,339.1513257693664,10.74201468601376,5.3063018035235245
508.0120662689245,339.285663892647,10.63013242345312,5.323633733272516
507.98054997739865,338.8880751851163,10.288303070002314,5.327269960001274
506.8132710213414,339.23444965129823,10.492643040218127,5.056930157728061
506.8461250100501,339.00548507976697,10.610277240881999,5.048969997908387
505.84233459707167,339.00548507976697,11.112172447371279,5.450486163099754
505.77422259465305,338.705781754415,10.18259096645994,5.181616078085426
504.81317392400626,338.5135174645633,10.961052321203283,5.433940365855904
504.0581542724405,338.29629881827753,10.991386331809565,5.389425685455365
503.808782626645,338.4315661847403,10.542723656229668,5.6336401599512556
503.48157816711625,338.6253267578043,11.104059812811329,6.1370050526243745
502.80924772459286,338.46154059302376,11.011617335742358,5.238009817167722
501.2399438355973,338.64182601921794,11.953852749154521,5.3792337371195345
501.95120038992064,338.9453094650529,10.534332735192436,4.632117940297405
501.71840964002547,337.74110549356965,11.280158138284605,6.037267735983278
501.71840964002547,337.74110549356965,11.280158138284605,6.037267735983278
500.38636466059626,337.8743099915126,11.280158138284605,6.037267735983278
499.85354666882455,338.27392348534136,11.280158138284605,6.037267735983278
499.37635248534093,338.180241210073,11.280158138284605,6.037267735983278
498.92111518322406,338.14071898739843,11.280158138284605,6.037267735983278
498.27393881897643,338.34718593499014,11.401374226568635,5.18875511799456
497.78907446584003,337.74110549356965,11.280158138284548,6.037267735983278
497.3028781210077,338.14071898739843,11.280158138284548,6.037267735983278
496.67348643066344,337.8414845348675,11.280158138284548,6.037267735983278
495.9708331415785,337.74110549356965,11.280158138284548,6.037267735983278
495.9708331415785,337.74110549356965,11.280158138284548,6.037267735983278
495.9708331415785,337.74110549356965,11.280158138284548,6.037267735983278
495.11700217278775,338.3814787201627,11.280158138284548,6.037267735983278
494.41686086794033,337.74110549356965,11.280158138284548,6.037267735983278
493.5465113758965,338.10475375842196,10.916509873432233,5.916051647699192
493.5731521786059,337.8743099915126,10.21452215474119,6.037267735983278
492.52564714694864,338.2422234564249,11.280158138284548,6.037267735983278
491.97070222820315,338.71083419984245,11.280158138284548,6.037267735983278
491.6688744708264,338.8441718194035,11.280158138284548,6.037267735983278
491.4504524773783,338.67353697917014,10.614135648569913,5.637654242154497
490.7939433444767,338.64451686525024,11.280158138284548,6.037267735983278
490.5180209917778,338.5403324812272,10.880544644455767,6.037267735983278
489.3718768071909,337.88748406573745,11.280158138284548,6.037267735983278
489.1859760123486,338.5403324812272,11.280158138284548,6.037267735983278
488.1429402325916,338.7062389224619,11.280158138284548,6.037267735983278
487.816633812247,338.83205028812654,11.280158138284548,6.037267735983278
487.50753360427115,338.83724456292566,11.280158138284548,6.037267735983278
487.0799188164564,339.0460330304416,11.079400055688836,4.933098281706975
486.67840265126506,339.14641207173946,10.878641973093181,4.832719240409119
485.62765500511006,339.32045925027455,11.862025311807372,5.787896090187758
485.3329654405924,339.46780403253337,11.572915282620102,5.744510591647725
484.848101087456,338.98293967939696,11.643806403136864,6.037267735983278
484.74745115192127,339.1750468881978,11.280158138284548,6.037267735983278
484.00092046116316,339.46780403253337,11.280158138284548,5.104836250382789
483.0684889755627,339.33459953459044,11.146953640341621,5.637654242154497
482.54499541005805,339.58902012081745,11.280158138284548,6.037267735983278
482.131099307627,339.25434629033566,11.280158138284548,6.037267735983278
481.740730129063,339.46780403253337,11.280158138284548,6.037267735983278
481.740730129063,339.46780403253337,11.280158138284548,6.037267735983278
480.45998367587686,339.68126177473107,11.280158138284548,6.037267735983278
480.00517660258265,339.5591489549797,11.280158138284548,6.037267735983278
479.7982647870153,339.8562971009429,11.280158138284548,6.037267735983278
479.88015329079167,339.46780403253337,10.614135648569913,6.037267735983278
478.1484948175337,339.46780403253337,11.280158138284548,6.037267735983278
478.1484948175337,339.46780403253337,11.280158138284548,6.037267735983278
477.41660195669476,339.46780403253337,11.280158138284548,6.037267735983278
476.9756501131973,339.46780403253337,11.280158138284548,6.037267735983278
476.68470909585585,339.46780403253337,11.280158138284548,6.037267735983278
476.20602947548593,339.6620505667381,11.280158138284548,6.037267735983278
475.5136805185136,340.0533183212045,11.280158138284548,6.037267735983278
474.7705278164107,340.11122631846155,11.280158138284548,6.037267735983278
474.65729177639656,340.21591896991987,11.280158138284548,6.037267735983278
473.83781244369845,340.9046981571451,11.280158138284548,6.037267735983278
472.7347461178646,340.46347162681155,11.280158138284548,6.037267735983278
472.5589835294498,340.72200831225246,11.280158138284548,6.037267735983278
471.7419864246141,340.9046981571451,11.280158138284548,6.037267735983278
471.4249788714678,340.9046981571451,11.280158138284548,6.037267735983278
470.59598104835686,341.0709459210088,11.280158138284548,6.037267735983278
470.2455771321691,340.9046981571451,11.280158138284548,6.037267735983278
470.2455771321691,340.9046981571451,11.280158138284548,6.037267735983278
470.2455771321691,340.9046981571451,11.280158138284548,6.037267735983278
468.912200161044,340.9046981571451,11.280158138284548,6.037267735983278
468.6395124714036,340.50318199195374,11.280158138284548,6.037267735983278
467.9181084380777,340.6553265113496,11.280158138284548,6.037267735983278
467.4879113175844,340.9046981571451,11.280158138284548,6.037267735983278
466.38779787112145,341.0559836183627,11.280158138284548,6.037267735983278
466.3874762733703,340.77176538351034,11.280158138284548,6.037267735983278
465.216447696028,340.18625109483924,11.280158138284548,6.037267735983278
464.6103672546075,340.91354762454387,11.280158138284548,6.037267735983278
464.4683327586415,340.5187466225666,11.280158138284548,6.037267735983278
463.70359308385247,340.79139293970945,11.280158138284548,6.037267735983278
463.2088668700711,340.68814630132846,11.280158138284548,5.936888694685422
462.1046974157948,341.3907995904134,11.280158138284548,6.037267735983278
461.62421238449866,341.623145219451,11.280158138284548,6.037267735983278
461.62421238449866,341.623145219451,11.280158138284548,6.037267735983278
460.7098496832485,341.2906496917236,11.280158138284548,6.037267735983278
460.56521415597575,341.1692888357983,11.280158138284548,6.037267735983278
460.26264323354064,341.4718597582334,11.053229946458202,6.037267735983278
459.7331441192792,341.5475024888422,11.280158138284548,4.978269507460368
459.7331441192792,341.2449315664071,10.523730832196748,5.961625005374515
458.66431221711287,341.55431033183737,11.417827913511815,5.280083972233399
457.907128453363,341.3478056689965,11.555497688739024,4.7982397589380525
457.4680182879069,341.2906496917236,11.612653666011909,4.956657270869414
456.57101372852674,341.09032722767927,11.812976130056256,5.770858740097424
456.5477016286947,341.623145219451,11.58129526217806,5.033477323004831
455.57438272057163,341.5475024888422,11.355800868893311,5.129554968677951
455.63858224292625,341.48994072150805,11.280158138284548,5.104836250382789
454.43974176143996,341.623145219451,11.426536710452353,5.451753447312171
454.43974176143996,341.623145219451,11.280158138284548,6.037267735983278
453.47001305516716,341.623145219451,11.037725961716319,5.309971206278647
453.03443518327015,341.5227661781531,10.878641973093181,5.133856364302687
451.65854889025206,341.47676664728317,11.133779566116743,5.890889163815473
451.5167042431573,341.71449014189733,10.914778448499192,5.854577891090628
450.78229095643917,341.7062691013828,11.030786492489028,5.455400562460454
450.8772897860329,342.53659444391434,10.914778448499192,4.7584388217346145
449.2648594322006,342.5242821266495,11.188813215838195,4.9411286666272645
449.63023912198594,342.9810067388812,11.097468293391898,5.489198201305271
448.6683771312225,343.0007035939014,10.698290964761725,6.120391617915118
448.35771598007545,343.61656925582173,10.750659024023093,6.037267735983278
447.6769314045965,345.1294238679973,11.280158138284548,6.037267735983278
447.6769314045965,345.942538616391,11.280158138284548,6.037267735983278
447.40289663725747,346.8157281254184,10.732088603606542,5.123818511519914
446.7634821801331,347.6378324274354,10.640743681160188,5.397853278858918
446.58079233524046,348.6426265743451,10.823433526052895,6.219957580875928
445.71659237983636,349.7808612970882,10.732088603606542,5.7632329686442745
445.7427393357266,350.6264413850166,10.65376068471545,6.037267735983278
445.6581756944913,351.162011212817,10.482127768440819,6.721293767277928
444.86014532464753,352.3020545983081,10.653134276264439,6.322278582356034
444.72750042476423,353.5991853974951,10.599373562805567,6.037267735983278
444.803143155373,354.2733200390293,10.365795437034365,6.120391617915118
444.42730468323157,354.8744840134949,11.280158138284548,6.037267735983278
444.13815209991833,355.93579767766596,11.280158138284548,6.037267735983278
443.56411517832777,357.57098826093323,11.280158138284548,6.037267735983278
443.5366265583891,357.85415651008066,11.280158138284548,6.037267735983278
443.4622324056534,359.0833893225056,10.865182346675454,5.726035892276457
443.34366789249793,359.66937162193835,11.109151630460872,5.695254720335981
443.4651821045445,359.63603488934194,11.280158138284548,6.037267735983278
443.3820428039822,360.8506739706495,11.280158138284548,6.037267735983278
443.3365811556806,361.15496300944125,11.197034256352708,5.455400562460454
443.5366265583891,361.83639614592494,10.823433526052895,5.854577891090628
443.18984255409003,362.8927342780775,10.867148812602807,4.729404871324448
442.8378378640896,362.90056453000983,11.113910374420868,5.5385244443922375
442.7332904115549,364.35651766405675,11.554192905623552,4.575748976841908
442.7332904115549,364.35651766405675,11.371503060730902,4.7584388217346145
442.7332904115549,364.35651766405675,11.280158138284548,6.037267735983278
442.7332904115549,364.35651766405675,11.059544873117773,5.816654470816502
442.7332904115549,364.35651766405675,11.280158138284548,6.037267735983278
442.7332904115549,366.51185885097436,11.280158138284548,6.037267735983278
442.7332904115549,365.9603256880574,11.280158138284548,4.603281512399235
442.60008591361196,366.1122453571456,11.280158138284548,5.104836250382846
442.7332904115549,366.51185885097436,11.158942050000462,4.825106853142245
442.7332904115549,366.21072172708085,11.280158138284548,5.234235405600543
