516.3637912237222,362.83340472535644,11.305014017290773,6.22172902590944
516.4991933236133,362.7131711799622,11.285873050681175,6.4901762869355935
516.9078890964136,362.56155296281975,10.166877139140524,6.618061533968842
516.8726767885254,362.6325352561673,10.048126309023132,6.6050620492879375
516.7226471918597,363.3347088405372,10.390676321448609,5.75483611649463
516.737822891278,362.8885466194763,10.351898081406716,5.904023713948106
516.5463323450356,363.0527219885586,10.934188621339786,5.882721363527821
516.735955306083,362.6073575418282,10.968397805692007,6.458844331203238
516.6376905496538,363.11887697570796,11.130805516157352,5.999070505461418
516.8501185851638,363.1523045983019,11.425056522008845,5.6869115423452286
516.6527592816396,362.95519141806443,11.381786985956069,6.873832028035281
516.6639891390199,363.1851808671779,11.288430632913787,5.964248143678674
516.7348258937112,362.97318539950686,11.404806206448939,6.226093184132878
516.8925013287055,362.7081442636198,11.334870417766297,6.577294246286044
516.7872090935292,362.6186481021635,11.488340616846244,6.730764445366049
516.7047301735811,363.0513014897817,11.511799544655446,6.703578244374739
516.9739814549534,363.257585660054,10.821059102024947,6.815861901924791
516.8190424644955,363.80141573043477,11.445729609472664,6.458204975177296
516.7675269749885,364.2344357822935,11.50967223298926,6.905803339793579
516.6133642781776,364.55310325213327,11.637557353519355,6.517032117970871
516.6200226213729,364.753585345892,11.62271932925205,6.539434337870773
516.8746555343555,365.48858424902227,11.334870417766297,6.555369932131725
517.0913763582598,365.9155963237982,10.910210018924431,6.42975043781945
516.833785089759,366.21723325885375,11.51681755859829,6.565909780534184
516.8509943991456,366.74024689106494,11.291021789457659,6.270353848126035
516.9154728793026,366.9432110498271,11.312288287382444,7.022796256011645
517.0559575301129,367.4166905133388,11.159475904531973,6.993856215217477
517.1227758221488,367.5660027778786,10.968397805692007,7.069816092263011
517.173264413981,368.0114997785848,11.201148952762424,7.564412279787575
516.9806515827926,369.371232152826,11.444010000378285,6.818220694962179
516.8705142098806,370.73071762527974,11.252063131963837,5.6392692873136525
516.9236572393792,370.6081239978805,11.410915787944532,6.380581681890078
516.910086997199,370.92028689613346,11.288430632913787,6.604313798122234
517.1320364032539,371.73447374220103,10.993070275745481,6.20480010119212
516.9036574450768,371.79169880010846,11.331489459954128,6.512958895207305
516.7732067028327,372.48678553147795,11.384440345281064,6.16877814058256
516.8013231119336,372.70614356792737,11.57936956675178,6.255187077516666
516.7245285952746,372.94967753900244,11.569768443925227,6.883615092495518
516.913239194858,373.1840870748055,11.269097475303397,6.621142874594625
516.7540591828688,373.65681664766095,11.251268779319275,6.601386821270808
516.7075357315144,373.881763205857,11.492195305643008,6.408645600211798
516.7915574115849,373.8966922971136,11.225587689300369,6.777713321841759
516.8914257880316,374.29906699986907,10.987308705329383,6.751237879178291
517.0550144943531,375.6938688582966,9.8878656835833,5.897640507503127
516.8406399961385,375.8992029449825,11.11968591864661,5.956974599274986
517.1029632099953,376.18174375278085,11.172636803973546,5.374514860679199
516.7572303630759,376.2236952862357,11.172636803973546,6.539434337870773
516.8594281103697,376.54670286816935,11.157987803647984,6.362291039902402
516.74485824814,376.9811206366445,11.370277542959343,6.7033725812969465
516.8796825485177,377.24412351997023,10.578600818660107,6.331717278322117
516.845285292844,377.42859499877375,10.198848450898822,6.1704631693525585
516.9990177901782,377.64157048766646,10.793834445389166,6.546126011354659
516.7985802327111,377.5039935219887,10.934188621339786,6.522147598693948
516.760039002245,377.9915071029417,10.673045116142248,5.999070505461418
516.8398523825942,378.5222922503707,10.881116125540643,5.644215316456894
516.8361244746717,378.7027087714456,10.59017719170265,5.382370276002689
516.8281207494392,378.46216888687843,10.764740552005378,5.4696519561541095
517.0392448622657,378.83354304025505,10.166569982762667,6.115827255255624
516.2986426868048,379.0166484646727,11.317524526297575,5.78968478337589
516.1008295499106,379.06843035954125,11.251268779319275,6.1436264212557035
515.8900593934143,379.7015554663142,11.346618419681363,5.673309209840738
515.9719968136777,379.8998167839108,11.227176126686913,6.3845529475794365
516.0516417996527,379.8384561792018,11.137258880980198,6.323995579105485
515.993549764402,379.7739481582436,11.027930019606288,6.336126790588878
515.928357987595,379.73481999418124,11.181400218686235,6.336126790588878
516.0474002698626,379.8939280727871,11.178990821422076,6.3845529475794365
516.3505645810133,380.54474870829483,10.938064295098343,6.239997031785208
515.912429242817,380.65302155344233,11.172630407291308,6.284604604101332
516.1104935613153,380.74793667431265,11.002247762849038,6.735699537981873
515.8376798537107,380.9175205186462,11.252434910200463,6.563920364283604
515.9064942829076,380.7386468594973,11.37871904607482,6.4895969896688825
515.9131700991446,380.75666483534894,11.323546737216361,6.456830905476579
515.9665661494108,381.00300478045324,11.225587689300369,6.3011553538997305
516.1935587693109,381.4617915586624,11.027930019606288,6.599218560440306
515.9549954686821,381.0697386144449,11.232483784473175,6.982894004557011
515.852937566244,381.50767280931876,11.51026493100062,7.432342498303228
515.9917922112581,381.8171724860395,11.032972527200172,6.763431621556663
516.0529188242708,382.14804226001513,11.37871904607482,6.862310330291791
516.6893868572137,382.00042249378964,11.112777030109328,7.561476650648899
516.2602487003181,382.3532003696827,11.564473263540094,6.914591305491683
516.4152091002464,382.30272460832646,11.51628795827537,6.697757431800312
516.6574981002252,382.88541804188975,10.889878989833619,6.866406000226959
516.7517950493349,382.7349529451994,10.458126750910196,6.410352574017622
516.1080665569165,382.72099849941964,10.96593671412677,6.4452111482036685
516.2046070773738,382.7405575383079,11.084773379227158,6.255187077516666
516.0576249457592,383.26039497905793,10.996725645889,6.007795800150234
516.3273932933357,383.07382972316105,10.841693684568895,6.890498652859321
516.29369414225,383.01028999304145,10.93435782000256,7.095418633803092
516.4671424903356,383.2961290353647,10.813510144199768,6.88313837592051
516.282928355627,383.1907775425294,11.062073868372977,7.385373016168103
516.3408486506937,384.20491967093517,10.865786337201257,6.601386821270808
516.2526992888935,384.1544326230345,11.010342252995542,7.0591472212859685
516.0541044447646,384.50500267200476,11.25642510390503,6.663077440537279
516.2375477078543,384.0704209332718,11.058527558260266,7.107332526550692
516.306304425773,385.0033982955648,11.058527558260266,6.191811726520427
516.5644494268662,385.1451865009616,10.59017719170265,5.8478725701434655
516.0396501115291,385.7257524874839,10.852022232156855,5.702403103224469
516.2345665913493,385.8455929815577,10.910210018924431,6.10971761059767
515.9005564170029,385.87434952163045,11.356794731920559,6.511521303823201
515.8720069821361,385.95592607910964,11.178990821422076,6.26408968441757
515.8609036584301,386.13509769756746,11.126016491889686,5.914692675286176
515.8833880489182,386.56408279273825,11.225587689300369,6.16877814058256
515.8226715125494,386.9114112578149,11.052923652927461,5.526461826463731
515.870438775444,387.03498594583425,11.247173161149135,5.963413449966026
515.8020760674016,387.06041918314264,11.242658807298653,5.937529182604578
515.9981325664463,387.4552452274372,11.19632933361845,5.405124505884771
515.7993898481632,388.1448822949754,11.370277542959343,5.6851387714796715
515.9746023533306,387.8103882786943,11.285873050681175,6.010606610561069
516.0266550230654,388.37906624252093,11.142961165994848,5.55693363630553
516.0870398363544,388.32236857001124,11.154898168789714,5.420846842284448
515.8845954983477,388.5709630130821,11.327851134216985,5.6427123627373135
515.7351724108422,388.67781568838143,11.736841784206945,6.601973503616364
515.8257049184848,389.044102005593,11.45345865993545,6.042929108923033
515.8279161145482,388.9055459611819,11.541643544747558,6.234405792869211
515.894075258724,389.03191848989553,11.242658807298653,6.394262196651084
515.885735295096,389.4500177627915,11.212532658745886,5.666119706554866
515.9214959611506,389.5112511634103,11.146161361310078,6.486483452543894
515.9016922770436,389.81065064043725,11.094045180131275,6.330319728144104
515.7408256035914,390.2956386315632,11.532189245154882,6.007262078274607
515.7166584584996,390.06904978170826,11.383192042389851,6.46452881419674
515.7285983737546,390.63708692914247,11.523725277481162,6.745595284379192
515.6815355432021,390.39493270876005,11.455130360444173,7.042783851236038
515.8848785948967,390.852013016951,11.006005705452026,6.401899733051721
515.8772040823376,391.5784493250874,10.93435782000256,6.327630796563199
515.7504474427404,391.5885293411195,11.278538574627305,6.645336108524532
515.6138313365669,391.86301208133693,11.490342115934823,6.698286993851411
515.8104443912619,392.3718649622638,11.299454084584,6.336367642314713
515.8037259500304,392.84388115930034,11.288430632913787,6.4006565444356625
516.1058907538169,393.51744339708466,11.157987803647984,5.946663987044474
516.457790516305,393.92338050552604,10.822928338773067,5.2659947024675375
516.2353891347965,393.7108168725816,11.207525498525797,6.042929108923033
516.2049154902626,394.09723520777334,10.997491699075795,5.702403103224469
516.0795186995297,394.1655850769384,11.178990821422076,5.806329284402466
516.0507472071994,394.48814934878044,10.964681140509015,5.5595566346243
516.038953349632,394.4261233740304,11.201148952762424,5.731496996608314
516.1332446255294,394.0822478609802,11.172392189753054,6.007795800150234
515.9126240082222,394.1948481185458,11.252063131963837,5.956974599274986
515.716244419871,393.78055794226384,11.468102653010646,6.1195337686233415
515.8918791750987,393.86972063355995,11.323546737216361,6.288182337049932
515.7123786840974,393.93072059173613,11.51026493100062,6.248429533971716
515.9517552142462,393.47922780821,11.172055059378636,6.807971051808863
515.8268766916311,394.1400374825959,11.383192042389851,6.078062417695833
515.7151768202137,394.22938995108893,11.32924967498343,6.01429303733687
515.8454515839848,394.29029203472453,11.521181779984204,6.080623717213882
515.808683486804,394.38766818135105,11.404806206448939,5.87696646352731
515.6842732640637,394.1413763504828,11.477700921230962,6.042577922319367
515.7604341340077,394.49712901015926,11.317524526297575,5.78968478337589
515.8466266756583,394.03971922836945,11.323546737216361,6.071348463358561
515.7471639056838,393.8178256936182,11.348058733617108,6.1483290352414315
515.6421210396608,393.78830743301177,10.550532880240212,6.3942623516607
514.9036465818847,393.4195044790186,11.305014017290773,6.354106239226667
514.8237938128574,393.56565961504515,11.157987803647984,6.234405792869211
514.8948310314447,393.74704029585627,11.066735033319787,5.533367516659894
514.4168899310148,393.69178070078584,11.094045180131275,6.074549234077665
514.0735224089852,393.5802835776451,11.0669922634346,6.288862270332686
514.0632755875015,394.06950707434277,11.285424725474627,5.600285953994899
513.0022066570726,393.5606108516355,11.066422460779904,5.840611854300505
512.6341280316148,393.5040375461189,11.350761462358037,6.022853020843002
512.7666472823655,393.04633062624697,11.413758297714367,6.426233663418998
511.95815750692776,392.7188882383504,11.701500103539104,6.522147598693948
511.8095736488691,392.57672426715186,11.389369494542848,6.138677117397663
511.08912945307384,392.58026784416177,11.795473941443674,6.200782743920968
510.95446416399807,392.42366879723943,11.285424725474627,6.279108493873082
510.15693447849105,392.6161359571837,11.1893823950453,5.734558477460723
509.6355129807571,392.4911712851048,11.550275673367992,5.702403103224469
508.84325358737306,392.3750753500503,11.488591968708306,5.902395873831779
508.6193842649981,392.3967834944743,11.312153430173112,5.945636956473209
508.04946351941896,392.4330193104667,11.192581533018597,5.606266329372943
506.8387317368746,391.8435984221683,11.242658807298653,6.042929108923033
505.6840098323413,391.65672751860075,12.215075781257838,5.921048184044821
504.5959419815355,391.8367844400227,12.177987488201211,6.12634953394172
504.0103586255787,391.67220054308257,12.091091207148395,5.635678105026784
503.8298502777193,391.64230952222556,11.389369494542848,5.8298128599185475
502.56823833530524,391.36780811318897,11.7754498163917,5.134868280590524
502.08825154604017,391.63725638169234,11.242998316732269,5.473006727767768
500.87386681972197,390.884836218108,11.974048358290531,6.047255810726199
499.9031642974521,390.605987043,12.296658070482863,6.323995579105485
498.98971404456233,390.9976836291822,12.176379309064714,5.048742640343903
498.81106647946285,390.6597044202077,11.940424641213383,5.665744729977121
497.70505369989615,390.5341299931565,11.860998313223092,5.718695615304
496.76807794673744,390.61316835320685,11.346618419681363,5.615121423073106
495.87833354295253,390.60638570511503,12.142696926717122,5.637680715975819
494.9125835579459,389.9630133440451,11.511799544655446,6.005288843919061
493.779705447817,390.28285705703894,12.52930695674803,5.626217455100289
493.6730808197186,389.59426207665354,11.505193591097566,5.6753807311789615
491.91591153150597,389.6264778062271,11.3702775429594,5.6851387714796715
490.7340293242138,389.1682651280867,12.117127156397032,5.594979557703141
489.84745721925236,389.47050929675925,10.918308448834807,5.524927166880275
487.877792537266,389.5445756915363,11.27238603592781,5.406755072099884
486.760329691736,389.2514016351443,11.152679281563962,5.606266329372943
485.45254123505134,389.47898510102414,11.44449198853772,4.867197742251676
484.4146411395697,389.47727361820273,11.671408550473927,4.947879180371842
483.86862509348117,389.31750308871324,11.252063131963837,4.606727023439305
481.9038152007476,388.90420554150575,11.910191673982013,5.2348630071484195
481.5360375295507,388.7741756235961,11.819246359100248,5.065391296757241
480.01279960334506,388.48198730493203,11.988624332511563,5.533211230389952
478.647128162107,388.56918969888466,13.14752431417827,5.641313624168674
477.7653154720042,388.85311302593584,12.855201848942897,5.133595457828676
476.7035281539162,389.3241805564093,12.402057996801318,5.19972969837562
475.85194729150993,388.7111505496708,11.62912520379956,6.359128887878285
474.90391682558516,389.08895163326065,11.427977526727773,5.945636956473209
473.73443317453217,389.7219036652127,11.523725277481105,5.551062786103728
472.91326012864414,390.0924192683489,11.733121831966741,5.613588063343457
472.6456776647636,390.18593889067813,11.49755676918653,6.151829267645951
471.4819956539601,391.55252348492456,10.887465076139279,4.748787958741616
471.0121523946544,391.8064382158116,11.172055059378579,5.2659947024675375
470.46119899727415,392.01275401681715,11.207525498525854,6.042929108923033
469.0973339767262,392.89094651867686,10.934357820002504,6.009925484601865
468.5705569712625,393.102865849423,10.907882377339092,6.539434337870773
467.02404010788325,394.2659537717734,11.093210475983199,6.804188764505227
467.0045245641949,395.70287368569427,11.199112246636957,6.036400927265333
466.46943553241783,396.15562896237725,11.797414038813997,6.234405792869211
465.8509268051229,396.2706533787842,11.462993993216571,6.866158838576439
465.0863573451984,396.3635930559959,12.021213221122139,7.001717275068472
464.75263275266695,396.8954120127692,12.308955026946876,7.001717275068472
464.8777644518167,397.05487048626713,12.337556281165064,6.7247624365148795
464.79946703339783,397.84897414868925,11.829385350572295,6.266377104627509
464.74861576226243,397.74524724277416,11.422494528275479,6.294027597213017
464.79970781025486,397.98702987596226,11.593991895026761,6.113195726468632
464.50591254991133,398.038147436963,11.879394447868037,6.151829267645951
464.2063947715581,398.6715417519725,11.842096368089642,6.154160317274943
463.97263770482823,398.5740799234136,11.980458291527611,6.183462344014231
463.9348214476798,398.9232140091299,11.433900099832783,5.644215316456894
463.84793148541416,398.9586181970266,11.383192042389908,5.902395873831779
463.81998303807507,399.0301777820991,11.346618419681363,5.673309209840681
463.78049408993223,398.9233857664222,11.637557353519355,5.324182489235113
463.75863121616055,398.7094587313769,10.806303374306594,6.298348416385807
463.045834416094,398.77860625531645,12.103059647660132,6.02243593044625
462.80113397589497,398.1148906298024,12.423092474881912,6.342468757668087
462.4698083691865,398.4614533630609,11.543801623282434,5.9842449886581335
461.91885657589916,398.75166381384975,12.049100082837583,5.6427123627373135
461.6395097695067,398.33616983235265,12.14909846815533,5.818778740011226
461.73936798319124,397.9566586257524,11.637557480022508,6.106520545835963
461.8759006001035,398.091920465112,11.137258880980198,5.6915960211949255
461.103518757895,397.83482953886516,12.021213221122139,5.914692675286176
460.79636921236727,397.4704405680914,12.05072490907321,6.007795800150234
460.83016427246434,397.8397876791431,11.207525498525854,5.445662859785273
460.34542451697223,397.71652042057207,11.913949198549972,5.692220172640532
459.8784621943938,397.6667445669234,12.354570299165175,5.327908441514978
459.8379924373916,397.5989611784086,11.34763938984878,5.709958673872961
459.71842010702693,397.0619216516664,11.3920927902916,6.184848975464831
459.33810091115527,397.05761513041523,11.89940239397356,6.138811503981458
458.77398166467196,396.7156278714311,12.29665807048292,6.183462344014231
458.9092325326505,396.56537462096304,12.021213221122139,6.298348416385807
458.4375980637959,396.7224838223709,11.608463460135567,6.051529823830094
457.87404054426617,396.748742845586,11.89332797408889,6.042577922319367
457.77198261998717,396.70764183706774,11.172392189753054,6.078062417695833
456.76835171876746,396.64888434896295,12.401565487841935,5.501446344230601
456.90371405696595,396.7030382219697,11.70902917933438,5.517217452813952
456.00209904694697,395.9873428352576,11.861356662330593,6.202434481110856
455.7175005794727,395.94975515946896,12.073965754276344,6.1969992907490905
455.8003742817732,396.2692225602816,11.352190538837021,5.72597308373679
454.8130564977756,396.16756177149676,12.53946804841712,5.935154250294886
454.9050103655265,396.57182724059567,11.06673503331973,5.083284991381333
453.8722510107096,396.1080997535532,12.321464554709166,5.853791879194546
453.6982874702348,395.8203087294827,11.878782959291925,5.815654157153347
452.8791233624557,395.3559856054802,12.028564328836751,6.499907432352757
452.57698974465353,395.64667855957344,11.984365850004792,6.536926827275352
452.9216692074916,395.6326013832417,11.372696902201199,6.193052768525433
451.76745828350454,395.682515433144,11.816914298045617,6.1868661246311945
451.99253457430626,395.73528850646767,11.425056522008902,5.738144979663673
450.89229924647856,395.8122598763935,12.050724909073267,5.621329403649327
450.6314380159405,395.5003484262928,12.366924688028519,5.902395873831779
449.75739824193147,395.48702965934956,12.369697950929606,5.606266329372943
449.9275414267563,395.7295931535378,11.269097475303397,5.239911082874528
448.9230493348389,395.83370476009145,12.021213221122139,5.371180375394999
448.96969010747245,395.62660555884486,11.96848997731621,5.482340570254507
448.18997240257454,395.6480160238455,11.775449816391756,5.5595566346243
447.7872146922094,395.51255174202544,12.152228182520957,6.16877814058256
447.06101149969953,395.52141855412793,12.178703625184426,5.586318401986773
445.7938317418762,395.48397896617126,12.772219195487537,5.644215316456894
445.3922334898689,395.57421379221125,12.913661810953158,5.565402758078676
444.9487109297605,395.4557396907843,12.085155844638734,5.75483611649463
444.7299753940386,395.45432774801486,12.152228182520957,5.453941188669546
443.8116901668041,395.72129243885365,12.390507166491943,5.348039418015787
443.95254833691473,395.6750791625903,11.505193591097566,5.482340570254507
443.8400321317367,395.4593241920254,11.312153430173112,5.713988763363886
442.7559322207564,394.7322842742684,12.507457923119773,6.499662122969539
442.9773902954363,395.7267231579185,11.75211522164085,5.218448275313449
442.26270968298223,395.2645668631945,11.841214607205984,5.644215316456894
442.1176838369138,395.5464688291215,11.331489459954184,5.665744729977064
440.9732498316241,395.72173090467624,11.92586305302575,5.420846842284448
440.0202834054848,395.69480310855556,12.78187515194918,5.524927166880275
439.6937534099194,395.65591818678547,12.02858607467374,5.548068770876625
438.90940558977115,395.44266602388194,12.190341327811552,5.586027529689318
438.7685544609094,395.6807232719388,12.161247434427764,5.556933636305473
437.85170248499116,395.6041998656623,11.51628795827537,5.565402758078676
436.72749029856783,395.5442637993565,12.53275420925496,5.339209063636702
436.7024335413391,395.0125306386023,11.437391230607943,6.195253583245972
435.8527452978772,395.6185004673112,12.099277297194078,5.295088532688851
434.46759931512884,395.15888947637353,11.62912520379956,5.867262565058979
433.77494940179497,394.83889328659933,12.178703625184426,6.062876369928745
433.01031378069047,394.63289892557435,12.472324614346917,6.218595652787087
432.7217668009044,394.9283700208677,11.89332797408889,5.563008245944786
431.9089391581423,394.7115187978436,12.085155844638734,5.690893492978034
430.90537260365005,394.7222498378831,13.266815383012101,5.586027529689318
430.6328184947439,394.7021917951517,12.40486896222177,5.882721363527878
429.93422138559595,394.9294109081727,12.239067537246626,5.469032147549171
428.6946399627618,394.91249065474295,12.724582079804804,5.818778740011226
428.68404303478155,394.9028741395932,12.568561941800908,5.8478725701434655
427.79736911926193,394.9426996573314,12.393178331350043,6.254501213952381
426.8982932035765,395.0013587052888,12.498706496478576,6.305653727953143
426.76383678837976,395.5422961511751,11.702145657242397,5.718695615304
425.832540707192,395.977680190285,12.276983715188578,5.8507500517695235
425.88960812425677,395.8772056068522,11.970675436383488,5.9653865924644265
424.82175913113144,396.2161239133907,12.372897650463472,6.074549234077665
423.8011454834037,396.37718362337193,12.372897650463472,5.75483611649463
423.74034857222,397.10340938444966,11.829492442496246,5.734051326505323
423.03906300394084,397.244330658663,11.199112246636957,5.745171057967411
422.1284874756378,397.73688284038394,11.49755676918653,6.194255676388309
420.18555224589153,398.7538669498827,12.340926338705174,6.042577922319367
419.46703197793346,399.1010605295137,13.024907483912443,6.109402858903536
418.7245086401667,399.80523060589786,12.949110334189527,5.967850849669958
418.0922840805278,400.4761503092758,11.980458291527611,5.551062786103728
417.2105881191168,400.90199426662804,12.007098009501135,6.022853020843002
416.5828943845752,401.13967634928656,12.214974884614264,6.215904379152846
415.6430665627434,401.6817925139155,12.24501240343028,5.914692675286176
414.91043502793735,402.1501937655928,12.29665807048292,5.867262565058979
414.0819605070778,402.2897959130278,13.076266509146137,5.914692675286176
413.7760336789251,402.5885582683256,11.624835995413719,5.430580319025353
412.96755781624057,403.05672352339195,12.2735045776231,5.630047971386716
411.9578838499856,402.94569660194395,13.115759953516942,6.045545603574226
411.78467021875707,402.8755527296435,13.3473295583359,6.215904379152846
410.9089736045095,403.0297093874872,12.44818791448796,6.060915463982894
409.79658113679994,403.3763987033258,12.980352573871244,5.658922181219737
408.86495458920064,403.3612944719651,12.893540577097383,5.745171057967411
408.4770546069831,403.4690098875866,12.53946804841712,5.673309209840681
407.95417217718733,402.95966380124634,12.191258144164465,6.288862270332686
406.97393737258636,403.1675193786446,12.29665807048292,5.83212925628618
406.26838819328106,403.4876348091618,12.724582079804804,5.658922181219737
404.9122667270095,403.2834872035717,12.388511352776675,5.6851387714796715
404.0627489775175,402.69257150807476,13.076266509146137,6.554118910452246
403.8826706426108,402.772436229441,12.258129953174716,6.460008009880426
403.4283975603118,402.8123203260343,11.808047427896156,6.327630796563199
402.9768460154728,402.9214245041243,12.122922106055796,5.482340570254507
401.8353466225135,402.34498590616175,12.515790579003806,5.769991588964444
401.3704770340459,402.09372230634284,11.839925056436414,5.726729329967725
400.7566163114958,402.17917557901416,12.481280261649545,5.964248143678674
400.0799235203109,401.91307603430545,12.366924688028519,6.359128887878285
398.95019295314637,401.96081894425606,13.106403032012167,6.336367642314713
398.8405923313168,402.02805019078977,12.416982609155411,6.036400927265333
397.6198446298123,401.5727293475239,12.66343455664429,5.8298128599185475
396.7323591632884,401.70912144509646,12.999324245939079,6.253728961559887
396.66786115723494,401.59059779997744,12.245012403430223,5.690893492978034
395.83779084796157,401.0749322577105,12.311345495143769,6.071348463358561
394.9334649340872,401.5264764325728,12.091091207148395,5.840611854300505
395.02380050995265,401.2993456761161,11.781571985232745,5.692220172640532
393.89184087290033,401.4457745849836,12.423092474881912,5.906060356911098
392.7176597510621,400.70540377330985,12.7058924549695,6.711580288713719
392.8310342895957,401.3901123688758,12.335810794730548,5.906060356911098
391.9230515046277,401.31445499611885,12.34608494403426,6.066976450161178
390.775998330154,400.87931320150756,12.226391452937264,6.394262196651084
389.8926563211573,400.598270620837,13.052393233078078,6.5923852231976525
389.63300802006995,401.06710763878766,12.655843621952329,5.935154250294886
388.92355738988323,400.96175647709526,12.387237497172066,5.788018936731703
387.8355037755048,400.92083243358576,12.455901410937997,5.661773368608181
387.95242042382625,400.66393288091746,12.050724909073267,5.937529182604578
386.7853955461681,400.4608397294246,12.231654510511305,5.718695615304
386.398606361704,400.73116668476996,12.102221413166319,5.283759711183109
385.78996608051347,400.0701154480375,12.431808758305635,6.1195337686233415
384.9215079994596,400.4374994056355,12.913661810953158,5.6858660212405425
384.76687476894875,400.3410843939438,12.263160189878988,5.878607242299552
383.88792703031953,399.81819991354155,12.431808758305635,6.408645600211798
383.97086644385945,400.08552471952663,11.596243886588638,5.956974599274986
382.90334636514245,399.8342418332319,12.452186368265757,6.1969992907490905
382.07303553274164,399.5748046103879,13.061711293617236,6.699757085950239
381.67182684546697,400.06415239761054,13.108237820904435,5.882721363527821
380.86042862888706,399.6597714473505,12.510374155033332,6.255187077516666
380.68309296190864,399.5650686410911,12.596696832771613,6.298348416385807
379.7471271304129,399.11216362626664,12.52817936883514,6.577294168638446
379.82562552695805,399.00297101149124,12.276983715188578,6.618061533968842
378.9166715841717,398.81669875998284,12.624826524459365,6.215893181767456
378.7135984423397,398.8922588249311,12.335810794730548,6.313374864284242
377.79957934568716,398.6514842196185,12.12575273985749,6.671811551188
376.7801372185678,398.14477099159956,13.204151756179385,6.905803339793579
376.7238139872086,398.1211840974507,12.549359822472638,6.830664207168638
376.7899278877748,397.6930959405057,12.190882231981902,7.492814968668711
375.68259168868184,397.7991417709899,12.788524393302225,6.675328666833593
375.8514151178009,397.8428312514384,12.431786363534911,6.910837761095479
375.06037781545035,398.571802413028,12.509002427904704,6.331717278322117
374.1653052712086,398.3966937551253,12.852467326837996,6.202434481110913
373.8398973658267,398.1874579576894,12.89149672272066,6.7746130736746295
373.7682787916561,398.0847875045042,12.7058924549695,6.865280600668996
373.04916730056294,399.18225927077697,13.049514878493198,6.177285149582588
372.7462417514326,398.79509128775743,12.972298814123405,6.331717278322117
371.7133704181673,398.9549188032087,13.396573987702823,6.618860665861064
371.74996456351863,399.82785867777307,12.68312446698377,6.394262196651084
371.8795598700787,399.73873059203487,12.053184532880437,6.330319728144104
371.14742589973406,399.77469024161104,12.821167327656099,6.527139730443139
370.87290064563433,400.401944933619,12.354570299165175,6.75640563235595
370.9671412388389,400.5241858886929,12.133952900322356,6.788225398781719
370.110082343175,401.02204563524106,12.436840273980067,6.234405792869211
369.9906487633602,401.0177258759062,12.085858217846067,6.710461975606393
368.79470688022604,402.414199057719,12.40486896222177,5.786807428252928
368.7940607907208,401.8801209999677,12.393178331350043,6.910837761095536
367.86701256365205,402.05521520900174,13.364008314970874,6.969745963310174
367.6502344239143,402.9104247817924,12.496408937145759,6.433532567216957
367.5837459185961,402.5758886919863,12.50095870569578,6.814047163350551
367.69301226411153,403.4193415151773,12.515790579003806,6.7033725812969465
367.12752522008526,402.95604273121677,12.772219195487537,7.215285559182007
366.95560810885763,403.399446196148,13.054279460886221,6.853496716965253
366.75149261243473,403.482149667741,13.651750120795612,6.745946781002033
366.70632438992106,404.1080574967184,13.218226828153774,6.814047163350608
366.8642235222028,404.5812531265508,12.468811585738365,6.522147598693948
366.7826433699572,404.6670985123476,12.53275420925496,6.266377104627509
366.8101812370563,404.6718474979477,12.365313183017747,6.401899733051721
366.88477922219204,404.82733987960916,12.393178331350043,6.293109246137249
366.8377645528435,404.82848565287526,12.311080838501653,6.274679911236319
366.67688640404504,404.38297892286215,12.53946804841712,6.487938224587026
366.63630554056,404.69241692295344,12.734687921116745,6.3011553538997305
366.816287291073,404.4318577048012,12.597655835184696,6.866158838576439
366.7869962642631,404.6457446521892,12.383623453040911,6.336367642314713
366.83286746493656,404.9728835578111,12.436840273980067,6.298348416385807
366.50909087299914,404.5544302953567,12.57583526513605,6.7247624365148795
366.3641957527972,404.4592539946282,12.97296690508773,6.777713321841759
365.9503466116456,404.5092852842493,13.299144253071177,6.601386821270808
366.3879653861758,404.73293864533343,12.913421036874922,6.401899733051721
366.3896804911513,404.7143521832958,12.840589691770504,6.407057124553546
365.7539558907488,404.7777279753813,13.332037003212577,6.3942623516607
366.03799942506834,404.5979125719895,13.028085099930706,6.603822615738238
366.16494250217295,404.650394517635,13.108237820904435,6.458204975177296
366.09812605038627,404.6441849369317,13.180910686185484,6.608610867453876
366.0293002521071,404.58866910172367,13.220361435034931,6.752688759520311
365.91142816216944,404.48031718947254,13.666521123204461,6.763431621556663
365.9201130941498,404.4305967940585,13.419607516233043,6.842313347594597
366.09248550801726,404.42331050698976,13.023042607646346,6.686915817057468
365.9246073618401,404.49936081857624,12.804183620782567,6.67469701005956
365.8936109546215,404.77026645957244,12.724582079804804,6.1704631693525585
365.9773995247009,404.17206922431,12.354943061195911,6.900119143611278
365.5915344291795,404.2092259066788,12.634677621072058,6.247405170566992
365.9289786066005,404.32562490711933,12.541432767780009,5.687936050814699
365.8505265026011,404.07137695401093,12.308320634549887,6.200782743920968
365.38552351854247,403.9255223926104,12.437191305574117,6.1483290352414315
364.89567687234324,404.0363225463889,12.568561941800908,5.964248143678674
363.9888083224919,403.7033926562831,12.245012403430223,6.074549234077665
363.92240831331515,403.56839143691514,12.231654510511305,6.274679911236319
363.56356647736857,403.6118394140611,12.500782897496663,5.786807428252928
362.9029737408238,403.6065640146964,13.29590927639589,6.226093184132878
362.83741432618535,403.4994615903146,13.237721489628314,6.1969992907490905
362.9831340035336,403.56629801442745,12.340926338705174,6.3942623516607
362.8835755493645,403.6271732822634,12.30671690134676,6.255187077516666
362.71103416811485,403.38388644817667,12.53275420925496,6.074549234077665
361.77615221050087,402.91818126972,13.474394014745883,6.199245915529502
361.8726583371905,402.9743746642839,12.96419093716628,6.288862270332686
361.65711067797673,402.8744305032053,13.069590863484677,6.218595652787087
361.7487747370419,402.50038209826073,12.46993349448229,6.751237879178291
360.79449253256854,402.6434012838845,13.441378743314885,6.487938224587026
360.8902590360042,402.61663836007494,12.335810794730548,6.4006565444356625
360.60881026600885,402.21407939711105,12.53275420925496,6.586090222210544
359.45722435884215,402.3701222884202,13.893483140514604,5.921048184044821
359.76199201530665,402.01193117373026,12.684937515336117,6.371562651051875
359.75291555729535,401.95154616413953,12.33179137925572,6.323995579105485
358.79043591141647,401.7574401658053,12.684937515336117,6.458844331203238
357.97593377399255,401.6596403317673,13.109760301397216,6.151829267645951
357.77232537265866,401.6097634943881,12.53275420925496,6.682004157485437
356.9143243696077,401.48039548500407,13.301762167957065,6.619946753355407
356.58659027147985,401.444511979416,12.855201848942897,5.93969722393399
355.72822392133855,400.99078800523796,13.520503727346465,6.43389487715109
355.74275637887916,401.54828200843946,13.16533897504786,5.636772698994093
355.5524607829435,401.42674967457754,12.72881821402109,5.885582089555214
354.8344422124049,400.81037662536704,13.474203232526975,6.293109246137249
354.66941568538357,401.0036381112963,12.479994063570416,6.023163158093837
353.8203501771646,400.8996791907738,12.57583526513605,6.512958895207305
353.3871794067767,400.9455819562516,12.624549979364645,6.288182337049932
353.01711016957455,400.8640676844928,12.500782897496663,6.298348416385807
352.78838137476015,400.2948503122243,12.436840273980067,6.586090222210544
352.2132402236141,400.0998171759741,12.916409950354648,6.682004157485437
351.8326619288849,399.84118619831816,12.542591231892573,6.710461975606393
351.28926458224043,399.67247784801725,13.034457554711878,7.237461607198497
350.8533051910489,399.55934189112986,13.441378743314885,6.662501584889867
350.73147796822246,399.1986235870343,12.455901410937997,6.986869263388826
350.7848854838419,398.967280723049,12.57583526513605,6.989516863149333
350.21761190844427,398.8416142344633,13.154588337276891,7.0591472212859685
349.87092396904677,398.58055651350617,12.66343455664429,6.447541374876835
349.97910367356735,398.58002472993167,12.045706041686003,6.331717278322117
349.79616731903855,397.7187020729164,12.568561941800908,6.691595478273655
349.91597867978487,397.4453956130901,12.161247434427764,6.720689371657443
349.22199421300144,397.2886479483629,12.916409950354648,7.001717275068472
349.06604952367184,396.98174115340976,12.7885247033214,7.065659898585068
348.8163791267031,396.8221979560059,12.57636467409992,6.3604602949470745
348.6968396302465,396.7046712284079,12.423092474881912,6.546126011354659
348.75655280383324,396.0369818591255,12.390507166491943,7.227795847120319
348.9732416188426,396.09948051341763,12.311080838501653,7.042467748476213
348.8749101046149,396.0994150899705,12.437191305574117,6.921261828243246
348.5493909948937,395.88886751384604,12.858791010847824,6.956395137016045
348.62530143734114,395.9567393984254,12.756553391563102,7.001717275068472
349.0034961145531,395.76048958926947,12.40486896222177,6.841860716276983
348.8440805087759,395.36939455128896,12.431786363534911,6.524757439246571
348.97617983848033,395.90840978900087,12.161530138240664,6.331717278322117
348.86749185151666,395.3012357853032,12.238746202610457,6.486149407061703
348.8969418064983,395.21742710637994,12.311080838501653,6.777713321841759
348.75413588984185,395.4275017367071,12.213041091671926,6.362291039902402
348.95432048153515,395.041463437216,12.20013817042559,6.563365471431496
348.8236315177444,395.06819257145486,12.402057996801318,6.499662122969539
348.83511448259463,395.5412567276001,12.470394395719836,5.9842449886581335
348.83522517568457,394.8947721573921,12.507457923119773,6.640195358060737
348.7721660071427,394.87832007081073,12.489404705293452,6.284604604101332
348.7328029066697,394.91978067163234,12.929057628393423,6.218595652787087
348.83843684822034,394.78511800036085,13.317147659712532,6.3011553538997305
349.12044136714366,395.00421966847915,13.034064235941685,6.4006565444356625
349.01900495016133,394.7780454679059,13.174312253045002,6.530855646808618
348.8151723162703,394.4295061019194,13.237039527624347,6.448814128842628
348.92553640642296,394.1018022060978,13.17218044442103,6.713975469243735
349.142374297438,393.97308382180404,13.28116307160252,7.219702018574651
349.70470211759647,393.745279825752,12.261232126549487,6.6185197638121736
349.76503074086247,393.6141129231265,12.515790579003806,6.236682085130724
349.566086691253,392.8805040776299,12.7058924549695,6.609113414076887
349.8175732950956,392.92350987531825,12.402057996801318,6.078062417695833
349.20106049552976,392.5521330506261,13.109760301397216,6.448814128842628
349.8428657109828,392.14333891683594,12.430937761519033,6.279108493873082
350.3439403561809,391.725658901429,11.814057848576681,5.945636956473209
349.2307680298416,391.0402354656199,12.72792247436405,6.806874290319229
349.1384008661098,390.75573248852555,13.139857481030276,6.323995579105485
349.97794691041685,389.9655068495469,12.40486896222177,6.969745963310174
349.95742002204554,389.4651811176862,13.371927140109051,6.455413102121611
350.75059966195187,388.75265006522056,12.048302658767625,6.474555167094763
350.90797072864257,387.67977560209073,12.01559160030041,6.218595652787087
350.89315120020797,386.90340678744946,12.121830927965789,6.200782743920968
351.1054103645423,386.4501249920657,11.980458291527611,6.323995579105485
350.8591974074376,385.83526047883163,12.01559160030041,5.937529182604578
350.94582202605267,384.5986199027093,12.452186368265757,6.167905397365246
350.9917113040741,384.06746882647917,11.989241909363841,6.618061533968842
350.64461696592383,383.2137770625902,12.914412180948148,6.573762157089163
350.7142825228823,382.87547784004494,12.80835932960639,6.352946227484779
350.9592176485986,381.9235583134943,13.203947007232728,7.142485954204858
350.8443621668181,381.1188988229288,13.109760301397216,6.873078216266492
350.8656225411057,380.64289849408124,13.240769167470319,6.620384583735188
350.85100931560817,379.87388914831735,13.088122910678067,7.026661857650197
350.8955679203712,379.52978811693646,13.203947007232728,6.447541374876835
350.7167981117815,378.6797547715011,13.28116307160252,7.103877922019933
350.8184961946671,378.3312876688056,13.194613118881989,7.00035744249368
350.8824773998253,377.90424661563793,13.194613118881989,7.212489486205584
351.1165267064405,377.6163523228205,12.910826204243222,7.3776149738532695
350.9138605123084,377.78904050703136,13.300065691454279,6.713975469243735
351.4644619618936,377.5315100287106,12.702042588829158,6.447541374876835
351.48525242248434,376.8063520328124,12.64799115821097,7.0969283721073
351.77855221576533,376.669778045107,12.53275420925496,7.225516457376614
351.60484207629725,376.5001583501509,12.859592766924777,7.2751480992164375
351.7324267333849,376.644625464005,12.55500697619243,7.43166332223052
351.6728124142212,375.8405847013442,12.628668144529911,8.024799251334173
351.7425810258565,376.2447817144765,12.49685906794349,6.993856215217477
351.7159058830945,375.8941259926232,12.606480638714913,7.191175042606062
351.5928056425014,375.7955385173633,12.803799466103499,7.476191126611809
351.5046325619334,375.905035140377,12.738026523640599,7.278872299223224
351.86409386059347,375.7496502591623,12.500782897496663,7.705086133751138
351.8723336396458,376.2851355314946,12.577724540665372,6.991528445788845
351.7385663563909,376.2740514800635,12.509002427904704,6.949445793280404
351.90786676026835,376.12991614076606,12.72792247436405,6.760251863673204
351.52680952878427,376.10741564064045,13.069590863484677,7.237461607198497
351.6463165133868,375.8201500724966,13.076266509146137,7.353401704409805
351.64006957535463,375.536258396554,12.801313088871325,7.82625732024178
351.4122144770806,375.5417322657941,13.049514878493198,6.988053825465272
351.5529218999747,375.78508246577854,12.684937515336117,7.535318386403787
350.72518338537037,375.71507698831226,13.586848210233882,6.662501584889867
350.7837669332151,375.77638695170117,13.576450797563439,6.745798990039361
350.67154715623826,375.4046375606178,13.772257038940836,6.745595284379192
350.0223170151997,375.50237238747764,13.275051600438758,6.770035389697455
349.8836658512485,375.2843264316224,13.396573987702823,6.936565977822397
349.7749166061142,375.50419084526084,13.140209132662733,6.586090222210544
349.44349988552,375.44002232492363,12.917688662406533,6.42975043781945
348.9208119523836,374.93994174013324,13.203947007232728,6.833621696725743
348.612127194821,374.633403203986,13.790505463920454,6.517032117970871
348.06951549231934,374.4239209279636,13.17218044442103,6.873832028035281
347.85535098967176,374.31490596697273,13.588256084659633,7.203703137080197
347.8893108226125,373.85332931959874,13.354097063163465,7.360755026101003
347.11301240664915,373.98443888913874,13.220361435034931,7.0815534718346385
346.8006524026336,373.7328828627665,13.092252022709317,7.477130599636212
346.01386425304906,373.676085038544,13.52895120102005,6.751237879178291
345.7478745885681,373.4751009868387,13.842523656486435,6.780728593151991
345.246354433242,373.60616990048095,13.596590495076782,6.4293955054239404
344.82766354193865,373.4578399551366,13.54007077939491,6.794128042329817
343.8729862848789,373.4451112043996,13.417680262423517,6.4676726755146206
343.90259543344564,372.93402171276836,13.42304943036629,7.1218940764665035
343.07266068073847,372.7538209189037,13.092252022709317,6.9534405187278026
342.6982348179246,372.64822872243815,13.395514863600624,6.480923558108941
341.55977568140185,372.17304215086784,13.705851425636354,7.103877922019933
340.66726850993155,371.887214014601,13.62863536126656,6.795013664540818
340.64313996626987,372.0118744401356,12.823657702075025,7.0617950633344435
339.66327414530696,371.65436686492325,13.70322378376909,6.4006565444356625
339.3773340910434,371.6803298021591,12.888594769022689,6.691595478273655
338.6451973689767,371.2808078358684,13.42795093848747,6.8098894045186285
337.66487356528074,371.272760906013,13.8116066795871,7.065659898585068
337.5595541370203,371.1127311795549,13.702696346429263,6.862310330291791
336.8305555166973,370.6717692489902,13.732317677152878,7.477130599636212
336.0294811612278,370.75125320137727,13.194146740824294,6.3872724505050655
335.5316241900662,370.8344057127824,13.121345916093105,6.080623717213882
334.9015549017454,370.65118504900283,13.32189234510912,6.363961311357855
334.7242612524425,370.1862143550835,13.456057259985585,6.710461975606393
333.8371172552698,369.68933265556643,13.499566530082461,7.1280038790306435
333.8644117620918,369.69900104454507,13.13049568464453,6.770035389697455
333.6331740881468,369.58307933968695,12.743125302103692,6.517032117970871
332.1154673194611,368.8010644365643,13.93597493083945,7.186191665798219
331.67259706371476,368.74015331865155,13.740754742327624,7.227795847120319
330.75791488894794,369.24555246848087,13.364008314970874,6.522147598693948
329.6255299267766,368.8122439466,13.937499618745676,6.100069085212795
329.58814054199456,369.0020169370038,13.054279460886221,6.107537890628919
328.8564318878195,367.71934955621765,13.332037003212577,7.257487769134912
327.62324719114935,367.6561922907201,13.506912117386037,6.723529370102085
326.46217669003323,367.56347970399906,13.84869325068803,6.691595478273655
326.4145597501952,367.40712783947504,13.412284849931098,6.662501584889867
325.5747236335467,367.0794184725211,13.705851425636354,6.563365471431496
324.5821240835786,367.54807881495265,13.807390347713635,6.288862270332686
323.79518373336924,367.42180044775876,13.325003169779677,6.1969992907490905
322.9084645218824,367.241086246957,13.268094379695981,5.978635298802772
322.63935261164346,366.5085456154708,12.600643396488579,6.533666946327401
321.6747737218003,366.1285980790669,13.32189234510912,6.660946172554588
320.8342990236435,365.5709765988837,13.364008314970874,6.650032845727139
319.75877464063865,365.2600221128379,14.61545644948825,6.499662122969539
319.57305193772464,365.5024563221359,12.914412180948148,6.43389487715109
318.0190084460797,364.97918125467686,13.986727993806653,6.71362943702718
317.8891385343777,364.57045441835044,13.237039527624347,7.594327164887034
316.63775090846514,364.34889167414497,13.730561201338048,7.889949347037543
316.8255186578878,364.6046364425214,13.194146740824294,7.459588263363571
315.7364186734037,363.9080911781828,13.651750120795612,8.184655810125719
314.9331070895187,364.04987498821856,13.899607398308262,7.042467748476213
314.2183060922238,363.8782587868586,13.427258874054417,7.366343410071522
313.5604196952777,363.828231538366,13.744459457821222,7.605782340423559
312.6258001465419,363.7929019700724,13.986727993806653,6.247405170566992
310.9514548457648,362.7044257182021,13.395979626729172,7.4493156396846985
310.39727387811456,363.21306481060003,13.449171571336308,7.00035744249368
309.8764110204653,363.3225228110576,13.242555039417653,6.717797600171025
308.49610686637936,362.39434851149497,13.893483140514604,7.879190103177734
307.8452957313887,362.136426447127,13.842523656486435,6.815861901924791
308.17500754311817,362.61549004045264,13.210124098575932,6.499662122969539
306.93223097182846,362.0108649491054,13.024907483912443,7.042783851236038
305.66490295781324,361.6946190942937,13.551419296896768,7.258310050759519
305.73942431340276,361.7500266198306,13.236123067937683,7.225516457376614
304.6712480835448,361.22288043689883,13.420923951212785,7.0617950633344435
303.7334412430817,360.46791971430144,13.70322378376909,7.9135390003932
303.6752639415332,361.2308934482882,13.204151756179385,6.841860716276983
302.8034358873235,360.95425883285094,13.420923951212785,7.3428615335169525
302.75507253466304,360.60000071237295,12.436840273980067,7.513258263201351
301.93411974975123,360.6837057747863,13.42304943036629,7.386648503100957
301.144713513758,360.6810912356954,14.02325661099087,7.389848919484791
300.8635826634756,360.15009880838886,13.684626695189138,6.986869263388826
300.6888964425753,360.031147925085,13.53402438882108,7.170063077463226
300.33961008847757,360.0284112862781,13.557754316850094,7.069816092263011
299.81726382721155,359.86743235631536,13.275051600438758,7.348259052874482
298.7365567166142,359.2384187677186,13.747664056070505,7.864942692542684
298.779619865354,359.93122131987246,13.363630829203373,7.114896043325871
298.63797204589446,359.6152431685464,13.674129890385245,7.069816092263011
298.4486100487582,359.8866313586876,13.596590495076782,7.0969283721073
297.5715357017763,360.01828854266506,13.587807497279016,6.586090222210544
297.504289020069,359.7587403598417,13.898891586560808,7.219702018574651
297.7670126862741,359.9206616849766,14.401477224980226,6.924346625344015
296.5261078003813,359.54192372371364,14.634228372050643,7.389848919484791
296.9842613308382,359.25724246667886,12.86868153923291,6.867421398340639
296.678954704206,359.62213777663266,13.449171571336308,6.533666946327401
296.7349110329592,359.5777386633726,13.667243393451429,6.601973503616364
296.60038092259094,359.52178646472424,13.737123730168037,6.710461975606393
296.5520217034668,359.54468526105967,13.618877206305854,6.830651807524134
296.6366065329248,359.52325358180406,13.587807497279016,7.097631210343366
295.6852724853026,359.89970164164953,13.660371007284539,6.340650023859041
295.86517931379507,359.38933456006174,13.53402438882108,6.7033725812969465
295.68136702614476,358.7233076748104,13.53402438882108,7.509474347402261
295.774474242904,358.5993634864168,13.512115131328187,7.2064614033750445
295.9275320814665,358.92596200770765,13.194613118881989,6.448814128842628
295.7745383943875,358.9919150474725,13.237039527624347,6.066976450161178
295.04236513917874,358.43450975516384,13.007657034240196,6.667007010381155
294.88169431905027,358.20620215457126,13.747664056070505,6.969745963310174
294.6222546403652,358.43918189446015,13.442851371324195,6.856756404165367
294.8266421953757,358.6451266151205,13.546605618820024,6.56805120912486
294.8332027219731,358.693663184635,13.301762167957065,6.558078092109099
294.68977669275375,358.2686409674554,13.67221908184547,6.7240421713994465
294.6353023185625,357.98626475333674,13.448084342798836,7.097600069810483
294.86328562906164,357.94760241260536,13.109760301397216,7.254915894947942
294.76265514244307,357.89420084582764,13.269460265472219,7.531315285808546
294.111574852408,357.8814565269809,13.796711457927586,7.671713994542699
294.0033648390468,357.93080609284806,14.039209459504377,7.389057610265468
294.1318849280583,357.7524031548932,14.07439472433947,7.307858799176245
294.34149708359104,358.069062357994,13.906218489325283,7.2064614033750445
294.299650331859,358.02126631948835,13.520503727346465,7.273098556779473
294.52077284556157,357.8773569984922,12.86868153923291,7.362370688311103
293.9309015474648,357.80387952523773,13.371927140109051,7.531315285808546
294.2990449719941,357.88034730638617,12.856474717568744,7.258310050759519
293.78895123193865,357.0712780482331,13.661303615048212,7.721606391114221
293.7901917508112,357.58058424412536,13.203947007232728,7.451350211683973
293.65012302373333,357.44626414932316,13.679327764019604,7.736249035082267
293.7929285539632,357.7486706208339,13.31552402489433,7.377994842289752
293.40641144786974,357.47125066819063,13.935494950611712,7.4800818484901015
293.86118648838436,356.95400840928903,13.396987168157182,8.455159048491169
293.6302705341542,357.42182658377334,13.613748580638514,8.438659222930028
293.587030996693,357.5331350981119,13.746156432532985,8.230723296022859
293.6090883884514,357.6856577535371,13.821675522191015,7.451350211683973
293.6558608443861,358.0130974245291,13.661303615048212,7.339768712432715
293.90420257179295,357.7445469206435,13.115759953516942,7.941182784355931
293.8127471845739,357.45055871807756,13.551419296896768,8.146294791011996
293.69224066193397,357.5609296362329,13.491893562004066,8.248598433642314
293.55869632785465,357.5728374172811,13.701990421395237,8.396860796701162
293.6683914624461,357.6571100504041,13.666521123204461,7.661232279285457
293.7000824528879,357.6897830236358,13.396987168157182,8.22351085538179
293.5992154116867,357.20610835733356,13.568415611042042,8.163569558510801
293.4947613468137,357.6988225138367,13.701990421395237,8.431994105473962
293.5837736080336,357.425654265714,13.78306749000609,8.300726919751582
293.4579720307904,357.7510454224178,14.000714884987303,8.018591252310898
293.43343139660175,357.48209459188456,13.98305689157769,8.010394400200312
293.72283540206,357.6493969955428,13.667243393451429,7.914646597902674
293.9748945907589,357.76044766929596,13.425499490449681,7.176764704572179
293.591010531504,357.8081019316875,13.491597980078666,7.212489486205584
293.87986571870596,357.9929388051899,13.512115131328187,7.037559964233424
293.4636294307771,357.4801074820205,13.82164224120993,7.247023229174943
293.5500036946471,357.3161921365072,13.793617529897517,7.15016092366119
293.7688210719889,357.18662286508646,13.576860889382772,6.660346851395332
294.33605162894844,357.25893073213643,13.061711293617236,6.7560575656640935
293.9324279854174,356.9627520851893,13.613748580638514,7.039986423549351
293.9024610651003,356.8362998268487,13.525627452064327,6.967747475305885
293.48294584347514,356.83973475053426,13.681016570469808,6.812358045377948
293.51501274782146,357.0714037985924,13.7885828412754,6.745798990039361
293.81184305962546,356.9878566639072,13.240769167470319,6.9933639969033266
294.0488221456133,356.714259937691,13.363630829203373,7.114896043325871
294.04804415127325,356.85826713797144,13.126730942862991,7.296918082944444
293.96954803970783,356.9346043584593,13.257569834419087,6.934728836465354
293.5665690217141,356.78739435380226,13.576450797563439,7.254915894947942
294.69456456621924,356.44433919087254,12.781657071132258,7.818566825426615
294.7381020878057,356.5775579846842,12.971901138021622,7.224856330037369
294.7311473529342,356.3853466695812,12.744944216740294,6.991158720833255
294.62067139842895,356.49794954226957,13.245257407348731,6.8861285194704465
294.74993563399744,356.31054320322284,13.237039527624347,6.957931033751265
294.72890061049475,355.9442207228581,13.449171571336308,7.806459208598994
294.7404995842079,356.0469173208296,13.174990789803132,7.237461607198497
294.7891413087649,355.75978295952956,13.42304943036629,7.916157356369865
294.8451312466975,355.8574491600906,13.28039071612153,7.904994473881857
294.50864524215905,355.83030727423875,13.746156432532985,8.103444069795671
294.5434573662939,355.6452231303375,13.706993433930563,8.25216951634593
294.76391816914554,355.71220663468375,13.473881300700441,7.925812529823759
294.7315914587678,355.8876510689687,13.449171571336308,7.97616484356854
294.777523392823,355.8692380308587,13.406745162593893,7.6791799823718065
294.6768574700082,355.33047845804805,13.587807497279016,8.248598433642314
295.04644497204094,355.63120774975386,13.230612732758857,8.445071957080131
294.76736953468276,356.00827344094995,13.525627452064327,7.428848411171714
294.9220494200252,355.8256113383772,13.499566530082461,7.82625732024178
294.65803928114894,355.7457249149519,13.7885828412754,7.509474347402261
294.94932725177244,355.8439965906378,13.16699339083533,7.018980912624272
294.8003372975866,356.0390254205277,13.319771103787446,7.142485954204858
295.02315537033485,355.88851426395723,13.242555039417653,7.335526115129312
294.7431787334564,355.5547493724441,13.420923951212785,7.132061680880099
294.85867333231,355.84790255316943,13.242555039417653,6.679189567986157
295.22686575815146,355.3734855151058,12.94005466642767,7.594327164887034
294.8345959489709,355.34947609319045,13.396987168157182,6.910837761095479
295.0910903854791,355.3447600336278,12.910826204243222,7.018980912624272
295.329033999465,355.6670002404282,12.600643396488579,6.5760933550698155
295.34747329767805,355.3124844407225,12.238746202610457,7.760214469163088
295.62876765703163,355.1124440666502,12.441719383070222,7.546616674977031
295.5911017039407,355.53161469278837,12.14232464446684,6.967747475305885
295.252445090156,355.7798291603257,12.497469571755005,7.4242393495574674
295.7676948884829,355.5236381219926,11.702229088151569,7.832567676531767
295.3792427346396,355.7682623643281,12.091526491579941,7.7640327998565795
296.0242739901114,355.59733373852333,11.505193591097566,7.451350211683973
296.7030658464013,355.5315443705332,11.142759968399332,6.9933639969033266
295.989806421006,355.6931686659252,12.215075781257838,7.366343410071522
296.06089893633805,355.4790619893156,11.888718794735667,8.205547089699905
296.2043185067879,355.4610577023299,11.814057848576681,7.219702018574651
296.82098922793574,355.82531042691596,11.539983177928946,7.467047938659903
296.3249331365675,355.32664323435046,11.953852749154521,8.741254822819258
296.41263876480133,355.7134315686643,11.829831544558544,7.886554363039011
296.7854439714364,355.6177445365941,11.455130360444173,7.424621529917488
296.6881711385126,355.84956225259793,11.357964902617653,6.618860665861064
296.76583352560726,355.7729069614857,11.439033605020995,6.831645069665285
297.01952578237234,355.59406812651815,11.276979088143491,6.505949473928922
296.8877089310179,355.52365707156633,11.330673167277212,6.427978046820726
296.59305918427,355.78746156077983,11.277559875272004,7.578520236182783
296.33634562223085,355.4897695244998,11.972393098202701,7.303159789903646
296.89414575916794,355.5891267870382,11.187339396269806,7.939402152191462
296.8108989932941,355.5876681155357,11.13432558132854,8.141227306777864
296.73328333850117,355.79292417303657,11.904592816538809,7.635359530607673
296.48473947209993,355.82301455903985,12.211840960166796,7.782055513831779
296.2202134999011,355.67890119695653,12.855956093641453,7.844312192730399
296.5082597540892,355.6560290838215,12.591210680598579,8.129758077236886
296.49997107153365,355.71261224171633,12.54064658130244,8.02962263119366
296.3792445958892,355.8106530015015,12.811308018308978,7.849181673189321
296.261972062597,355.90813066298074,13.011898947857844,8.240869333643332
296.4383776818321,356.0299579865041,12.8543113456181,7.866071121945424
296.0363210236778,356.52619751081113,13.156475602834064,7.51798605876229
297.0754865033182,356.00060765653114,12.293780507041106,7.634041121307803
296.7360795288797,356.39082054963404,12.331564891148787,7.542607651867684
296.31877601852636,356.0814616806879,13.02491218380544,7.630756632936539
297.44863562313105,355.9540060342932,11.984365850004792,7.9532609731849675
296.2720134891962,356.1357500402418,12.867322292881681,8.530022643595714
296.71529043284306,355.73647448961475,12.630867060304638,8.480725026204539
296.8575794659162,356.0142244819538,12.492067289412773,8.030614686051024
296.43119210724115,356.21231393007423,13.156476953338824,8.157015711070073
296.24393728563115,355.609346111699,12.81046061507692,8.50039909972395
296.2624883658365,355.8552270063822,13.049908477040958,7.542607651867684
296.4709789480536,355.66526193229606,13.288041722872208,8.157015711070073
295.73104699945065,355.6589341822961,13.551171261939032,8.683274789203665
296.4404535039651,355.956776109474,12.901528497311176,7.668740715184981
296.2640432844018,355.750771531013,13.268719325907114,8.205655372600518
297.1813799198319,355.292624667621,13.238022132054425,8.825348088036321
296.1624845431778,355.67932797024065,14.054392678641932,8.28010731454873
296.26039380752434,355.6274975573,13.957108819390328,8.45636593174828
296.2645112246441,355.58365473191975,14.20899510960595,8.288580480603457
297.10062482309746,356.2630356012225,13.049908477040958,7.542607651867684
296.5036541370009,355.4819203420777,13.611105474188662,8.104794623266855
296.2489159744489,355.6600710161534,14.163341459096557,8.389056095003355
296.92904041643516,355.66987051111437,13.425499490449681,8.104794623266855
297.07801810186334,355.5519684668214,12.92510328502334,8.442408504090395
296.9192467729945,355.78323278890775,13.17802484546445,7.857319978281623
296.8087680689349,355.7317017516336,13.546605618820024,7.96376209106387
296.57529468221117,355.8714191736566,13.710806899048123,8.045862731177976
296.61825881624685,356.07456816174675,13.522795922481066,7.3217348088571725
296.29107500307117,355.67604824921824,13.875008179276278,8.045862731177976
296.8137359235941,355.7011301250934,13.623292329328592,8.300284068200199
296.77931520775354,356.00142301639426,13.52951998486867,7.342654062139786
296.92426738215704,356.0924640126435,13.373372763116606,7.247023229174943
298.5685315962342,355.7158893103416,11.909103228287222,7.4882997571805845
297.4211237093046,356.71648967150077,12.807699857793466,6.896453769581115
297.18651988392554,356.33720089585523,13.054001778135671,6.896453769581115
297.4044805572727,356.33443542981047,12.930550200479217,7.114896043325871
297.57187448909553,356.2387382524124,12.624826524459365,6.872229728910611
297.641459498722,356.4204102140108,12.643069805230937,6.7033725812969465
297.78589008864174,356.3041391560564,12.473364170261448,7.085210259978453
297.88428201639084,356.20439096061375,12.40486896222177,7.097631210343366
298.0803765111855,356.4198090839746,12.193558081785284,6.455413102121611
298.4061222114804,356.8817560528158,11.909103228287222,6.315433530152291
298.9887019028696,356.4249053364403,11.411988975854456,7.471158250379517
298.39678151372385,356.9317411986963,11.909103228287222,7.217638320174046
298.94025533875435,357.2793017732065,11.321965008075097,6.805552737094331
299.34228699617046,357.17415337555633,10.584490186207063,6.868658525091803
299.8789119089038,357.32566445344327,10.471889226779354,6.868658525091803
299.7308305156464,357.07226238806544,10.400387775640354,6.865280600668996
299.77797580753327,357.4928613286302,10.39361679313771,6.84136801573618
299.14266078850846,357.1913658245046,10.905773030439718,7.33661094775033
299.4456558522585,357.5128162470498,10.555796043254588,7.037197362169707
298.9965181068681,357.3972214416992,11.203795463059635,7.262761883088899
298.5596059173342,357.72057369706584,11.445702330567713,6.619946753355407
298.3916760428007,357.6695899093734,11.353918781271716,6.390828535566129
298.73350026248335,357.77793313132577,11.081968630822075,6.798753761240562
298.8961864845724,357.5387883687094,11.281448532014565,7.172311649492713
298.5620846781872,357.7232821906787,11.597909071757385,6.990520536401732
298.5671163935386,357.57752726504077,11.728662270282882,7.578520236182783
298.9255767768071,357.5426334633787,10.837284495055997,7.471158250379517
298.3957284741414,357.562473836665,11.879141169472291,7.172311649492713
298.4371589534971,357.41181078816766,11.709264488471547,8.157015711070073
298.79099858405556,357.56880054845334,11.430871691379025,8.068850605679302
299.21509627044867,357.5629193281368,11.206736952332392,7.545869547903806
299.67529950191476,357.8040886368443,10.525181562671094,7.367627093869771
299.28003487193604,357.69867161508904,10.905773030439718,7.634041121307803
299.5465270551136,357.45168070903566,10.916677959263268,7.668740715184981
299.7925602703242,357.5487623314542,10.459621155510206,7.994139025997072
299.6149715250292,357.251474047984,10.606055867535247,8.158504513488651
300.0361779918375,357.4651496768546,10.410056074510635,8.228901468422691
299.6893149271923,357.6534914015694,10.470080792310455,7.886554363039011
300.1849499914593,357.70436270792294,9.93417745380134,7.7995608108357715
299.0378573583226,357.71162930716145,10.963955586143072,7.428848411171714
299.4760695869169,357.6526640121101,10.894878045458881,7.735363412275831
298.7954062341611,357.55050457202435,11.485297861628965,7.71316572079985
298.8739296703992,357.71607330230086,11.234937365803319,8.06907872664226
298.53204264967366,357.68869291168863,11.083586415398202,8.045862731177976
298.8736684134789,357.5031325684082,10.350134143185926,8.498004875457923
298.2337559372083,357.9637750816808,10.878006017984887,7.342654062139786
297.6515126155136,357.98190008274446,10.674043405147643,7.818566825426615
296.4795001176924,357.9799802793066,11.631308314306636,8.042925962020547
296.1922765182046,357.80928666282966,12.048302658767625,7.319062362802754
297.0042553982677,358.3496976884063,11.19822768558248,6.991158720833255
296.66847132716435,358.15537888159866,10.455803750626728,7.4242393495574674
295.8126511522363,358.3231336946253,11.54159834134282,7.2064614033750445
295.9242985306854,358.22175203440247,11.168889335416736,7.121447787261161
295.6901015840266,358.34168591692963,10.310197996145803,6.6493305917172165
294.99723197842303,358.77603508576436,11.458000833276344,6.586094967158829
294.92466871389047,358.57099966605904,10.332066428134112,7.362370688311103
293.8418492362368,358.6621888174815,11.353918781271716,6.866741298852958
293.69384170442567,358.2727718853502,11.083586415398202,6.978554409695164
293.0622927663163,357.61860640721795,10.919385135170103,7.717460170721722
292.84442165886,358.46771690870094,10.683755894556839,7.0228884901283095
291.88004556190083,358.37548488014005,11.28593124365932,8.02252943826386
290.82155347217,358.782215527439,12.392923898226911,6.3451770358921635
291.3967891908994,358.4316192036296,11.081968630822075,6.798753761240562
290.69056551919954,358.33986235290064,11.761844006946149,6.934728836465354
290.49406003747316,358.72270368853884,10.861488711506183,7.3776149738532695
290.0096269590509,358.6334058530534,11.136359024336173,7.547976672050083
289.69309931616317,358.67949883713794,11.427977526727773,7.412742179499105
289.199537184689,358.5338582172607,11.42899738191511,8.219870038224656
288.8246427242122,358.4235201101115,11.322589647372013,7.223914661897993
287.63701986847013,358.3551511372303,12.354570299165175,6.795013664540818
287.3127947579498,358.44366340754294,11.15814549924744,7.38219512117513
286.44053871328003,358.3578366601294,11.984365850004792,7.408517070912012
286.86608425044125,358.80153460869303,10.878006017984887,6.798753761240562
285.714112418781,358.38947546382656,11.693856469333753,7.00271637407775
285.72025273954307,358.6300706108437,11.383833669321405,6.929290059586947
284.88418148470225,358.419418866884,12.10460313848148,7.882067159941414
284.1335649572398,358.5145708869445,11.271356210053625,7.428848411171714
282.994912003565,358.3281054068422,11.19822768558248,7.733582655789007
281.72218922714524,358.68585896988697,11.569439653060329,7.671713994542699
281.8302106019855,358.71353336641494,11.655006430425658,7.3217348088571725
281.0356798231681,358.5303047450223,11.42899738191511,8.219870038224656
280.30913540823155,357.7732464124701,11.26009594277349,8.501372436793986
279.78879098816867,358.10231798513144,11.494089615968505,8.210064011406075
279.3740363368223,358.6601904458052,10.878006017984887,6.730766223628166
278.4881611153309,358.57851839077273,10.950753040597249,7.857319978281623
277.90140608502145,358.21013425249737,11.569439653060329,7.733582655789007
277.31019783820545,357.9333910606822,11.329888335740407,7.96376209106387
276.92097702444244,358.4321730146705,10.375355085250249,8.02962263119366
276.1059442430668,357.78165453556016,11.034894023918014,7.262761883088899
275.36453988208143,357.663565905044,10.861488711506183,7.531315285808546
274.28855223914644,357.745118994354,11.422494528275479,8.67177135616015
274.02635177763216,357.94413400347327,11.168889335416736,7.018980912624272
273.2879949132385,357.96305146199603,11.149956168434528,7.00271637407775
272.76884139987055,357.42945542059675,11.49755676918653,7.254915894947942
272.0436191865691,357.5370457046359,12.049100082837583,7.339768712432715
271.68304786022975,357.7520418337802,11.55788139410896,7.070703911690146
269.6456218493502,357.7442670149991,11.217943706046924,6.730766223628166
268.53757442373063,357.1999393381664,11.818882749285024,7.037197362169707
267.3405022078889,357.62991163123945,12.402122227247844,6.6493305917172165
266.7235138873739,357.1260430199491,12.559338233001313,8.042925962020547
265.84161288149204,357.99906379096666,12.315096017109113,6.157548008554556
265.6706555931961,357.3388448374289,11.732457145919454,6.609113414076887
264.74675627749167,357.4556183523906,11.47628995932729,7.889949347037543
263.7991411582775,357.54676971018404,11.55788139410896,6.866741298852958
263.68805328605475,357.49583147258386,10.765147056858268,6.681815414601715
262.6291266192156,357.73419807006155,11.578756833964178,6.301712790166334
261.75550900656924,357.4708400205105,11.582409586671304,6.745798990039361
260.3721597419462,357.3648219656085,12.160903618195391,6.643456606236384
259.7756238871188,357.3417724867138,11.50757099181402,6.805552737094331
258.49341438969424,357.5770244275634,11.658290896196604,6.56805120912486
258.6250080340659,357.6439393252812,11.329888335740407,6.157548008554556
257.27006555227325,357.67954033374986,11.879141169472291,6.0516379542594905
256.8201473274433,357.01165795872043,11.42899738191511,7.2064614033750445
255.75222431681743,357.2016692465604,11.54159834134282,6.812358045377948
255.94227456339604,356.8767646723079,10.816402981877161,7.1332312768414
254.77416992702524,357.17311835814684,11.189382395045357,7.0866088501953755
253.2103946273564,356.93815258949155,10.909647835169181,7.179853703487424
251.7831703786468,357.2144875539062,11.421906318884112,6.866741298852958
251.57737561548998,357.0602719249489,11.702229088151569,7.039986423549351
250.93914271277634,356.998686908059,10.827015718104576,6.619946753355407
249.0597144254407,356.4440553924711,12.249994926769773,7.609845333296391
248.42642640018846,356.86808089625464,12.03379415739579,6.594791148403317
247.76622686851343,356.54798431081167,11.541598341342848,6.812358045377948
247.87365654825877,356.6609216831474,11.445702330567741,7.114896043325871
246.62365250454866,356.64281916028466,11.74039153631071,7.7995608108357715
245.74633512538787,356.49544692598903,11.597898821056674,7.093860443947278
244.92870589544887,356.38913254426876,11.271356210053597,7.4800818484901015
244.19964201310827,356.8903581897312,10.98260221328573,7.471157968221576
243.10667069182583,356.44826251143184,11.548221312278514,7.849181673189321
242.27638877591008,356.64116162924665,10.95075304059722,6.991158720833255
241.8676704075576,356.73573416836194,10.90964783516921,6.480517303797114
241.0941257271527,356.70328784132414,11.260096346828789,7.114896043325871
239.72975530247663,356.4901538185218,11.693856469333753,7.206678986914994
239.9602782378136,356.2931305443326,10.10469364824371,7.668740715184981
238.6633504871492,356.52691944287636,11.428997381915082,6.812358045377948
237.18513500529707,355.9702332310808,12.068794096766936,7.635359530607673
236.42078436668285,356.3887885289332,11.638441791280684,7.037197362169707
235.78363338075764,355.98774138777395,10.863025408523185,7.412965836717547
234.95702291501308,355.78375057840543,11.428997381915082,7.037559964233424
234.47417915468108,356.39199133052597,11.57875683396415,6.814047163350608
233.8198496452636,356.0675679215262,11.625868931721328,7.00271637407775
233.0096235098604,356.0337572142303,12.002520281784541,6.991158720833255
233.03745113597182,355.80445690440666,11.158145499247468,7.594327164887034
232.8518201728093,356.0641833775927,11.157721301433526,7.37413414731418
232.43690662152991,355.6299915356727,11.049515115107283,7.832567676531767
231.7269317004139,355.90744589140763,11.485297861628965,7.319062362802754
231.46685110755942,356.3114589327158,11.277559875272004,6.856756404165367
231.2184515755066,356.2071383239779,12.089544186291562,7.307858799176245
231.1367133520949,356.4707468209403,11.277559875272004,6.946976883167565
230.8741583245842,356.4666204041359,11.500633377554578,7.039180774192914
230.88234058879462,356.57603417897775,11.507570991814049,7.176764704572179
230.69530183885345,356.23031555082616,11.829831544558544,7.00271637407775
230.42809484808905,356.494851053188,11.28593124365932,6.798753761240562
230.13316177643122,356.59042513468916,11.548221312278514,6.7665359251631685
229.99061768988975,356.78261355413593,11.329249674983402,6.154160317274943
229.81758148857685,356.1360476893499,11.829831544558544,7.138691449302598
229.7518656089684,356.18076009673337,11.455130360444173,6.915504625008907
229.71449795109265,356.2405861633281,11.372696902201227,6.7560575656640935
229.1354186345331,356.4452153238596,11.158145499247468,6.533666946327401
228.7233230988479,356.780964754798,11.539983177928946,6.236682085130724
228.76448070074474,356.734745930502,11.428997381915082,6.418254687380909
228.61345590075604,356.75256129131606,11.597898821056702,6.249353248239288
228.80467989958572,356.5037623416934,11.562361808213524,6.806874290319229
228.82594260501423,356.54862785779443,11.68122370860101,6.711580288713719
228.29530846249148,356.55720325661036,11.066422460779904,7.070214349942717
228.3499627087236,356.5229842219109,10.903587046793149,6.830651807524134
227.99169180283388,356.2166565054936,11.418325351162679,6.921261828243246
227.77607094936232,356.2274647260439,11.489893856496536,7.138691449302598
227.70766367969046,356.1728209180221,11.505583271061226,7.247023229174943
228.1272523822828,355.7936811542369,11.206736952332363,7.471157968221576
227.72647768469287,355.62093989634553,11.28593124365932,7.410641599752182
227.9052302650649,355.8754744630656,11.034894023918014,7.2064614033750445
227.8156602493377,355.8505706787503,11.428997381915082,7.037559964233424
227.84026542601393,355.84596647122993,11.430871691379025,7.396446388539346
227.87183537285543,355.94734692309135,11.147494983345752,7.2064614033750445
228.12825000090496,355.80229432818044,11.066422460779904,7.4800818484901015
227.93445552829894,355.8468308758644,11.273545397988187,7.412742179499105
227.76786468921821,355.8358958206283,11.273545397988187,7.219702018574651
227.8498581985469,355.7404692942185,11.102125572207427,7.5185280773809495
227.95421448775622,355.7472937201622,11.507570991814049,7.4242393495574674
227.7333124462024,355.82151258255357,11.091194503631897,7.093860443947278
228.11542101776323,355.7552340844907,10.606055867535247,7.614604212589427
227.71328985143276,355.8264851963989,11.476289959327318,7.428848411171714
227.87375254583725,355.5513396686526,11.476289959327318,7.736249035082267
228.14194737571447,355.8544176729656,10.765147056858297,7.486108010803775
227.53085374262815,355.7094381757554,11.375872101629426,7.273098556779473
226.885499634013,355.5875288262824,11.421906318884112,7.070703911690146
227.3397660150428,355.8456444073144,11.147494983345752,6.418254687380909
227.0287887967766,355.5894446761746,10.946013455535535,6.448814128842628
226.9722231298379,355.3554849710153,11.312153430173083,6.795013664540818
227.0649747293257,355.67766261593977,11.062073868373034,6.426233663418998
226.64997638953855,355.59396099361055,11.655606661505573,6.480517303797114
226.34295161878305,355.83676279520023,11.015189023461488,6.25047935284789
226.06882396571416,355.79177580566846,11.260096346828789,6.558078092109099
226.00643417482445,355.89390741571464,11.074490363089865,6.248734785877502
225.87941515095312,355.57887244412314,11.57875683396415,6.711580288713719
