177.25253727622314,75.76291949005304,8.260951237759883,4.549509377317037
178.8801481147462,75.5397767943162,7.938367639655297,5.573747491672876
180.57759776539265,75.24850659886117,8.024716148157296,4.939473945609464
181.76973418294685,75.56539027918033,8.068850605679302,5.603368476166182
183.81835872465243,75.53207682352972,7.891312026083767,5.812417997706845
185.4020198471257,75.65990914576527,7.070214349942717,5.738144979663659
186.6741821287748,75.7811731826251,7.857319978281623,5.568179512168086
188.1626219657297,75.7744049604693,7.609845333296363,5.320704867182826
190.00902636116564,75.54121904758385,7.599455543301616,5.874425757398811
191.67868803339252,75.62508940687648,7.3263815365348535,5.943078728937351
192.71626963565822,75.55069581375412,7.551900756144676,5.982123632676391
194.31115266519885,75.68495709211453,7.396444358139206,5.902699894931942
196.31319169783944,75.75817156714031,6.762813726032164,5.533211230389952
196.9372021448775,75.61959757071054,8.408335768698947,5.878607242299566
198.1141751479248,75.66033769165475,8.291460870382764,5.69159602119494
199.99482509783144,75.76004782502388,7.797163426857992,5.6151214230730915
202.00453902922536,75.61749344689832,7.172681224579577,5.6869115423452286
204.08655024412727,75.91492362045578,7.172681224579577,5.6869115423452286
206.95992458769592,76.39381934438389,7.172681224579577,5.6869115423452286
208.35245440434747,76.2318702593254,7.172681224579577,5.6869115423452286
210.38776123104194,75.7529745353973,7.172681224579577,5.6869115423452286
211.53889359035102,76.13668532183367,7.172681224579577,5.6869115423452286
213.07373673609646,76.13668532183367,7.172681224579577,5.6869115423452286
214.9524604341807,75.90259738549683,7.321734808857144,6.201061113623908
217.01784150175394,76.37922378570605,6.8451084086479455,6.201061113623908
218.89807185457855,76.37922378570605,6.450414100047794,6.069496344090524
220.62477039354218,76.18736839248787,6.450414100047794,6.069496344090524
222.30090542729056,76.42681625445192,7.049033754957918,5.7103245511444385
224.18399013873426,76.42681625445192,7.049033754957918,5.7103245511444385
225.92987426056416,76.42681625445192,7.049033754957918,5.7103245511444385
227.67575838239406,76.42681625445192,7.049033754957918,5.7103245511444385
229.2321694851603,76.42681625445192,7.049033754957918,5.7103245511444385
231.3425788105604,76.42681625445192,7.049033754957918,5.7103245511444385
233.0884629323904,76.42681625445192,7.049033754957918,5.7103245511444385
234.4851702298544,76.42681625445192,7.1687576859399655,5.740309456884745
235.96098116160763,76.42681625445192,7.1687576859399655,5.740309456884745
238.05604210780362,76.64471381536109,7.1687576859399655,5.740309456884745
239.71354155269043,76.71402532099304,8.02252943826386,5.57497808421725
241.4577346800518,76.6024528589559,8.141227306777836,5.866472618119332
245.3478951857821,76.47959174778461,7.662331582849731,6.225644411065417
247.09552531988254,76.47959174778461,7.662331582849731,6.225644411065417
248.8222238588462,76.86330253422098,7.662331582849731,6.225644411065417
251.42460364841776,76.86330253422098,7.662331582849731,6.225644411065417
253.4613636012362,77.37249252242559,7.662331582849731,6.225644411065417
255.2072477230661,77.54708093460857,7.66233158284976,6.225644411065417
257.41929147317086,76.48800282959925,7.578520236183124,6.946976883167551
259.14599001213446,76.48800282959925,7.578520236183124,6.946976883167551
261.38418799417514,76.48800282959925,7.578520236183124,6.946976883167551
263.8437459439738,76.48800282959925,7.578520236183124,6.946976883167551
265.8266137676899,76.58714622078507,7.578520236183124,6.946976883167551
268.3725637087131,76.58714622078507,7.578520236183124,6.946976883167551
269.79208372267544,77.55839675665388,7.653231815865354,5.90101476761653
271.8671547397255,77.64861723565605,7.653231815865354,5.90101476761653
274.6676996748509,77.39402224155374,7.653231815865354,5.90101476761653
276.99724318531923,77.77889507887204,7.653231815865354,5.90101476761653
278.7114322863606,78.04955651587856,7.653231815865354,5.90101476761653
280.8218416117606,78.24141190909674,7.653231815865354,5.90101476761653
283.84783131102853,78.24141190909674,7.653231815865354,5.90101476761653
286.36203386165107,78.12168797811471,7.653231815865354,5.90101476761653
290.31713949400734,78.54334824432992,7.653231815865354,5.90101476761653
292.2146106919758,78.12168797811471,7.653231815865354,5.90101476761653
294.84201478550614,78.80136710225213,7.653231815865354,5.90101476761653
297.98460620479995,78.62677869006914,7.653231815865354,5.90101476761653
300.42884397536176,78.45219027788615,7.653231815865354,5.90101476761653
302.52390492155763,78.45219027788615,7.653231815865354,5.90101476761653
305.2024824127048,79.00144746411226,7.396446388539346,5.603368476166182
308.4424297417018,79.03598142618263,6.6290248156665825,5.219657689729814
311.36820820742776,79.49159488301154,6.6290248156665825,5.219657689729814
313.3195656545086,79.62658288834015,6.84136801573618,4.078507855535037
315.271376171255,79.73111484100491,7.866071121945424,4.22081865079997
317.49564732272296,79.52000548835635,8.380675168741902,6.105920480083384
319.9359336711583,79.35262500181275,8.63349269481813,6.331227976199955
321.96368936300576,79.45075396127481,9.209058874472646,6.906794155854499
325.80761243463786,79.58715570981724,6.465092273029484,6.704540134993522
328.5255916853178,81.14405560972745,7.149396003138122,4.130762135146469
331.0354196467974,80.34163622619737,7.5073017238685225,5.936006014221618
333.20406234437246,80.48589635995734,7.662331582849731,5.986196549101365
335.62300728925425,80.07294696909798,7.866071121945424,6.523083369418131
338.27983493769057,80.61004576689443,7.85647854823452,5.761417602038634
343.9639240673219,80.26416847414721,8.240869333643332,6.650526128905128
346.2896359047993,81.61764866444716,8.03106696041749,5.936006014221618
349.3577936557418,81.4013088096894,7.33661094775033,5.948603471148928
351.4496448849576,82.17323569993854,7.844312192730399,5.447439022729441
354.2244907445172,81.2760121788089,7.844312192730399,6.101131705456979
356.71964955339064,81.50235936553776,9.078597433515426,6.4597712507705864
359.86538817927425,82.57174897038173,8.389056095003355,5.338490242274844
362.92976715083915,82.98697971189006,7.762321402469922,5.262590781335533
365.05047107474024,82.7225050485969,7.951716023690892,6.216796163976525
367.6364100068079,82.62542623327911,9.253185845698397,7.158124899502539
371.2831641895509,83.32929070719666,7.332713311685552,6.285182838587602
373.79395987601646,83.41021987389988,7.893886172003306,6.4466737071360285
375.8859389436099,83.27594750867534,8.20565537260046,6.634359662953571
378.79273756980723,83.25444958401474,8.427188250794302,6.2460336447063725
382.42901472793335,84.72698040528422,7.634041121307803,5.452886515219845
384.54595280358393,84.30775879669692,7.735363412275831,5.66533658363862
387.12900986544213,84.36337693411838,8.683274789203608,6.183544168069261
390.34927399569926,84.77393528688604,7.299568290457444,5.883234144547799
392.7834951523061,84.81907357069169,7.85647854823452,6.634359662953571
395.302861546612,85.15348899453244,8.260951237759855,5.507300825173246
400.42290381173336,85.40353906186445,8.554832196966458,6.285182838587602
403.418950240697,85.81132050334202,7.931471294865219,5.35374312403404
406.1337746229469,86.60569783702402,7.931471294865219,5.35374312403404
408.65174735274263,86.60569783702402,7.931471294865219,5.35374312403404
412.35865083493786,86.60569783702402,7.931471294865219,5.35374312403404
414.67778229912153,86.60569783702402,7.931471294865219,5.35374312403404
417.2237322401446,86.60569783702402,7.931471294865219,5.35374312403404
420.58919434075193,87.27422185788163,8.03106696041749,5.41224077767265
423.658880632243,87.27422185788163,8.03106696041749,5.41224077767265
425.76928995764297,87.27422185788163,8.03106696041749,5.41224077767265
428.2872626874388,87.27422185788163,8.03106696041749,5.41224077767265
431.0878076225642,87.52881685198393,8.03106696041749,5.41224077767265
434.44510459562525,87.52881685198393,8.03106696041749,5.41224077767265
438.1344415203232,87.83626159570875,8.03106696041749,5.41224077767265
440.1998225878963,87.83626159570875,8.03106696041749,5.41224077767265
443.2742700251446,88.14370633943356,8.03106696041749,5.41224077767265
446.1568620691747,88.14370633943356,8.03106696041749,5.41224077767265
448.05433326714314,88.35453647254117,8.03106696041749,5.41224077767265
451.69140498795923,88.35453647254117,8.03106696041749,5.41224077767265
454.4469131654978,88.45454554064561,8.20565537260046,6.4597712507705864
457.55857617103254,88.45454554064561,8.20565537260046,6.4597712507705864
462.4776920706298,88.45454554064561,8.20565537260046,6.4597712507705864
465.40442833949373,88.45454554064561,8.20565537260046,6.4597712507705864
467.9224010692895,89.01409503615578,8.20565537260046,6.4597712507705864
470.6631927996884,89.22492516926339,8.20565537260046,6.4597712507705864
473.43019549321184,89.5323699129882,8.20565537260046,6.4597712507705864
475.97614543423504,89.5323699129882,8.20565537260046,6.4597712507705864
478.4702655460715,89.5323699129882,8.20565537260046,6.4597712507705864
481.16126600847366,89.6912453797246,8.20565537260046,6.4597712507705864
484.32371800508776,90.32373577904742,8.20565537260046,6.4597712507705864
486.7832759548864,90.63118052277224,8.20565537260046,6.4597712507705864
489.30124868468215,90.63118052277224,8.20565537260046,6.4597712507705864
492.0682513782056,90.93862526649706,8.20565537260046,6.4597712507705864
494.5862241080014,91.21840001425214,8.20565537260046,6.4597712507705864
497.20505029074593,91.56757683861811,8.20565537260046,6.4597712507705864
499.1255228247586,91.56757683861811,8.20565537260046,6.4597712507705864
502.1999702620069,91.87502158234292,8.20565537260046,6.4597712507705864
504.2818584550661,92.2683217803801,8.579275203765746,6.513894136192505
507.17299578059067,93.0379746835443,8.485885355791538,5.744241233028305
510.1540533698652,92.57576652410492,8.579275203764723,6.513894136192505
512.392251351906,93.13531601961509,9.13882469927455,5.394795145172154
517.122171237198,93.47316743999313,9.13882469927455,5.394795145172154
519.9780575043833,93.47316743999313,9.13882469927455,5.394795145172154
522.966809776081,93.85525265845139,8.205655372600518,5.936006014221618
525.1221509629988,93.85525265845139,8.205655372600518,5.936006014221618
526.915486122545,93.85525265845139,8.205655372600518,5.936006014221618
529.618297485569,94.19310407882944,8.205655372600518,5.936006014221618
532.6927449228167,94.50054882255425,8.205655372600518,5.936006014221618
534.9309429048578,94.78032357030933,8.205655372600518,5.936006014221618
537.169140886899,94.78032357030933,8.205655372600518,5.936006014221618
539.6133786574605,95.1295003946753,8.205655372600518,5.936006014221618
541.9156433760782,95.51321118111166,8.205655372600518,5.936006014221618
544.0107043222738,95.68779959329464,8.205655372600518,5.936006014221618
546.3020592691942,95.68779959329464,8.205655372600518,5.936006014221618
548.7616172189923,95.68779959329464,8.205655372600518,5.936006014221618
551.2211751687905,96.30268908074427,8.205655372600518,5.936006014221618
552.8998236553214,96.58246382849936,8.205655372600518,5.936006014221618
555.1274151981959,96.58246382849936,8.205655372600518,5.936006014221618
557.4187701451162,96.83705882260166,8.205655372600518,5.936006014221618
559.6569681271574,97.11683357035675,8.205655372600518,5.936006014221618
561.8090813332308,97.11683357035675,8.205655372600518,5.936006014221618
563.6537497955794,97.42427831408156,8.205655372600518,5.936006014221618
567.3272367916192,98.29722037499648,8.205655372600518,5.237652365489666
569.859365748527,98.74160174498166,7.784897870083682,5.560641335774079
571.4359399203103,98.16880451868016,7.098649549072661,6.139372582981778
572.6657188952094,98.16880451868016,7.098649549072661,6.139372582981778
574.2976539050295,98.16880451868016,7.098649549072661,6.139372582981778
575.9763023915604,98.16880451868016,7.098649549072661,6.139372582981778
577.5038723561739,98.42339951278247,7.098649549072661,6.139372582981778
578.9027460949496,98.70317426053755,7.098649549072661,6.139372582981778
580.0218450859702,98.70317426053755,7.098649549072661,6.139372582981778
581.4207188247459,98.70317426053755,7.098649549072661,6.139372582981778
582.5398178157665,98.70317426053755,7.098649549072661,6.139372582981778
583.4621520469408,99.01061900426237,7.098649549072661,6.139372582981778
584.3844862781151,99.01061900426237,7.098649549072661,6.139372582981778
585.3957459054071,99.82203194958149,7.098649549072661,6.139372582981778
585.7631607478714,99.26521399836467,7.098649549072661,6.139372582981778
586.530582320744,99.26521399836467,7.098649549072661,6.139372582981778
587.548962297153,99.51980899246698,7.098649549072661,6.139372582981778
588.4712965283273,99.51980899246698,7.098649549072661,6.139372582981778
589.0308460238376,99.51980899246698,7.098649549072661,6.139372582981778
589.5400360120422,99.51980899246698,7.098649549072661,6.139372582981778
590.3793602553076,99.79958374022206,7.098649549072661,6.139372582981778
590.6110417229448,100.03126520785929,7.098649549072661,6.139372582981778
590.9947525093811,100.03126520785929,7.098649549072661,6.139372582981778
591.6096419968306,100.33870995158411,7.098649549072661,6.139372582981778
591.8642369909329,100.33870995158411,7.098649549072661,6.139372582981778
592.1188319850352,100.33870995158411,7.098649549072661,6.139372582981778
592.3986067327903,100.33870995158411,7.098649549072661,6.139372582981778
592.9581562283006,100.33870995158411,7.098649549072661,6.139372582981778
593.2127512224029,100.33870995158411,7.098649549072661,6.139372582981778
593.5201959661276,100.33870995158411,7.098649549072661,6.139372582981778
593.8276407098524,100.64615469530892,7.098649549072661,6.139372582981778
594.1350854535772,100.64615469530892,7.098649549072661,6.139372582981778
594.1350854535772,100.64615469530892,7.098649549072661,6.139372582981778
594.1350854535772,100.64615469530892,7.098649549072661,6.139372582981778
594.1350854535772,100.64615469530892,7.098649549072661,6.139372582981778
594.1350854535772,100.64615469530892,7.098649549072661,6.139372582981778
594.1350854535772,100.64615469530892,7.098649549072661,6.139372582981778
594.8776159678687,100.64615469530892,7.098649549072661,6.139372582981778
595.437165463379,100.64615469530892,7.098649549072661,6.139372582981778
595.437165463379,100.64615469530892,7.098649549072661,6.139372582981778
595.6688469310162,100.64615469530892,7.098649549072661,6.139372582981778
595.6688469310162,100.64615469530892,7.098649549072661,6.139372582981778
595.6688469310162,100.64615469530892,7.098649549072661,6.139372582981778
595.6688469310162,100.64615469530892,7.098649549072661,6.139372582981778
595.6688469310162,100.64615469530892,7.098649549072661,6.139372582981778
595.9234419251185,100.64615469530892,7.098649549072661,6.139372582981778
595.9234419251185,100.64615469530892,7.098649549072661,6.139372582981778
595.9234419251185,100.64615469530892,7.098649549072661,6.139372582981778
595.9234419251185,100.64615469530892,7.098649549072661,6.139372582981778
595.9234419251185,100.64615469530892,7.098649549072661,6.139372582981778
595.9234419251185,100.64615469530892,7.098649549072661,6.139372582981778
596.1780369192207,100.64615469530892,7.098649549072661,6.139372582981778
596.737586414731,100.64615469530892,7.098649549072661,6.139372582981778
597.0173611624862,100.64615469530892,7.098649549072661,6.139372582981778
597.0173611624862,100.64615469530892,7.098649549072661,6.139372582981778
597.0173611624862,100.64615469530892,7.098649549072661,6.139372582981778
597.0173611624862,100.64615469530892,7.098649549072661,6.139372582981778
597.3248059062109,100.33870995158411,7.098649549072661,6.139372582981778
597.3248059062109,100.33870995158411,7.098649549072661,6.139372582981778
597.3248059062109,100.33870995158411,7.098649549072661,6.139372582981778
597.3248059062109,100.33870995158411,7.098649549072661,6.139372582981778
597.732789658666,99.93072619912907,7.098649549072661,6.139372582981778
598.0402344023908,99.93072619912907,7.098649549072661,6.139372582981778
598.3200091501459,99.93072619912907,7.098649549072661,6.139372582981778
598.3200091501459,99.93072619912907,7.098649549072661,6.139372582981778
598.6274538938707,99.62328145540425,7.098649549072661,6.139372582981778
598.6274538938707,99.31583671167944,7.098649549072661,6.139372582981778
598.6274538938707,99.31583671167944,7.098649549072661,6.139372582981778
599.187003389381,99.03606196392435,7.098649549072661,6.139372582981778
599.8941756036861,99.5839581476092,7.290504942290795,4.22081865079997
599.8941756036861,99.39210275439102,7.290504942290795,4.22081865079997
599.8941756036861,99.11232800663593,7.290504942290795,4.22081865079997
600.5698784444421,98.77447658625789,7.290504942290795,4.22081865079997
600.7807085775497,98.35281632004268,7.290504942290795,4.22081865079997
601.0604833253049,98.35281632004268,7.290504942290795,4.22081865079997
601.3679280690296,98.04537157631786,7.290504942290795,4.22081865079997
601.7895883352448,97.62371131010265,7.290504942290795,4.22081865079997
602.1732991216811,96.85628973722994,7.290504942290795,4.22081865079997
602.6070290866096,96.56713642727756,7.290504942290795,4.22081865079997
602.7816174987926,96.0433711907286,7.290504942290795,4.22081865079997
603.4171193657381,95.8844957239922,7.290504942290795,4.22081865079997
604.11547301447,95.01155366307728,7.290504942290795,4.22081865079997
604.9884150753849,94.13861160216236,7.290504942290795,4.22081865079997
604.9884150753849,94.13861160216236,7.290504942290795,4.22081865079997
604.9884150753849,94.13861160216236,7.290504942290795,4.22081865079997
605.8317356078153,93.08446093662432,7.290504942290795,4.22081865079997
606.5300892565472,92.56069570007537,7.290504942290795,4.22081865079997
606.9517495227624,92.13903543386016,7.290504942290795,4.22081865079997
607.3354603091987,91.7553246474238,7.290504942290795,4.22081865079997
607.8120867094078,91.437573713951,7.290504942290795,4.22081865079997
608.7698781572637,90.95867799002286,7.290504942290795,4.22081865079997
609.0967244986276,90.7407804291137,7.290504942290795,4.22081865079997
609.6204897351765,90.04242678038176,7.290504942290795,4.22081865079997
609.6204897351765,90.04242678038176,7.290504942290795,4.22081865079997
610.7716220944853,89.08314981429088,7.290504942290795,4.22081865079997
610.9031868640187,88.68845550569073,7.290504942290795,4.22081865079997
611.3798132642279,87.8940781720087,7.290504942290795,4.22081865079997
611.6975641977007,87.5763272385359,7.290504942290795,4.22081865079997
612.1312941626292,86.99802061863113,7.290504942290795,4.22081865079997
612.6079205628383,86.20364328494912,8.08488227597286,4.856320517745573
613.2065402177483,85.84447149200302,8.08488227597286,4.856320517745573
614.4775439516394,84.8912186915846,8.08488227597286,4.856320517745573
614.8267207760053,84.36745345503564,8.08488227597286,4.856320517745573
615.8897633889584,83.72328190424885,7.5532588904935665,4.515535206273341
616.0816187821765,83.72328190424885,7.5532588904935665,4.515535206273341
616.515348747105,83.28955193932028,7.5532588904935665,4.515535206273341
617.0245387353095,82.78036195111567,7.5532588904935665,4.515535206273341
617.8484348938848,81.5209456325635,7.578520236182726,4.601244429110977
618.3441518498141,81.5209456325635,7.578520236182726,4.601244429110977
619.1067933129965,80.75830416938142,7.578520236182726,4.601244429110977
619.5014876215967,80.1004803217145,7.578520236182726,4.601244429110977
619.8298901820528,79.68997712114418,7.578520236182726,4.601244429110977
620.6973501119098,79.25624715621561,7.578520236182726,4.601244429110977
621.4202333867906,78.82251719128703,7.578520236182726,4.601244429110977
622.0557352537362,78.66364172455063,7.578520236182726,4.601244429110977
622.8501125874182,78.18701532434142,7.578520236182726,4.601244429110977
623.176958928782,77.6422714220685,7.578520236182726,4.601244429110977
623.6535853289912,77.00676955512289,7.578520236182726,4.601244429110977
624.2318919488958,76.57303959019431,7.578520236182726,4.601244429110977
624.5810687732618,76.04927435364536,7.578520236182726,4.601244429110977
625.7783080830817,75.45065469873519,7.578520236182726,4.601244429110977
626.8904363502364,74.49740189831677,7.578520236182726,4.601244429110977
627.2396131746024,73.97363666176781,7.578520236182726,4.601244429110977
627.854414422423,73.71746947517566,7.578520236182726,4.601244429110977
628.6438030396233,73.05964562750874,7.578520236182726,4.601244429110977
629.2386633867385,72.365641889208,7.578520236182726,4.601244429110977
629.674458508557,72.03879554784426,7.578520236182726,4.601244429110977
630.3281511912847,71.8208979869351,7.578520236182726,4.601244429110977
630.6773280156507,71.29713275038614,7.578520236182726,4.601244429110977
631.4717053493326,70.82050635017693,7.578520236182726,4.601244429110977
632.2391269222052,70.82050635017693,7.578520236182726,4.601244429110977
632.8146931018596,70.43679556374057,7.185306898140425,4.601244429110977
633.8622235749574,70.43679556374057,6.137776425042603,4.601244429110977
633.8622235749574,70.43679556374057,6.137776425042603,4.601244429110977
634.8154763753757,69.64241823005855,5.184523624624262,4.601244429110977
635.6098537090577,69.64241823005855,4.390146290942312,4.601244429110977
635.6098537090577,69.46197727205421,4.390146290942312,4.601244429110977
636.7289527000783,69.46197727205421,3.2710472999217473,4.601244429110977
636.9684005620422,69.08509284994366,3.031599437957766,4.601244429110977
0,0,0,0
0,0,0,0
0,0,0,0
0,0,0,0
0,0,0,0
0,0,0,0
0,0,0,0
0,0,0,0
0,0,0,0
0,0,0,0
0,0,0,0
0,0,0,0
0,0,0,0
0,0,0,0
0,0,0,0
0,0,0,0
0,0,0,0
0,0,0,0
0,0,0,0
0,0,0,0
0,0,0,0
0,0,0,0
0,0,0,0
0,0,0,0
0,0,0,0
0,0,0,0
0,0,0,0
0,0,0,0
0,0,0,0
0,0,0,0
0,0,0,0
0,0,0,0
0,0,0,0
0,0,0,0
0,0,0,0
0,0,0,0
0,0,0,0
0,0,0,0
0,0,0,0
0,0,0,0
0,0,0,0
0,0,0,0
0,0,0,0
0,0,0,0
0,0,0,0
0,0,0,0
0,0,0,0
0,0,0,0
0,0,0,0
0,0,0,0
0,0,0,0
0,0,0,0
0,0,0,0
0,0,0,0
0,0,0,0
0,0,0,0
0,0,0,0
0,0,0,0
0,0,0,0
0,0,0,0
0,0,0,0
0,0,0,0
0,0,0,0
0,0,0,0
0,0,0,0
0,0,0,0
0,0,0,0
0,0,0,0
0,0,0,0
0,0,0,0
0,0,0,0
0,0,0,0
0,0,0,0
0,0,0,0
0,0,0,0
0,0,0,0
0,0,0,0
0,0,0,0
0,0,0,0
0,0,0,0
0,0,0,0
0,0,0,0
0,0,0,0
0,0,0,0
0,0,0,0
0,0,0,0
0,0,0,0
0,0,0,0
0,0,0,0
0,0,0,0
0,0,0,0
0,0,0,0
0,0,0,0
0,0,0,0
0,0,0,0
0,0,0,0
0,0,0,0
0,0,0,0
0,0,0,0
0,0,0,0
0,0,0,0
0,0,0,0
0,0,0,0
0,0,0,0
0,0,0,0
0,0,0,0
0,0,0,0
0,0,0,0
0,0,0,0
0,0,0,0
0,0,0,0
0,0,0,0
0,0,0,0
0,0,0,0
0,0,0,0
0,0,0,0
0,0,0,0
0,0,0,0
0,0,0,0
0,0,0,0
0,0,0,0
0,0,0,0
0,0,0,0
0,0,0,0
0,0,0,0
0,0,0,0
0,0,0,0
0,0,0,0
0,0,0,0
0,0,0,0
0,0,0,0
0,0,0,0
0,0,0,0
0,0,0,0
0,0,0,0
0,0,0,0
0,0,0,0
0,0,0,0
0,0,0,0
0,0,0,0
0,0,0,0
0,0,0,0
0,0,0,0
0,0,0,0
0,0,0,0
0,0,0,0
0,0,0,0
0,0,0,0
0,0,0,0
0,0,0,0
0,0,0,0
0,0,0,0
0,0,0,0
0,0,0,0
0,0,0,0
0,0,0,0
0,0,0,0
0,0,0,0
0,0,0,0
0,0,0,0
0,0,0,0
0,0,0,0
0,0,0,0
0,0,0,0
0,0,0,0
0,0,0,0
0,0,0,0
0,0,0,0
0,0,0,0
0,0,0,0
0,0,0,0
0,0,0,0
0,0,0,0
0,0,0,0
0,0,0,0
0,0,0,0
0,0,0,0
0,0,0,0
0,0,0,0
0,0,0,0
0,0,0,0
0,0,0,0
0,0,0,0
0,0,0,0
0,0,0,0
0,0,0,0
0,0,0,0
0,0,0,0
0,0,0,0
0,0,0,0
0,0,0,0
0,0,0,0
0,0,0,0
0,0,0,0
0,0,0,0
0,0,0,0
0,0,0,0
0,0,0,0
0,0,0,0
0,0,0,0
0,0,0,0
0,0,0,0
0,0,0,0
0,0,0,0
0,0,0,0
0,0,0,0
0,0,0,0
0,0,0,0
0,0,0,0
0,0,0,0
0,0,0,0
0,0,0,0
0,0,0,0
0,0,0,0
0,0,0,0
0,0,0,0
637.9585416538175,175.27827240883994,2.0414583461824805,3.9221560963651996
637.9585416538175,177.57709033203363,2.0414583461824805,3.9221560963651996
637.8139649988414,179.31201019174802,2.0414583461824805,3.9221560963651996
637.6942410678594,180.74869736353233,2.0414583461824805,3.9221560963651996
637.5023856746412,182.47539590249596,2.0414583461824805,3.9221560963651996
636.4498675183742,183.65947882829647,3.09397650244955,3.9221560963651996
636.7990443427401,187.15124707195625,3.0263672450769263,6.71557069129301
636.7990443427401,187.67501230850522,3.0263672450769263,6.71557069129301
637.0307258103774,189.76014551724026,2.969274189622638,6.71557069129301
637.0307258103774,191.4868440562039,2.969274189622638,6.71557069129301
637.0307258103774,192.82983180873114,2.969274189622638,6.71557069129301
637.464455775306,194.42017501346933,2.5355442246940356,6.71557069129301
637.0807449888696,196.14687355243296,2.5355442246940356,6.71557069129301
637.0807449888696,197.76864382589355,2.5355442246940356,6.71557069129301
637.7132353881924,201.14192595561522,2.286764611807598,6.71557069129301
637.7132353881924,201.14192595561522,2.286764611807598,6.71557069129301
637.4815539205551,203.22705916435027,2.286764611807598,6.71557069129301
637.6923840536627,205.12453036231872,2.3076159463372505,5.239759759539766
637.6923840536627,208.3860720470278,2.1157605531191166,3.7049166137943246
0,0,0,0
0,0,0,0
0,0,0,0
0,0,0,0
638.3457257875152,216.187209049155,1.6542742124847791,3.7049166137943246
638.3457257875152,218.50634051333867,1.6542742124847791,3.7049166137943246
638.3457257875152,219.98215144509192,1.6542742124847791,3.7049166137943246
0,0,0,0
0,0,0,0
0,0,0,0
0,0,0,0
0,0,0,0
0,0,0,0
0,0,0,0
0,0,0,0
0,0,0,0
0,0,0,0
0,0,0,0
0,0,0,0
0,0,0,0
0,0,0,0
0,0,0,0
0,0,0,0
0,0,0,0
0,0,0,0
0,0,0,0
0,0,0,0
0,0,0,0
0,0,0,0
0,0,0,0
0,0,0,0
0,0,0,0
0,0,0,0
0,0,0,0
0,0,0,0
0,0,0,0
0,0,0,0
0,0,0,0
0,0,0,0
0,0,0,0
0,0,0,0
0,0,0,0
0,0,0,0
0,0,0,0
0,0,0,0
0,0,0,0
0,0,0,0
0,0,0,0
0,0,0,0
0,0,0,0
0,0,0,0
0,0,0,0
0,0,0,0
0,0,0,0
0,0,0,0
0,0,0,0
0,0,0,0
0,0,0,0
0,0,0,0
0,0,0,0
0,0,0,0
0,0,0,0
0,0,0,0
0,0,0,0
0,0,0,0
0,0,0,0
0,0,0,0
0,0,0,0
0,0,0,0
0,0,0,0
0,0,0,0
0,0,0,0
0,0,0,0
0,0,0,0
0,0,0,0
0,0,0,0
0,0,0,0
0,0,0,0
0,0,0,0
0,0,0,0
0,0,0,0
0,0,0,0
0,0,0,0
0,0,0,0
0,0,0,0
0,0,0,0
0,0,0,0
0,0,0,0
0,0,0,0
0,0,0,0
0,0,0,0
0,0,0,0
0,0,0,0
0,0,0,0
0,0,0,0
0,0,0,0
0,0,0,0
0,0,0,0
0,0,0,0
0,0,0,0
0,0,0,0
0,0,0,0
0,0,0,0
0,0,0,0
0,0,0,0
0,0,0,0
0,0,0,0
0,0,0,0
0,0,0,0
0,0,0,0
0,0,0,0
0,0,0,0
0,0,0,0
0,0,0,0
0,0,0,0
0,0,0,0
0,0,0,0
0,0,0,0
0,0,0,0
0,0,0,0
0,0,0,0
0,0,0,0
0,0,0,0
0,0,0,0
0,0,0,0
0,0,0,0
0,0,0,0
0,0,0,0
0,0,0,0
0,0,0,0
0,0,0,0
0,0,0,0
0,0,0,0
0,0,0,0
0,0,0,0
0,0,0,0
0,0,0,0
0,0,0,0
0,0,0,0
0,0,0,0
0,0,0,0
0,0,0,0
0,0,0,0
0,0,0,0
0,0,0,0
0,0,0,0
0,0,0,0
0,0,0,0
0,0,0,0
0,0,0,0
0,0,0,0
0,0,0,0
0,0,0,0
0,0,0,0
0,0,0,0
0,0,0,0
0,0,0,0
0,0,0,0
0,0,0,0
0,0,0,0
0,0,0,0
0,0,0,0
0,0,0,0
0,0,0,0
0,0,0,0
0,0,0,0
0,0,0,0
0,0,0,0
0,0,0,0
0,0,0,0
0,0,0,0
0,0,0,0
0,0,0,0
0,0,0,0
0,0,0,0
0,0,0,0
0,0,0,0
0,0,0,0
0,0,0,0
0,0,0,0
0,0,0,0
0,0,0,0
0,0,0,0
0,0,0,0
0,0,0,0
0,0,0,0
0,0,0,0
0,0,0,0
0,0,0,0
0,0,0,0
0,0,0,0
0,0,0,0
0,0,0,0
0,0,0,0
0,0,0,0
0,0,0,0
0,0,0,0
0,0,0,0
0,0,0,0
0,0,0,0
0,0,0,0
0,0,0,0
0,0,0,0
0,0,0,0
0,0,0,0
0,0,0,0
0,0,0,0
0,0,0,0
0,0,0,0
0,0,0,0
0,0,0,0
0,0,0,0
0,0,0,0
0,0,0,0
0,0,0,0
0,0,0,0
0,0,0,0
0,0,0,0
0,0,0,0
0,0,0,0
0,0,0,0
0,0,0,0
0,0,0,0
0,0,0,0
0,0,0,0
0,0,0,0
0,0,0,0
0,0,0,0
0,0,0,0
0,0,0,0
0,0,0,0
0,0,0,0
0,0,0,0
0,0,0,0
0,0,0,0
0,0,0,0
0,0,0,0
0,0,0,0
0,0,0,0
0,0,0,0
0,0,0,0
0,0,0,0
0,0,0,0
0,0,0,0
0,0,0,0
0,0,0,0
0,0,0,0
0,0,0,0
0,0,0,0
0,0,0,0
0,0,0,0
0,0,0,0
0,0,0,0
0,0,0,0
0,0,0,0
0,0,0,0
0,0,0,0
0,0,0,0
0,0,0,0
0,0,0,0
0,0,0,0
0,0,0,0
0,0,0,0
0,0,0,0
0,0,0,0
0,0,0,0
0,0,0,0
0,0,0,0
632.0743736821862,391.5310383774562,7.925626317813794,7.094879827939053
629.9087711384693,393.5709571397314,10.09122886153068,5.470677920151502
621.5155287058167,393.5709571397314,18.484471294183322,4.911128424641333
618.1370145020362,393.5709571397314,21.86298549796379,5.58683126539745
615.538157702016,393.5709571397314,17.03653715506914,7.071892293980454
613.3725551582991,393.5709571397314,17.03653715506914,7.071892293980454
610.1241513427237,393.5709571397314,17.03653715506914,7.071892293980454
606.5204805833046,393.1226233498448,17.03653715506914,7.071892293980454
603.6466923340809,393.1226233498448,17.03653715506914,7.071892293980454
600.5496073840181,393.1226233498448,17.03653715506914,7.071892293980454
596.5879099918993,393.49388860699054,17.03653715506914,7.071892293980454
594.1245366583098,393.98656327370844,17.03653715506914,7.071892293980454
590.2542103307736,392.299250474559,17.567054593059197,9.674609775887689
587.5877749403968,392.81539452790287,17.498901047931213,9.487355989842229
585.4221723966799,392.81539452790287,17.498901047931213,9.487355989842229
582.5483841474562,392.81539452790287,17.498901047931213,9.487355989842229
579.2999803318809,392.81539452790287,17.498901047931213,9.487355989842229
577.134377788164,392.81539452790287,17.498901047931213,9.487355989842229
574.9687752444471,392.81539452790287,17.498901047931213,9.487355989842229
572.9980765775755,392.81539452790287,17.498901047931213,9.487355989842229
571.915275305717,392.81539452790287,17.498901047931213,9.487355989842229
569.7496727620002,392.81539452790287,17.498901047931213,9.487355989842229
569.2082721260709,392.81539452790287,17.498901047931213,9.487355989842229
565.9598683104956,392.81539452790287,17.498901047931213,9.487355989842229
563.989169643624,392.81539452790287,17.498901047931213,9.487355989842229
562.5111456434703,392.81539452790287,17.498901047931213,9.487355989842229
561.5257963100345,392.81539452790287,17.498901047931213,9.487355989842229
560.5404469765987,392.81539452790287,17.498901047931213,9.487355989842229
559.062422976445,392.81539452790287,17.498901047931213,9.487355989842229
557.5843989762913,392.81539452790287,17.498901047931213,9.487355989842229
557.5843989762913,392.81539452790287,17.498901047931213,9.487355989842229
555.9601970685036,392.81539452790287,17.498901047931213,9.487355989842229
555.4187964325744,392.81539452790287,17.498901047931213,9.487355989842229
554.9261217658565,392.81539452790287,17.498901047931213,9.487355989842229
554.3311758315682,392.81539452790287,17.498901047931213,9.487355989842229
552.8531518314145,392.81539452790287,17.498901047931213,9.487355989842229
552.3604771646966,392.81539452790287,17.498901047931213,9.487355989842229
551.2776758928381,392.81539452790287,17.498901047931213,9.487355989842229
550.6827299585499,392.81539452790287,17.498901047931213,9.487355989842229
550.6827299585499,392.81539452790287,17.498901047931213,9.487355989842229
550.6827299585499,392.81539452790287,17.498901047931213,9.487355989842229
548.7213700561994,391.5078212596693,17.498901047931213,9.487355989842229
548.7213700561994,391.5078212596693,17.498901047931213,9.487355989842229
547.2844759315875,391.5078212596693,17.498901047931213,9.487355989842229
547.2844759315875,391.5078212596693,17.498901047931213,9.487355989842229
546.5660288692816,390.78937419736343,17.498901047931213,9.487355989842229
546.5660288692816,390.78937419736343,17.498901047931213,9.487355989842229
545.8475818069757,390.78937419736343,17.498901047931213,9.487355989842229
545.1291347446697,390.78937419736343,17.498901047931213,9.487355989842229
545.1291347446697,390.78937419736343,17.498901047931213,9.487355989842229
545.1291347446697,390.78937419736343,17.498901047931213,9.487355989842229
544.4106876823638,390.07092713505756,17.498901047931213,9.487355989842229
544.4106876823638,390.07092713505756,17.498901047931213,9.487355989842229
543.6922406200579,390.07092713505756,17.498901047931213,9.487355989842229
543.6922406200579,390.07092713505756,17.498901047931213,9.487355989842229
543.6922406200579,390.07092713505756,17.498901047931213,9.487355989842229
543.6922406200579,389.3524800727517,17.498901047931213,9.487355989842229
543.6922406200579,388.6340330104458,17.498901047931213,9.487355989842229
543.6922406200579,388.6340330104458,17.498901047931213,9.487355989842229
543.6922406200579,387.91558594813995,17.498901047931213,9.487355989842229
542.973793557752,387.91558594813995,17.498901047931213,9.487355989842229
542.973793557752,387.91558594813995,17.498901047931213,9.487355989842229
542.973793557752,387.91558594813995,17.498901047931213,9.487355989842229
542.973793557752,387.91558594813995,17.498901047931213,9.487355989842229
542.973793557752,387.91558594813995,17.498901047931213,9.487355989842229
543.6922406200579,387.1971388858341,17.498901047931213,9.487355989842229
543.6922406200579,387.1971388858341,17.498901047931213,9.487355989842229
544.4106876823638,386.4786918235282,17.498901047931213,9.487355989842229
544.4106876823638,385.76024476122234,17.498901047931213,9.487355989842229
544.4106876823638,385.76024476122234,17.498901047931213,9.487355989842229
545.1291347446697,385.04179769891647,17.498901047931213,9.487355989842229
545.1291347446697,384.3233506366106,17.498901047931213,9.487355989842229
545.1291347446697,384.3233506366106,17.498901047931213,9.487355989842229
545.8475818069757,385.294160676195,17.498901047931213,9.487355989842229
545.8475818069757,384.8014860094771,17.498901047931213,9.487355989842229
545.8475818069757,384.26008537354795,17.498901047931213,9.487355989842229
546.76991603815,384.26008537354795,17.19145630420644,8.56502175866774
547.7552653715858,383.98031062579287,17.19145630420644,8.56502175866774
547.7552653715858,383.48763595907496,17.19145630420644,8.56502175866774
548.5190503538926,383.48763595907496,17.19145630420644,8.56502175866774
548.9673841437791,383.48763595907496,17.19145630420644,8.56502175866774
548.9673841437791,383.48763595907496,17.19145630420644,8.56502175866774
550.504607862403,383.48763595907496,17.19145630420644,8.56502175866774
550.504607862403,383.02427302380056,17.19145630420644,8.56502175866774
552.5897410711383,382.09754715325175,17.19145630420644,8.56502175866774
553.0531040064128,381.86586568561455,17.19145630420644,8.56502175866774
553.8964245388432,381.44420541939934,17.19145630420644,8.56502175866774
554.7397450712737,381.23337528629173,17.19145630420644,8.56502175866774
555.5557125761837,380.8253915338367,17.19145630420644,8.56502175866774
555.5557125761837,380.8253915338367,18.870104790736946,8.844796506422824
556.7796638335489,380.41740778138166,18.870104790736946,8.844796506422824
557.2888538217534,380.16281278727934,18.870104790736946,8.844796506422824
557.9037433092029,379.8553680435545,18.870104790736946,8.844796506422824
558.9172975703369,379.8553680435545,18.870104790736946,8.844796506422824
560.3073863761605,379.3920051082801,18.870104790736946,8.844796506422824
561.2297206073348,379.3920051082801,18.870104790736946,8.844796506422824
562.9189777092248,378.716302267524,18.870104790736946,8.844796506422824
563.8457035797738,378.0212578646124,18.870104790736946,8.844796506422824
564.8592578409078,377.34555502385626,18.870104790736946,8.844796506422824
566.1322328114192,376.8363650356516,18.870104790736946,8.844796506422824
567.81887387628,376.8363650356516,18.870104790736946,8.844796506422824
568.745599746829,376.3730021003772,18.870104790736946,8.844796506422824
570.5902682091777,376.3730021003772,18.870104790736946,8.844796506422824
571.6086481855867,375.60921711807026,18.870104790736946,8.844796506422824
573.1362181502003,375.35462212396794,18.870104790736946,8.844796506422824
576.1063402073663,374.2408263525307,18.870104790736946,8.844796506422824
577.9626664930951,373.86956109538494,18.870104790736946,8.844796506422824
579.0668024155879,373.6149661012826,18.870104790736946,8.844796506422824
580.4182080970999,373.6149661012826,20.22151047224918,8.169093665666708
581.9554318157237,373.3075213575578,20.22151047224918,8.169093665666708
584.1936297977649,371.3490981232722,19.94173572449415,9.847742152197213
585.6786908263479,371.3490981232722,19.94173572449415,9.847742152197213
587.5233592886965,371.04165337954737,19.94173572449415,9.847742152197213
589.4940579555681,371.04165337954737,19.94173572449415,9.847742152197213
590.7180092129332,371.04165337954737,19.94173572449415,9.847742152197213
592.6887078798048,371.04165337954737,19.94173572449415,9.847742152197213
594.1737689083878,371.04165337954737,19.94173572449415,9.847742152197213
596.213687670663,371.4496371320024,19.94173572449415,9.847742152197213
596.213687670663,371.4496371320024,20.279587144872266,11.874850674465506
598.4412792135375,371.82090238914816,20.279587144872266,11.874850674465506
599.6652304709027,372.2288861416032,20.279587144872266,11.874850674465506
601.7051492331778,373.4528373989683,20.279587144872266,11.874850674465506
602.929100490543,375.08477240878847,20.279587144872266,11.874850674465506
604.4663242091668,375.0847724087885,20.58703188859704,13.719519136814426
605.5801199806041,375.82730292308,20.58703188859704,13.719519136814426
607.4364462663328,381.0250165231205,20.58703188859704,12.234458108231479
609.068381276153,382.2489677804856,20.58703188859704,12.234458108231479
609.068381276153,383.7340288090686,20.58703188859704,12.234458108231479
609.476365028608,385.36596381888876,20.179048136142,12.234458108231479
610.2923325335181,386.9978988287089,20.179048136142,12.234458108231479
611.5162837908832,387.813866333619,20.179048136142,12.234458108231479
612.1311732783328,389.0436453085183,20.179048136142,12.234458108231479
612.1311732783328,390.39505099003054,20.179048136142,12.234458108231479
612.4690246987108,392.08430809192083,20.179048136142,12.234458108231479
612.4690246987108,394.124226854196,20.179048136142,12.234458108231479
612.4690246987108,395.7484287619835,20.179048136142,12.234458108231479
612.4690246987108,396.5643962668936,20.179048136142,12.234458108231479
612.4690246987108,398.3492340697582,20.179048136142,12.234458108231479
613.3913589298851,399.2715683009327,20.179048136142,12.234458108231479
614.2073264347952,400.4955195582978,20.179048136142,12.234458108231479
614.5785916919409,401.2380500725893,20.179048136142,12.234458108231479
614.5785916919409,402.716074072743,20.179048136142,12.234458108231479
614.5785916919409,404.8816766164597,20.179048136142,12.234458108231479
614.5785916919409,406.5058785242472,20.179048136142,12.234458108231479
614.5785916919409,407.5886797961055,20.179048136142,12.234458108231479
614.5785916919409,408.1836257303937,20.179048136142,12.234458108231479
614.5785916919409,411.0574139796172,20.179048136142,12.234458108231479
614.5785916919409,412.5354379797709,20.179048136142,12.234458108231479
612.8728323699422,415.4797687861272,21.289861523852437,9.290127301875202
612.8728323699422,416.63583815028903,20.694915589564175,9.918895740577966
612.8728323699422,416.63583815028903,20.153514953634954,11.54309764836546
612.8472991874352,417.72931549328763,20.179048136142,12.234458108231479
612.8472991874352,421.0866124663487,20.45882288389714,8.877161135170411
612.8472991874352,422.0089466975232,20.45882288389714,7.954826903995922
612.8472991874352,423.53651666213705,20.968012872101667,7.191041921688964
612.8472991874352,425.21516514866755,20.968012872101667,5.512393435158458
612.8472991874352,426.3735724868537,20.504649936827263,4.353986096972335
0,0,0,0
0,0,0,0
0,0,0,0
0,0,0,0
0,0,0,0
0,0,0,0
0,0,0,0
0,0,0,0
0,0,0,0
0,0,0,0
611.2484933299879,444.81449030245756,19.583220117842075,8.975642554010903
611.2484933299879,444.81449030245756,19.583220117842075,8.975642554010903
611.2484933299879,444.81449030245756,19.583220117842075,8.975642554010903
611.2484933299879,444.81449030245756,19.583220117842075,8.975642554010903
610.5606936416185,448.4277456647399,20.271019806211484,5.362387191728544
611.2484933299879,451.2805138632105,20.301667180148,2.509618993257959
0,0,0,0
0,0,0,0
0,0,0,0
0,0,0,0
0,0,0,0
0,0,0,0
0,0,0,0
0,0,0,0
0,0,0,0
0,0,0,0
0,0,0,0
0,0,0,0
0,0,0,0
0,0,0,0
0,0,0,0
0,0,0,0
0,0,0,0
0,0,0,0
0,0,0,0
0,0,0,0
0,0,0,0
0,0,0,0
0,0,0,0
0,0,0,0
0,0,0,0
0,0,0,0
0,0,0,0
0,0,0,0
0,0,0,0
0,0,0,0
0,0,0,0
0,0,0,0
0,0,0,0
0,0,0,0
0,0,0,0
0,0,0,0
0,0,0,0
0,0,0,0
0,0,0,0
0,0,0,0
0,0,0,0
0,0,0,0
0,0,0,0
0,0,0,0
0,0,0,0
0,0,0,0
0,0,0,0
0,0,0,0
0,0,0,0
0,0,0,0
0,0,0,0
0,0,0,0
0,0,0,0
0,0,0,0
0,0,0,0
0,0,0,0
0,0,0,0
0,0,0,0
0,0,0,0
0,0,0,0
0,0,0,0
0,0,0,0
0,0,0,0
0,0,0,0
0,0,0,0
0,0,0,0
0,0,0,0
0,0,0,0
0,0,0,0
0,0,0,0
0,0,0,0
0,0,0,0
0,0,0,0
0,0,0,0
0,0,0,0
0,0,0,0
0,0,0,0
0,0,0,0
0,0,0,0
0,0,0,0
0,0,0,0
0,0,0,0
0,0,0,0
0,0,0,0
0,0,0,0
0,0,0,0
0,0,0,0
0,0,0,0
0,0,0,0
0,0,0,0
0,0,0,0
0,0,0,0
0,0,0,0
0,0,0,0
0,0,0,0
0,0,0,0
0,0,0,0
0,0,0,0
0,0,0,0
0,0,0,0
0,0,0,0
0,0,0,0
0,0,0,0
0,0,0,0
0,0,0,0
0,0,0,0
0,0,0,0
0,0,0,0
0,0,0,0
0,0,0,0
0,0,0,0
0,0,0,0
0,0,0,0
0,0,0,0
0,0,0,0
0,0,0,0
0,0,0,0
0,0,0,0
0,0,0,0
0,0,0,0
0,0,0,0
0,0,0,0
0,0,0,0
0,0,0,0
0,0,0,0
0,0,0,0
0,0,0,0
0,0,0,0
0,0,0,0
0,0,0,0
0,0,0,0
0,0,0,0
0,0,0,0
0,0,0,0
0,0,0,0
0,0,0,0
0,0,0,0
0,0,0,0
0,0,0,0
384.4540595732899,445.91227483126744,23.21646065792396,5.983678925957975
384.9472349925185,444.0246122582103,19.68852659688548,6.968765225233369
0,0,0,0
0,0,0,0
0,0,0,0
0,0,0,0
0,0,0,0
377.6127167630058,420.1040462427746,21.03135103360438,8.37053002841185
374.86858847057437,416.29414414920154,21.545754158907698,9.203863818925925
378.4250739074585,415.34197880059634,17.541971471586066,8.887906256874942
375.1417249719319,411.28451316127047,18.53643594760831,11.221233965166334
374.3458966891582,408.370574393876,19.32229811517368,8.374758142168105
376.08000073540103,405.6535836860586,16.448734896782867,9.380899072562102
373.20621248617755,402.06134837452925,19.322523146006347,8.950145878344301
371.7693183615658,398.4691130629999,20.294265453463083,8.34013549191343
370.33242423695407,394.87687775147054,21.621598751551687,9.238064777265095
369.6139771746482,392.00308950224706,23.155709335741506,9.360818667640217
368.8955301123423,383.3817247545766,21.33435494512895,9.238964900595818
368.82545772629203,381.868660718039,18.53151427400917,6.177171424669723
367.81609195402297,378.2528735632184,20.11494252873564,9.770114942528778
367.577585369997,375.7932026884076,19.81314648888707,5.438902957733717
367.7629289058858,373.03290178866774,18.7884936840357,4.727427443079932
367.85098179757233,370.08383314032335,18.915038707895064,5.328179917716909
367.9956625335268,366.97774473831674,16.487096087162854,8.401565606510871
366.92216327345994,363.4369676038692,20.43415856562052,7.3446415915331045
366.984126984127,359.3650793650794,18.412698412698433,12.063492063492049
370.0495336078882,357.54245970824286,13.858512369123332,10.365586268768652
369.5402298850575,353.5402298850575,12.643678160919535,10.344827586206861
368.68471128267845,350.4584893532179,14.648622050654865,9.403579612299382
365.3870911269397,347.80372591997417,18.53151427400917,5.5153316291693955
365.1798049424452,345.7832897236784,18.728241034566338,11.779928667126171
365.3522738117155,342.2594113967539,20.279910096330468,11.855531131981763
365.28119064290536,339.4277670850651,19.879438478592647,9.818503151012237
365.9820449748058,336.0586076505452,19.094624557673,14.002724675626894
365.9820449748058,333.49226414504653,19.70951404512266,11.235721982103485
365.9820449748058,330.1103719640734,19.70951404512266,11.235721982103485
365.9820449748058,327.6508140142748,19.70951404512266,11.235721982103485
365.9820449748058,323.654032345852,19.70951404512266,11.235721982103485
365.9820449748058,318.7349164462547,19.70951404512266,11.235721982103485
365.9820449748058,315.6942536628522,19.70951404512266,11.235721982103485
365.9820449748058,313.09539686283193,19.70951404512266,11.235721982103485
365.9820449748058,310.39258549980747,19.70951404512266,11.235721982103485
366.6577478155619,307.35192271640494,19.70951404512266,11.235721982103485
366.6577478155619,303.71485099558885,20.26906354063283,12.91437046863399
366.6577478155619,301.0120396325644,20.26906354063283,12.91437046863399
366.6577478155619,298.4940669027686,20.26906354063283,12.91437046863399
367.67130207669607,295.79125553974416,20.26906354063283,12.91437046863399
367.67130207669607,293.2612939424529,20.26906354063283,12.91437046863399
367.67130207669607,290.48111633080646,20.26906354063283,12.91437046863399
367.67130207669607,287.778304967782,20.26906354063283,12.91437046863399
368.435087059003,284.9777600326565,20.26906354063283,12.91437046863399
368.435087059003,281.93709724925395,20.26906354063283,12.91437046863399
368.435087059003,278.859575023948,20.26906354063283,12.91437046863399
368.74253180272785,276.09257233042456,20.26906354063283,12.91437046863399
369.66925767327666,274.00743912168974,19.110656202446705,12.682689000996788
369.9767024170015,271.2404364281663,19.418100946171535,13.297578488446447
369.9767024170015,268.641579628146,19.418100946171535,13.297578488446447
370.53625191251166,266.12360689835026,19.418100946171535,13.297578488446447
371.0958014080218,260.2483371954935,20.257425189436788,13.297578488446447
371.55916434329623,257.11240778234304,20.48910665707399,14.687667294269943
371.7510197365144,254.23457688407018,19.721685084201283,14.687667294269943
372.0307944842695,251.71660415427442,19.721685084201283,14.687667294269943
372.0307944842695,248.91885667672358,19.721685084201283,14.687667294269943
372.0307944842695,245.9672348132171,19.721685084201283,14.687667294269943
372.98404728468785,243.58410281217124,19.245058683992056,14.369916360797163
372.98404728468785,241.06613008237548,19.245058683992056,14.369916360797163
372.98404728468785,238.3801545773208,19.245058683992056,14.369916360797163
373.90638151586234,236.53548611497183,19.245058683992056,14.369916360797163
374.16097650996466,234.24413116805096,19.245058683992056,14.369916360797163
373.8117996855987,231.79989339748897,19.245058683992056,14.369916360797163
374.0226298187063,229.6915920664129,19.245058683992056,14.369916360797163
374.456359783635,227.45339408437223,19.245058683992056,14.369916360797163
374.8055366080009,225.18374472599325,19.245058683992056,14.369916360797163
375.15471343236686,222.91409536761427,19.245058683992056,14.369916360797163
375.15471343236686,220.41436474647998,19.245058683992056,14.369916360797163
375.15471343236686,218.0952332822963,19.245058683992056,14.369916360797163
375.36554356547447,216.19776208432785,19.245058683992056,14.369916360797163
375.5763736985821,214.3002908863594,19.245058683992056,14.369916360797163
375.89412463205485,212.3937852855227,19.245058683992056,14.369916360797163
376.4033146202595,209.08405036219256,19.245058683992056,14.369916360797163
376.6349960878967,207.46228008873194,19.245058683992056,14.369916360797163
376.9147708356518,206.06340634995652,19.245058683992056,14.369916360797163
377.25262225602984,204.7120006684443,19.245058683992056,14.369916360797163
377.04179212292223,203.02535960358344,19.245058683992056,14.369916360797163
377.04179212292223,202.06608263749249,19.245058683992056,14.369916360797163
377.04179212292223,200.94698364647215,19.245058683992056,14.369916360797163
377.3796435433003,200.27128080571603,19.245058683992056,14.369916360797163
377.8279773331869,199.37461322594285,19.245058683992056,14.369916360797163
377.6361219399687,198.4153362598519,19.245058683992056,14.369916360797163
377.6361219399687,197.7202918569402,19.245058683992056,14.369916360797163
377.8678034076059,197.25692892166575,19.245058683992056,14.369916360797163
377.8678034076059,197.04609878855814,19.245058683992056,14.369916360797163
378.0994848752431,196.58273585328368,19.245058683992056,14.369916360797163
378.0994848752431,196.27529110955885,19.245058683992056,14.369916360797163
378.0994848752431,196.27529110955885,19.245058683992056,14.369916360797163
378.0994848752431,196.02069611545653,19.245058683992056,14.369916360797163
378.0994848752431,195.40580662800687,19.245058683992056,14.369916360797163
378.0994848752431,195.17412516036964,19.245058683992056,14.369916360797163
378.0994848752431,194.54163476104682,19.245058683992056,14.369916360797163
378.43733629562115,194.20378334066876,19.245058683992056,14.369916360797163
378.43733629562115,193.09165507351403,19.245058683992056,14.369916360797163
378.43733629562115,193.09165507351403,19.245058683992056,14.369916360797163
378.43733629562115,193.09165507351403,19.245058683992056,14.369916360797163
378.43733629562115,193.09165507351403,19.245058683992056,14.369916360797163
378.69193128972347,193.09165507351403,19.245058683992056,14.369916360797163
378.69193128972347,193.09165507351403,19.245058683992056,14.369916360797163
378.9993760334483,191.86187609861474,19.245058683992056,14.984805848246822
378.9993760334483,191.0225518553495,19.52483343174714,15.824130091512075
379.50856602165294,191.0225518553495,19.52483343174714,15.824130091512075
379.788340769408,191.0225518553495,19.52483343174714,15.824130091512075
380.4238426363536,190.06929905493115,19.52483343174714,15.824130091512075
381.0563330356764,190.06929905493115,19.52483343174714,15.824130091512075
381.631899215331,189.87744366171296,19.52483343174714,15.824130091512075
382.01561000176736,189.87744366171296,19.52483343174714,15.824130091512075
382.71396365049924,189.35367842516396,19.52483343174714,15.824130091512075
383.5083409841812,188.55930109148196,19.68370889848353,16.459631958457692
384.7813159546928,188.55930109148196,19.68370889848353,16.459631958457692
385.9004149457131,188.27952634372687,19.68370889848353,16.459631958457692
386.9139692068473,187.9416749233488,19.68370889848353,16.459631958457692
387.7572897392777,187.7308447902412,19.68370889848353,16.459631958457692
390.21684768907636,187.42340004651638,20.60604312965802,16.459631958457692
391.6157214278518,187.1436252987613,20.60604312965802,16.459631958457692
393.0145951666272,187.1436252987613,20.60604312965802,16.459631958457692
393.9369293978017,186.83618055503646,20.60604312965802,16.459631958457692
395.47415311642584,186.52873581131163,20.60604312965802,16.459631958457692
397.62626632249965,186.2212910675868,20.60604312965802,16.459631958457692
399.02514006127507,186.2212910675868,20.60604312965802,16.459631958457692
400.5623637798992,186.2212910675868,20.60604312965802,16.459631958457692
402.4070322422482,186.2212910675868,21.66019379519605,16.670462091565298
403.94425596087234,185.91384632386197,21.66019379519605,16.670462091565298
405.5761909706925,186.321830076317,21.66019379519605,16.670462091565298
408.34319366421596,186.321830076317,21.66019379519605,16.670462091565298
409.6945993457282,186.9975329170731,21.66019379519605,15.656907830431152
412.38460208504773,186.9975329170731,21.66019379519605,15.656907830431152
414.3430253193333,186.9975329170731,21.66019379519605,15.656907830431152
416.70798526197973,186.9975329170731,21.66019379519605,15.656907830431152
418.5526537243287,186.9975329170731,21.66019379519605,15.656907830431152
420.7047669304025,186.9975329170731,21.66019379519605,15.656907830431152
423.471769623926,186.9975329170731,21.66019379519605,15.656907830431152
425.8367295665724,186.9975329170731,21.66019379519605,15.656907830431152
430.7684012553249,186.9975329170731,21.66019379519605,15.656907830431152
433.2317745889144,186.9975329170731,21.66019379519605,15.656907830431152
435.6796771036446,186.9975329170731,22.884145052561166,15.656907830431152
438.36967984296416,186.9975329170731,22.884145052561166,15.656907830431152
440.59727138583867,187.36879817421885,22.884145052561166,15.656907830431152
442.8248629287132,187.7400634313646,22.884145052561166,15.656907830431152
445.0665318781461,187.7400634313646,22.884145052561166,15.656907830431152
448.1409793153944,187.43261868763977,22.884145052561166,15.656907830431152
450.09940254968,187.43261868763977,22.884145052561166,15.656907830431152
452.3376005317207,188.8314924264152,23.443694548071335,13.698484596145562
454.1197654904369,189.34068241461983,23.443694548071335,13.698484596145562
455.7517005002571,188.9326986621648,23.443694548071335,13.698484596145562
458.26967323005283,188.37314916665463,23.443694548071335,14.817583587165899
460.0630083895992,189.2698167464278,23.443694548071335,14.817583587165899
462.215121595673,189.2698167464278,23.443694548071335,14.817583587165899
463.75234531429714,189.2698167464278,23.443694548071335,14.817583587165899
464.98212428919646,189.2698167464278,21.291581341997585,14.51013884344107
467.22032227123714,189.5495914941829,21.291581341997585,14.51013884344107
468.0596465145024,189.82936624193798,21.291581341997585,14.51013884344107
469.2894254894017,189.82936624193798,21.291581341997585,14.51013884344107
471.2478487236873,189.82936624193798,21.291581341997585,14.51013884344107
473.486046705728,189.2698167464278,21.291581341997585,15.069688338951238
474.10093619317763,189.2698167464278,21.291581341997585,15.069688338951238
474.5492699830642,189.2698167464278,21.291581341997585,15.069688338951238
475.22497282382034,189.2698167464278,21.291581341997585,15.069688338951238
475.83986231127,189.2698167464278,21.291581341997585,15.069688338951238
476.34905229947464,189.2698167464278,21.291581341997585,15.069688338951238
477.2457198792478,189.7181505363144,21.291581341997585,15.069688338951238
477.2457198792478,189.7181505363144,21.291581341997585,15.069688338951238
477.8606093666975,189.41070579258957,21.291581341997585,15.069688338951238
477.8606093666975,189.41070579258957,21.291581341997585,15.069688338951238
478.1680541104223,189.41070579258957,21.291581341997585,15.069688338951238
478.47549885414713,189.41070579258957,21.291581341997585,15.069688338951238
478.8133502745252,189.41070579258957,21.291581341997585,15.069688338951238
479.18461553167094,189.41070579258957,21.291581341997585,15.069688338951238
479.4920602753958,189.41070579258957,21.291581341997585,15.069688338951238
479.68391566861396,189.41070579258957,21.291581341997585,15.069688338951238
479.68391566861396,189.41070579258957,21.291581341997585,15.069688338951238
479.68391566861396,189.41070579258957,21.291581341997585,15.069688338951238
479.68391566861396,189.41070579258957,21.291581341997585,15.069688338951238
479.68391566861396,189.41070579258957,21.291581341997585,15.069688338951238
479.68391566861396,189.41070579258957,21.291581341997585,15.069688338951238
479.68391566861396,189.41070579258957,21.291581341997585,15.069688338951238
480.021767088992,189.41070579258957,21.291581341997585,15.069688338951238
480.32921183271685,189.41070579258957,21.291581341997585,15.069688338951238
480.32921183271685,189.41070579258957,21.291581341997585,15.069688338951238
480.32921183271685,189.78197104973532,21.291581341997585,15.069688338951238
480.021767088992,189.78197104973532,21.291581341997585,15.069688338951238
480.021767088992,189.78197104973532,21.291581341997585,15.069688338951238
480.021767088992,189.78197104973532,21.291581341997585,15.069688338951238
480.6366565764417,189.78197104973532,21.291581341997585,15.069688338951238
480.6366565764417,190.0617457974904,21.291581341997585,15.069688338951238
480.6366565764417,190.0617457974904,21.291581341997585,15.069688338951238
480.6366565764417,190.0617457974904,21.291581341997585,15.069688338951238
480.891251570544,190.0617457974904,21.291581341997585,15.069688338951238
481.1458465646463,190.0617457974904,21.291581341997585,15.069688338951238
481.1458465646463,190.0617457974904,21.291581341997585,15.069688338951238
481.1458465646463,190.0617457974904,21.291581341997585,15.069688338951238
481.6385212313642,190.0617457974904,21.291581341997585,15.069688338951238
481.6385212313642,190.46972954994544,21.291581341997585,15.069688338951238
481.6385212313642,190.46972954994544,21.291581341997585,15.069688338951238
481.6385212313642,190.46972954994544,21.291581341997585,15.069688338951238
481.6385212313642,190.91806333983203,21.291581341997585,15.069688338951238
481.6385212313642,190.91806333983203,21.291581341997585,15.069688338951238
481.6385212313642,190.91806333983203,21.291581341997585,15.069688338951238
482.04650498381926,190.91806333983203,21.291581341997585,15.069688338951238
482.04650498381926,190.91806333983203,21.291581341997585,15.069688338951238
482.04650498381926,190.91806333983203,21.291581341997585,15.069688338951238
482.04650498381926,191.28932859697778,21.291581341997585,15.069688338951238
482.04650498381926,191.69731234943282,21.291581341997585,15.069688338951238
482.04650498381926,192.10529610188786,21.291581341997585,15.069688338951238
482.04650498381926,192.5132798543429,21.291581341997585,15.069688338951238
482.04650498381926,192.5132798543429,21.291581341997585,15.069688338951238
482.04650498381926,192.5132798543429,21.291581341997585,15.069688338951238
482.04650498381926,192.5132798543429,21.291581341997585,15.069688338951238
482.04650498381926,192.5132798543429,21.291581341997585,15.069688338951238
482.04650498381926,192.5132798543429,21.291581341997585,15.069688338951238
482.04650498381926,192.5132798543429,21.291581341997585,15.069688338951238
482.04650498381926,193.52683411547704,21.291581341997585,14.056134077817092
482.04650498381926,193.80660886323213,21.291581341997585,14.056134077817092
482.04650498381926,194.06120385733445,21.291581341997585,14.056134077817092
482.04650498381926,194.36864860105928,21.291581341997585,14.056134077817092
482.04650498381926,194.36864860105928,21.291581341997585,14.056134077817092
482.04650498381926,194.36864860105928,21.291581341997585,14.056134077817092
482.04650498381926,194.36864860105928,21.291581341997585,14.056134077817092
482.04650498381926,194.36864860105928,21.291581341997585,14.056134077817092
482.04650498381926,194.36864860105928,21.291581341997585,14.056134077817092
482.04650498381926,194.36864860105928,21.291581341997585,14.056134077817092
482.32627973157435,194.64842334881436,21.291581341997585,14.056134077817092
482.53710986468195,194.85925348192197,21.291581341997585,14.056134077817092
482.81688461243704,194.85925348192197,21.291581341997585,14.056134077817092
483.0966593601921,194.85925348192197,21.291581341997585,14.056134077817092
483.0966593601921,194.85925348192197,21.291581341997585,14.056134077817092
483.0966593601921,194.85925348192197,21.291581341997585,14.056134077817092
483.0966593601921,194.85925348192197,21.291581341997585,14.056134077817092
483.0966593601921,194.85925348192197,21.291581341997585,14.056134077817092
483.0966593601921,194.85925348192197,21.291581341997585,14.056134077817092
483.0966593601921,194.85925348192197,21.291581341997585,14.056134077817092
483.0966593601921,195.3684434701266,21.291581341997585,14.056134077817092
483.0966593601921,195.3684434701266,21.291581341997585,14.056134077817092
483.0966593601921,195.3684434701266,21.291581341997585,14.056134077817092
483.0966593601921,195.3684434701266,21.291581341997585,14.056134077817092
483.0966593601921,195.3684434701266,21.291581341997585,14.056134077817092
483.0966593601921,196.20776771339186,21.291581341997585,14.056134077817092
483.0966593601921,196.20776771339186,21.291581341997585,14.056134077817092
483.0966593601921,196.20776771339186,21.291581341997585,14.056134077817092
483.0966593601921,196.20776771339186,21.291581341997585,14.056134077817092
483.0966593601921,196.20776771339186,21.291581341997585,14.056134077817092
483.2555348269285,196.52551864686464,20.656079475051968,15.168262344971907
483.2555348269285,196.52551864686464,20.656079475051968,15.168262344971907
483.2555348269285,196.52551864686464,20.656079475051968,15.168262344971907
483.2555348269285,196.52551864686464,20.656079475051968,15.168262344971907
483.2555348269285,196.52551864686464,20.656079475051968,15.168262344971907
483.5353095746836,196.52551864686464,20.656079475051968,15.168262344971907
483.8427543184084,196.52551864686464,20.656079475051968,15.168262344971907
483.8427543184084,197.0850681423748,20.656079475051968,15.168262344971907
483.8427543184084,197.0850681423748,20.656079475051968,15.168262344971907
483.8427543184084,197.0850681423748,20.656079475051968,15.168262344971907
483.8427543184084,197.0850681423748,20.656079475051968,15.168262344971907
484.1225290661635,197.3648428901299,20.656079475051968,15.168262344971907
484.1225290661635,197.87403287833453,20.656079475051968,15.168262344971907
484.1225290661635,197.99375680931655,20.656079475051968,15.168262344971907
484.1225290661635,198.24835180341887,20.656079475051968,15.168262344971907
484.4023038139186,198.24835180341887,20.656079475051968,15.168262344971907
484.4023038139186,198.24835180341887,20.656079475051968,15.168262344971907
484.4023038139186,198.24835180341887,20.656079475051968,15.168262344971907
484.4023038139186,198.24835180341887,20.656079475051968,15.168262344971907
484.4023038139186,199.14501938319205,20.656079475051968,15.168262344971907
484.4023038139186,199.14501938319205,20.656079475051968,15.168262344971907
484.4023038139186,199.14501938319205,20.656079475051968,15.168262344971907
484.4023038139186,199.39961437729437,20.656079475051968,15.168262344971907
484.4023038139186,199.39961437729437,20.656079475051968,15.168262344971907
484.4023038139186,199.39961437729437,20.656079475051968,15.168262344971907
484.4023038139186,199.7070591210192,20.656079475051968,15.168262344971907
484.4023038139186,199.7070591210192,20.656079475051968,15.168262344971907
484.6820785616737,199.98683386877428,20.656079475051968,15.168262344971907
484.936673555776,200.2414288628766,20.656079475051968,15.168262344971907
484.936673555776,200.2414288628766,20.656079475051968,15.168262344971907
484.936673555776,200.2414288628766,20.656079475051968,15.168262344971907
484.936673555776,200.2414288628766,20.656079475051968,15.168262344971907
484.936673555776,200.75061885108124,20.656079475051968,15.168262344971907
485.55156304322566,201.3655083385309,20.656079475051968,15.168262344971907
485.55156304322566,201.64528308628599,20.656079475051968,15.168262344971907
485.55156304322566,202.20483258179615,20.656079475051968,15.168262344971907
485.55156304322566,202.89987698470784,20.656079475051968,15.168262344971907
485.55156304322566,203.5353788516534,20.656079475051968,15.168262344971907
485.55156304322566,204.09492834716357,20.656079475051968,15.168262344971907
485.38491456218026,205.46147493275242,20.018308808786685,15.72867120690384
485.72810629029044,206.65051242409137,19.92782162834891,15.168938851429772
485.82339206034163,207.32345248410792,20.47279219792665,15.564111027663529
485.82916116743803,208.59499635752837,20.918798355808747,15.261513265873049
485.57613092448514,209.96436850392485,20.177184275523132,14.934293873221833
485.86008056914676,211.8004492364707,19.610780481825998,14.925982922278678
485.7355411312305,212.42402939182716,20.260974508141828,15.656207574473228
485.2979269599335,214.79033454079894,20.44305938840114,14.696014580416886
485.51781375386633,216.18399504036995,20.853562588971442,15.10651778098719
485.6815721466341,217.6517672486892,20.48004873349396,15.698363346378613
485.8112478090787,219.77406318015335,20.299607775489562,15.698363346378613
486.19015669475385,221.44340512735624,20.621825366649603,14.574078504314855
486.53187479078883,223.23779717327352,19.95157838671537,14.891395462548417
487.1101814106937,224.63667091204894,19.95157838671537,14.891395462548417
486.8210281007413,226.44475650685303,19.95157838671537,14.891395462548417
486.8210281007413,226.9206692701398,19.95157838671537,14.891395462548417
