617.8447000422183,292.59279718488597,12.90637987857906,10.8247057046147
616.7378681951994,293.7319653196201,12.6270869978282,9.567280933508016
615.0058772775378,294.10317903020757,13.101141458497523,9.61037679356889
614.0408648486815,294.2923207266997,12.205376110585803,9.81158563853387
612.5028550334536,294.64519023076537,12.56813055293378,9.190648440517464
611.0291239742728,294.28636495715415,12.56813055293378,9.67778528365443
609.6885454397221,294.59271289437885,12.31421081497524,8.863094408230609
608.3301631266092,294.14208396766657,12.586018240744124,9.27815447234343
606.1529216103226,294.62802457506945,13.540317877669168,9.754373734241938
606.0395404310347,294.6456385955757,12.38362515030758,9.064670859302964
604.9294067732833,294.6825113844575,12.33772385563941,9.375779319899209
603.9534380349769,294.75831437644723,12.109936677098062,9.308705773142947
602.8167907939131,295.66797084170105,12.382693923330407,8.333937198995613
601.2060250697759,295.5482414630012,12.954628039082536,8.45798028997956
600.782577586752,295.6401105312124,12.633082132018671,8.703511597380498
599.9171986549085,295.5377175138449,12.31421081497524,8.784659944440932
598.7013870958226,295.4639615185356,12.47135282970271,8.688572824484822
597.1959786536181,295.7197601548916,13.357941893425618,8.570360949321753
596.8213068963561,295.64288674735735,12.323587985748873,8.98410251239244
595.5177182734491,295.580424459718,12.842566298132397,9.007034752717061
594.7164124619148,295.6431181164913,12.704814275243507,9.064670859302964
594.7495158908379,295.8097718892151,12.325415977402258,9.26560991308213
593.7468395177835,296.2975529053197,12.47135282970271,8.836337668438603
592.5990167144872,296.01308951891417,13.176989916661455,9.372918422863336
591.5831911795897,296.00791982730186,13.529945003714829,9.098397799599525
591.5829120900472,295.92141647202794,12.747377448958787,9.14368846549786
590.9663039637408,295.9497392380249,13.123882268126295,9.33194087508167
590.5778543961183,296.0303914034516,12.73932527418674,9.234826871622374
589.3161601143272,295.6760018984827,13.687007693815758,9.679784908934323
590.3247057107483,295.9811904749852,11.955372983726306,9.207421581496703
589.096067371436,295.88968817303004,12.76688251761027,9.604714856998498
588.5506434625356,296.52119297214125,12.691967187665568,8.950678352495515
587.8258813959828,296.72836147395464,13.542404239207713,8.735987386922943
587.635804897591,296.6112806419243,13.374756567721079,8.378738550206549
587.7083648913042,296.7393926823107,12.698033711103676,8.671035807838052
587.5244640559862,296.7596791471906,12.76688251761027,8.688572824484822
586.9906702650877,296.7089060699998,12.98941626128078,8.605824438115633
586.7322902795447,296.9923499669265,12.774270650327935,8.283106021686308
586.3986883630065,296.5335014112762,13.177668670864591,8.659610840853873
585.3706766810809,295.75631747523585,13.68302455012406,9.486502981835429
585.6196896577062,295.59864024597675,12.678223611238082,9.190973293927811
585.5384255364784,294.8715848852311,12.76688251761027,8.71812579327559
585.634362294835,294.09725430323704,12.740501955791956,9.314484623141993
584.6581506561687,293.1400335382556,13.535259706170223,8.806784699647835
585.1679197848348,291.8728607142782,13.022791606528244,9.158172650975018
585.2299890182358,290.1981981176658,12.990315816985799,9.255600019602412
584.7673136879803,288.76164243815396,13.412293308030371,9.372918422863336
584.6683850157348,287.6640059343513,12.704814275243507,9.171733900948254
584.8402877808036,285.60615793469555,12.407818668538766,9.708407736833749
584.7952034493117,284.0716182443565,12.265744408975365,9.518975390749176
584.1420087321103,282.2058537021482,13.240129483470128,10.242364317401382
583.8712682811343,280.4118565093612,13.490727771820048,10.39256645212879
583.671251485885,278.62913000173364,13.582923985117532,9.939994180679832
583.6726731127421,277.10212890370525,13.554173490032099,10.300096124369645
583.7309626341801,275.8059461662085,13.451510539925152,9.921959669390901
583.7230386291014,274.47500773380705,12.665557921561117,10.294825284961235
583.7397545946363,273.2916910893967,12.6270869978282,9.955143674055648
583.6285638112103,272.61274906257904,12.698212461182607,9.679784908934323
582.9058059710947,270.7766715977373,13.59177083156726,9.471617304228062
583.6418222068205,270.00679320697935,12.694668339849045,9.740958379587198
582.9232382015476,269.7710882375562,13.525630927857605,9.492923025884181
582.6608555503375,268.95893696062814,13.59177083156726,10.134630515524009
582.38816564337,268.4358707675994,13.96305865971442,10.041335394177338
582.9204854884152,268.1718993545792,13.59700628895439,10.028238234110745
582.7405719150382,267.90162037868515,13.542404239207713,9.67778528365443
582.6787653487268,267.69017501363925,12.944200330354874,9.575161888207731
582.8380981069939,267.4031506334821,13.016309462649929,9.627766090141847
582.6826445854048,267.8188586971994,12.925364237900908,9.09322107189007
582.4380755187434,267.1914812278619,13.120218975155694,10.067494758164003
582.5431807034433,267.02889755545226,13.00330626793641,10.31398610797686
582.5255434067626,266.8529779098812,13.532100059106028,10.041335394177338
582.554201205331,266.78925584465685,13.769734766004945,10.035018968621557
582.4560016880893,266.7317522496886,13.490727771820048,9.804307973706386
582.5867197086972,266.521481967599,12.928758018254143,9.825856093873142
582.618726519494,266.3863976410801,12.98090375718732,9.490570118547794
582.5199092507241,266.0407433990844,12.827936869273458,10.067494758164003
582.4528869122129,265.9914322400077,12.883252677985752,9.45723534533579
582.7179529229078,265.27426923384144,12.811877316888854,10.028238234110745
582.4493012522759,264.45501604231316,13.185170554240585,10.197397916333841
582.6217495761789,263.90895449611986,13.896890562158433,10.236804158956204
582.564276903147,263.6071558809384,12.863252061502862,10.431783684023628
582.4780851830252,263.17619728033,12.863252061502862,10.431783684023628
582.4780851830252,263.17619728033,12.863252061502862,10.431783684023628
582.4349893229644,262.9607179800257,12.863252061502862,10.431783684023628
582.4823474094856,262.3450628552509,12.721177801939461,10.384425597502513
582.6717797555701,262.2977047687298,12.721177801939461,10.384425597502513
582.4444574685274,262.454293402506,12.990315816985799,9.84016423136677
582.651930248731,261.79015885266995,12.670182857889017,10.817060875272603
582.0898684302166,261.9693618256095,13.49705465852503,10.276704775087467
582.4404128820705,261.955150733116,13.070095865388112,10.004270909309412
582.4523862280961,261.6931652993238,12.973753299145642,10.491303920721464
582.4986629675692,261.6041886384172,12.990315719630985,10.456490400692019
581.9661440465259,261.540059690974,13.704483499349408,10.687773295090096
582.4204084688758,261.7714076704001,12.981868961357804,10.008048758756047
582.4204084688758,261.7714076704001,12.981868961357804,10.008048758756047
582.6210873428267,261.57054726478765,12.784817597713186,10.157263060759817
582.6210873428267,261.57054726478765,12.784817597713186,10.157263060759817
582.5286185089736,261.60593142729226,12.98090375718732,10.078828596970197
582.7648379109487,261.7185251706711,12.619117673656547,9.575161888207731
582.3364021850296,261.4634425353783,13.14423731855834,9.998239534116522
582.7449056235167,261.5470841878455,12.757513232620568,9.740958379587198
582.5194328698651,261.44010825973425,12.73932527418674,10.276704775087467
582.5605752583737,260.98298586131205,12.902469293397644,10.471000915918466
582.7014079539262,261.2117078227823,13.273524898740902,10.34300641460328
582.6472538356049,261.36898042441567,13.16875412237323,10.27805199794983
582.6403704013939,261.4205230607227,13.532100059106028,10.041335394177338
582.688911307008,261.6339553731019,13.618291779227661,9.998239534116522
582.4127378997828,261.3440813539614,13.575195919166845,10.42919813472497
582.3272497613823,261.540682888051,14.240023662458611,10.465559559156304
581.9051368962138,261.5298935240153,13.673943437525736,10.704349660689388
582.0573764604445,261.905043239992,13.37307607613559,10.196480292654655
581.8597632684655,261.8212095475127,13.618291779227661,10.51538985484666
582.0483399271676,261.6970444147835,13.532100059106028,10.42919813472497
581.4506729205247,261.6956448485255,14.060946136084112,10.49217808124041
581.6354463461382,261.7230028321777,13.932113713717285,10.229873705876344
581.7650015568017,261.5651125547689,13.661387639288478,10.687773295090096
581.518122648278,261.77126982070786,13.918195413890317,10.52786576178886
581.8980530105815,261.874923484611,13.56481267496099,10.343539076767627
581.2361077016967,261.87683108774706,14.207426237306777,10.512454578520021
581.6758051082197,262.04317655438615,13.80123642528713,10.432197983139929
581.825694926244,261.806463256298,13.655829868329647,10.84145632915778
581.8091936884733,261.9786714496411,13.672307397377608,10.71701054901331
581.4719277529473,262.721081655763,14.096633816632561,9.742736789723267
580.9229554443367,262.3670867275867,14.585796776925577,10.498836941780326
581.6138507109932,262.71864367153535,13.843682858873422,9.96117690128574
581.6779860367706,262.70799385020973,13.647596699399287,9.804307973706386
581.8293824300791,262.6943897291856,13.380025291495372,10.035018968621557
581.6008003672825,262.5565562971465,12.824034829607967,11.13769385813049
581.3724805582201,262.5279296319125,13.121518143099479,10.31398610797686
580.6761403075658,262.46095126094247,13.594365643751757,10.845939546210616
580.7810316361815,262.5852365169911,13.639831607835049,10.944341075810541
581.0376472337592,262.50503042136427,13.285241476340957,10.515241735322547
580.5231317982156,262.7880501105791,13.729248308481942,10.474364128396246
580.4499076151375,262.54110956838934,12.88509439277334,10.90504548379215
579.477637140061,262.3593869463895,13.97855423803162,10.993704390164453
579.6050842052256,262.6166251805013,13.742130487705595,10.698174702256779
579.2558766629247,262.58260988726147,13.231455073602774,10.73038734627545
578.7033609892839,262.6641577168551,13.688639496877727,10.380775728476976
578.7351023735412,262.46168388219587,13.737258976462499,11.00929265489549
578.4490509282351,262.49991518635863,13.020120989082102,10.863173234866736
577.6510469083571,262.54433783761954,13.833771079531857,10.989444315515982
577.67621086758,262.781007972689,12.941686525292425,10.784738771077059
577.0412402436202,262.71778993188275,13.218631004673739,10.460412724170965
576.0234181997541,262.4198350719637,13.89963792417484,11.041768444437935
576.1312365346753,262.6233561862585,13.185170554240585,10.976816865352987
575.0495541949001,263.0970922946098,14.13232149718101,10.563553442337309
574.7787957541896,263.12840346190956,13.607355818292604,11.07424423398038
574.7343492837366,263.795032480657,13.542404239207713,10.489680022216021
573.6246302625354,263.9387297070404,13.769734766004945,10.262349495418789
572.7232135929859,263.7722558071047,13.989570774987214,10.920430247821685
571.5810103387662,263.63085937948574,14.62802749676996,10.980824930551194
571.6310820284292,263.7158582257562,13.802666748634238,10.768037889005484
571.22535357052,264.0580458240636,13.185170554240585,10.814437917640703
570.3245779491778,264.81503988676144,14.000551786452775,10.627869843497763
569.7140569728867,264.49419925909484,13.608379467504506,11.412214481394244
568.495395381601,265.33073589245606,13.989570774987214,10.920430247821685
567.7560930727793,265.6346604885378,13.509928449665267,11.00929265489549
566.5284567988915,266.3946372172131,13.922117322663098,10.902390466761517
565.0534674099385,266.8355475606941,14.392724105401044,11.059259394340813
564.6943858804019,267.71868129970295,13.639831607835049,10.911865286268096
563.5920722674414,268.72506958901903,13.569162235609724,10.784738771077059
561.3297098003766,269.8017037693398,13.298835955844083,10.136668295232255
559.5946068663036,270.1917474213131,13.843682858873422,10.784738771077059
558.429674705916,271.0593095678114,13.82310550372324,10.461455332584308
557.4094229198614,271.3126651219959,13.582923985117532,10.304287161123625
556.374376902851,272.278878234254,14.160067869820978,10.134630515524009
555.0169434828065,272.75788491009854,13.325002061658097,10.179615308906136
553.652708894689,273.6002265448178,13.782512862058297,10.579937259256383
552.0312126432926,274.2324290083804,14.394017260322926,9.912047813994832
550.8391550161848,274.73458396263186,14.126968450972072,10.327301074503737
549.1872633020664,275.7377775209253,14.256871609141967,9.97006738953661
547.7726873343067,276.4064222912696,14.078986250242451,9.96117690128574
546.8644199921221,276.8211648942617,13.374756567721079,10.8247057046147
544.7256537027569,277.53308111605975,14.775722994595753,9.897840082918322
544.0846131253343,277.8554273152013,13.204441802921679,10.38511503959512
542.9506237892236,278.8237431933335,13.032859236727177,9.900244544906172
540.6330525006492,279.59666376697066,14.118203482137233,10.235697524549494
539.3459840155285,279.8345108722432,13.96305865971442,10.041335394177338
538.2434306372029,280.7732778514946,13.80446562697864,10.03961136507536
536.6664629159982,281.03758295433295,13.653471581333292,10.491303920721464
534.9723661880682,281.66069620339084,13.672307397377608,10.749486338555755
530.8988086119525,283.6459322676508,14.524885983213835,9.921175192465455
529.6279736649848,284.4283009263323,14.289347398684413,10.327301074503737
528.8781696696332,285.3031354061846,13.347549501952926,10.13244633724895
527.3219048186068,286.17826717570426,13.190521194784992,9.875625815990873
525.6574789366365,286.8490705257981,13.79067521947104,10.386102274664154
523.5414914847852,287.24939247614833,13.79067521947104,10.386102274664154
521.8719012644555,288.46363990911544,13.79067521947104,10.386102274664154
520.7281242634548,289.0355284096158,13.79067521947104,10.386102274664154
518.4143075816601,289.8590902794071,13.79067521947104,10.386102274664154
516.641453230109,290.7169230301576,13.79067521947104,10.386102274664154
515.5364881038444,291.6837675156392,13.79067521947104,10.386102274664154
513.8208226023434,292.48441141633964,13.79067521947104,10.386102274664154
511.70483515049204,293.5138107172403,13.79067521947104,10.386102274664154
510.55991435481167,294.34648038682604,13.79067521947104,10.386102274664154
508.8735733833342,295.2092594885122,13.790675219470984,10.386102274664154
507.5971146849087,296.5494601291126,13.357941893425561,9.634267825789266
506.13994276313366,297.0698786726037,13.357941893425561,9.634267825789266
504.0582685891693,297.95459019653856,13.357941893425505,9.634267825789266
502.88424314251307,298.09271083732165,13.357941893425448,9.634267825789266
500.4741362463103,299.78517145348,13.81231791720063,7.892753095543242
498.36919487558873,300.5594295113767,13.962518969039024,7.769466200513705
495.6819312672058,301.9244594846165,13.730561201337991,7.941182784355931
493.8938746927559,301.46013241485764,13.406745162593893,8.145870478538086
492.7551193043985,303.2122906596092,13.947923582804833,7.9752610914274555
490.8076327795506,304.1755516136772,13.42795093848747,7.992827939575875
488.8268684862812,303.98995846584836,13.505377519040678,7.9366017238518225
487.0124245694388,305.14419496179653,13.756904653086224,7.878297410786729
486.4090000517276,305.6966676252373,13.740754742327624,7.783780143052638
483.683192650716,306.5153792219715,13.753615860576588,8.019057383115808
481.72097064404403,306.903291859531,13.395979626729172,8.56831155122535
480.9084108879012,307.9030256179621,13.395979626729172,7.577200886717947
478.3968067370605,308.34928907626926,13.971463238378647,8.088741874850768
476.8193846414381,309.2165764431633,13.747664056070505,8.05677056309247
476.03701256333255,309.9216617629959,12.29665807048292,8.08066101774591
473.63549246744583,310.60464102561133,13.28039071612153,8.11579432651871
471.69446060652115,311.71623721898897,13.901460568880509,7.420537010771568
470.669654040236,312.1062293094254,12.431786363534911,8.146294791011996
469.3511645546344,313.16155933025703,12.489404705293452,7.222307513284704
467.5927424079277,313.8649281889397,12.489404705293452,7.222307513284704
465.43069260557377,314.94595309011663,12.489404705293452,7.222307513284704
464.17188708613116,315.2256876499928,12.489404705293452,7.222307513284704
460.8616947942636,316.4844931694354,12.489404705293452,7.222307513284704
458.5066048309852,317.60412610279724,12.489404705293452,7.222307513284704
457.21484161634953,318.9638768550453,12.489404705293452,7.222307513284704
455.17521548797737,320.45960268251827,12.489404705293452,7.222307513284704
454.048079866972,321.0231704930209,12.489404705293452,7.222307513284704
452.09646506482227,320.7686120405666,12.489404705293452,7.222307513284704
450.69639357632354,321.6595666241567,12.489404705293452,7.222307513284704
448.11286714705216,322.7473672259552,12.489404705293452,7.222307513284704
447.918658248932,323.8343693567131,11.305014017290716,6.460008009880426
445.7335833312646,323.9257559756228,9.981241884118504,7.333697617774078
443.5136848461322,325.22675676323934,12.01985096920373,7.360173060437546
441.1253987914177,325.98884358709626,13.088122910678067,8.146294791011996
440.33172769567597,325.9918893010144,12.335810794730548,8.495416868069128
438.27085885731753,326.9084651594545,12.761163363780156,8.948699620244213
436.24981199473626,327.489061020993,11.684936526702018,8.0951312844781
433.47148817499624,327.8502978088677,13.703730023790627,8.82469301841627
432.0348877136866,329.03446905267054,13.399514171900478,7.037559964233424
431.7235029496156,330.3010203705402,11.157721301433526,7.026661857650197
429.14049081391846,330.99254372548637,13.139857481030276,7.623928003699405
427.6666321680821,331.51159206327276,12.515790579003806,7.721606391114221
425.5713142294663,331.90687861282277,13.590027329081636,8.184902823196921
422.2637341596768,333.21939668014136,13.819599357304241,8.699074121755757
420.86562465507603,333.75594102404506,13.459922250245768,8.504368927708754
419.79683418488236,335.45168164093053,12.436840273980067,6.426233663418998
417.3283813585154,335.7108468192326,13.645035997001457,7.622600066555208
415.9603679254208,336.09510054962215,13.35065733366713,6.956395137016045
413.8810834832083,337.0904217567346,13.139857481030276,7.237461607198497
413.0483147590541,337.5482450653625,11.558858586253905,7.834727856336258
411.7079414445173,338.1611865640992,11.783026820438351,7.040722198879223
410.0670043056336,338.6048532435558,12.980352573871244,7.928885316059279
408.2871963323781,339.3771525497953,13.286134377497774,7.0815534718346385
409.26501667250443,340.80138817694075,9.709339010847259,6.432738252844217
406.3729549547845,340.1594911932127,11.860998313223092,7.730829257725759
405.2168636880328,341.5926994501894,12.393178331350043,6.293109246137249
402.5507382324659,342.3137495626215,12.740650621014083,6.833621696725743
402.03079781880695,342.9003259808632,11.870308500589772,5.615121423073106
400.3970849463944,343.3013230240617,11.68122370860101,7.070214349942717
398.2016899576787,343.9025188545102,12.840589691770504,7.148369519129972
396.84153924526464,343.9519374798656,12.897628257685255,7.127636668720811
395.8485460722949,344.442332070488,13.32189234510912,7.042783851236038
392.80055375819376,345.09664529128327,14.499574686912922,6.9933639969033266
390.60157496488847,346.3076524591159,13.526323877531183,6.921261828243246
389.7007992108095,346.6082306554441,12.261524761710064,7.623928003699405
388.6662178741256,347.64541107320446,12.218805717807129,7.424621529917488
387.54996892509666,347.9112710761114,12.431786363534911,7.451350211683973
386.0118496191349,348.52978511443644,12.401565487841935,6.853496716965253
384.0434485923812,348.9388506129419,12.793198547791292,7.251888442344978
383.9829336486272,349.8549023134193,12.276983715188578,7.289459080893209
381.7563404835104,349.68740527903964,13.104724172257477,7.729327930017803
380.22443486757345,350.9510695504629,13.317147659712532,7.068943191139624
380.1109230615304,351.3933754590668,12.161530138240721,7.258310050759519
378.1291317067928,351.4849556434929,13.069590863484677,8.186060944064309
376.90968897178925,351.61188201279,13.807390347713635,8.15092763529151
375.8757825773276,352.8569315979867,12.496408937145759,7.624927487072
375.88202617487786,353.2161461480443,11.839925056436414,7.3428615335169525
372.62517935521686,353.893046238251,13.11801177333109,7.487963801944375
371.9989081117638,354.059741072974,13.332037003212577,7.193545145618316
370.31115153747555,354.9006781223283,13.242555039417653,7.837430533532881
370.00955473588397,355.40104564792597,13.68372143255391,9.015909915841576
368.8953483226462,356.4373215286722,12.142696926717122,7.565092926565853
367.65932586003925,356.305308709506,12.54761046008963,8.33933495193645
366.5529443982208,357.54583904335976,12.888594769022689,7.040722198879223
364.73151681090053,358.15130249279787,12.564725521013315,7.641143510234542
364.9136064460562,359.0879895595392,11.25933673953,7.942632893776988
364.82687836356337,359.7542510945862,10.552581852980381,7.035054568653607
361.9220921344097,359.5829208351163,12.01985096920373,8.313288996321546
360.0535071321576,360.7091945923236,12.985939768850244,7.203703137080197
359.1072400131624,360.95133290371257,12.364904688114336,7.971726787160776
358.3459122265517,361.6975273757952,12.54761046008963,7.72160643697822
357.25721981243635,361.9388924131928,11.980458291527611,7.659061312472204
356.05287577772714,362.3236840622847,13.121345916093105,8.291759614382556
354.84830031376777,362.5486065696731,13.194146740824294,8.438659222930028
353.4836316574979,363.98611705390624,13.109760301397216,7.806459208598994
352.3689953872847,364.14616013541917,13.179533702860681,8.379041294533977
351.7151939500719,364.46398658075685,13.237039527624347,8.018591252310898
350.5219115175246,364.90850496809304,12.9859204205614,8.128591408290333
349.7154397147,365.60608516239535,13.064526516198498,7.941182784355931
348.80811457458344,366.33016293401107,12.858791010847824,7.448261459835351
347.6352103755344,366.7170211983516,12.914412180948148,8.25216951634593
346.46598417271923,366.8551659860233,13.109760301397216,7.806459208598994
345.2302508351007,367.8975371873177,12.213041091671926,8.120713186609123
343.5943164340185,368.5169746558977,13.846656512981383,7.307222175110667
342.9862374693584,368.49646401821497,12.53275420925496,8.344512368917208
342.3454552480124,368.6117382493043,12.929057628393423,7.588794694926605
341.98196196072684,368.9640588768413,12.596696832771613,7.545229574959649
340.5957758832541,369.95633901469745,12.753391084529426,7.48339476860815
339.4327075139516,370.46972194703636,12.961034607594172,7.739322823239718
339.36627079012044,371.067756098447,12.191258144164465,7.413128151062551
337.34271810254717,371.5734653202558,12.985619683969446,7.886554363039011
336.8611700135448,371.7261894250938,12.667607935620197,8.27617051793851
335.7862380113307,371.3426326474346,12.603425580332669,8.965851530724478
336.10616493727645,372.66181806135035,12.494810341133984,8.205547089699905
334.20130197351045,373.40278083351495,12.71825777575657,7.623928003699405
332.78285736669386,373.76066535712204,13.631723803849638,6.499662122969539
332.8244627658926,373.50626266048187,12.612857849438171,7.377994842289752
331.62616993640063,374.67157381869197,12.708212478453277,6.460008009880426
333.05214163585003,375.3539448017532,9.875340113464745,7.042467748476213
329.4262741506007,375.53444171776687,12.402057996801318,6.8861285194704465
329.72260833367244,375.6785177031256,11.477700921230962,7.4493156396846985
329.3039756446245,376.33561135535916,11.383192042389908,7.48339476860815
326.10294117647055,376.8382352941176,14.116615515264186,6.184421744057715
324.74916387959865,377.59197324414714,13.085619935938269,6.8481173644346995
323.89006342494713,379.06976744186045,13.43206794040941,6.094416576050776
322.5655768534633,379.50620866603634,13.986147284467677,5.551262598331391
322.3100231945465,380.0244842626658,13.354312469789193,5.523301285119771
320.9510877094204,380.6376355283627,13.680946922614226,6.158901268174077
320.2898213748718,380.98021673578387,11.654623069572665,6.242005486438359
0,0,0,0
0,0,0,0
0,0,0,0
0,0,0,0
0,0,0,0
0,0,0,0
0,0,0,0
0,0,0,0
316.9234177917555,385.34818857249473,10.349154338321966,5.379510918434676
314.7696522545642,384.2161733635883,12.92510328502334,7.620581127586036
313.56282415492177,385.0132826737223,11.879394447868037,6.7033725812969465
312.87417194692375,384.3768946007884,11.836968039125622,7.212489486205584
311.28090334390185,384.8730718453276,12.949110334189527,7.71316572079985
310.1169644499787,385.53172980814605,12.497469571755005,8.723481235729992
307.8378924900945,385.27739596776433,13.62809432670116,9.426952466590308
307.4525194533744,386.61476398909764,14.49906276111443,7.787482472400654
306.4907238592023,386.3377462424854,12.992418861725525,8.723481235729992
306.8308442279892,386.5497714530136,13.17802484546445,8.599743913237376
306.42688706133396,386.6588483855709,13.380636447408392,7.599455543301644
304.8629425016661,386.9835653206003,13.393544909643879,6.526803610790921
304.2710987284906,386.1489248307905,13.935494950611712,7.941182784355931
303.7982001214811,387.6606963358236,15.057132552107532,5.7525967955487545
302.7606321719607,387.28748604659785,13.317147659712532,5.824597385957759
303.05738806925046,387.35510273182194,12.156124835391665,6.042929108923033
302.02948236647586,387.40557062960835,12.423092474881912,6.9534405187278026
301.32914788058423,387.6678526474462,12.02858607467374,6.853496716965253
300.86908028473385,387.2968339815494,12.643069805230937,7.254915894947942
300.2919256460662,387.3384016627833,11.659625719837095,6.75640563235595
299.63282054104343,387.3876257439526,12.442406016764721,6.418254687380909
299.5652917813296,387.3635282984464,12.470394395719836,6.601973503616364
298.8467028773127,387.30663277030254,12.624826524459365,6.679189567986157
298.5967336505746,387.4693888069088,12.214974884614264,6.67366477916795
297.30348622713,387.8174807675275,13.860283554375883,6.331717278322117
297.6710860058303,387.540371672647,12.756553391563102,7.353401704409805
296.8468686257316,387.22648035252786,13.371927140109051,7.2751480992164375
296.40816710965146,387.4598810330363,14.17042051995685,7.254915894947942
296.7473385391059,387.89294272955993,12.72792247436405,6.294027597213017
296.0479245901532,387.42196013636027,13.354097063163465,7.157097772414431
296.3611364633929,386.9201136326524,11.624835995413719,7.042783851236038
295.81917040605674,387.45342027082836,13.024907483912443,6.873078216266492
296.14900418643464,387.7026249079365,11.929881945131342,6.524757439246571
295.81118449363356,387.47163732015343,12.276983715188578,6.745946781002033
295.89998252391536,387.4483953364126,12.634677621072058,7.226476130133449
296.2418708255693,387.60313905458645,12.190341327811552,7.360755026101003
295.0686629182191,387.4332609968304,12.161530138240721,7.412742179499105
294.5422307049681,387.8799814480593,12.442406016764721,6.868658525091803
294.7247716256047,387.61377099962993,12.821167327656099,6.573762157089163
294.61069912101647,387.6793832612012,12.949110334189527,7.487963801944375
294.41902504956204,387.24876305595865,13.237039527624347,7.297342303690357
294.5170793725134,387.30809054221993,12.72792247436405,7.366343410071522
294.4410186624191,386.76443208477633,13.067333892654801,8.018591252310898
294.62191503254064,386.5070274543462,12.917688662406533,7.855351213625568
294.6243612617056,386.9030181835425,12.779258653198951,7.258310050759519
294.91976025445047,386.5672512493884,12.393178331350043,7.528566276053766
294.8700354138276,385.87561315524636,12.430937761519033,7.7640327998565795
294.6142235041471,386.0186760774879,12.823657702075025,7.764461238790602
294.8917133864028,385.48485248275205,12.779258653198951,8.300726919751582
295.00367018030363,384.501971620624,12.714031408719904,8.844543588674696
294.61693693173453,384.0828410023548,12.473364170261448,7.721606391114221
295.43973829820334,383.5145304731179,11.891273912946474,6.833621696725743
294.85607808465545,383.19378659472784,12.66343455664429,7.412742179499105
294.2885565863994,382.63084597335484,13.332037003212577,7.321430392651507
294.97490168434956,381.8127719832442,13.024907483912443,7.806459208598994
294.9678125174421,381.202043385382,12.373732249262389,7.238633365818487
294.8546313023543,380.76175215884155,12.713669533519806,7.070703911690146
295.8301251295629,380.9318096668711,11.816914298045617,6.805552737094331
295.09654507170023,380.2554948934715,12.34608494403426,7.339768712432715
295.2152776585368,379.96072789323,12.20013817042559,7.991862662272467
294.9352170190194,379.92922034916757,12.577724540665372,6.745595284379192
294.50808051679775,379.15160318536897,13.005410813903381,7.487963801944375
294.73090707337815,378.84319580243044,12.542591231892573,7.553661386153806
295.13918301106565,378.31115376058375,12.261232126549487,7.848885617341352
294.7397161299024,378.73285807205696,12.55500697619243,7.600564761372084
294.7397161299024,378.73285807205696,12.55500697619243,7.600564761372084
294.7397161299024,378.73285807205696,12.55500697619243,7.600564761372084
294.7397161299024,378.73285807205696,12.55500697619243,7.600564761372084
294.7397161299024,378.73285807205696,12.55500697619243,7.600564761372084
294.7397161299024,378.73285807205696,12.55500697619243,7.600564761372084
294.7397161299024,378.73285807205696,12.55500697619243,7.600564761372084
294.7397161299024,378.73285807205696,12.55500697619243,7.600564761372084
294.7397161299024,378.73285807205696,12.55500697619243,7.600564761372084
294.7397161299024,378.73285807205696,12.55500697619243,7.600564761372084
294.7397161299024,378.73285807205696,12.55500697619243,7.600564761372084
294.7397161299024,378.73285807205696,12.55500697619243,7.600564761372084
294.7397161299024,378.73285807205696,12.55500697619243,7.600564761372084
294.863453452395,377.8666968146086,12.55500697619243,7.600564761372084
294.863453452395,377.8666968146086,12.55500697619243,7.600564761372084
294.863453452395,377.8666968146086,12.55500697619243,7.600564761372084
294.863453452395,377.8666968146086,12.55500697619243,7.600564761372084
294.863453452395,377.8666968146086,12.55500697619243,7.600564761372084
294.863453452395,377.8666968146086,12.55500697619243,7.600564761372084
294.863453452395,377.8666968146086,12.55500697619243,7.600564761372084
294.863453452395,377.8666968146086,12.55500697619243,7.600564761372084
294.863453452395,377.8666968146086,12.55500697619243,7.600564761372084
294.863453452395,377.8666968146086,12.55500697619243,7.600564761372084
294.863453452395,377.8666968146086,12.55500697619243,7.600564761372084
294.863453452395,377.8666968146086,12.55500697619243,7.600564761372084
294.863453452395,377.8666968146086,12.55500697619243,7.600564761372084
294.863453452395,377.8666968146086,12.55500697619243,7.600564761372084
294.61597880740976,375.8868996547266,12.55500697619243,7.600564761372084
294.61597880740976,375.8868996547266,12.55500697619243,7.600564761372084
294.61597880740976,375.8868996547266,12.55500697619243,7.600564761372084
295.9152206935823,375.02073839727825,12.55500697619243,7.600564761372084
295.9152206935823,375.02073839727825,12.55500697619243,7.600564761372084
295.9152206935823,375.02073839727825,12.55500697619243,7.600564761372084
295.64327054313264,374.00092533309214,12.55500697619243,7.600564761372084
295.5611699030186,373.17991893195153,12.55500697619243,7.600564761372084
295.5611699030186,373.17991893195153,12.55500697619243,7.600564761372084
295.5611699030186,373.17991893195153,12.55500697619243,7.600564761372084
295.5611699030186,371.7724069391048,12.55500697619243,7.600564761372084
295.5611699030186,371.7724069391048,12.55500697619243,7.600564761372084
295.5611699030186,371.7724069391048,12.55500697619243,7.600564761372084
295.5611699030186,371.7724069391048,12.55500697619243,7.600564761372084
295.45870302838176,371.1063722539653,12.55500697619243,7.600564761372084
295.4200949961969,369.9095232562336,12.55500697619243,7.600564761372084
295.4200949961969,369.9095232562336,12.55500697619243,7.600564761372084
295.4200949961969,369.9095232562336,12.55500697619243,7.600564761372084
295.12124867746803,369.3118306187759,12.55500697619243,7.600564761372084
294.8971139384214,369.08769587972927,12.55500697619243,7.600564761372084
295.26832590589925,368.2215346222809,12.55500697619243,7.600564761372084
295.26832590589925,368.2215346222809,12.55500697619243,7.600564761372084
294.34029598720457,367.54097934857145,12.55500697619243,7.600564761372084
294.93515633431946,367.34269256619984,12.55500697619243,7.600564761372084
294.93515633431946,367.34269256619984,12.55500697619243,7.600564761372084
294.67898914772735,366.7791247556972,12.55500697619243,7.600564761372084
294.67898914772735,366.08418017636916,12.55500697619243,7.600564761372084
294.67898914772735,366.08418017636916,12.55500697619243,7.600564761372084
294.67898914772735,366.08418017636916,12.55500697619243,7.600564761372084
294.67898914772735,366.08418017636916,12.55500697619243,7.600564761372084
294.67898914772735,366.08418017636916,12.55500697619243,7.600564761372084
294.67898914772735,366.08418017636916,12.55500697619243,7.600564761372084
294.34118626944417,364.8455696226641,12.55500697619243,7.600564761372084
293.8296452813113,363.85445895815667,12.55500697619243,7.600564761372084
293.8296452813113,363.85445895815667,12.55500697619243,7.600564761372084
293.8296452813113,363.85445895815667,12.55500697619243,7.600564761372084
293.8296452813113,363.85445895815667,12.55500697619243,7.600564761372084
292.42957379281256,363.85445895815667,12.55500697619243,7.600564761372084
292.42957379281256,363.85445895815667,12.55500697619243,7.600564761372084
292.42957379281256,363.85445895815667,12.55500697619243,7.600564761372084
291.87010467306027,363.0152552785283,12.55500697619243,7.600564761372084
291.87010467306027,363.0152552785283,12.55500697619243,7.600564761372084
291.4038804066,361.89631703902376,12.55500697619243,7.600564761372084
290.8099106842066,361.8538906302814,12.55500697619243,7.600564761372084
290.8099106842066,361.8538906302814,12.55500697619243,7.600564761372084
290.0217039682125,361.8538906302814,12.55500697619243,7.600564761372084
290.0217039682125,361.8538906302814,12.55500697619243,7.600564761372084
290.0217039682125,361.8538906302814,12.55500697619243,7.600564761372084
288.84619940453257,361.17333535657195,12.55500697619243,7.600564761372084
288.157837895283,360.8556300446106,12.55500697619243,7.600564761372084
287.64550352209875,360.70192973265534,12.55500697619243,7.600564761372084
287.64550352209875,360.70192973265534,12.55500697619243,7.600564761372084
287.64550352209875,360.70192973265534,12.55500697619243,7.600564761372084
287.64550352209875,360.70192973265534,12.55500697619243,7.600564761372084
285.8513123459557,359.4026878464828,12.55500697619243,7.600564761372084
285.8513123459557,359.4026878464828,12.55500697619243,7.600564761372084
285.8513123459557,359.4026878464828,12.55500697619243,7.600564761372084
285.0019356378881,359.325471782113,12.55500697619243,7.600564761372084
285.0019356378881,359.325471782113,12.55500697619243,7.600564761372084
283.3582808848793,358.7277791446553,12.55500697619243,7.600564761372084
283.3582808848793,358.7277791446553,12.55500697619243,7.600564761372084
283.3582808848793,358.7277791446553,12.55500697619243,7.600564761372084
283.3582808848793,358.7277791446553,12.55500697619243,7.600564761372084
282.134505207856,358.45582899420566,12.55500697619243,7.600564761372084
282.134505207856,358.45582899420566,12.55500697619243,7.600564761372084
280.38919033672613,357.83652371735315,12.55500697619243,7.600564761372084
280.38919033672613,357.83652371735315,12.55500697619243,7.600564761372084
279.5694553396313,356.9143218456215,12.55500697619243,7.600564761372084
279.5694553396313,356.9143218456215,12.55500697619243,7.600564761372084
278.7200786315637,356.4510254594028,12.55500697619243,7.600564761372084
278.7200786315637,356.4510254594028,12.55500697619243,7.600564761372084
278.7200786315637,356.4510254594028,12.55500697619243,7.600564761372084
276.5854619885981,356.0405222588325,12.55500697619243,7.600564761372084
276.5854619885981,356.0405222588325,12.55500697619243,7.600564761372084
276.5854619885981,356.0405222588325,12.55500697619243,7.600564761372084
275.8133013449003,355.8860901300929,12.55500697619243,7.600564761372084
275.8133013449003,355.8860901300929,12.55500697619243,7.600564761372084
275.8133013449003,355.8860901300929,12.55500697619243,7.600564761372084
274.68616572389493,355.1175885703165,12.55500697619243,7.600564761372084
274.68616572389493,355.1175885703165,12.55500697619243,7.600564761372084
272.52076258027404,353.7564780228976,12.55500697619243,7.600564761372084
272.52076258027404,353.7564780228976,12.55500697619243,7.600564761372084
272.52076258027404,353.7564780228976,12.55500697619243,7.600564761372084
270.282886101265,353.5233658896675,12.55500697619243,7.600564761372084
270.282886101265,353.5233658896675,12.55500697619243,7.600564761372084
270.282886101265,353.5233658896675,12.55500697619243,7.600564761372084
270.282886101265,353.5233658896675,12.55500697619243,7.600564761372084
270.282886101265,353.5233658896675,12.55500697619243,7.600564761372084
268.26567344984517,352.7762500928453,12.55500697619243,7.600564761372084
268.26567344984517,352.7762500928453,12.55500697619243,7.600564761372084
268.26567344984517,352.7762500928453,12.55500697619243,7.600564761372084
267.2197113342941,351.6555763976121,12.55500697619243,7.600564761372084
267.2197113342941,351.6555763976121,12.55500697619243,7.600564761372084
265.8664041492615,351.47513543960775,12.55500697619243,7.600564761372084
265.8664041492615,351.47513543960775,12.55500697619243,7.600564761372084
264.89515361339267,350.57859648342117,12.55500697619243,7.600564761372084
264.89515361339267,350.57859648342117,12.55500697619243,7.600564761372084
263.992046572138,350.41439520319307,12.55500697619243,7.600564761372084
263.992046572138,350.41439520319307,12.55500697619243,7.600564761372084
262.7031824867224,350.41439520319307,12.55500697619243,7.600564761372084
262.7031824867224,350.41439520319307,12.55500697619243,7.600564761372084
262.7031824867224,350.41439520319307,12.55500697619243,7.600564761372084
261.3132933280663,348.8314658836125,12.55500697619243,7.600564761372084
261.3132933280663,348.8314658836125,12.55500697619243,7.600564761372084
260.15389413856366,348.12879970815635,12.55500697619243,7.600564761372084
260.15389413856366,348.12879970815635,12.55500697619243,7.600564761372084
259.73826708570573,347.3934595377154,12.55500697619243,7.600564761372084
259.73826708570573,347.3934595377154,12.55500697619243,7.600564761372084
257.99633021687924,347.0348254764864,12.55500697619243,7.600564761372084
257.99633021687924,347.0348254764864,12.55500697619243,7.600564761372084
256.813391681822,347.098768100003,12.55500697619243,7.600564761372084
256.813391681822,347.098768100003,12.55500697619243,7.600564761372084
256.4760945449687,346.2314326052375,12.55500697619243,7.600564761372084
256.4760945449687,346.2314326052375,12.55500697619243,7.600564761372084
255.38906994518638,345.59200637007143,12.555006976192459,7.600564761372084
255.38906994518638,345.59200637007143,12.555006976192459,7.600564761372084
254.99193830523473,344.7977430901681,12.55500697619243,7.600564761372084
254.99193830523473,344.7977430901681,12.55500697619243,7.600564761372084
253.9730723508233,344.13021022348477,12.555006976192402,7.600564761372084
253.01297386915795,343.373768995506,12.555006976192402,7.600564761372084
252.8856946429308,342.5676672294007,12.555006976192374,7.600564761372084
252.8856946429308,342.5676672294007,12.555006976192374,7.600564761372084
252.19075006360274,340.25118529830723,12.555006976192345,7.600564761372084
252.19075006360274,340.25118529830723,12.555006976192345,7.600564761372084
251.33570181158555,339.0672723339757,12.555006976192345,7.600564761372084
251.33570181158555,339.0672723339757,12.555006976192345,7.600564761372084
250.34580323164457,337.7680304478032,12.555006976192345,7.600564761372084
250.34580323164457,337.7680304478032,12.555006976192345,7.600564761372084
250.0296034526893,336.151898244254,12.555006976192374,7.600564761372084
250.0296034526893,336.151898244254,12.555006976192374,7.600564761372084
249.26592809532633,333.9032985809076,12.555006976192374,7.600564761372084
249.26592809532633,333.9032985809076,12.555006976192374,7.600564761372084
248.566591695636,332.3181360749428,12.555006976192345,7.600564761372084
248.566591695636,332.3181360749428,12.555006976192345,7.600564761372084
247.65312566754298,330.9479370328033,12.555006976192345,7.600564761372084
247.65312566754298,330.9479370328033,12.555006976192345,7.600564761372084
246.8801928745412,329.15613828539006,12.555006976192317,7.600564761372084
246.8801928745412,329.15613828539006,12.555006976192317,7.600564761372084
247.00065613770306,328.0478762643008,12.555006976192317,7.600564761372084
247.00065613770306,328.0478762643008,12.555006976192317,7.600564761372084
245.8412569482004,327.3100767800718,12.555006976192317,7.600564761372084
245.8412569482004,327.3100767800718,12.555006976192317,7.600564761372084
244.90880841527996,325.39855728758494,12.555006976192317,7.600564761372084
244.90880841527996,325.39855728758494,12.555006976192317,7.600564761372084
244.06159425004975,323.67765351446104,12.555006976192345,7.600564761372084
244.06159425004975,323.67765351446104,12.555006976192345,7.600564761372084
243.42578913957544,322.71298369167243,12.555006976192345,7.600564761372084
243.42578913957544,322.71298369167243,12.555006976192345,7.600564761372084
243.42578913957544,322.71298369167243,12.555006976192345,7.600564761372084
242.69223652806252,321.28448650083146,12.555006976192345,7.600564761372084
242.69223652806252,321.28448650083146,12.555006976192345,7.600564761372084
242.69223652806252,321.28448650083146,12.555006976192345,7.600564761372084
241.86098242234664,319.7498635364329,12.555006976192345,7.600564761372084
241.86098242234664,319.7498635364329,12.555006976192345,7.600564761372084
241.82108017089203,318.8121606272495,12.555006976192345,7.600564761372084
241.82108017089203,318.8121606272495,12.555006976192345,7.600564761372084
241.9609474508301,317.9729569476211,12.555006976192345,7.600564761372084
241.9609474508301,317.9729569476211,12.555006976192345,7.600564761372084
240.47517776859576,316.94828820125264,12.555006976192345,7.600564761372084
240.47517776859576,316.94828820125264,12.555006976192345,7.600564761372084
240.47517776859576,316.94828820125264,12.555006976192345,7.600564761372084
240.47517776859576,316.94828820125264,12.555006976192345,7.600564761372084
238.90858349243888,314.29466932531346,12.555006976192345,7.600564761372084
238.90858349243888,314.29466932531346,12.555006976192345,7.600564761372084
238.90858349243888,314.29466932531346,12.555006976192345,7.600564761372084
238.32946300966552,312.9433881988423,12.555006976192345,7.600564761372084
238.32946300966552,312.9433881988423,12.555006976192345,7.600564761372084
238.32946300966552,312.9433881988423,12.555006976192345,7.600564761372084
238.13642284874106,312.0940114907747,12.555006976192345,7.600564761372084
238.13642284874106,312.0940114907747,12.555006976192345,7.600564761372084
238.13642284874106,312.0940114907747,12.555006976192345,7.600564761372084
238.13642284874106,312.0940114907747,12.555006976192345,7.600564761372084
237.4151739001205,311.50004176838127,12.555006976192345,7.600564761372084
236.74276968298054,310.8276375512413,12.555006976192345,7.600564761372084
236.74276968298054,310.8276375512413,12.555006976192345,7.600564761372084
236.74276968298054,310.8276375512413,12.555006976192345,7.600564761372084
236.08088361639443,310.8541129939048,12.555006976192345,7.600564761372084
236.08088361639443,310.8541129939048,12.555006976192345,7.600564761372084
235.15424312317387,310.53640768194344,12.555006976192345,7.600564761372084
235.15424312317387,310.53640768194344,12.555006976192345,7.600564761372084
234.75522060862775,309.0799755038501,12.555006976192345,7.600564761372084
234.75522060862775,309.0799755038501,12.555006976192345,7.600564761372084
234.03397166000718,308.4860057814567,12.555006976192345,7.600564761372084
234.03397166000718,308.4860057814567,12.555006976192345,7.600564761372084
233.2413904070248,307.9265366617044,12.555006976192345,7.600564761372084
233.2413904070248,307.9265366617044,12.555006976192345,7.600564761372084
232.2156970208123,307.3670675419521,12.555006976192345,7.600564761372084
232.2156970208123,307.3670675419521,12.555006976192345,7.600564761372084
231.3946906196717,306.2997592204693,12.555006976192345,7.600564761372084
232.07456599579575,304.6000707801592,12.555006976192345,7.600564761372084
232.07456599579575,304.6000707801592,12.555006976192345,7.600564761372084
230.65158678713058,304.35259613517394,12.555006976192345,7.600564761372084
230.65158678713058,304.35259613517394,12.555006976192345,7.600564761372084
230.65158678713058,304.35259613517394,12.555006976192345,7.600564761372084
229.78542552968221,302.86774826526243,12.555006976192345,7.600564761372084
230.5539270894586,302.3554138920782,10.91553698200272,6.985763513550978
230.5539270894586,302.3554138920782,10.91553698200272,6.985763513550978
229.78542552968221,300.6647104605702,10.91553698200272,6.985763513550978
229.78542552968221,300.6647104605702,10.91553698200272,6.985763513550978
229.78542552968221,300.6647104605702,10.91553698200272,6.985763513550978
229.53949236827256,299.71611112370437,10.880403673229893,5.966897559139511
229.53949236827256,299.71611112370437,10.880403673229893,5.966897559139511
229.53949236827256,298.37331602985563,10.880403673229893,5.966897559139511
229.53949236827256,298.37331602985563,10.880403673229893,5.966897559139511
228.46359018458563,296.37521197443704,10.880403673229893,5.966897559139511
228.46359018458563,296.37521197443704,10.880403673229893,5.966897559139511
228.079934443486,295.44804393344623,10.880403673229893,5.966897559139511
228.079934443486,295.44804393344623,10.880403673229893,5.966897559139511
227.8750006942123,294.1159745631672,10.880403673229893,5.966897559139511
227.8750006942123,294.1159745631672,10.880403673229893,5.966897559139511
228.13684573466648,292.60309210720965,10.880403673229893,5.966897559139511
227.7877190140609,290.85745850418175,10.851309779846105,7.567061695248412
227.7877190140609,290.85745850418175,10.851309779846105,7.567061695248412
227.691805078786,289.99423308670754,10.851309779846105,7.567061695248412
227.691805078786,289.99423308670754,10.851309779846105,7.567061695248412
227.47256193724314,288.656849923296,10.851309779846105,7.567061695248412
227.47256193724314,288.656849923296,10.851309779846105,7.567061695248412
227.64712529754593,287.60946976147926,10.851309779846105,7.567061695248412
227.64712529754593,287.60946976147926,10.851309779846105,7.567061695248412
227.73440697769732,286.9403102136519,10.851309779846105,7.567061695248412
227.73440697769732,286.9403102136519,10.851309779846105,7.567061695248412
227.7635008710811,285.92202394521894,10.851309779846105,7.567061695248412
227.7635008710811,285.92202394521894,10.851309779846105,7.567061695248412
227.52522188711012,284.94243256667147,10.851309779846105,7.567061695248412
227.52522188711012,284.94243256667147,10.851309779846105,7.567061695248412
226.97243791281795,283.9241462982385,10.851309779846105,7.567061695248412
226.97243791281795,283.9241462982385,10.851309779846105,7.567061695248412
226.87606730228845,283.3700152876939,10.851309779846105,7.567061695248412
226.87606730228845,283.3700152876939,10.851309779846105,7.567061695248412
226.9025427449519,282.9199327624153,10.851309779846105,7.567061695248412
226.9025427449519,282.9199327624153,10.851309779846105,7.567061695248412
226.9025427449519,282.5126182550421,10.851309779846105,7.567061695248412
226.9025427449519,282.5126182550421,10.851309779846105,7.567061695248412
225.74430177940516,281.62463351478965,10.851309779846105,7.567061695248412
225.74430177940516,281.62463351478965,10.851309779846105,7.567061695248412
226.03524071324316,281.2464129008003,10.851309779846105,7.567061695248412
226.03524071324316,281.2464129008003,10.851309779846105,7.567061695248412
224.99925665005102,280.52363332182904,10.851309779846105,7.567061695248412
224.99925665005102,280.52363332182904,10.851309779846105,7.567061695248412
224.81969651850528,279.9650018014645,10.851309779846105,7.567061695248412
224.81969651850528,279.9650018014645,10.851309779846105,7.567061695248412
224.81969651850528,279.9650018014645,10.851309779846105,7.567061695248412
223.74738070564678,279.5453999616503,10.851309779846105,7.567061695248412
223.74738070564678,279.5453999616503,10.851309779846105,7.567061695248412
223.74738070564678,279.5453999616503,10.851309779846105,7.567061695248412
221.66848667726987,278.2726076993787,10.851309779846105,7.567061695248412
221.66848667726987,278.2726076993787,10.851309779846105,7.567061695248412
220.43302964735335,277.6162711522355,10.851309779846105,7.567061695248412
220.43302964735335,277.6162711522355,10.851309779846105,7.567061695248412
219.19757261743683,277.3846229591262,10.851309779846105,7.567061695248412
219.19757261743683,277.3846229591262,10.851309779846105,7.567061695248412
217.37520784721355,276.3615409828605,10.851309779846105,7.567061695248412
217.37520784721355,276.3615409828605,10.851309779846105,7.567061695248412
215.74467094754007,275.3704303183531,10.851309779846105,7.567061695248412
215.74467094754007,275.3704303183531,10.851309779846105,7.567061695248412
215.46493638766395,274.6710939186628,9.406014553819404,7.4738168419563635
215.46493638766395,274.6710939186628,9.406014553819404,7.4738168419563635
213.13381505536285,273.5987781058043,9.406014553819404,7.4738168419563635
213.1098464243856,273.6672850818556,9.406014553819404,7.4738168419563635
210.75883729702576,273.04859846939246,9.406014553819404,7.4738168419563635
210.75883729702576,273.04859846939246,9.406014553819404,7.4738168419563635
209.10420735607272,271.9879382508328,9.406014553819404,7.4738168419563635
207.2598036126094,271.06573637910117,9.406014553819404,7.4738168419563635
207.2598036126094,271.06573637910117,9.406014553819404,7.4738168419563635
205.2800064527274,269.33341386420443,9.406014553819404,7.4738168419563635
205.2800064527274,269.33341386420443,9.406014553819404,7.4738168419563635
203.36579014245592,268.26370474964097,9.406014553819404,7.4738168419563635
203.36579014245592,268.26370474964097,9.406014553819404,7.4738168419563635
201.11719047910947,267.07576530485414,9.406014553819404,7.4738168419563635
200.1905977066721,266.4580367898959,9.406014553819404,7.4738168419563635
198.751313408995,265.60508496397216,9.406014553819404,7.4738168419563635
198.751313408995,265.60508496397216,9.406014553819404,7.4738168419563635
197.1748999770067,264.6479768088364,9.406014553819404,7.4738168419563635
196.04776435600135,263.8282418117416,9.406014553819404,7.4738168419563635
195.03435572115174,263.2652370146029,9.406014553819404,7.4738168419563635
193.4900344337561,262.2614281777957,9.406014553819404,7.4738168419563635
192.64150625890838,261.49775282043277,9.406014553819404,7.4738168419563635
191.12139330663396,260.70954610443863,9.406014553819404,7.4738168419563635
190.17279396976815,260.00687992898247,9.406014553819404,7.4738168419563635
189.6599472766619,258.4683398496637,9.406014553819404,7.4738168419563635
188.39514816084082,258.32780661457247,9.406014553819404,7.4738168419563635
187.32283234798228,257.20886837506794,9.406014553819404,7.4738168419563635
187.32283234798228,257.20886837506794,9.406014553819404,7.4738168419563635
184.65270088124885,254.89006999606258,9.406014553819404,7.473816841956392
184.65270088124885,254.89006999606258,9.406014553819404,7.473816841956392
182.8850249033263,252.98641894291524,9.406014553819404,7.47381684195642
182.8850249033263,252.98641894291524,9.406014553819404,7.47381684195642
182.8850249033263,251.17184143022536,9.406014553819404,7.47381684195642
182.04582122369789,250.14614804401288,9.406014553819404,7.4738168419563635
181.36594584757384,248.65042221653997,9.406014553819404,7.473816841956335
181.36594584757384,248.65042221653997,9.406014553819404,7.473816841956335
180.9155420098629,246.45470350769912,9.406014553819404,7.473816841956335
180.9155420098629,246.45470350769912,9.406014553819404,7.473816841956335
180.3525372127242,244.7656891162831,9.406014553819404,7.473816841956335
180.3525372127242,244.7656891162831,9.406014553819404,7.473816841956335
179.82553758113207,242.02529103200408,9.406014553819404,7.473816841956335
179.82553758113207,242.02529103200408,9.406014553819404,7.473816841956335
179.71963581047828,239.37774676565965,9.406014553819404,7.473816841956335
179.71963581047828,239.37774676565965,9.406014553819404,7.473816841956335
179.4577907700241,237.05023529495577,9.406014553819404,7.473816841956335
179.4577907700241,237.05023529495577,9.406014553819404,7.473816841956335
179.4577907700241,237.05023529495577,9.406014553819404,7.473816841956335
178.79996692235719,231.78764451362025,9.406014553819404,7.473816841956335
178.79996692235719,231.78764451362025,9.406014553819404,7.473816841956335
178.68024299137517,229.8720616179078,9.406014553819404,7.473816841956335
178.68024299137517,227.97743155886212,9.406014553819404,7.473816841956335
178.60553141169294,226.85675786362887,9.406014553819404,7.473816841956335
178.61837433012886,225.56455377025594,9.406014553819404,7.473816841956335
178.74211165262147,224.14157456159077,9.406014553819404,7.473816841956335
178.59268849325704,222.7967661273109,9.406014553819404,7.473816841956335
178.38872588041983,221.30104029983798,9.406014553819404,7.473816841956335
178.46343746010206,220.25507818428696,9.406014553819404,7.473816841956335
179.39146737879673,218.8939676368681,9.406014553819404,7.473816841956335
178.78537583239844,217.77502939736357,9.406014553819404,7.473816841956335
178.05346959611816,216.8179212422278,9.406014553819404,7.473816841956335
178.16929369267282,216.0843686307149,9.406014553819404,7.473816841956335
178.31871685203726,214.96369493548164,9.406014553819404,7.473816841956335
178.31871685203726,214.14772743057156,9.406014553819404,7.473816841956335
178.0792689900732,212.5913163278052,9.406014553819404,7.473816841956335
178.29716655098235,211.28393096235013,9.406014553819404,7.473816841956335
178.5678279879889,209.75018281931312,9.406014553819404,7.473816841956335
178.34262606913342,208.68047370474963,9.406014553819404,7.473816841956335
178.75312926970372,206.79215898212624,9.406014553819404,7.473816841956335
178.64052831027598,206.1728537052737,9.406014553819404,7.473816841956335
179.0510315108463,204.94134410356278,9.406014553819404,7.473816841956335
179.0510315108463,204.94134410356278,9.406014553819404,7.473816841956335
178.96893087073224,204.36663962276435,9.406014553819404,7.473816841956335
178.96893087073224,203.61877670902788,9.406014553819404,7.473816841956335
178.96893087073224,203.61877670902788,9.406014553819404,7.473816841956335
178.55842767016193,202.38726710731697,9.406014553819404,7.473816841956335
178.55842767016193,202.38726710731697,9.406014553819404,7.473816841956335
179.06513198758674,201.6553608710367,9.406014553819404,7.473816841956335
179.06513198758674,201.6553608710367,9.406014553819404,7.473816841956335
178.7251942995247,201.24743564536226,9.406014553819404,7.473816841956335
178.7251942995247,201.24743564536226,9.406014553819404,7.473816841956335
178.7251942995247,201.24743564536226,9.406014553819404,7.473816841956335
178.7251942995247,201.24743564536226,9.406014553819404,7.473816841956335
178.7251942995247,201.24743564536226,9.406014553819404,7.473816841956335
178.7251942995247,201.24743564536226,9.406014553819404,7.473816841956335
178.7251942995247,201.24743564536226,9.406014553819404,7.473816841956335
178.7251942995247,201.24743564536226,9.406014553819404,7.473816841956335
178.7251942995247,201.24743564536226,9.406014553819404,7.473816841956335
178.7251942995247,201.24743564536226,9.406014553819404,7.473816841956335
178.7251942995247,201.24743564536226,9.406014553819404,7.473816841956335
178.7251942995247,201.24743564536226,9.406014553819404,7.473816841956335
178.45453286251816,200.79633325035138,9.406014553819404,7.473816841956335
178.45453286251816,200.79633325035138,9.406014553819404,7.473816841956335
178.45453286251816,200.79633325035138,9.406014553819404,7.473816841956335
178.45453286251816,200.79633325035138,9.406014553819404,7.473816841956335
178.45453286251816,200.79633325035138,9.406014553819404,7.473816841956335
178.45453286251816,200.79633325035138,9.406014553819404,7.473816841956335
178.45453286251816,200.79633325035138,9.406014553819404,7.473816841956335
178.45453286251816,199.89322620909672,9.406014553819404,7.473816841956335
178.45453286251816,199.89322620909672,9.406014553819404,7.473816841956335
178.35538947133236,198.70350551486695,9.406014553819404,7.473816841956335
178.35538947133236,198.70350551486695,9.406014553819404,7.473816841956335
177.3982813161966,197.97159927858667,9.406014553819404,7.473816841956335
178.70566668165168,197.86265049813207,9.406014553819404,7.473816841956335
178.2107173916812,197.12022656317632,9.406014553819404,7.473816841956335
178.5077022528779,196.14441916210143,9.406014553819404,7.473816841956335
178.5077022528779,196.14441916210143,9.406014553819404,7.473816841956335
178.17929969242164,194.42030571970616,9.406014553819404,7.473816841956335
178.2817665670585,193.90797134652192,9.406014553819404,7.473816841956335
178.5537167175081,192.8201707447234,9.406014553819404,7.473816841956335
178.37327575950377,192.27884787071036,9.406014553819404,7.473816841956335
178.37327575950377,192.27884787071036,9.406014553819404,7.473816841956335
178.37327575950377,191.62204274979788,9.406014553819404,7.473816841956335
178.37327575950377,191.62204274979788,9.406014553819404,7.473816841956335
178.7812009851782,191.01015491128624,9.406014553819404,7.473816841956335
178.7812009851782,191.01015491128624,9.406014553819404,7.473816841956335
178.5092508347286,190.6022296856118,9.406014553819404,7.473816841956335
178.5092508347286,190.6022296856118,9.406014553819404,7.473816841956335
178.5092508347286,190.6022296856118,9.406014553819404,7.473816841956335
178.5092508347286,190.6022296856118,9.406014553819404,7.473816841956335
178.5092508347286,190.6022296856118,9.406014553819404,7.473816841956335
178.5092508347286,190.6022296856118,9.406014553819404,7.473816841956335
178.5092508347286,190.6022296856118,9.406014553819404,7.473816841956335
178.90582439947184,189.80908255612528,9.406014553819404,7.473816841956335
178.90582439947184,189.80908255612528,9.406014553819404,7.473816841956335
178.90582439947184,189.80908255612528,9.406014553819404,7.473816841956335
178.90582439947184,189.80908255612528,9.406014553819404,7.473816841956335
178.90582439947184,189.80908255612528,9.406014553819404,7.473816841956335
178.90582439947184,189.80908255612528,9.406014553819404,7.473816841956335
178.90582439947184,189.80908255612528,9.406014553819404,7.473816841956335
178.90582439947184,189.80908255612528,9.406014553819404,7.473816841956335
178.90582439947184,189.80908255612528,9.406014553819404,7.473816841956335
178.90582439947184,189.80908255612528,9.406014553819404,7.473816841956335
178.90582439947184,189.80908255612528,9.406014553819404,7.473816841956335
178.90582439947184,189.80908255612528,9.406014553819404,7.473816841956335
178.90582439947184,189.80908255612528,9.406014553819404,7.473816841956335
177.4894902535622,190.13592889748904,9.406014553819404,7.473816841956335
177.9816421181148,190.29480436422543,9.406014553819404,7.473816841956335
177.9816421181148,190.29480436422543,9.406014553819404,7.473816841956335
177.9816421181148,190.29480436422543,9.406014553819404,7.473816841956335
177.9816421181148,190.29480436422543,9.406014553819404,7.473816841956335
177.9816421181148,190.29480436422543,9.406014553819404,7.473816841956335
177.9816421181148,190.6894986728256,9.406014553819404,7.473816841956335
177.48903827743044,190.93580059316778,9.406014553819404,7.473816841956335
177.48903827743044,190.93580059316778,9.928995611594928,8.295644218460694
177.48903827743044,190.93580059316778,9.928995611594928,8.295644218460694
176.83223315651796,191.59260571408026,9.928995611594928,8.295644218460694
177.20579105492905,192.190298351538,9.928995611594928,8.295644218460694
177.20579105492905,192.190298351538,9.928995611594928,8.295644218460694
177.20579105492905,192.190298351538,9.928995611594928,8.295644218460694
176.15982893937803,192.63856782963128,9.928995611594928,8.295644218460694
176.15982893937803,192.63856782963128,10.676111408417086,9.042760015282852
176.01996165943996,193.2912818026756,10.676111408417086,9.042760015282852
176.01996165943996,193.2912818026756,10.676111408417086,9.042760015282852
176.01996165943996,193.2912818026756,10.676111408417086,9.042760015282852
175.7106183532084,193.97183707638504,10.676111408417086,9.042760015282852
176.01996165943996,194.2811803826166,10.676111408417086,9.042760015282852
175.569557821729,194.90048565946915,10.676111408417086,9.042760015282852
175.95602421822989,194.93561896824195,10.676111408417086,9.042760015282852
175.23875609577192,194.98685240556037,10.676111408417086,9.042760015282852
175.53574095696862,195.28383726675708,10.676111408417086,9.042760015282852
175.02289426386238,195.7500615332173,10.676111408417086,9.042760015282852
175.25454245697173,196.0589257906964,10.676111408417086,9.042760015282852
175.32480907451736,196.33999226087886,10.676111408417086,9.042760015282852
175.32480907451736,196.33999226087886,10.676111408417086,9.042760015282852
175.32480907451736,196.33999226087886,10.676111408417086,9.042760015282852
174.5776932776952,196.78826173897215,10.676111408417086,9.042760015282852
174.5776932776952,196.78826173897215,10.676111408417086,9.042760015282852
175.10067433547073,197.5353775357943,10.676111408417086,9.042760015282852
175.10067433547073,197.5353775357943,10.676111408417086,9.042760015282852
174.86122647350666,198.25372112168648,10.676111408417086,9.042760015282852
174.86122647350666,198.25372112168648,10.676111408417086,9.042760015282852
174.5328239130504,199.0747275228271,10.676111408417086,9.042760015282852
175.21269928917445,198.93875244760227,10.676111408417086,9.042760015282852
175.21269928917445,198.93875244760227,10.676111408417086,9.042760015282852
175.21269928917445,198.93875244760227,10.676111408417086,9.042760015282852
173.7488868166139,199.61435820416867,10.676111408417086,9.042760015282852
174.92260061919504,200.92879256965944,9.502397605835938,7.728325649792083
174.85549132947978,200.0,9.5695068955512,8.657118219451519
174.64387464387463,200.56980056980055,9.78112358115635,8.08731764965097
175.56390977443607,200.75187969924812,8.861088450594906,7.9052385202033975
174.9090909090909,200.36363636363637,9.515907315940069,8.293481855815145
174.85380116959064,200.29239766081872,9.571197055440336,8.364720558632797
174.24749163879596,199.99999999999997,10.177506586235012,8.657118219451547
175.59681697612731,200.53050397877985,8.828181248903661,8.126614240671671
175.11627906976744,200.93023255813955,9.308719155263532,7.726885661311968
174.99999999999997,200.3012048192771,9.424998225031004,8.355913400174416
174.94692144373673,200.42462845010616,9.478076781294249,8.232489769345364
174.85549132947978,201.15606936416185,9.5695068955512,7.5010488552896675
174.36974789915968,201.26050420168067,10.055250325871299,7.396614017770844
173.7488868166139,199.61435820416867,10.676111408417086,9.042760015282852
174.88586800143207,201.69044496817259,9.664219997857316,7.910405341561187
174.88586800143207,201.69044496817259,9.664219997857316,7.910405341561187
174.88586800143207,201.69044496817259,9.664219997857316,7.910405341561187
174.88586800143207,201.69044496817259,9.664219997857316,7.910405341561187
174.88586800143207,201.69044496817259,9.664219997857316,7.910405341561187
174.88586800143207,201.69044496817259,9.664219997857316,7.910405341561187
175.4831342505698,201.72557827694538,9.664219997857316,7.910405341561187
175.4831342505698,201.72557827694538,9.664219997857316,7.910405341561187
175.4831342505698,201.72557827694538,9.664219997857316,7.910405341561187
175.916214879294,201.97305292193064,9.664219997857316,7.910405341561187
176.467758192945,201.93062651318826,9.664219997857316,7.910405341561187
176.43866429956122,201.72696925950166,9.664219997857316,7.910405341561187
176.9681731528301,201.83287103015545,9.664219997857316,7.910405341561187
176.9681731528301,201.83287103015545,9.664219997857316,7.910405341561187
177.6469956927083,202.08742948260976,9.791499224084475,8.164963794015506
177.6469956927083,202.08742948260976,9.791499224084475,8.164963794015506
177.87864388581764,202.39629374008888,9.791499224084475,8.164963794015506
177.87864388581764,202.39629374008888,9.791499224084475,8.164963794015506
179.63530932445806,202.5016936664073,9.791499224084475,8.164963794015506
180.56333924315274,202.5635623276536,9.791499224084475,8.164963794015506
181.2806073656107,202.92219638888258,9.791499224084475,8.164963794015506
181.2806073656107,202.92219638888258,9.791499224084475,8.164963794015506
181.96116263932015,202.86032772763627,9.791499224084475,8.164963794015506
182.46306705772375,203.01475985637583,9.791499224084475,8.164963794015506
183.53277617228724,202.95845937666198,9.791499224084475,8.164963794015506
184.6599117932926,203.16339312593567,9.791499224084475,8.164963794015506
184.94141419186192,203.72639792307433,9.791499224084475,8.164963794015506
185.59412816490624,203.58653064313626,9.791499224084475,8.164963794015506
185.59412816490624,203.58653064313626,9.791499224084475,8.164963794015506
187.9886067845468,203.22735885019017,9.791499224084475,8.164963794015506
187.9886067845468,203.22735885019017,9.791499224084475,8.164963794015506
189.60081031675745,203.4394908939021,9.791499224084475,8.164963794015506
189.60081031675745,203.4394908939021,9.791499224084475,8.164963794015506
190.83942087046253,204.0024956910408,9.791499224084475,8.164963794015506
190.83942087046253,204.0024956910408,9.791499224084475,8.164963794015506
192.7486092638699,204.2570541434951,9.791499224084475,8.164963794015506
192.7486092638699,204.2570541434951,9.791499224084475,8.164963794015506
193.5931164595779,204.08815270435352,9.791499224084475,8.164963794015506
195.8486284346323,204.08815270435352,9.791499224084475,8.164963794015506
195.8486284346323,204.08815270435352,9.791499224084475,8.164963794015506
197.20837918688042,204.49607793002795,9.791499224084475,8.164963794015506
198.22178782173003,204.77758032859728,9.791499224084475,8.164963794015506
198.90234309543948,204.71571166735097,9.791499224084475,8.164963794015506
199.67084465521586,204.71571166735097,9.791499224084475,8.164963794015506
200.69065771940194,204.23979890406414,9.791499224084475,8.164963794015506
201.494950315604,204.9203541777736,9.791499224084475,8.164963794015506
202.7245528112462,204.971587615092,9.791499224084475,8.164963794015506
203.47241572498268,204.9036000774796,9.791499224084475,8.164963794015506
204.53972404646547,204.82149943736556,9.791499224084475,8.164963794015506
204.53972404646547,204.82149943736556,9.791499224084475,8.164963794015506
206.30740002438802,205.02546205020278,9.791499224084475,8.164963794015506
206.30740002438802,205.02546205020278,9.791499224084475,8.164963794015506
207.5774968789857,205.39901994861387,9.791499224084475,8.164963794015506
207.5774968789857,205.39901994861387,9.791499224084475,8.164963794015506
209.79421416206534,205.64532186895605,9.791499224084475,8.164963794015506
210.60619847308493,205.55510138995388,9.791499224084475,8.164963794015506
211.72687216831815,205.55510138995388,9.791499224084475,8.164963794015506
212.6107101572794,205.55510138995388,9.791499224084475,8.164963794015506
214.33482359967468,206.04770523063823,9.791499224084475,8.164963794015506
214.84152791709948,206.32920762920756,9.791499224084475,8.164963794015506
216.18633635137937,206.478630788572,9.791499224084475,8.164963794015506
216.63460582947266,206.55334236825422,9.791499224084475,8.164963794015506
217.64067265068354,206.76514590956177,9.791499224084475,8.164963794015506
218.6444814874907,206.91957803830132,9.791499224084475,8.164963794015506
219.53543607108082,206.91957803830132,9.791499224084475,8.164963794015506
220.7476191638774,207.19931259817747,9.791499224084475,8.164963794015506
221.53582587987154,207.19931259817747,9.791499224084475,8.164963794015506
222.40679431428478,207.14807916085906,9.791499224084475,8.164963794015506
223.4314630606533,207.4554797847696,9.791499224084475,8.164963794015506
224.42388832967723,207.18481834776307,9.791499224084475,8.164963794015506
225.3757138562509,207.5247560358251,9.791499224084475,8.164963794015506
226.09696280487148,208.07629934947613,9.791499224084475,8.164963794015506
227.5841136726587,207.7788691759187,9.791499224084475,8.164963794015506
228.2028002851218,208.08821248215025,9.791499224084475,8.164963794015506
228.66902455158203,208.1814573354423,9.791499224084475,8.164963794015506
229.18135892476627,208.02775702348703,9.791499224084475,8.164963794015506
230.34075811426894,208.6952898901704,9.791499224084475,8.164963794015506
231.21172654868218,208.38788926625983,9.791499224084475,8.164963794015506
231.7738594890471,208.5635558101239,9.791499224084475,8.164963794015506
233.5498289695521,208.9496361319728,9.791499224084475,8.164963794015506
234.3992056776197,209.2971084216368,9.791499224084475,8.164963794015506
235.4689147921832,208.90300506363974,9.791499224084475,8.164963794015506
236.396082833174,209.22271818122277,9.791499224084475,8.164963794015506
237.61802635529355,209.28090596799038,9.791499224084475,8.164963794015506
238.41308389216192,209.3531839258875,9.791499224084475,8.164963794015506
239.651694445867,209.46578488531523,9.791499224084475,8.164963794015506
240.3836006821473,209.3531839258875,9.791499224084475,8.164963794015506
240.3836006821473,209.3531839258875,9.791499224084475,8.164963794015506
242.69517696096906,210.03305930201154,9.791499224084475,8.164963794015506
242.69517696096906,210.03305930201154,9.791499224084475,8.164963794015506
244.47114644147405,210.45774765604534,9.791499224084475,8.164963794015506
245.3421148758873,210.66268140531903,9.791499224084475,8.164963794015506
246.36192794007337,210.93463155576865,9.791499224084475,8.164963794015506
247.67714661108732,210.89220514702626,9.791499224084475,8.164963794015506
248.52165380679534,210.72330370788467,9.791499224084447,8.164963794015506
248.9692521714116,211.0110455137094,9.791499224084475,8.164963794015506
250.24204443368316,210.88376628748225,9.791499224084447,8.164963794015506
251.0302511496773,211.10896820633772,9.791499224084447,8.164963794015506
252.01398379531594,211.35490136774737,9.791499224084475,8.164963794015506
253.6261873275266,211.35490136774737,9.791499224084447,8.164963794015506
254.70266138272714,211.2385257942122,9.791499224084447,8.164963794015506
255.678468783802,211.66278988163606,9.791499224084447,8.164963794015506
256.63760813655114,211.66278988163606,9.791499224084475,8.164963794015506
257.69826835511077,211.62036347289367,9.791499224084475,8.164963794015506
257.69826835511077,211.62036347289367,10.863815036942981,9.004167473643918
259.18205691768446,211.64945736627746,10.863815036942981,9.004167473643918
260.1954655525341,211.42425544742198,10.863815036942981,9.004167473643918
261.351253691945,211.3562679098096,10.863815036942981,9.004167473643918
262.14383494492733,212.05560430949993,10.863815036942981,9.004167473643918
263.44376736952125,212.23127085336398,10.863815036942981,9.004167473643918
264.86674657818645,212.2931395146103,10.863815036942981,9.004167473643918
265.5423523347529,212.68724287260736,10.863815036942981,9.004167473643918
266.72072139307664,212.27737537405994,10.863815036942981,9.004167473643918
267.12803590044985,212.71378377481693,10.863815036942981,9.004167473643918
268.02323262968235,213.22532476294978,10.863815036942981,9.004167473643918
269.16874566572676,213.01319271923785,10.863815036942981,9.004167473643918
269.76271538812017,212.8434870842683,10.863815036942981,9.004167473643918
270.8350312009787,212.89010951091433,10.863815036942981,9.004167473643918
271.7621992419695,212.89010951091433,10.863815036942981,9.004167473643918
273.8627701720249,213.45367732141702,10.863815036942981,9.004167473643918
274.6940242777408,213.19790682735058,10.863815036942981,9.004167473643918
276.03883271202074,213.12319524766835,10.863815036942981,9.004167473643918
