382.54776827405937,264.3684274467666,5.422512821796602,4.52555581367983
382.0106891201289,263.9623412949152,6.094962195018411,4.89274488132213
381.9373427297212,263.5747596436303,5.928049658432371,5.190223735279858
382.1850956340537,263.79407155349577,5.759459688870606,4.669076543890242
382.22130904260734,263.6737697759442,5.840873997323683,4.828005674088331
381.8389620845499,263.7729602025206,6.00360843748922,4.838729188424168
381.8032956210442,263.6066273378134,6.400435465935459,5.120348372748367
381.89070771088,263.8271574168999,5.676514789101873,4.4521684620406745
381.97498574599206,263.54717166489394,6.0643401519307645,5.113071108490601
381.6614637473119,263.39239339668495,6.347308158941303,5.199390725941271
381.68417448961156,263.5131503923536,6.366928791967382,4.607341198550955
381.69924968625855,263.57017929465013,6.586048062021746,4.52510785213741
381.8074241971099,263.63782471434973,6.700620665928625,4.292585114110523
381.9303254799619,263.4251166014374,6.2721038576770525,4.965415553994376
381.84351799841494,263.3759773747593,6.46953519545491,5.443877176663307
381.7089210233626,263.34560750827075,6.390638424778615,5.207186864634423
381.6339934200022,263.396700307253,6.745074298716588,5.218816610685849
381.59491162711805,263.72582939534857,6.605237479467235,4.810335990481576
381.5730722863182,263.4237737733349,6.87113542591328,4.70699828389337
381.7402604719556,263.2182871672396,6.242381801584315,4.941885592920926
381.5746021589988,263.48764338288237,6.979342283014262,4.977515426645823
381.43435561214517,263.4216078607435,6.762928568812299,5.1939291408478425
381.62298063949504,263.40212160758034,5.767068575855717,4.8752538476305745
381.4657490000658,263.8320760412164,6.206796363734384,4.221739869026521
381.727103433325,263.84232177619907,5.870991325854959,4.7701804522571365
381.4174568584879,263.6980354218133,6.421066043220776,4.696890901985569
381.6500301500951,263.8024071029312,6.389849300788967,4.88213205004098
381.56571692487626,263.66189620984824,6.604865241586822,5.381742048700346
381.7132180070267,263.6646513605893,6.361611728005755,5.410342684565649
381.6540759874584,263.3504064083815,6.390638424778615,5.443877176663307
381.6426854468352,263.77953492618104,5.9513771405548255,5.139825712297352
381.6389573453129,264.1711606233018,6.389849300788967,4.738539930922116
381.76647249884047,263.7240439548318,6.461645360348371,4.810335990481576
381.61098224512324,263.85100966056353,6.275997711857826,5.085722283746861
381.854060626855,263.9649865995889,6.246257181670103,5.097520228719247
381.6662915483281,263.768162013969,6.317229773775978,4.659516996260265
381.7044458968075,263.7429836015724,6.313545881500147,4.422858344794236
381.7234308021111,263.59077530338095,6.206769442492941,4.900081138810208
381.78182861071355,263.75569001923486,6.414832713823671,5.1318661710589595
381.8886110034205,264.00711238991,6.110972216853099,4.895530228970699
381.8565519505338,263.6358413552077,5.95516948412353,5.144371760932984
381.87335758198486,263.81641917516964,6.206796363734384,5.088454676574997
382.0640489912574,263.91609295112835,6.182472390553983,4.986685549582603
382.14978629970784,264.0420108347823,5.655904943065366,4.831484900516841
382.29434216144045,263.90712276679466,6.005480569105316,4.70699828389337
382.0521245120373,263.9998596819851,5.908398552205995,4.794243396647175
381.83357713013436,263.71262372115007,6.351201346966718,5.071114253779626
381.8947632797552,263.97488191670004,6.4027726880453315,5.030749969178487
381.82737344301705,263.9332756212641,6.3598002617165434,4.946511314668442
382.0332891088911,264.3140642576234,6.548431966131204,4.18152884584282
381.63328660503015,264.67621421481033,6.644758411980547,4.4452739202099565
381.6907566227545,264.69606374906914,6.173142662022201,4.424436720220683
381.4142847768851,264.54400008986187,6.76596720731402,4.948661965680117
381.7310620812709,264.5800452716227,6.924454301557546,4.877603030027956
381.6329985289862,264.71137774833903,6.682091580777069,4.501325290816396
381.6058128283765,264.66207280894463,6.468105110036902,4.782605407095673
381.3496315859654,264.70653005454847,6.615586334044281,4.466574212794228
381.0280844052301,264.6982204922271,6.657723826617769,4.887949138529507
381.42001508560566,264.6032893297743,6.961677002566944,5.116413218754019
381.199159159096,264.6232803372051,6.665875581584942,5.393761920977113
381.52438598682926,264.59248284557555,6.233356936978282,5.546415560250068
381.2909044956625,264.65279891175504,6.615586334044281,5.604286512279543
381.4495902699744,264.57893894785053,6.636655080331025,5.730698990000121
381.5576513397029,264.49982751905253,6.135218921291255,5.713422620452491
381.42319976916065,264.6922702299305,6.854866350267514,5.465971860997627
381.5217655758674,264.69963899650224,6.381070436382515,5.604538055235423
381.4400943874654,264.66038010070133,6.175458225145064,5.653155788192464
381.40505743964934,264.5486225886245,6.718693210794299,5.503251222911899
381.34447867507157,264.42663915129833,7.188181369435199,6.252733109029236
381.32741266189305,264.6401111397525,7.123684638513339,5.645184053161529
381.3412659248886,264.70631869589477,6.900861116163071,5.453906365999842
381.33977821410184,264.5352418579408,6.95615488015585,5.588705630210711
381.4870373443965,264.6398339441397,7.23741548840394,5.760391919341885
381.2958145244542,264.4512182661308,6.837246249725865,5.648159945425675
381.55319340427064,264.6624806630446,6.920298313706496,5.800838292371623
381.51087892355685,264.6826269798984,6.658883304080803,4.934708162845595
381.0875717444898,264.5113402414749,7.335883726341422,5.514221324498237
381.5062080662376,264.78620578881265,6.60061828316077,5.464446283600353
381.32365604571004,264.47877609138374,6.586048062021746,5.645184053161529
381.49707273527247,264.70522593033394,5.996489298616552,5.232457843580505
381.70038911244967,264.7294780357805,6.0932145335711425,5.376365764915704
381.33373300750566,264.7670018851369,6.3194698299133165,5.707908233470107
381.3955946562125,264.79562282260434,5.814762951388104,5.226753214730877
380.9067131755359,264.7164223548238,6.421247607240389,5.22302436952566
380.6751366375242,264.5383015573708,6.793925749493042,5.731501146691642
380.7649025421843,264.47511973541526,6.586048062021746,6.04841148553021
380.8324870226597,264.4981266912687,6.6864067877792195,5.911762098951158
380.8149628442583,264.3203214421367,6.5987759335977785,6.14143502730883
380.8397772789093,264.66473564098874,6.59451758775748,5.4357365419854204
380.8330932726148,264.5156119366438,6.542298869882188,5.927210941944509
381.003465827384,264.74717783771644,6.564106488736286,5.7245114727351165
380.97619768633683,264.60922756610734,6.360568303039031,5.648184653098667
381.5358495495203,264.96187020651155,5.897273712004335,5.1939291408478425
381.510421132918,264.75818745673354,5.978934204856728,5.749953745947323
381.59463016631173,264.82316199846395,6.564094468490566,5.748679006566306
381.51131317282943,264.3442487577741,6.461645360348371,5.671888705194704
381.6497098756878,264.7079048343538,6.290671990271335,5.731501146691642
381.5007736744477,265.3262344170212,6.278486393456035,5.203980332831009
381.65555460895933,265.42957505257596,5.983523945441277,5.119705347683919
381.5045674582681,265.38774888577,5.908398552205995,4.963054783853067
381.4954358020616,265.41488881525544,5.684094121019825,4.834746723626097
381.5166468896508,265.545486659454,5.870991325854959,5.300200502507948
381.65411310572756,265.53609048248285,5.7649646152723335,5.047238096905062
381.022068987556,265.83399232880834,5.857111467720699,4.445505466507427
381.2023063811534,265.6365412141175,5.880726956944443,4.769408476891954
381.36801757238266,265.41622839152296,6.144734494294255,5.064341616176591
380.80866326284496,265.55376774815625,6.50154805471152,4.710010368524365
380.9858837129253,265.56663473248403,6.362032821816911,4.838729188424168
381.3152543708932,265.6386107967863,5.619666977975726,4.697035086069263
381.0574995224539,265.56100366629596,5.927210941944509,5.060496134396033
381.49679748646935,265.7566421434601,6.004592691728078,4.719399168235384
381.18317109856486,265.58389034249734,6.195934443006649,5.00868951979578
381.4299948744171,265.423038397683,6.195934443006649,5.787819000652917
381.69001971005224,265.47287682980567,6.514340327703167,5.340081556185851
381.3822987950275,265.033717729646,6.2721038576770525,6.076100612124662
381.7081257879863,265.5090930893055,6.541245013980813,5.600381005120539
381.6682638088511,265.5838768497654,6.194211408308945,5.541080273419254
381.70597594840257,265.8095156252562,6.2061818979069585,5.22302436952566
381.5091691582235,266.2774270695904,6.228013981960828,5.047238096905062
380.9209420439474,266.44925467443625,5.288255317978042,4.087336779632437
380.54424314909414,266.2556295399066,7.3851178453101625,5.26805072965459
380.7627229099212,266.58737095982485,7.616518166963942,4.569910900178343
380.91264927252683,266.60199381884286,7.292651927294287,4.794243396647175
380.9403883810238,266.6059622256232,6.87412928422691,4.65835664692537
381.0707126499028,266.3170379763869,6.599428988865839,4.696890901985569
381.28653563641655,266.7791334624652,6.351201346966718,4.480304826154793
381.32639325861834,266.6067806291183,7.035721062478672,4.577827241525426
381.6068425833099,266.3814895768319,6.604865241586822,4.52555581367983
381.36775945045366,266.5219058362891,6.66411034878189,4.704077893257818
381.0343874607923,266.1327994172499,7.466790194180362,5.241112347838111
381.1583996125741,266.7344445244949,7.075063510585892,4.518527956340563
381.1937014897639,266.6401023732856,6.708825140261808,4.43648114114086
380.79878053678533,266.61005149108365,7.429143777949605,4.5541669049759435
380.87904540814225,266.3953338784419,7.744516183578469,5.088454676574997
381.1310768309833,266.56024790058007,7.158615753526362,4.823616623620751
381.01324321129835,266.5522196523667,7.297968384222486,4.810951225353335
381.2696583545978,266.63550420542344,7.191365094970763,4.76048111920602
380.9047798861272,266.53982777381304,7.505470597586054,5.342877374552813
380.93151167533637,266.62178896964076,7.393938759617811,5.334439835706007
380.84386730216,266.6617794674325,7.373681462859736,5.22302436952566
380.4845751874041,266.6439316724093,7.4965761539074265,5.591708442668619
380.8020286678721,266.51870412967327,7.4343519642788465,5.120348372748367
380.63329383526224,266.57679453533586,6.808719107067873,4.810951225353335
380.77074499202416,266.6399233537647,7.393938759617811,5.233153003382483
380.86632599592645,266.7993773201781,7.326414204735443,5.030579338735436
380.6519638626993,266.5836894668346,7.616518166963942,5.465971860997627
380.8635937546555,266.7448124684306,7.456178263003494,4.855185845676715
381.03020616486765,266.5443822847515,7.193972141015877,4.696890901985569
380.7057767071008,266.75169003990777,7.734451056495459,4.579609178188093
380.6531688775452,266.56418071990237,7.52691207088202,4.569910900178343
380.81525778716684,266.56948338491713,7.4965761539074265,4.792892950858857
380.90487020187237,266.7969056413022,7.358066282867753,4.003653712736877
380.3939232821621,266.4887162208818,8.169617711125227,5.031618855196314
380.7439128861713,266.50080879243495,7.744516183578469,4.669076543890299
380.5787602335551,266.6029712343705,7.65812423685901,4.3506287192786885
380.7272529533999,266.5976589585086,7.41619869294135,4.866880392242763
380.7402948121044,266.592047434454,7.464930761788651,4.417449664279445
380.9548057121939,266.61183838759763,7.090078262647239,4.591669732000128
380.8324027591687,266.36917010893745,7.840533407168778,4.52510785213741
380.69411520040046,266.5943979999517,7.686619487029759,4.6536461352197875
380.63972171642354,266.59287579321324,7.809659507522895,4.825159998755737
380.67205522916515,266.4986576868247,7.785335602919815,4.986685549582603
380.48566307563027,266.33189297664865,7.9574312453361244,5.192300696763766
380.5549402382599,266.49832966731407,7.843137254901933,4.921806779391943
380.69610992666804,266.7319583350305,7.483586083247587,4.578773064092275
380.86964268496496,266.0696813806105,7.538586253739766,5.241112347838111
380.7486009140282,266.2705221202788,7.513457746175675,5.030749969178487
380.7266558522638,266.2307410943917,7.2585029022176855,5.207186864634423
380.76296407996693,266.2638694254752,7.550698032305945,5.231979738920643
380.8042289884375,266.0828728340972,7.491243717090924,5.410342684565649
380.8945084981185,266.5134069023274,7.652986755599102,4.891599781929301
380.7542569225716,265.8071693825365,7.937989242192714,5.215666008492008
380.8535885579728,265.7380625581357,7.558023499431215,5.683879460954415
380.6066966332727,265.66472407173177,7.77436737981634,5.667492751139832
380.62460930524645,265.673403057762,7.617162082026482,5.927031893613275
380.7749155264781,265.68312994784714,7.534815737710801,5.713422620452491
380.72646080861375,265.75966759883715,7.5720104298337105,5.565602136214181
380.50692236342434,265.9952969842304,7.747876478526621,5.366357069143476
380.65241568474664,266.5372604494562,7.588747172193166,4.4242088777158415
380.5567141000672,266.32645387081504,7.188181369435199,4.824943658935979
380.5003589240584,266.5267742510738,7.765323811470751,4.659194286882439
380.7476428839824,266.4201340242301,7.528987869382547,4.726718841764807
380.7233282733642,266.2872116057229,7.877459034997457,5.120348372748367
380.6780154557362,266.40394880981466,7.680918190478906,4.731445605335011
380.7868047336378,266.4974737044638,7.795730359127788,4.749123092342245
380.6511124670656,265.6247749216241,7.785335602919815,5.902607385220222
380.76693438719616,265.62138761322467,7.251402015502038,5.3847044669569755
380.7614620070175,265.6441318879097,7.6885990992204825,5.6476255201546905
380.5961198749951,265.6003091538799,7.9025990201222385,5.824920404503246
380.72567455348525,265.8348121075102,7.588747172193166,5.161577024001815
380.5941467442371,266.48396649499995,7.902992857616027,4.970072290712835
380.7287389423924,266.5948185455822,7.64031455036087,4.537883793547678
380.67274126945784,266.44573199607953,7.69304045924315,4.797681530570003
380.5258431198218,266.4639642677686,7.7290336875952335,4.65835664692537
380.4985641642242,266.3323906476306,7.779229360367424,5.163000438577228
380.52772976844625,265.5065364958277,7.7116418632408,5.960392515811634
379.93826527913535,265.75741424250396,7.500473678088383,5.625355258566287
379.9556192500096,265.79607353885956,7.496470619452737,5.540869588291173
379.7092813997461,265.86015994344166,7.647954902095762,5.267186571691298
379.5751812618781,265.7624190765593,7.8799218020334365,5.329971437871791
379.8604613092039,265.872211396085,7.358066282867753,5.139825712297352
379.16221763059593,265.6511467711521,8.172496954669555,5.837497824763943
378.94238359011314,265.52159694676914,7.4277010370589664,5.604538055235423
378.83392568077835,265.60248980378685,7.765323811470751,5.3006775582648515
378.86804863624496,265.62624812884434,7.616518166963942,5.1971535727518585
378.70482344836887,265.73145364985004,7.4343519642788465,4.775709539967238
377.78643713916154,265.60055340005806,7.6068980387248075,5.4057530743278335
377.7062259084286,265.55932868966363,7.932374338918407,4.553111728168403
377.83273645003777,265.5080725759773,7.646022163412738,4.853935418346282
376.9238973066414,265.7075943994579,8.039087895047373,4.659825284297369
376.6760570035736,265.6715212877632,7.474201440639433,4.76802505695963
375.8827237077778,265.39989883267214,7.715558522095364,4.765492028353037
375.848709955135,264.96048030217537,7.6251801708175435,5.394685290918517
375.8076652207556,264.7162280031075,7.552559203567512,5.570012412631058
374.87344034644445,264.6059851648653,8.355018618946588,5.428401927564153
374.81559679446457,264.9194381797077,8.09430803698666,5.073193065435305
374.9444916687113,264.7418920587114,7.778342300339432,5.369121233862586
374.5880038585707,264.66971649880696,7.96296560649489,5.146794843222324
374.19734821653066,264.88948176042834,7.410282005692011,5.016190896160765
373.6609766646327,264.98534748432917,7.835780173701323,5.286791442497247
373.0126078681635,264.78445464258465,8.265314544810337,5.529210419631738
372.63746064259215,264.86913843523774,7.780796092670926,5.239069369065078
372.7602475490517,264.736002580036,7.60306698271944,5.584173490132912
371.96247429495264,264.66526037959443,7.488630330269018,5.521919334440781
371.96247429495264,264.66526037959443,7.488630330269018,5.521919334440781
371.96247429495264,264.66526037959443,7.488630330269018,5.521919334440781
370.6831493328199,264.616023057228,7.677052144768652,5.3428133169673515
370.6831493328199,264.616023057228,7.677052144768652,5.3428133169673515
369.7110848746955,264.616023057228,8.649116602893116,5.3428133169673515
369.7110848746955,264.722736613357,8.079977636872059,5.2360997608383855
369.5651244064627,264.5611376611655,7.898226048718527,5.4057530743278335
368.8373689036074,264.9411024582568,7.640672525112166,5.024946795794506
368.0296681095453,264.6130581607237,8.032618789652759,4.810980237652984
367.76996643195196,264.5031827363914,7.780796092670926,4.668477655602544
367.50033797355303,264.64713239951766,8.145801451176283,4.94439476730787
366.9233417142025,264.6079819955756,7.832668066622091,5.602173186723064
366.9233417142025,264.6079819955756,7.832668066622091,5.602173186723064
366.9233417142025,264.6079819955756,7.832668066622091,5.602173186723064
365.69348052346203,264.7019768794859,7.892607914970313,5.011179628552554
365.69348052346203,264.7019768794859,7.892607914970313,5.011179628552554
365.0784590628138,264.7426816059164,7.946708428266049,5.111666502506296
365.0784590628138,264.7426816059164,7.946708428266049,5.111666502506296
365.0784590628138,264.7426816059164,7.946708428266049,5.111666502506296
363.95776621681944,264.6544775755365,7.488630330269018,4.689849297744217
363.1080220181819,264.7200150175943,7.988283988475473,5.083453447211696
363.1080220181819,264.7200150175943,7.988283988475473,5.083453447211696
361.78688515047884,264.69260755132484,8.322316714084877,5.3582039118080615
361.78688515047884,264.69260755132484,8.322316714084877,5.3582039118080615
361.65437309232294,264.60769801721756,7.790089597413157,4.517540542792119
360.7272005677922,264.8441712791283,7.640672525112166,4.130093256817418
360.7272005677922,264.8441712791283,7.640672525112166,4.130093256817418
359.0958584669277,263.84711673414154,8.395512075115391,5.0705567978419595
359.0958584669277,263.84711673414154,8.395512075115391,5.0705567978419595
358.4948880938312,264.3868714995705,7.564273060877781,4.538563836526691
358.4948880938312,264.3868714995705,7.564273060877781,4.538563836526691
358.4948880938312,264.3868714995705,7.564273060877781,4.538563836526691
357.433635833147,264.3577603063142,8.169414905747999,4.462921105917928
357.433635833147,264.3577603063142,8.169414905747999,4.462921105917928
356.6401653629226,263.92482858029376,7.488630330269018,5.370633873223255
356.1116408225119,264.42661064519945,7.075147921407563,4.6907058042480685
356.1116408225119,264.42661064519945,7.075147921407563,4.6907058042480685
355.55196190461527,263.9497900380484,7.640672525112166,5.09378168340811
354.5153134702464,264.25385605061354,7.646966193612116,5.097977462408096
354.5153134702464,264.25385605061354,7.646966193612116,5.097977462408096
353.6318862691657,264.5173635378147,8.013289082257131,4.729795019283472
353.6318862691657,264.5173635378147,8.013289082257131,4.729795019283472
352.8406739848593,264.49852004585216,7.345335898559426,4.939845779732991
352.8406739848593,264.49852004585216,7.345335898559426,4.939845779732991
352.8406739848593,264.49852004585216,7.345335898559426,4.939845779732991
351.8246224132119,264.3909998424054,7.524286344241091,4.617175711238872
351.8246224132119,264.3909998424054,7.524286344241091,4.617175711238872
351.8246224132119,264.3909998424054,7.524286344241091,4.617175711238872
350.6951746402584,264.50260499180365,7.677052144768652,4.616605681651436
350.6951746402584,264.50260499180365,7.677052144768652,4.616605681651436
350.6951746402584,264.50260499180365,7.677052144768652,4.616605681651436
350.6951746402584,264.50260499180365,7.677052144768652,4.616605681651436
349.88888732490983,264.54515704568524,8.376260235199368,4.63915951487968
349.88888732490983,264.54515704568524,8.376260235199368,4.63915951487968
349.88888732490983,264.54515704568524,8.376260235199368,4.63915951487968
349.88888732490983,264.54515704568524,8.376260235199368,4.63915951487968
349.88888732490983,264.54515704568524,8.376260235199368,4.63915951487968
349.88888732490983,264.54515704568524,8.376260235199368,4.63915951487968
349.88888732490983,264.54515704568524,8.376260235199368,4.63915951487968
349.2064266317385,264.5225601930519,8.403259780084625,4.616605681651436
349.2064266317385,264.5225601930519,8.403259780084625,4.616605681651436
348.7653020525373,264.34929476792246,7.488630330269018,4.689849297744217
348.7653020525373,264.34929476792246,7.488630330269018,4.689849297744217
348.7653020525373,264.34929476792246,7.488630330269018,4.689849297744217
348.7653020525373,264.34929476792246,7.488630330269018,4.689849297744217
348.7653020525373,264.34929476792246,7.488630330269018,4.689849297744217
348.7653020525373,264.34929476792246,7.488630330269018,4.689849297744217
348.7653020525373,264.34929476792246,7.488630330269018,4.689849297744217
348.7653020525373,264.34929476792246,7.488630330269018,4.689849297744217
348.7653020525373,264.34929476792246,7.488630330269018,4.689849297744217
348.7653020525373,264.34929476792246,7.488630330269018,4.689849297744217
348.7653020525373,264.34929476792246,7.488630330269018,4.689849297744217
348.7653020525373,264.34929476792246,7.488630330269018,4.689849297744217
348.25203008282904,263.8090253622986,8.519005368539354,4.948539883195679
348.25203008282904,263.8090253622986,8.519005368539354,4.948539883195679
348.25203008282904,263.8090253622986,8.519005368539354,4.948539883195679
348.25203008282904,263.8090253622986,8.519005368539354,4.948539883195679
348.25203008282904,263.8090253622986,8.519005368539354,4.948539883195679
348.5342461219745,263.70749180979806,7.622396931903154,4.847062664389682
348.5342461219745,263.70749180979806,7.622396931903154,4.847062664389682
348.5342461219745,263.70749180979806,7.622396931903154,4.847062664389682
348.5342461219745,263.70749180979806,7.622396931903154,4.847062664389682
348.5342461219745,263.70749180979806,7.622396931903154,4.847062664389682
348.5342461219745,263.70749180979806,7.622396931903154,4.847062664389682
348.5342461219745,263.70749180979806,7.622396931903154,4.847062664389682
348.5342461219745,263.70749180979806,7.622396931903154,4.847062664389682
348.665589813718,263.6468315543408,7.393581181491925,4.742496295698004
348.665589813718,263.6468315543408,7.393581181491925,4.742496295698004
348.665589813718,263.6468315543408,7.393581181491925,4.742496295698004
348.63987111019924,263.73757298829844,7.391056738410555,4.659048967116917
348.63987111019924,263.73757298829844,7.391056738410555,4.659048967116917
348.5734244313145,263.5741149433445,7.554718584308773,5.090345142368449
348.60209232526125,263.67580065456576,7.458381068267045,5.016649170917731
348.7035767243892,263.74683786250966,7.391056738410555,5.122514571175657
348.7035767243892,263.74683786250966,7.391056738410555,5.122514571175657
348.7035767243892,263.74683786250966,7.391056738410555,5.122514571175657
348.7035767243892,263.74683786250966,7.391056738410555,5.122514571175657
348.5474444156623,263.62269940091784,7.5997766726092095,5.5083652627051265
348.5474444156623,263.62269940091784,7.5997766726092095,5.5083652627051265
348.5474444156623,263.62269940091784,7.5997766726092095,5.5083652627051265
348.71604935979684,263.82820839417815,7.708164783292887,5.317657983410925
348.71604935979684,263.82820839417815,7.708164783292887,5.317657983410925
348.71604935979684,263.82820839417815,7.708164783292887,5.317657983410925
348.71604935979684,263.82820839417815,7.708164783292887,5.317657983410925
348.71604935979684,263.82820839417815,7.708164783292887,5.317657983410925
348.71604935979684,263.82820839417815,7.708164783292887,5.317657983410925
348.71604935979684,263.82820839417815,7.708164783292887,5.317657983410925
348.71604935979684,263.82820839417815,7.708164783292887,5.317657983410925
348.71604935979684,263.82820839417815,7.708164783292887,5.317657983410925
348.71604935979684,263.82820839417815,7.708164783292887,5.317657983410925
348.71604935979684,263.82820839417815,7.708164783292887,5.317657983410925
348.71604935979684,263.82820839417815,7.708164783292887,5.317657983410925
348.71604935979684,263.82820839417815,7.708164783292887,5.317657983410925
348.42004075275514,263.54547148164175,7.988013262353661,5.655942276364499
348.42004075275514,263.54547148164175,7.988013262353661,5.655942276364499
348.42004075275514,263.54547148164175,7.988013262353661,5.655942276364499
348.42004075275514,263.54547148164175,7.988013262353661,5.655942276364499
347.762512748287,263.63882802600483,8.368481139097241,5.504995550387548
347.762512748287,263.63882802600483,8.368481139097241,5.504995550387548
347.762512748287,263.63882802600483,8.368481139097241,5.504995550387548
347.762512748287,263.63882802600483,8.368481139097241,5.504995550387548
347.762512748287,263.63882802600483,8.368481139097241,5.504995550387548
347.762512748287,263.63882802600483,8.368481139097241,5.504995550387548
347.7113869155346,263.5108645676745,7.781343562881091,5.732337734410862
347.7113869155346,263.5108645676745,7.781343562881091,5.732337734410862
347.7113869155346,263.5108645676745,7.781343562881091,5.732337734410862
347.7113869155346,263.5108645676745,7.781343562881091,5.732337734410862
346.94103534214986,263.4925367069345,8.40222211396889,5.664419402675662
346.94103534214986,263.4925367069345,8.40222211396889,5.664419402675662
346.67553752117783,263.6521027176991,7.8122657756345575,5.385867934731607
346.67553752117783,263.6521027176991,7.8122657756345575,5.385867934731607
346.67553752117783,263.6521027176991,7.8122657756345575,5.385867934731607
345.7247346496549,263.6779351756224,8.418865235860324,5.5696859529818425
345.7247346496549,263.6779351756224,8.418865235860324,5.5696859529818425
345.5704346835938,263.5629542083397,7.865856269830317,5.59997174765698
345.5704346835938,263.5629542083397,7.865856269830317,5.59997174765698
344.8178852273257,263.7041815280976,7.6392678176130175,5.59997174765698
344.8178852273257,263.7041815280976,7.6392678176130175,5.59997174765698
344.8178852273257,263.7041815280976,7.6392678176130175,5.59997174765698
344.28838611306423,263.93110971992394,8.168766931874472,5.373043555830634
344.1371006518467,263.62853879748883,7.6392678176130175,5.59997174765698
343.303517699826,264.04835596616573,7.776937592840284,5.049292646747972
343.2060472607782,263.8638589821078,7.222134738411455,5.4756054225864546
342.54063586415833,263.62785496364825,7.739664577009364,5.6288469650976936
342.659393971005,264.262412335896,7.882983668723625,5.097977462408096
341.79746599930934,263.7356033548278,7.780796092670926,5.03158147326053
341.70606430896737,264.1870164146523,7.646022163412738,5.1546216831995935
341.56696892777387,264.4714109590653,7.768746933165744,4.5317690443466745
340.75187232786686,264.7185952937419,7.923301529162984,4.389167034140655
339.9743711447127,264.6195452007186,8.394799748810499,4.232971059781562
338.9509390971971,264.5196536421245,8.379318883359417,4.902186557611628
338.67877548921376,264.5519550721905,7.918314665906507,5.797337523252963
338.61145595125544,264.72907733314565,7.8122657756345575,5.459395142031667
337.63426072929303,264.5058162454878,8.4643455057045,5.903088220116672
337.65492781283115,264.5955228792771,7.746949383408321,5.9489468044510545
337.5145197350405,264.7336836014153,7.833486490942164,5.535232189880617
336.76337446528765,264.34905853258533,7.769146946111505,5.88235411634156
336.5493541370344,264.6354269019302,7.924529885033735,5.527193113090732
335.84559997837414,264.62892154010194,8.591036138666027,5.670083851519564
335.69249879756524,264.56640648351924,7.6251801708175435,5.757789108576503
334.6862933978745,264.6325832795924,7.805736489410492,5.732337734410862
334.75777864277825,264.80379371240167,7.6941696886344175,5.570012412631058
334.5032274499103,264.7755144634562,7.187385690374583,5.5378217614361915
333.6713529033965,264.71297934567264,7.877915101284543,5.534740353210168
332.88890687544534,264.8350087347723,8.584907482169058,5.5145405708991575
332.65351911738054,264.77696352954433,7.731932524799447,5.884859754986223
331.99092638775454,265.4695636692314,7.410282005692011,4.845184388337088
331.7185583930974,265.0601095310569,7.778753792044768,5.159776384672909
331.3170904091719,265.44386706794467,7.882983668723625,4.8147564922742845
330.73332780155255,265.7382041595511,7.524286344241091,4.161158357042439
329.87724780207094,265.06851472487466,7.923301529162984,4.902186557611628
329.57598192765505,265.5883799845203,7.903753247572752,5.111666502506296
328.7088053993001,265.65719285720326,7.790089597413157,4.766538840426335
327.9718848157941,265.6228362097144,8.394799748810499,5.691389660210518
327.74467173241766,265.7989233312988,8.143899910328912,5.290941343016243
327.65547317823206,265.5539545832435,7.586200150645823,5.732337734410862
326.7083205527055,265.7275120563581,7.704007375389381,5.56760196876877
326.217108706867,265.5502630454827,7.410282005692011,5.586212588906278
325.86490699197054,266.0433390599715,7.365820301061831,5.239069369065078
325.7567627536445,266.2474069096105,7.728924118719817,5.03158147326053
324.7010957659654,266.0083406912508,8.189554058712247,5.4057530743278335
324.7505688274847,266.51553128933153,7.8301294159398935,4.756620673234522
324.6008698408766,266.39988977991163,7.800375366929245,5.066223176459232
323.64601070494643,266.4530313579931,7.927701122057556,4.659048967116917
322.71240527833805,266.5513249396141,7.781343562881091,4.781013599763924
322.7033875978302,266.5362948861715,7.695292852064767,4.845184388337088
322.7033875978302,266.5362948861715,7.695292852064767,4.845184388337088
321.71425048528585,267.5724184172586,7.892607914970313,3.69574497605754
321.6755072416056,266.6456690374082,7.599762698589814,4.673146007207379
320.66865676915006,266.85871418776134,7.646022163412738,4.338473250026368
319.88156258818174,266.56652431062724,8.277276143423194,4.978148285546354
319.03719037240626,266.76939996311813,7.140930970687407,5.5749373367647195
318.79626423434206,266.8829499046818,7.5055201144026,5.335677806447336
318.75862191335966,266.730603491191,7.5812885135156876,5.301201742533522
318.1238568775506,267.8347658932929,6.959131216007563,3.9334219916564734
317.9765565667494,267.2582253862389,6.899282200342327,4.322441860455456
318.55109907816535,267.5273007198866,5.821984395275024,3.91478261061593
318.64440691254305,266.93140255231896,4.510293972799673,4.596204334186325
317.9001857815507,267.5767932380802,5.762532030963143,3.130264313115788
317.19286186379554,267.37337679611846,5.231451458635377,3.9235885939765467
316.9745499469686,268.2794634364644,5.455307948052905,2.2336693960531875
317.0817289699962,268.26728687559756,4.161158357042439,2.337088940256706
317.3036605184031,267.7138082633423,3.7859188187492805,2.2715512912495797
317.38744413282365,268.6026053151677,3.0755836314779117,1.3299821109093841
316.6015418060318,268.5044421604421,3.7859188187492805,2.065046628408709
316.9360164011514,268.6623562285238,2.9500664937423267,1.8154255346106538
317.5372380103376,268.7085507940544,2.6308693049900853,1.503353888565755
0,0,0,0
0,0,0,0
0,0,0,0
0,0,0,0
0,0,0,0
0,0,0,0
0,0,0,0
0,0,0,0
0,0,0,0
0,0,0,0
0,0,0,0
0,0,0,0
0,0,0,0
0,0,0,0
0,0,0,0
0,0,0,0
0,0,0,0
0,0,0,0
0,0,0,0
0,0,0,0
0,0,0,0
0,0,0,0
0,0,0,0
0,0,0,0
0,0,0,0
0,0,0,0
0,0,0,0
0,0,0,0
0,0,0,0
0,0,0,0
0,0,0,0
0,0,0,0
0,0,0,0
0,0,0,0
0,0,0,0
0,0,0,0
0,0,0,0
0,0,0,0
0,0,0,0
0,0,0,0
0,0,0,0
0,0,0,0
0,0,0,0
0,0,0,0
0,0,0,0
0,0,0,0
0,0,0,0
0,0,0,0
0,0,0,0
0,0,0,0
0,0,0,0
0,0,0,0
0,0,0,0
0,0,0,0
0,0,0,0
0,0,0,0
0,0,0,0
0,0,0,0
0,0,0,0
0,0,0,0
0,0,0,0
0,0,0,0
0,0,0,0
0,0,0,0
0,0,0,0
0,0,0,0
0,0,0,0
0,0,0,0
0,0,0,0
0,0,0,0
0,0,0,0
0,0,0,0
0,0,0,0
0,0,0,0
0,0,0,0
0,0,0,0
0,0,0,0
0,0,0,0
0,0,0,0
0,0,0,0
0,0,0,0
0,0,0,0
0,0,0,0
0,0,0,0
0,0,0,0
0,0,0,0
0,0,0,0
0,0,0,0
0,0,0,0
0,0,0,0
0,0,0,0
0,0,0,0
0,0,0,0
0,0,0,0
0,0,0,0
0,0,0,0
0,0,0,0
0,0,0,0
0,0,0,0
0,0,0,0
0,0,0,0
0,0,0,0
0,0,0,0
0,0,0,0
0,0,0,0
0,0,0,0
0,0,0,0
0,0,0,0
0,0,0,0
0,0,0,0
0,0,0,0
0,0,0,0
0,0,0,0
0,0,0,0
0,0,0,0
0,0,0,0
0,0,0,0
0,0,0,0
0,0,0,0
0,0,0,0
0,0,0,0
0,0,0,0
0,0,0,0
0,0,0,0
0,0,0,0
0,0,0,0
0,0,0,0
0,0,0,0
0,0,0,0
0,0,0,0
0,0,0,0
0,0,0,0
0,0,0,0
0,0,0,0
0,0,0,0
0,0,0,0
0,0,0,0
0,0,0,0
0,0,0,0
0,0,0,0
0,0,0,0
0,0,0,0
0,0,0,0
0,0,0,0
0,0,0,0
0,0,0,0
0,0,0,0
0,0,0,0
0,0,0,0
0,0,0,0
0,0,0,0
0,0,0,0
0,0,0,0
0,0,0,0
0,0,0,0
0,0,0,0
0,0,0,0
0,0,0,0
0,0,0,0
0,0,0,0
0,0,0,0
0,0,0,0
0,0,0,0
0,0,0,0
0,0,0,0
0,0,0,0
0,0,0,0
0,0,0,0
0,0,0,0
0,0,0,0
0,0,0,0
0,0,0,0
0,0,0,0
0,0,0,0
0,0,0,0
0,0,0,0
0,0,0,0
0,0,0,0
0,0,0,0
0,0,0,0
0,0,0,0
0,0,0,0
0,0,0,0
0,0,0,0
0,0,0,0
0,0,0,0
0,0,0,0
0,0,0,0
0,0,0,0
0,0,0,0
0,0,0,0
0,0,0,0
0,0,0,0
0,0,0,0
0,0,0,0
0,0,0,0
0,0,0,0
0,0,0,0
0,0,0,0
0,0,0,0
0,0,0,0
0,0,0,0
0,0,0,0
0,0,0,0
0,0,0,0
0,0,0,0
0,0,0,0
0,0,0,0
0,0,0,0
0,0,0,0
0,0,0,0
0,0,0,0
0,0,0,0
0,0,0,0
0,0,0,0
0,0,0,0
0,0,0,0
0,0,0,0
0,0,0,0
0,0,0,0
0,0,0,0
0,0,0,0
0,0,0,0
0,0,0,0
0,0,0,0
0,0,0,0
0,0,0,0
0,0,0,0
0,0,0,0
0,0,0,0
0,0,0,0
0,0,0,0
0,0,0,0
0,0,0,0
0,0,0,0
0,0,0,0
0,0,0,0
0,0,0,0
0,0,0,0
0,0,0,0
0,0,0,0
0,0,0,0
0,0,0,0
0,0,0,0
0,0,0,0
0,0,0,0
0,0,0,0
0,0,0,0
0,0,0,0
0,0,0,0
0,0,0,0
0,0,0,0
0,0,0,0
0,0,0,0
0,0,0,0
0,0,0,0
0,0,0,0
0,0,0,0
0,0,0,0
0,0,0,0
0,0,0,0
0,0,0,0
0,0,0,0
0,0,0,0
0,0,0,0
0,0,0,0
0,0,0,0
0,0,0,0
0,0,0,0
0,0,0,0
0,0,0,0
0,0,0,0
0,0,0,0
0,0,0,0
0,0,0,0
0,0,0,0
0,0,0,0
0,0,0,0
0,0,0,0
0,0,0,0
0,0,0,0
0,0,0,0
0,0,0,0
0,0,0,0
0,0,0,0
0,0,0,0
0,0,0,0
0,0,0,0
0,0,0,0
0,0,0,0
0,0,0,0
0,0,0,0
0,0,0,0
0,0,0,0
0,0,0,0
0,0,0,0
0,0,0,0
0,0,0,0
0,0,0,0
0,0,0,0
0,0,0,0
0,0,0,0
0,0,0,0
0,0,0,0
0,0,0,0
0,0,0,0
0,0,0,0
0,0,0,0
0,0,0,0
0,0,0,0
0,0,0,0
0,0,0,0
0,0,0,0
0,0,0,0
0,0,0,0
0,0,0,0
0,0,0,0
0,0,0,0
0,0,0,0
0,0,0,0
0,0,0,0
0,0,0,0
0,0,0,0
0,0,0,0
0,0,0,0
0,0,0,0
0,0,0,0
0,0,0,0
0,0,0,0
0,0,0,0
0,0,0,0
0,0,0,0
0,0,0,0
0,0,0,0
0,0,0,0
0,0,0,0
0,0,0,0
0,0,0,0
0,0,0,0
0,0,0,0
0,0,0,0
0,0,0,0
0,0,0,0
0,0,0,0
0,0,0,0
0,0,0,0
0,0,0,0
0,0,0,0
0,0,0,0
0,0,0,0
0,0,0,0
0,0,0,0
0,0,0,0
0,0,0,0
0,0,0,0
0,0,0,0
0,0,0,0
0,0,0,0
0,0,0,0
0,0,0,0
0,0,0,0
0,0,0,0
0,0,0,0
0,0,0,0
0,0,0,0
0,0,0,0
0,0,0,0
0,0,0,0
0,0,0,0
0,0,0,0
0,0,0,0
0,0,0,0
0,0,0,0
0,0,0,0
0,0,0,0
0,0,0,0
0,0,0,0
0,0,0,0
0,0,0,0
0,0,0,0
0,0,0,0
0,0,0,0
0,0,0,0
0,0,0,0
0,0,0,0
0,0,0,0
0,0,0,0
0,0,0,0
0,0,0,0
0,0,0,0
0,0,0,0
0,0,0,0
0,0,0,0
0,0,0,0
0,0,0,0
0,0,0,0
0,0,0,0
0,0,0,0
0,0,0,0
0,0,0,0
0,0,0,0
0,0,0,0
0,0,0,0
0,0,0,0
0,0,0,0
0,0,0,0
187.93075824934547,281.4878423850289,4.073802725459785,3.2161600464156095
187.0385710458452,281.1383613942358,4.382057690562789,4.382057690562817
187.46468747889372,282.0721239000218,3.535287204080987,1.9444079622445543
187.89937612289572,281.8724362863201,3.283965172141933,2.8148272904073792
187.3027367354695,281.730684035266,3.412887404126735,3.513266445424563
187.05575340987426,281.51717471045816,3.4964376156859487,4.079177218300288
186.5092881087084,281.643893104705,4.727427443079961,3.8789148250912717
186.86092084128285,281.89265097482195,4.262543934173522,3.862930440344769
186.32247621213293,281.77414676075085,5.061770921831084,4.129339436230623
185.55798883370224,282.21722141757004,5.023970734548357,3.8364867427460467
185.5040807511217,281.4342165889498,4.932625812102032,4.11052151008505
185.3307972511394,281.81678065405674,5.061770921831084,3.729725942401842
185.3307972511394,281.81678065405674,5.061770921831084,3.729725942401842
184.62593250753196,281.46661515449705,7.729186179934061,4.717814940998721
184.52907404767717,281.7897457896542,7.065529964206036,4.073070214659936
184.5082014049195,281.5940121598373,6.656560293572454,4.8411347589618
184.6289464502539,282.294528078614,6.94221410592138,3.7451418202996933
184.24750612261258,282.5639278103517,6.123121519168535,3.613645486722419
183.67877256161356,282.5697444410242,6.580917562963691,4.235992914091582
183.37312346077,282.4367595852904,6.788100943909683,3.394050471954813
183.7598776867806,282.51070573383976,6.649910554546835,4.073070214659936
183.72410491935113,282.78915018185074,6.524637684359902,3.4128874041267068
183.9984297772643,282.7085439346881,6.028764881458045,3.1057273631753333
183.46120502275735,281.7634423621007,6.303236590773281,4.121347001659444
182.75919423698855,281.8240313791618,7.488630330269018,4.3872783753091085
182.94909836248067,281.6304922473074,7.186059407833909,4.3872783753091085
183.09789960983323,281.84293857212964,7.059624485336826,4.1916520381687405
182.11437318513737,282.5765742049951,8.395512075115391,3.491203041137112
181.7256621074338,281.7166596679113,8.260611628901984,4.437128532095926
181.79926518223522,281.5384530253754,7.709507412725799,4.130093256817418
182.0036729331738,281.3943368540305,7.984846963180274,4.818442132953635
181.80480044216324,281.9991022647666,7.0027164834038444,4.201629890042284
181.80480044216324,281.9991022647666,7.0027164834038444,4.201629890042284
181.80480044216324,281.9991022647666,7.0027164834038444,4.201629890042284
180.7482915567697,282.1906439121324,7.647804855907879,4.197399874405278
180.71118770959393,282.41185343724743,7.736377154277562,3.949113024359235
180.690233770141,282.5005020227316,6.781769648910995,3.75275790848832
180.27766009049435,282.55497039624254,7.114237075263162,3.8416880206420956
179.818000719282,282.4391577820561,7.6941696886344175,4.059500571917567
179.99568872619966,282.5589207772704,7.36533297465769,3.854753706362885
179.75184722595796,282.585728352215,6.879701846230546,4.651616589212665
179.6217200156609,282.4706396402414,6.743963368852832,4.682114695572977
179.24353645558125,282.55099303532785,7.227663199430424,4.956111908180844
178.81951426014967,282.4477900232464,7.517156621332759,4.725069876266332
178.59185170068466,282.07765238714126,7.719959126033075,4.959001521930986
178.76961518841603,282.19362779281073,7.574528259836626,3.981482803247445
178.52199695831308,282.2997389531159,7.700575361973961,4.260724438858688
178.48986735220205,282.40136579828976,7.768746933165772,4.952576169893177
177.62571294040345,282.4464768831572,7.658689670071311,4.801409293160077
177.814884083382,282.6058940858638,7.458152213522936,4.8147564922742845
177.814884083382,282.6058940858638,7.458152213522936,4.8147564922742845
177.814884083382,282.6058940858638,7.458152213522936,4.8147564922742845
177.0951886291076,282.3972951636461,6.952323648975948,5.162616571021715
177.70800026899303,282.4274246056382,6.801523416159739,4.6907058042480685
177.12647059904882,282.52880405449184,6.897262482221009,4.674177880513412
176.84428511460945,282.5997095082287,7.2617021384427005,4.689849297744217
177.01978386436525,282.41142650277226,6.732203024181246,4.765492028353037
176.88250382777696,282.5722747419501,6.959131216007563,4.916777489570563
176.76397890253162,282.3815860714711,6.532973837021643,4.424655630163841
176.94938750643402,282.68305119055015,6.201334790333817,4.572701411054197
176.06556598103262,282.52021623473377,7.011266820770118,4.902186557611628
176.06047041385557,282.60696715119894,7.412987599660255,4.462921105917928
175.86965321442554,282.3780848949436,7.078291225330503,4.82326039248187
175.6503578680898,282.4205854833743,7.505129286796944,4.925241094460489
175.6503578680898,282.4205854833743,7.505129286796944,4.925241094460489
175.3061834300217,282.4205854833743,7.505129286796944,4.925241094460489
174.95205802651424,281.95556199030716,7.391489952115052,5.1364591192663624
174.95205802651424,281.95556199030716,7.391489952115052,5.1364591192663624
174.6978267591667,282.2840072306508,7.0027164834038444,5.083453447211696
174.6978267591667,282.2840072306508,7.0027164834038444,5.083453447211696
174.6978267591667,282.2840072306508,7.0027164834038444,5.083453447211696
173.93427074143074,282.654854851151,7.646022163412766,4.8968905990396365
173.93427074143074,282.654854851151,7.646022163412766,4.8968905990396365
173.93427074143074,282.654854851151,7.646022163412766,4.8968905990396365
173.93427074143074,282.654854851151,7.646022163412766,4.8968905990396365
173.93427074143074,282.654854851151,7.646022163412766,4.8968905990396365
173.56014911685352,282.6564266706261,7.683376041284191,5.371248991823677
173.56014911685352,282.6564266706261,7.683376041284191,5.371248991823677
173.680390904654,283.4520875725162,6.635804672079075,4.046222361023808
173.66765914240403,283.38448094726095,6.765283787631859,4.5317690443466745
172.71248611054423,283.4969625244057,7.776515664995486,4.359561812194443
172.4652475871853,283.5263429104158,7.856932222115546,4.299813653894091
172.7168063857882,282.9084884380194,6.918791061265921,4.377992083964898
172.67525642935908,283.5456558667273,6.862393124296432,4.628878381011248
172.66032031829326,283.4391130522698,7.043094704510509,4.090686318276312
172.5479885884609,283.60887032141807,6.927132682072795,4.402289928793948
172.65239348729258,283.55327063508525,6.8812444379844635,4.483907666041489
172.5430818138326,283.45695226959816,6.918791061265921,4.6907058042480685
171.73472664623654,283.5485387895077,7.658689670071311,4.271192316001304
171.637602799546,283.5903212763011,7.801116712053954,4.402289928793948
171.637602799546,283.5903212763011,7.801116712053954,4.402289928793948
171.637602799546,283.5903212763011,7.801116712053954,4.402289928793948
171.637602799546,283.5903212763011,7.801116712053954,4.402289928793948
171.637602799546,283.5903212763011,7.801116712053954,4.402289928793948
171.02986496451027,283.56559954203084,7.560111802026114,4.510293972799673
171.02986496451027,283.56559954203084,7.560111802026114,4.510293972799673
171.02986496451027,283.56559954203084,7.560111802026114,4.510293972799673
171.02986496451027,283.56559954203084,7.560111802026114,4.510293972799673
171.02986496451027,283.56559954203084,7.560111802026114,4.510293972799673
171.02986496451027,283.56559954203084,7.560111802026114,4.510293972799673
171.02986496451027,283.56559954203084,7.560111802026114,4.510293972799673
170.27128220378492,283.57458932040254,7.6889773441060925,4.682114695572977
170.27128220378492,283.57458932040254,7.6889773441060925,4.682114695572977
169.69409734085895,283.6499129326732,7.880791607825444,4.610531144714173
169.69409734085895,283.6499129326732,7.880791607825444,4.610531144714173
169.69409734085895,283.6499129326732,7.880791607825444,4.610531144714173
169.69409734085895,283.6499129326732,7.880791607825444,4.610531144714173
169.63246056157314,283.50650678239106,7.195913326175315,4.707834820175719
169.63246056157314,283.50650678239106,7.195913326175315,4.707834820175719
169.6558672464994,283.6181840343475,6.824795391630516,4.616773353161818
168.7546440603028,283.5203372475659,7.683376041284191,4.8021100258026195
168.7546440603028,283.5203372475659,7.683376041284191,4.8021100258026195
168.7546440603028,283.5203372475659,7.683376041284191,4.8021100258026195
168.7546440603028,283.5203372475659,7.683376041284191,4.8021100258026195
168.7546440603028,283.5203372475659,7.683376041284191,4.8021100258026195
168.64903503340096,283.6165236005541,6.805626501704779,4.610263114058057
168.64903503340096,283.6165236005541,6.805626501704779,4.610263114058057
168.64903503340096,283.6165236005541,6.805626501704779,4.610263114058057
168.64903503340096,283.6165236005541,6.805626501704779,4.610263114058057
168.64903503340096,283.6165236005541,6.805626501704779,4.610263114058057
168.64903503340096,283.6165236005541,6.805626501704779,4.610263114058057
167.6157828872211,283.603549494136,7.856932222115546,4.768884234318875
167.6157828872211,283.603549494136,7.856932222115546,4.768884234318875
167.6157828872211,283.603549494136,7.856932222115546,4.768884234318875
167.6157828872211,283.603549494136,7.856932222115546,4.768884234318875
167.6157828872211,283.603549494136,7.856932222115546,4.768884234318875
167.6157828872211,283.603549494136,7.856932222115546,4.768884234318875
167.6157828872211,283.603549494136,7.856932222115546,4.768884234318875
167.6157828872211,283.603549494136,7.856932222115546,4.768884234318875
166.85241959412858,283.5739484104361,7.817843007080143,4.6907058042480685
166.85241959412858,283.5739484104361,7.817843007080143,4.6907058042480685
166.85241959412858,283.5739484104361,7.817843007080143,4.6907058042480685
166.85241959412858,283.5739484104361,7.817843007080143,4.6907058042480685
166.85241959412858,283.5739484104361,7.817843007080143,4.6907058042480685
166.85241959412858,283.5739484104361,7.817843007080143,4.6907058042480685
166.85241959412858,283.5739484104361,7.817843007080143,4.6907058042480685
166.85241959412858,283.5739484104361,7.817843007080143,4.6907058042480685
166.16502664051995,284.40705217804214,7.6382906827902275,3.876147510669682
166.16502664051995,284.40705217804214,7.6382906827902275,3.876147510669682
166.16502664051995,284.40705217804214,7.6382906827902275,3.876147510669682
166.16502664051995,284.40705217804214,7.6382906827902275,3.876147510669682
165.5598141418003,283.5359352589452,8.024594153790503,4.8147564922742845
165.6189368573418,283.6808512190424,7.434377743650003,4.553111728168403
165.61727674236164,284.3697360642478,7.434377743650003,4.090686318276312
165.26206914827983,284.4772077610593,7.237461680655997,3.967201217544755
165.07666005138256,284.164164310074,7.469948929026316,4.019543947523687
164.69118094852917,284.56511560458443,7.4941192373757985,3.7975590744653687
164.90160939377523,284.8242240904476,7.595118148930737,3.6157610336665016
164.7010656838715,283.92380618377376,7.5365387482592325,4.5770686544306045
164.73324088703117,283.9904106931972,6.7329140087436485,4.305180592129375
164.3917967815628,284.52528866208667,6.9811901992572984,3.7704318375735397
163.79840396282398,284.50142279703596,7.628447757384322,3.768269374129602
163.83979349674559,284.59379671496004,7.571063434755274,3.944793569565036
163.8176460956565,284.41832916773103,7.742576198649402,3.993797216391954
163.65171273824376,284.58146777533204,7.831924466161013,3.7739325147822456
163.56816133910172,284.38537718388477,7.732557709822288,3.902868244705246
163.56816133910172,284.38537718388477,7.732557709822288,3.902868244705246
163.56816133910172,284.38537718388477,7.732557709822288,3.902868244705246
163.52684386727745,284.50565097881434,6.732447722116575,4.244369216116979
163.52684386727745,284.50565097881434,6.732447722116575,4.244369216116979
162.70921516132927,284.4979261626418,7.610593077175253,4.805406526293325
162.70921516132927,284.4979261626418,7.610593077175253,4.805406526293325
162.70921516132927,284.4979261626418,7.610593077175253,4.805406526293325
162.70921516132927,284.4979261626418,7.610593077175253,4.805406526293325
162.70921516132927,284.4979261626418,7.610593077175253,4.805406526293325
162.70921516132927,284.4979261626418,7.610593077175253,4.805406526293325
162.70921516132927,284.4979261626418,7.610593077175253,4.805406526293325
162.5482776144558,284.4441114668406,7.023018371599534,4.878585281034816
161.81442273293771,284.51764388270414,7.634986003704654,5.000549938528593
161.64739897139287,284.5346034748082,7.938514448217489,4.565150802282858
161.67094938378463,284.43631562567197,7.934402435089538,4.878585281034816
161.5630792949471,284.5675013470193,7.756716407418622,4.807548190014643
161.61225217917254,284.5324524290662,7.857715318973561,4.908547101569582
161.55398522394825,284.3661745996664,6.927591134351815,4.902978232410987
161.54377776401446,284.4434403491554,6.951984060881244,4.878585305881586
161.54610256543666,284.5098777037016,6.9581329393147655,4.802624365722693
161.54889049811584,284.46323020304595,6.98140435076408,5.000569386162397
160.60769427348853,284.50297410645373,7.928742063095996,4.802624365722693
160.52565887526464,284.44613374310563,7.854522342469323,4.415119701822846
160.6331926172324,284.60594816491675,7.708164783292887,4.463905554881649
160.59658366298774,284.5772370527775,6.829032430410109,4.695825545454397
160.68806704358127,284.57615773938073,6.808067951945134,4.6669556722179095
159.68279740766343,284.5509049561914,7.693153712401028,4.985806935563005
159.93436583702436,284.4927738535977,7.410255780618428,4.683683111903292
159.70583008737472,284.5767211080378,7.732760780241051,4.9014743528299505
159.71823366385289,284.42762317236856,7.708164783292887,4.95176408546979
159.73586059318453,284.58810531601154,6.65926881095271,5.038846733620858
159.61019711938,284.58248625897147,6.773624459372314,4.903605436846192
159.42835626633007,284.9794041960514,7.01442981420351,4.506105228744673
158.7760320227263,284.963384162598,7.613609230699495,4.311017147184145
158.59348916598046,284.57749436912593,7.615317931241719,4.68634949614875
158.6348421493652,284.5049708642997,7.778259453696535,4.968049586554571
158.68053293831076,284.63210228609876,6.6909758741475684,4.834230069071623
158.5801134920638,284.5486785858387,6.85955938847647,5.0242257728306186
158.6780758129654,285.3771289309563,6.841522831315871,4.114950162600735
158.59674093639697,285.4224843115736,6.829032430410109,4.18330181335466
158.59674093639697,285.4224843115736,6.829032430410109,4.18330181335466
158.59674093639697,285.4224843115736,6.829032430410109,4.18330181335466
157.67393326644657,285.367382042916,7.666348298768952,3.9940066311768305
157.75190169785037,284.45810689939066,6.773776667730829,5.693016794901894
157.68265499580693,284.87120316094905,7.5833077168677505,4.182546008787881
157.6882987283667,285.3791904068684,6.237515119592359,4.150944225493845
157.6119334634472,285.44202677476954,6.801266675258319,3.86017838325472
157.64541633042813,285.3971021269737,6.748059061765417,4.017758849274799
157.65499359597865,285.4742509075221,6.782884873433289,4.687359465380723
157.11369753283702,285.530239808129,7.251721849643957,4.161155156063103
157.62281359493028,285.46742865979644,6.85904687528128,4.128746662790661
156.84831309725047,285.54267768002995,7.591566444486091,4.3729198525256265
156.7994884117911,285.46494545775516,7.702316840161359,4.36870540143542
156.66048880601906,285.5699827097816,7.738738568334469,4.246196221580192
156.51876772532057,285.50232466159923,8.006756240958254,4.749254652431489
156.4934479310436,285.5813380324509,7.724751820705137,5.016649170917731
156.57830557529962,285.51366469416877,7.021848297158584,4.632214059905664
156.52553767797744,285.47489467002043,6.975342348798819,4.650228232532584
155.70308300589423,285.47547575987426,7.77842669036059,4.886252382790133
155.58192018480585,285.56029638611085,7.877915101284543,4.8681475369476175
155.69950243246154,285.52812508343476,7.5365387482592325,4.650595861730665
155.4292196153498,285.51040874285275,7.952094048586957,5.049335791587396
155.64857650381728,285.4599345817498,7.591566444486091,4.794673543885949
155.6318183439725,284.9187272127608,6.865108487969906,5.419021334184663
155.70194619144138,284.5993031875286,6.910774398089444,5.601684974662817
155.6476206318678,285.39991262677637,6.910774398089444,4.840586472670566
155.3854039604755,285.37505677077064,7.1060722855991685,4.446489675784278
155.21815352897326,285.65184200972163,6.8834884853988,4.1603501834827625
154.65599864227465,285.4640429052239,7.711349694955061,4.850957508757006
154.72249989954753,285.0526232797103,7.830647577459587,5.422631538381609
154.73552964085528,284.68564030512886,7.72035676650944,5.514540547506726
154.57116637669893,285.5153989110992,7.658159132595614,4.839068669292317
154.62231785511474,285.36503505820104,7.909487865647407,5.083681342719103
154.7043605582458,285.729550537567,7.702554258001953,4.617093042260535
154.57983362329549,285.5180361452192,7.9587142305284715,4.7267490607707146
153.82165689462224,285.58441441353045,7.702554258001953,4.9056613574018115
153.67869463590847,285.6698394983539,7.659378930234055,4.683441893646318
153.7281088222332,285.52221064545415,7.63596156989243,4.816871106589133
153.5961209005519,285.49773916918633,6.836617718280905,4.703042390092548
153.55671742031186,286.4306089394666,6.888991303439241,3.9135903902806604
153.67768227445947,286.20839575391693,6.762434201124336,4.221635223823284
153.75479038760278,286.30530911291305,6.754964235278948,4.101228285705076
153.5875761503869,286.43045430481544,6.903442000687647,4.217536913603396
153.5626455175919,286.5471999767675,6.880330458009752,3.942490240319728
153.5375488266052,286.48398069072385,6.893175684383436,3.86017838325472
153.63343621107245,286.5168906080362,6.74672729186932,3.7975590744653687
152.8735690550243,286.4419297347104,7.63596156989243,4.5505003541510405
152.763978246015,286.4996390013529,7.585932057872782,4.637336558346249
152.71650330605323,286.4267617526518,7.647804855907879,4.695396469673653
152.64153318816304,286.5404354304285,7.702316840161359,4.9014743528299505
152.77981702648165,286.5282972700555,7.309683211619955,4.6907058042480685
152.740515713709,286.4869351313197,7.586200150645823,4.878585305881586
152.59511207434872,286.4728642068333,6.884440401447932,4.931309422365132
152.63147728497964,286.5375776789039,6.801266675258319,4.852795681805958
152.6282821732072,286.5765529493351,6.991872239849187,4.984945948781387
152.05938219063887,286.6030675830044,7.585932057872782,4.610531144714173
151.7657400413585,286.43714908816895,7.244699179234118,4.732227746705121
151.80801534376022,286.42931741067616,6.745538209408949,4.948691786815289
151.6787127750042,286.5961515290519,6.781233575175378,4.1224045834699155
151.49882961492438,286.49598491021516,6.925160029742727,4.934594707183805
151.56150714786622,286.6274807967581,6.794096406876321,4.410826986663153
150.54371066625916,286.50206667250916,7.903308195528126,4.902978232410987
150.72108775955445,286.6400073219026,7.5766624851552535,4.624254098921028
150.70722813687598,286.4579202687833,7.477418923172053,5.179164622110534
150.78246762096336,286.64779368805927,6.544729468759471,4.645949931526786
150.63929720030103,286.61399113577716,6.942602130703364,4.798169040138589
150.5086854551154,286.4904931468827,7.090123591156072,5.352942312411301
150.62958073575692,286.5737012004549,6.774994708140014,4.86032229062215
150.591851512248,286.60544780493393,6.6209371671186545,4.664141971978324
150.00736097609152,286.662733486316,7.391788380157493,4.617093042260535
149.74430627054392,286.6987252883227,7.488628444528217,4.610263114058057
149.65032688617973,286.63695821392577,7.702316840161359,4.6274788921127765
149.55155789575338,286.35215998249527,7.717538810201205,5.221135723666691
149.58942104407222,286.4076741991715,7.680356695298798,4.683685730370087
149.44512280450635,287.3546024326149,6.992232251500326,4.062153974681166
149.4338227269172,286.97886099761894,7.192799064708623,4.432771516622779
149.48070419356037,287.42278062907195,6.915796717071288,4.047617458440925
148.55434907940804,287.34786963173985,7.902332322330551,3.995561286571615
148.59139085650793,287.5323598696098,6.936381148381571,3.8061168352658115
148.29103224715305,287.2887952180353,7.114237136442938,4.065278363681671
147.79526182277374,287.39422849659786,7.517156621332759,3.8230110817063974
147.76588999803917,287.46258920696016,7.574528259836626,4.240441034352955
