491.8047390436332,268.26100072107397,7.642040241935035,4.907388586732793
491.76124860161417,267.95530143513804,8.127963371292026,5.747044807984253
491.8621842456586,268.1504202398531,7.475456419643251,5.8313697843952355
492.00662028425137,268.5969903577965,7.780810232959709,5.247523180368205
492.49234431909036,268.7746345266867,7.645396638861655,5.6195426907762
492.74268927099024,268.94266307453654,7.1022512010155765,4.9308622987942385
492.41845094260464,268.0993492726151,7.770004286950439,6.4251958526705835
492.5396075798326,268.20307471402873,7.849181673189321,6.586094967158829
492.149413441356,268.44993410051455,8.062209753639593,6.210080485911533
492.1441810277217,268.1889355906908,8.53846657186233,6.65015184923891
491.93608213871494,268.06292329206724,8.292985344725935,6.87346533076385
492.3637045229299,268.45164536166806,7.9532609731849675,6.536926827275352
491.9777057919799,268.38108028547396,8.226492051101047,6.594791148403317
491.4489984804394,268.58896610741095,9.09469320320784,6.248734785877502
491.4187046898082,268.2194936596389,8.909087219468915,6.743684075848023
491.67450647341354,268.7254023138935,8.922905206723385,6.246033644706358
491.6505979472203,268.60097712159427,8.537875251991068,6.496209430862734
491.4593493210123,268.2100392064264,8.841606942213218,6.946976883167565
491.4777960223164,268.51766036745175,8.847218558222607,6.496209430862734
491.65472138655576,268.1617449351694,8.578526502868101,7.039986423549351
491.88860816568484,268.50623934785574,8.40228372022176,6.609113414076887
491.92336058334797,268.74070538034425,8.292985344725935,6.3504842729883535
492.0125821258001,268.6009392197009,8.112302236407857,6.573762157089163
492.26692994544936,268.5604534269059,7.881661450949821,6.239648648668606
491.7554283272484,268.3875196809382,8.388771477366276,6.587156126522473
491.68171639683777,268.5355027856632,7.9383676396553255,6.474555167094763
491.60076502831237,268.6443717765551,8.02252943826386,6.730766223628166
491.5176163892657,268.61606931944397,7.849181673189321,6.134992572147951
491.80974124438507,268.15186861397115,7.668740715184981,6.405654009154489
491.2496841320155,268.65703523645584,8.40228372022176,6.455413102121611
491.53501205873533,268.05595488113795,8.226492051101047,6.390828535566129
491.4723190904432,268.0238892498665,8.228531945759471,6.619946753355407
491.2695355369917,268.3649318322463,8.86338465608759,6.352946227484779
491.7752079117615,268.5309133436464,8.273149704765217,6.321534902615497
492.01426014323675,268.43119810498695,7.981057300774239,6.434340769616426
491.7208791157174,268.51818352091783,8.670273875935607,6.193052768525433
491.6027001269922,268.30057261182634,8.812151218769202,6.455413102121611
491.7644678604666,268.34069343780794,8.531904076222077,6.340650023859041
491.5134043688945,268.33885450972633,8.218273765043762,5.9022147948950305
491.56623569721614,268.5866159619594,8.388771477366276,5.686348451100628
491.7366698593415,268.3579429797187,7.9383676396553255,5.742648930814482
491.9266724487011,268.2708486373465,7.545869547903806,5.9769263745772605
491.8252995527685,268.4842958664986,7.620581127586036,5.6780800558483975
491.95668977191275,268.3646119639777,7.682591750201823,5.778940697054452
491.591188593013,268.08986651294884,8.019057383115808,6.154160317274943
491.69346441630313,268.59499069428665,8.145870478538086,5.557859545252541
491.78561323171317,267.83321916557736,7.71316572079985,6.305653727953143
491.7696554344672,267.54944456351603,7.733582655789007,6.1249974633848865
491.5729452349415,267.8879425549281,7.879190103177734,5.874425757398797
491.5710197425794,267.5008662391857,7.960856627817577,6.074549234077665
491.6194711129011,267.52355472864326,7.7995945475634585,6.394262196651084
491.4411376425473,267.72100632711795,7.882067159941414,5.855249890242192
491.69706406281597,267.34904881830795,7.5532588904935665,6.157548008554556
491.703331802264,267.6922613878348,7.733582655789007,5.753785495907039
491.700569818866,267.67012683430875,7.795451317035315,5.630048173414366
491.76369334068363,267.74119543772565,7.671713994542699,5.50631085092175
491.6262130470596,267.6623397645679,7.825766680227559,5.630047971386773
491.73906064011396,267.67457138925664,7.739322823239718,5.734558477460723
491.7739781528691,267.69891884009,7.646077969947669,5.827803330752772
491.7434487385314,267.56818850424986,7.594327164887034,5.854844406449217
491.4759934113407,267.5044335315581,7.933738434826125,6.151829267645951
491.62356378548964,267.50401595042047,7.99466811936918,5.967850849669958
491.70607314864105,267.5020747362688,7.770004286950439,5.827503215212857
491.48626853522467,267.6018435995335,7.785945249885742,5.781180904106748
491.6006197568228,267.61407521035375,7.972434956469783,5.827803330752772
491.7134343851179,267.6377424464174,7.685015597763822,5.738144979663673
491.3750675086298,267.68475178842294,7.9545419006514635,5.710953159442056
490.7111406961506,267.25248467464326,8.050968599083035,6.193052768525433
490.59014893494367,267.5806757829088,7.889949347037486,6.045545603574226
489.9684329225246,267.4318112523823,8.531904076222077,6.294027597213017
489.6404415607082,267.69646032773784,8.86338465608759,6.404179664803166
489.42939654962424,267.5013360281165,8.965851530724478,6.506646539440055
489.8175789995434,267.38281830844977,8.10726907879689,6.361954207666997
489.2354371940621,267.3907595100669,8.858261062744248,6.200782743920968
489.57041453504473,267.4669553053395,7.889949347037543,5.6869115423452286
488.5488167099795,267.261575870275,8.485281649576052,6.573762157089163
488.41652959127697,267.3769663955538,8.205547089699905,5.9676706106908455
488.5674124413687,267.4762011670465,7.795451317035315,5.630048173414366
488.7615263787716,267.5663491154968,7.633782160445378,5.789378416982061
487.73846958657197,267.14092650953893,8.739840200931496,6.279108493873082
487.57263567000666,267.3388714367261,8.163569558510801,6.136752288811579
487.5025084458182,267.4976308168705,8.55767291650784,6.136752288811579
486.7645221743871,267.44634041636647,8.607217469495481,5.738144979663673
486.681006995392,267.33834374566936,7.919188639527931,6.31060344712381
486.00912178823364,267.6676150704012,8.55767291650784,6.080451809097667
485.82310563100884,267.7403220666138,8.83917531507717,5.517447011959007
485.6219928958144,267.00176438586465,8.517120083772625,7.097600069810483
484.5813823784813,267.20037530705775,8.294479588713443,6.1188783851164885
484.6528667638766,267.1353739194793,8.292985344725935,6.79875375108162
484.38426642836095,267.3681397438536,8.388771477366276,6.587156126522473
483.710289346823,267.6447869086988,8.352269268252144,6.619946753355407
483.2954497875877,267.37617296929994,8.210063589198,6.856756404165367
482.74239461325624,267.64388492220246,7.6791799823718065,6.448814128842628
482.2413091581567,267.6970891054917,8.103444069795671,6.491240537585043
481.55275075408133,267.70443445405135,8.83917531507717,6.699757085950239
481.71160949041575,267.5683944216274,7.919427446314899,6.4251958526705835
480.9291478751471,267.6351307454862,8.352269268252144,6.743684075848023
480.53397347139094,267.6345168741648,7.889949347037543,6.404179664803166
479.6113481278484,267.4082895346628,8.504750594858649,6.967747475305885
479.5885040161153,267.58863067737343,7.736249035082267,6.506646539440055
478.8703204928341,267.7165547161022,8.449010009526774,6.482694952764177
478.42937146764353,268.3398134859889,7.909529980665695,5.4632835948928005
477.817047665612,268.5780640923563,8.113383846146746,5.422512821796602
477.5931430166523,268.4475425468806,7.679990597020208,5.676514789101873
476.7519111253038,268.61181593563896,7.9768018278228965,5.416804962149513
475.7707589479058,268.71507950168825,8.264149814886025,4.75634521720059
475.68516072247735,268.68709282633034,7.457382173918177,5.119993731346824
474.57096331236767,268.42758947391485,8.276466938531598,5.381742048700346
473.736577388202,268.27273648537073,8.256546849334029,5.815480824313511
472.98711986829846,268.44479878005086,8.422018674027015,5.453906365999842
472.69446549232885,268.3217662076446,7.1383241653787195,5.452886515219859
471.6542536994014,268.54279924918126,7.735363412275831,5.665336583638634
471.7473293154973,269.04427541155064,7.542607651867684,4.549509377317008
470.4448874504948,268.182019088531,6.704540134993522,5.627024756155265
470.91457023678686,268.4725074446574,6.427978046820726,5.338490242274872
469.59166873795505,268.80871868326494,7.408517070912012,5.0116439009111104
468.8960248464223,268.6195173818234,7.717460170721722,4.269233285931136
468.4039295009458,268.5233248446563,7.807139368714729,5.204759579143115
467.56399544184205,268.5253885320136,7.951716023690892,5.204759579143115
468.09348589859394,268.8870725485703,6.9835364873195545,5.063063953306653
466.9833392172492,268.9867160824709,7.85647854823452,4.888475541123682
466.80248294949297,269.47142602435326,6.523083369418146,4.412674044018161
465.3583401266933,268.9453016842865,6.90679415585447,4.604529437236351
465.6049782708324,269.54370502805324,6.023718158567874,4.40194788510729
464.43947964211696,268.2754091553347,7.308271469874512,6.037267735983278
463.55361534322856,268.7173509107466,7.5073017238685225,4.888475541123682
463.1053095194211,269.62090484834846,6.824264065975569,4.190337584370923
462.0998459481306,268.7671458097074,7.499191863403155,5.525720320402286
460.607195478974,269.41901274361516,6.972721949093682,5.229541461820247
459.4846770680092,269.8589071452843,7.630756632936539,4.210072625068449
459.71554721505083,269.81360530990963,6.94398799695756,4.908681170263094
459.3604504757347,269.2353938038358,6.427978046820726,5.665336583638634
457.8866668337534,269.3538763264601,7.630756632936539,5.394155550868902
457.3415485096489,269.50296096000164,6.972721949093682,4.902695120456485
456.85912448771813,270.45601176702814,7.0637119279396074,3.591717929460799
455.78025458217957,269.63970526141196,7.303159789903646,5.2678529632091795
455.3617333944033,270.13936163894414,7.183435858921655,4.549509377317008
454.76697591643045,270.55763897237733,6.856756404165367,4.150142034100099
454.02185676202515,270.58278406763264,7.08167072954825,4.575848779092723
452.9488792938821,270.5963936962435,7.6625627137385095,4.192722994309747
452.57861554200633,270.65120212130597,7.190619510002875,5.338490242274872
451.61504340428877,271.09196804067517,7.33661094775033,4.659739385733303
450.61397706552555,271.12381567837525,7.237467556564525,5.353743124034054
450.15339162707255,271.3691262747377,6.754824388184488,4.466899998638155
448.7230083802552,271.06480608826405,7.190619510002875,5.556387803184009
448.59835513862333,271.05758779584534,6.345368342047436,4.669233308299056
447.88797808536305,271.08418389102576,6.210080485911533,4.2490024377289615
446.81377170637086,271.24558716086847,7.308271469874512,4.448513068619263
444.54865700349643,271.1735157570607,7.422883720885693,4.908681170263094
444.24456509076856,271.5128613461088,7.190619510002875,4.35795121818353
443.8762244444798,271.26289096892754,7.08167072954825,4.793746340001917
443.0041792047097,271.30190505005373,6.972721949093682,4.793746340001917
442.04685386046236,271.40066499564995,7.1383241653787195,5.155456341662386
441.5026881633294,271.9985130037461,7.183435858921655,4.429785446335018
440.44708712813906,271.3963543693971,7.299568290457444,4.793746340001917
440.01524621853036,271.49259093454907,7.51798605876229,4.62645295923835
439.6980006481319,272.08838924166196,6.709803246202796,4.3416373946018325
438.76024774899423,271.96288002304067,6.84136801573618,4.473202164135216
437.89914560408346,271.94157546499696,7.435754338936135,4.858026168104971
436.65347945163177,271.5651454967736,7.542607651867684,5.148129032227189
436.0647424032406,272.11102054520376,7.51798605876229,4.0481463393335275
435.98033729309924,272.44574485514494,7.190619510002875,4.793746340001917
435.26078149264833,272.59636651291595,7.303159789903646,4.549509377317008
434.7144891718496,272.40471115079254,7.0637119279396074,4.669233308299056
433.84062049786075,272.4534032155525,6.972721949093682,4.466899998638155
432.9506590869221,272.58359679783484,6.444320427078026,4.659739385733303
431.9521095337926,272.478957387871,7.467146936610902,5.401765869037661
430.694613750805,272.6030491182338,7.517465851366637,4.793746340001917
430.20881668417763,273.06274305509254,6.972721949093682,4.466899998638155
429.0931276623299,273.25187996164436,6.972721949093682,4.466899998638155
427.8381733885737,273.2190405475363,6.896453769581115,4.761837126615546
427.4980101782244,273.16276843850255,7.2751480992164375,4.611009358658293
427.377304081152,272.9135866858927,6.526803610790921,5.0990653209304355
425.83442418971975,273.3921519985027,7.412965836717547,4.802109944540291
424.9159002976638,273.2441325960616,7.238633365818487,5.50631085092175
424.38352802428153,273.8103197695004,7.478629137364578,4.351202407193966
423.74817626562424,273.7142878442092,6.929290059586947,5.135098883443902
422.6306405797805,273.4202279777924,8.02252943826386,5.235040396155227
421.5532369336528,273.67018798995423,8.197349970948096,5.277044043797844
421.23714315409734,273.88841111000926,8.290400607005836,5.011361560951286
420.75291908156964,274.20032876624003,7.2064614033750445,4.954442214820347
420.04294670253876,274.33074230183286,6.87346533076385,4.557406360615175
419.69114798409214,274.24069255524756,7.342654062139786,4.827115170480795
418.999348287377,274.4646145784667,6.87346533076385,4.781541099661808
417.9142064403137,274.32729666559464,7.620581127586036,4.407983201250715
417.3920524534842,274.67752507588904,6.924959004805714,5.010742694534201
416.776406006632,274.51853178715726,6.957931033751265,5.260874684055864
415.75045014684105,274.9579238698408,7.172311649492713,4.632117940297405
414.6677996435246,274.9711072657433,8.658450906813925,5.072110294524123
413.9766843899666,275.31345507159836,7.00271637407775,4.487177482418758
413.2371571168003,275.21063874246994,6.929290059586947,3.897725658517629
411.8994157358685,275.4591522626918,7.206678986914994,4.01126471913193
411.721686159732,275.0913381906156,7.138691449302598,4.895102708093191
410.658176689547,275.24608968274424,7.410641599752182,4.691140095256003
409.6879584443543,275.19845300144925,7.4882997571805845,5.1425673031240535
408.99844884714656,275.0215108078959,7.931471294865219,5.353743124034054
408.5786965932205,275.68966535367656,7.389057610265468,4.597635846387391
407.7720249925551,275.20978997917274,7.3753628425166085,4.954442214820347
406.8803842062905,275.35124366428147,7.528566276053766,4.826004023111409
406.3607216571398,275.7055657646205,8.065679809761832,4.708865091248242
405.5784150751576,275.7239653709459,7.5538751138771545,4.771123191841468
405.16223486865255,275.7239653709459,7.3631570896725975,4.511023950108779
404.3398472939641,275.7239653709459,8.185544664361032,5.082670618351926
403.96768892759576,275.7239653709459,8.557703030729385,5.086283288523703
402.93459932439487,275.80145858571836,7.247023229174943,4.781541099661808
402.76577502373766,275.96481281117246,6.972721949093682,5.0116439009111104
401.97125651780783,276.25689889333495,6.642607209449636,4.758882776919165
401.2754698117936,276.88080537616526,7.478629137364578,4.487177482418758
400.50094258751255,276.82240150206053,7.418942812868579,4.1604267538832005
398.74044877121275,276.5792924048366,7.070214349942717,4.918409982568846
398.83137491035296,276.99333183992206,7.026661857650197,4.710179926556691
397.9403835023226,276.7428886028524,6.745798990039361,4.709331370404811
396.78713743567073,276.7878191900392,7.412742179499105,4.555747797817162
395.9208563822988,276.9590437894221,7.342654062139786,5.0990653209304355
395.69174323320203,276.73517760822955,7.486108010803775,5.320704867182826
394.9132001496097,277.1469695323322,6.991158720833255,4.825755577212362
393.7429349013585,277.56890804388917,7.478629137364578,4.555165020031154
393.774291715019,277.3305973513008,7.00035744249368,4.157788056753816
393.35963249619914,277.4110238395067,6.660946172554588,4.36992010046572
392.2456849874063,277.40124368952286,7.733582655789007,4.640149593473382
391.65737194471086,276.86580483966907,7.389057610265468,5.2544409672998995
391.17564814019266,277.5347114868985,7.179853703487424,4.19601839814203
390.7576757437037,277.70326267856126,7.2751480992164375,4.354842172066185
389.80929480837534,277.8052402360523,7.037197362169707,4.511023950108779
389.3307206041824,277.6982067022906,7.471157968221576,4.706829519979578
388.780449275132,277.7018242838206,6.91651403798744,5.225810606479399
387.7914464555459,277.7626730936218,7.15016092366119,5.235944613389677
387.1112008127963,278.0431654040599,7.787482472400654,4.76470967061357
387.06058954840574,278.29902565738064,6.681815414601715,4.516412270980766
385.9685487787032,278.21363148935313,6.814047163350608,4.611009358658293
385.25177769543257,278.9142334491495,6.806874290319229,3.7297941316817855
384.971401001428,278.73437815060714,6.762813726032164,3.842507798881911
383.9069610735232,278.70880508418907,6.957931033751265,4.030508830526628
383.6487428485839,278.42776354822354,6.924959004805714,4.447737897395541
382.81394925233167,278.6362882659892,6.934728836465354,4.759127632868399
382.0142703845907,278.8297182109761,7.226476130133449,5.128466931062462
381.8646578918689,279.0591191226913,6.812358045377948,4.616639336537105
381.1520235825676,278.599431806115,7.237467556564525,4.659739385733303
380.26200613261835,278.48450134516736,7.308271469874512,4.448513068619263
380.1196573577097,279.1991338029801,7.238633365818487,4.763886915965998
379.6035572850374,279.03551081520817,6.25485346034128,4.28321486958157
378.7937251792733,279.30697671429766,7.1332312768414,4.568997811310169
378.00818397462723,279.371250066906,7.412965836717547,4.568997811310169
377.6956769045431,279.2396677346903,7.319062362802754,4.616639336537105
376.96523913862643,279.41732782079345,7.7640327998565795,4.412346509208135
376.6097065183678,279.3722855759582,7.3753628425166085,4.616639336537105
375.99658088531777,279.35579419560116,7.692700396593693,4.615620237956193
375.72198468402297,279.63471777898246,7.467047938659903,4.285067282980947
374.7674403383002,279.71374147020015,7.837430533532881,5.096260248405599
374.71236745255976,279.7617821944007,7.15016092366119,4.447737897395541
373.69969430808277,279.8271089598247,7.181093986389726,5.212084344960317
373.0789127446377,280.2766097460881,7.254915894947942,4.6244785529200385
372.8822867117409,280.2105957616579,6.934728836465354,4.963090245705587
371.52946870788526,280.5021634064033,7.4242393495574674,4.516412270980766
371.64676246032064,280.6108068385026,6.9933639969033266,4.009528691557932
371.4173733761591,280.52776335042506,7.413128151062551,4.461930214146662
370.77149903193947,280.4784176041494,7.212489486205584,4.36992010046572
369.925106111222,280.7088696373037,7.3753628425166085,4.335136937967775
369.49098644345935,281.0024776692041,7.297342303690357,3.8608031955570823
368.6359838051786,280.8525106288835,7.58254872312699,4.354842172066185
368.781042985556,280.5949336876298,6.557879976758443,5.123343731842567
367.8559280153544,280.79738105578235,6.667007010381155,4.522375384664144
367.6843395694275,280.6215238061009,6.873832028035281,4.763725451987227
366.91635557530327,280.6040412851012,7.27466652452739,5.710953159442056
366.38662199654294,281.30042362243256,6.620384583735188,4.382508104726071
365.9915652548536,281.08510292060225,6.79875375108162,4.557406360615175
365.5571777040108,281.24703109333973,6.9933639969033266,4.755487517894267
364.92777209722584,281.03579540618995,7.71316572079985,4.729240295964871
364.42996288336604,280.7805877649279,7.459588263363571,5.128466931062462
364.0156902634994,280.6690189451005,7.254915894947942,5.133595457828676
363.532246739237,280.83706140685337,7.869861165109057,5.059196463284366
362.66118808848813,280.86955817520607,7.179853703487424,5.31495663764656
362.31925870714696,281.5070060206131,6.91651403798744,4.3036087347477405
361.58656715105656,281.6307282158989,7.296918082944444,4.092451411598461
360.8332360813271,281.5269518801044,8.15092763529151,4.461930214146662
360.7308632837667,281.1391660595874,7.306956970151418,5.0081390469576945
360.7737612173597,281.3738906716828,7.098909985646799,4.625929048023977
359.8152493317578,281.7953429322127,7.798822501348013,4.053843379413536
360.1151709502174,281.55452385795616,7.339768712432715,5.260874684055864
359.32540890882296,281.77981211056806,7.567174308238634,4.94182811966607
359.2477501271423,282.023925775984,6.9933639969033266,5.408201490938609
358.1608135375407,281.9134277266703,8.010394400200312,5.094329772057222
357.8910751482568,281.9654741335325,7.825766680227559,4.27883645825392
357.3829951121807,281.89668428594246,7.733582655789007,5.382573528429134
357.49829193874217,282.013596402228,6.699757085950239,4.6729398162510165
356.84984616609756,282.34334896201455,7.410641599752182,4.079252256744326
356.362291819284,282.13522154287847,7.093860443947278,4.8418412553925805
355.95715485138373,282.2096103445006,6.914591305491683,4.577604000151325
355.11418374559673,281.8833986186104,7.3776149738532695,5.123343731842567
354.79758833242767,282.08162738987664,7.127636668720811,4.6244785529200385
354.3891610875109,281.92737864097984,7.641143510234542,5.019495946053667
353.6381037471953,282.12273160128564,6.530855646808618,5.235944613389677
353.5883698157955,281.9149419300087,6.1868659227288845,4.759127632868399
353.69563435812944,281.2464748218311,6.458816073178525,5.914915772279301
352.57130230780945,282.1928449433142,7.428848411171714,4.867176545250402
352.4901935527719,282.1267558032011,7.065269889835065,4.710179926556691
351.5517074644085,282.6713783448912,8.221194252837165,4.461930214146662
351.42752270585424,282.36861301948056,6.777918092760331,4.8916106990204185
350.83205988721886,281.438920979171,7.179853703487424,5.4548239175845765
351.38315649186063,281.57667838960384,6.967747475305885,5.123343731842567
353.5303274064072,282.5710829499963,4.457309046703017,4.2011418601109085
352.82042366343376,282.73544399614144,4.765645475005726,3.218609205840778
353.29768894959807,282.0527862835146,4.166235498826211,4.616639336537105
352.4360454374847,282.40635443475264,5.1397121382728415,3.8966758682776685
352.68481117146365,283.3956556359822,3.8151888285363498,1.9043443640177884
353.342432388376,283.37328972941026,2.91606462814309,2.002598600050078
353.2761064812669,283.90221323972753,2.832872364988532,1.1119685918646383
353.455789691306,283.8382825417693,3.2044666713459833,1.4671052230258397
353.31305497345795,283.6381495126687,3.113252609908727,1.710096504034368
0,0,0,0
0,0,0,0
0,0,0,0
0,0,0,0
0,0,0,0
0,0,0,0
0,0,0,0
0,0,0,0
0,0,0,0
0,0,0,0
0,0,0,0
0,0,0,0
0,0,0,0
0,0,0,0
0,0,0,0
0,0,0,0
0,0,0,0
0,0,0,0
0,0,0,0
0,0,0,0
0,0,0,0
0,0,0,0
0,0,0,0
0,0,0,0
0,0,0,0
0,0,0,0
0,0,0,0
0,0,0,0
0,0,0,0
0,0,0,0
0,0,0,0
0,0,0,0
0,0,0,0
0,0,0,0
0,0,0,0
0,0,0,0
0,0,0,0
0,0,0,0
0,0,0,0
0,0,0,0
0,0,0,0
0,0,0,0
0,0,0,0
0,0,0,0
0,0,0,0
0,0,0,0
0,0,0,0
0,0,0,0
0,0,0,0
0,0,0,0
0,0,0,0
0,0,0,0
0,0,0,0
0,0,0,0
0,0,0,0
0,0,0,0
0,0,0,0
0,0,0,0
0,0,0,0
0,0,0,0
0,0,0,0
0,0,0,0
0,0,0,0
0,0,0,0
0,0,0,0
0,0,0,0
0,0,0,0
0,0,0,0
0,0,0,0
0,0,0,0
0,0,0,0
0,0,0,0
0,0,0,0
0,0,0,0
0,0,0,0
0,0,0,0
0,0,0,0
0,0,0,0
0,0,0,0
0,0,0,0
0,0,0,0
0,0,0,0
0,0,0,0
0,0,0,0
0,0,0,0
0,0,0,0
0,0,0,0
0,0,0,0
0,0,0,0
0,0,0,0
0,0,0,0
0,0,0,0
0,0,0,0
0,0,0,0
0,0,0,0
0,0,0,0
0,0,0,0
0,0,0,0
0,0,0,0
0,0,0,0
0,0,0,0
0,0,0,0
0,0,0,0
0,0,0,0
0,0,0,0
0,0,0,0
0,0,0,0
0,0,0,0
0,0,0,0
0,0,0,0
0,0,0,0
0,0,0,0
0,0,0,0
0,0,0,0
0,0,0,0
0,0,0,0
0,0,0,0
0,0,0,0
0,0,0,0
0,0,0,0
0,0,0,0
0,0,0,0
0,0,0,0
0,0,0,0
0,0,0,0
0,0,0,0
0,0,0,0
0,0,0,0
0,0,0,0
0,0,0,0
0,0,0,0
0,0,0,0
0,0,0,0
0,0,0,0
0,0,0,0
0,0,0,0
0,0,0,0
0,0,0,0
0,0,0,0
0,0,0,0
0,0,0,0
0,0,0,0
0,0,0,0
0,0,0,0
0,0,0,0
0,0,0,0
0,0,0,0
0,0,0,0
0,0,0,0
0,0,0,0
0,0,0,0
0,0,0,0
0,0,0,0
0,0,0,0
0,0,0,0
0,0,0,0
0,0,0,0
0,0,0,0
0,0,0,0
0,0,0,0
0,0,0,0
0,0,0,0
0,0,0,0
0,0,0,0
0,0,0,0
0,0,0,0
0,0,0,0
0,0,0,0
0,0,0,0
0,0,0,0
0,0,0,0
0,0,0,0
0,0,0,0
0,0,0,0
0,0,0,0
0,0,0,0
0,0,0,0
0,0,0,0
0,0,0,0
0,0,0,0
0,0,0,0
0,0,0,0
0,0,0,0
0,0,0,0
0,0,0,0
0,0,0,0
0,0,0,0
0,0,0,0
0,0,0,0
0,0,0,0
0,0,0,0
0,0,0,0
0,0,0,0
0,0,0,0
0,0,0,0
0,0,0,0
0,0,0,0
0,0,0,0
0,0,0,0
0,0,0,0
0,0,0,0
0,0,0,0
0,0,0,0
0,0,0,0
0,0,0,0
0,0,0,0
0,0,0,0
0,0,0,0
0,0,0,0
0,0,0,0
0,0,0,0
0,0,0,0
0,0,0,0
0,0,0,0
0,0,0,0
0,0,0,0
0,0,0,0
0,0,0,0
0,0,0,0
0,0,0,0
0,0,0,0
0,0,0,0
0,0,0,0
0,0,0,0
0,0,0,0
0,0,0,0
0,0,0,0
0,0,0,0
0,0,0,0
0,0,0,0
0,0,0,0
0,0,0,0
0,0,0,0
0,0,0,0
0,0,0,0
0,0,0,0
0,0,0,0
0,0,0,0
0,0,0,0
0,0,0,0
0,0,0,0
0,0,0,0
0,0,0,0
0,0,0,0
0,0,0,0
0,0,0,0
0,0,0,0
0,0,0,0
0,0,0,0
0,0,0,0
0,0,0,0
0,0,0,0
0,0,0,0
0,0,0,0
0,0,0,0
0,0,0,0
0,0,0,0
0,0,0,0
0,0,0,0
0,0,0,0
0,0,0,0
0,0,0,0
0,0,0,0
0,0,0,0
0,0,0,0
0,0,0,0
0,0,0,0
0,0,0,0
0,0,0,0
0,0,0,0
0,0,0,0
0,0,0,0
0,0,0,0
0,0,0,0
0,0,0,0
0,0,0,0
0,0,0,0
0,0,0,0
0,0,0,0
0,0,0,0
0,0,0,0
0,0,0,0
0,0,0,0
0,0,0,0
0,0,0,0
0,0,0,0
0,0,0,0
0,0,0,0
0,0,0,0
0,0,0,0
0,0,0,0
0,0,0,0
0,0,0,0
0,0,0,0
0,0,0,0
0,0,0,0
0,0,0,0
0,0,0,0
0,0,0,0
0,0,0,0
0,0,0,0
0,0,0,0
0,0,0,0
0,0,0,0
0,0,0,0
0,0,0,0
0,0,0,0
0,0,0,0
0,0,0,0
0,0,0,0
0,0,0,0
0,0,0,0
0,0,0,0
0,0,0,0
0,0,0,0
0,0,0,0
0,0,0,0
0,0,0,0
0,0,0,0
0,0,0,0
0,0,0,0
0,0,0,0
0,0,0,0
0,0,0,0
0,0,0,0
0,0,0,0
0,0,0,0
0,0,0,0
0,0,0,0
0,0,0,0
0,0,0,0
0,0,0,0
0,0,0,0
0,0,0,0
0,0,0,0
0,0,0,0
0,0,0,0
0,0,0,0
0,0,0,0
0,0,0,0
0,0,0,0
0,0,0,0
0,0,0,0
0,0,0,0
0,0,0,0
0,0,0,0
0,0,0,0
0,0,0,0
0,0,0,0
0,0,0,0
0,0,0,0
0,0,0,0
0,0,0,0
0,0,0,0
0,0,0,0
0,0,0,0
0,0,0,0
0,0,0,0
0,0,0,0
0,0,0,0
0,0,0,0
0,0,0,0
0,0,0,0
0,0,0,0
0,0,0,0
0,0,0,0
0,0,0,0
0,0,0,0
0,0,0,0
0,0,0,0
0,0,0,0
0,0,0,0
0,0,0,0
0,0,0,0
0,0,0,0
0,0,0,0
0,0,0,0
0,0,0,0
0,0,0,0
0,0,0,0
0,0,0,0
0,0,0,0
0,0,0,0
0,0,0,0
0,0,0,0
0,0,0,0
0,0,0,0
0,0,0,0
0,0,0,0
0,0,0,0
0,0,0,0
0,0,0,0
0,0,0,0
0,0,0,0
0,0,0,0
0,0,0,0
0,0,0,0
0,0,0,0
0,0,0,0
0,0,0,0
0,0,0,0
0,0,0,0
0,0,0,0
0,0,0,0
0,0,0,0
0,0,0,0
0,0,0,0
0,0,0,0
0,0,0,0
0,0,0,0
0,0,0,0
0,0,0,0
0,0,0,0
0,0,0,0
0,0,0,0
0,0,0,0
0,0,0,0
0,0,0,0
0,0,0,0
0,0,0,0
0,0,0,0
0,0,0,0
0,0,0,0
0,0,0,0
0,0,0,0
0,0,0,0
0,0,0,0
0,0,0,0
0,0,0,0
0,0,0,0
0,0,0,0
0,0,0,0
0,0,0,0
0,0,0,0
0,0,0,0
0,0,0,0
0,0,0,0
0,0,0,0
0,0,0,0
0,0,0,0
0,0,0,0
0,0,0,0
0,0,0,0
0,0,0,0
0,0,0,0
0,0,0,0
0,0,0,0
0,0,0,0
0,0,0,0
0,0,0,0
0,0,0,0
0,0,0,0
0,0,0,0
321.9075132389775,257.04984945409524,6.709803246202796,3.289119238334706
322.0162474613029,256.7777094983444,5.992182925002396,3.9221560963651996
322.49823566964255,256.22943621494943,6.134992572147951,3.1577167650761453
321.6119836593197,255.73900578063865,6.87346533076385,3.8102905637929894
321.6480762140691,254.8143172456179,7.127417841171905,4.240362513102269
322.22559102220185,254.14567658615792,6.345368342047436,3.47199399847878
322.9944700750897,253.72941612878247,5.155098998072901,3.6608674044285863
321.84677073608674,252.41663094175755,6.361954207666997,4.56033885682325
321.45686654531175,251.7326958386888,6.866741298852958,4.147239794356722
322.113069665677,250.8734543990864,5.906060356911098,3.4621733126720073
321.88071974082766,250.01744726798225,6.266377104627509,3.612758228688307
321.996614652435,249.06512332358835,5.9070289242883405,3.5133309288250985
321.70156331509827,248.018356653898,6.3011553538997305,3.759512858209092
321.6269743426735,247.4208190378179,6.609113414076887,3.432640300334498
322.05543537010004,246.40723291595873,6.146890253520553,3.1725885179460818
321.81792040008565,244.91879294771317,6.301712790166334,4.098674985474048
321.71245530213463,243.96060662335253,6.247405170566992,3.77641655832781
322.0290337466744,242.68843471474375,6.0614610530279265,4.169667475968225
321.6514285916031,240.86122964088932,6.529108863373722,4.071658294871412
321.74189744899655,239.95414204404935,6.464164735647103,4.089980774097683
321.6584595644325,236.90200073871327,5.786807428252928,3.804586099238122
321.6339150226489,235.89349446627327,5.760590889992102,3.985863393580388
321.736208678966,234.6928195253546,5.963413449966026,4.0559981185430445
321.41099789644744,232.8397049294129,6.02523996964635,4.169785277006923
321.6841088811317,232.18942312224826,5.430580319025353,3.4789655168756326
321.6216848846489,230.15073730289305,5.691916834660731,4.0833316422565815
321.683601442431,228.74426004102136,5.673309209840681,3.3748916325206153
321.4440833428709,227.13235673771578,5.9414891358117075,3.7929063486916164
321.6252177489179,225.5023960629926,5.801767041448784,3.486040282415587
321.66577778353854,224.11927542522696,5.9842449886581335,3.474722896640202
321.7379868205365,221.8513643086894,5.556387803184009,3.813207315910603
321.825395918318,220.47218368570066,6.1249974633848865,4.330806287241842
321.8668180148359,218.89769511239007,6.01429303733687,3.8230389849738344
321.5633144499407,216.90271711296265,6.448814128842628,4.794184187889584
321.7012072540183,215.82527754302453,6.361954207666997,4.053634539398445
322.2241331747337,214.20367459333914,5.945636956473209,4.246883540338018
322.5259531143657,212.79140595837666,5.445662859785273,3.970063891327328
322.2728451893036,211.09841832032916,6.045545603574226,3.893741236200327
322.42875599240574,209.88081140623015,5.7969959475133805,3.9349305825545287
322.5229849238209,207.75625460449956,6.022853020843002,3.938019282858903
322.4987609446508,205.72490501698607,6.236682085130724,4.582052144177652
322.85210420904923,203.13954465102648,6.106520545835963,3.9644426580296397
322.787074460513,200.69774413643665,6.362291039902402,5.147381193086858
322.9960716145537,199.6099340974409,6.402931119579193,4.241257792883658
323.1556062131693,197.65498507259272,5.897270815191632,4.751757779147198
323.54601350594305,196.61479138561032,5.371015471380019,3.9432771815195053
323.7291508170006,194.7093331341246,5.594979557703141,3.9644426580296397
323.7770505996327,192.72206736406085,5.557859545252541,4.497199326692879
323.7267554066703,191.4130458311817,5.9022147948950305,3.9597137231574493
323.6451006863249,189.69664881114645,6.322840997953733,4.351202407193938
323.79307152913043,187.99756174287478,6.136752288811579,4.391437417681658
323.7844336984896,186.39990735148322,6.284280970900454,4.364084007569772
324.44085460646306,184.90011677677919,5.678397365960279,4.077922432697335
324.6133204505222,183.59204790104042,5.520948602439432,3.281682735715748
324.53762010675536,182.12674115615218,5.7969959475133805,3.3376643334167966
324.4119943818287,179.92621935023251,6.0241513293838125,4.335136937967803
324.7657415328303,177.95701054657832,5.985337718191772,4.289492031370742
324.71100232934475,176.8182615569226,6.43672437860306,3.9715958931805915
324.7868578866061,175.2202409143786,6.721850084432674,4.7462525685779156
324.6503504508128,173.63892462244357,6.4676726755146206,4.560257344091639
324.77129608487775,171.9720087512786,6.3942623516607,4.380069710887597
324.53527142856285,168.64598756503065,7.5447871826565915,5.366012006146832
325.5832979425588,166.60672373221652,5.898185229186311,5.171238030070896
325.4772485161106,165.01019125145044,6.742716466638399,4.711653555433884
325.1035838516293,163.6628511061439,6.575567846543834,4.394726249197646
325.6555609758282,161.9806564445525,6.630254092986661,4.796034139824826
325.6532201618067,160.717381395378,6.721850084432674,4.601696652783687
325.51349340528094,158.9777148113181,6.380581681890078,5.003858663390986
326.0571329563852,157.9945439457961,6.062876369928745,4.183119940824213
325.70026896876414,156.14837968765855,6.686915817057468,5.174138140411685
325.26521414105315,153.92343074108874,6.777918092760331,5.051467257811964
326.07764367171274,152.51853098851564,5.9070289242883405,4.6329638621869265
326.4350145926542,151.3042884384405,5.868420892103472,4.246883540338018
326.47029916468654,149.92545499499013,5.923628373325926,3.863889573463865
326.55656620819224,148.2439623151212,5.713988763363886,4.053843379413564
326.81920946447246,146.4661438642884,5.761862638740581,4.215997052736981
327.00168865716364,144.3898369836026,5.5844446677083965,5.533211230389952
327.24549244743054,143.21913347463735,5.747044807984253,4.679736486501469
326.65946877221376,141.68524772932247,6.2757726933061235,4.482694780932945
326.7724856117578,139.7379108346276,6.586090222210544,4.891610699020447
326.9797199717808,138.57299243641643,6.215893181767456,4.439923701262472
327.4427227773962,137.02333351154047,5.745171057967411,4.050742727506986
327.37366415411714,133.29946492164066,5.897640507503127,4.384862830857372
327.7460912891083,131.63565324927237,5.527839742921685,4.975055768629545
327.57608191473565,130.11086535839996,5.848620647428447,4.4608123582081305
327.4091541189473,128.75361852616203,6.129301584554412,4.32334665339107
327.89150980811587,127.16025328334386,5.72224599426886,4.4067871450116485
328.26088667542155,125.77417039236937,5.164596389602821,4.321396979055407
328.20721521401333,124.05712286373736,6.094959334891712,4.735651857325934
328.13960592392294,123.24303763187982,5.818778676759678,3.5203610994396115
328.4104684154463,120.9564196521743,5.885582089555214,4.648612294462254
328.07936597009314,119.9236582682553,6.095441115990923,3.5657125895915414
327.8603437297934,118.01655257704145,6.408645600211798,4.963086442269301
328.647029268401,116.47245542404484,5.348039418015787,4.156644498160759
328.9605026029413,114.98044264393538,5.3276083394916895,4.1656196893144966
328.7373520083992,113.35908892757212,5.480416631332957,3.680086530218759
328.3470098478891,111.75189919944923,5.818778676759678,3.898581713428996
328.5809242685826,109.99961776809201,6.603822615738238,4.987781431826448
328.7479509041478,108.70441644760356,6.312274989682294,4.963086442269301
329.08481347032745,107.38657902114277,6.236682085130724,4.751757779147212
328.52003640945094,105.85516811738326,6.407057124553546,4.950907778064092
328.7764956356621,104.29406808287321,6.432738252844217,5.348568884387305
328.9756046552501,101.42140160581793,6.066976450161178,4.624478552920053
328.87124380339753,99.82492550790428,6.4452111482036685,4.774902906979051
328.5780807037174,98.19350708583563,6.354106239226667,4.950907778064092
328.76326505214644,96.64808686811872,6.533445617977463,4.691803229017367
329.09731900551844,94.20977527399106,6.138677117397663,5.598164666809211
328.6277127865871,93.57900324218801,6.730764445366049,4.669878914863091
328.51867088645474,92.12805517500541,6.840386016137472,5.108365197948828
328.63808635940944,90.42671881108599,6.837064945192651,4.887774088478139
329.1726666212724,88.9451525131176,6.066976450161178,4.582052144177666
329.2961966232116,87.57266053492322,6.226505219817454,5.042592255485957
329.43794805353565,86.19459782930764,5.923628373325926,4.6607228318046765
329.42397445034754,84.73923404009203,6.586090222210544,4.571897581437398
329.30493217595836,83.46707230003645,6.445748361360302,4.5383330299373625
329.6581998336882,81.87596234257113,6.0614610530279265,4.748787958741602
329.8286446665096,80.14276010508722,5.78968478337589,4.742304621559143
329.8194738438013,79.33887307503156,6.905803339793579,4.220213152096065
329.64200297900754,77.93775944467478,6.85099521069759,5.234863007148434
329.66259401993176,76.51449253848648,6.358051104743197,4.735651857325948
329.6120792432336,74.98740973737982,6.3845529475794365,4.553511347518921
329.453696612774,71.94624665163377,6.279108493873082,4.3274936917233475
329.7051688468329,71.03297668824406,6.456830905476579,4.722159915945554
330.00711999982286,69.05471495920861,6.772010586704141,4.684125285173366
329.6179528757884,67.67854993758229,6.354106239226667,5.136235876708213
329.6990205965741,66.65506248577236,6.298348416385807,5.051467257811964
330.08271190931885,64.94122501287977,6.074549234077665,4.763725451987227
330.34732337113945,63.15859854611947,6.354433526397941,4.829369480062461
330.60197193871915,61.66424033111315,5.840611854300505,5.072110294524123
330.8049068785356,60.38250412503265,5.6033684761661675,4.034425302839651
330.6824182632487,58.83088189272314,5.734558477460723,4.941977224478357
330.74553200153304,57.452814751439384,5.656462712422126,4.778129993101928
330.75311863523996,56.22868006091568,5.87696646352731,4.276802327418373
330.17653315377396,54.700905777209854,6.342468757668087,4.596835154640154
331.0897203208677,54.05414491034549,5.897640507503127,3.5736632071487477
330.4929821461375,51.61200605417,6.124995598282908,4.82817242600801
330.5380788871448,50.77200384757369,6.38436023273789,3.5113981280058226
330.59741126951354,49.062879013402295,5.963413449966026,4.231392631777354
330.53074173127715,47.6372168767241,6.194255676388309,4.072935239269036
330.72532115880233,46.280002064062614,5.686070832282155,4.688514545916867
330.02011418004184,45.006296152601735,6.823284998738586,4.289492031370749
330.4972102047339,41.962914901845735,6.46452881419674,4.6375967580106945
330.5073115855118,40.93948530517268,6.042929108923033,4.2511303615098015
330.7373365017374,39.2784502147561,6.26408968441757,4.529418694886552
330.18924645804736,37.801321486892306,6.480923558108941,4.505326042254175
330.5183331522367,36.23862800054125,6.935410305954349,4.048681932533562
330.65669508765654,34.690625068164266,6.486149407061703,4.941828119666056
330.4193333090555,33.042788895063524,6.530855646808618,4.391437417681658
330.4675896734888,31.914103047628895,7.001717275068472,4.987524634295351
330.8423612089865,30.56668024453487,6.4006565444356625,4.422271794337359
330.8202827740485,28.827966435921518,6.783382747283952,5.107488186190288
330.0948459371413,27.779776988550793,7.225898695732553,5.0472357723961
330.68881092178674,25.77015320473169,6.608610867453876,5.4285017839799785
331.21775859818035,24.6637678091782,6.160732277354612,4.801424799788808
331.5756178519075,23.69777332476894,5.692220172640532,3.441807546247766
330.7201478252733,21.839243851769478,7.131425179183054,4.649881958048429
330.87800722251717,20.68815808631184,6.660346851395332,3.9962081108371876
331.00395637849033,19.20327442213396,6.539434337870773,4.553776138112429
331.5361914325099,18.06258702579927,5.854844406449217,3.9032296042994936
330.90811721066876,16.02453502128352,6.6185197638121736,4.369920100465734
331.5413224715255,15.024179830436443,5.878607242299552,4.168028905400922
330.7907226052436,13.825797373444836,6.991084247707022,4.420169395324436
331.30970306610794,10.910083823935489,5.993342037062462,4.567741261256355
