464.6230763844651,301.5935699424624,5.815654157153347,4.021462981010302
465.1715011812828,300.79629626518687,5.747044807984253,3.448226884790529
465.4803112095364,299.4995767080686,5.687936050814699,3.589926851743712
465.2906178353017,298.5195266529795,6.681815414601715,3.959594319763994
466.30539931215395,296.6136894654304,5.750316688777275,4.659739385733303
466.74394045962435,295.77810639253084,6.25047935284789,4.047441548155632
467.6403164897686,294.800407749981,6.1868659227288845,3.603339493457497
468.0078798768432,291.50667016924865,6.805552737094331,4.39267494848815
469.1123606528424,290.43985045795904,6.044772093145809,3.9697010760957596
468.8545952155412,289.5118569071878,6.480517303797114,3.6365492783897366
469.66304332159416,288.15881324085433,6.0967790408926135,4.149908422792464
469.7809083364944,286.6966329330625,6.679189567986157,4.517139765632237
470.6982061273061,285.5464939416206,6.499907432352757,4.632117940297405
470.7680981806983,284.7977672307395,6.361954207666997,3.6595311814014053
471.5427529117436,283.3211314144888,6.491240537585043,3.98808242178427
471.86950519845414,281.85928124145516,6.400538908751344,4.405565742387296
472.49409423272476,280.55548245062494,6.576834416136023,4.567246122316703
472.766382939338,279.659666148832,7.307593795706737,3.7451418202996933
473.11109777405073,278.3978402751421,7.186059407833909,4.311635644700345
473.8911990833124,277.4015862166277,6.263974772839731,3.9235885939765467
474.6216987070759,275.65373536444105,6.732203024181217,4.235992914091582
474.651692224975,274.5134631403254,6.733034436478704,3.9068224507962555
475.4593565347878,273.2500215888241,6.725395766955614,4.316298775807354
475.71291893069736,271.5964734633054,6.959131216007563,4.8411347589618
476.4943310046126,270.6176325982341,6.676984098521473,3.6482490435220143
476.6253126470835,269.5258237017724,7.033559028367733,3.7451418202996933
477.10258192143704,267.67142372306563,6.505274832354928,4.689849297744217
477.739866982304,265.4262406134877,7.307593795706737,4.019176587638697
478.62273002393476,263.7537185062892,6.625016725657758,4.617435899700865
478.8951969706219,262.32470699154203,6.83901122017005,5.074105098835844
479.36252581264904,261.17222857490196,6.668179338582377,4.567246122316703
479.4212688901497,259.4749673172681,7.571837637498561,4.680772357726369
480.5561388195781,258.65473084160374,6.649910554546864,4.073070214659936
480.54102705903256,257.3655993438596,7.564273255797048,4.239317978523616
481.8376408009176,255.40066823129217,6.485489493689727,4.841280889655707
481.75167429499146,254.4102317265819,6.58774069179475,4.720349629553709
482.62337584489757,252.88693363167332,6.505274832354928,4.387278375309137
482.4862207908105,251.473541733053,7.216248873260383,5.023970734548385
483.4217376067166,250.3509236040005,6.539314323294207,4.543102582499131
483.71211376258805,248.6930807287046,7.148653846137847,4.738061270114628
483.8809126817427,247.48329366926433,7.227290973444838,4.517056858403009
484.4387395493352,246.08981776882766,7.158828311816819,4.611937470112764
484.8739805570741,244.8133863200663,7.454129697471956,4.4474219203404175
485.6897028760447,243.59121663108675,6.470479435680602,4.061258369203756
485.85052495023893,241.72824494570912,7.314901610001527,4.4886896243191075
486.685210109505,240.40061186722372,7.628807138636205,4.818193982296549
487.46724908418474,239.11593900414343,6.668179338582377,4.384556277424025
488.70060053173586,235.7886036965613,6.566786672615024,4.4886896243191075
488.60232911823294,234.69774192777248,7.39054438308699,4.522571935918904
489.3300562012668,232.7491484651898,6.952323648975948,4.818442132953635
489.77131818601316,231.36390272091774,7.398938718153033,4.567246122316703
490.5525600127739,230.13168197226713,7.70950741272577,4.611937470112764
490.7916521587969,228.68855984836608,7.515397473614314,4.606211354795846
491.0500985510058,227.36627511666805,7.916012075566641,3.9924234815901514
491.46923091796396,225.81551470544477,7.929944262529716,4.316298775807326
492.75461193553065,223.2481111705457,7.216248873260383,5.11531565699471
493.19247469679016,222.07004022602925,7.033559028367733,4.384556277424025
493.5271696424824,220.7235701237643,7.628807138636205,4.818193982296549
493.8829572121933,218.68599588605903,7.791201252704127,4.538563836526691
494.73159439264316,216.55549214537473,7.672973485492037,5.572040269226363
494.9302610987998,215.5166305685589,8.018129444530473,4.8411347589618
495.6903420898859,213.57679904761525,7.564273060877781,4.689849297744246
495.87252364644667,212.0485222914966,8.038353175277393,4.841280889655707
496.6475270794274,210.36550398197423,7.528428097338349,4.717814940998693
497.6002988468322,208.32487056089082,7.227290973444838,4.918573023594405
497.824201022354,206.43073263411108,7.715558522095364,4.8411347589618
498.7266864877614,204.5081546599096,7.467284174966551,5.41520608108263
499.6113327596891,201.5579762421251,7.76431840793839,4.932625812102032
500.4541142210752,199.72767823373925,7.564273255797048,4.904309033978308
500.570979949702,197.68525490600223,7.809297190613904,4.902186557611628
501.7278111375383,195.8592508293532,7.216248873260383,5.206660579441035
503.0395230600142,193.92135141892663,7.1517492087619985,5.6971561493527645
503.91010494772155,192.07715807998892,7.030533120477855,5.333507884500477
503.7587316598193,190.63954819583486,6.952323648975948,4.956111908180873
503.963418654335,188.65048624923196,7.729186179934061,5.018952064892233
504.65204829252303,186.91676127043175,7.7214642808372105,5.074105098835844
505.01308100093104,184.56222100913755,8.146140429319871,5.40305232556932
505.7738717485791,183.51587052255493,8.312388193183608,4.239317978523616
506.34792287245835,181.24624487120107,7.7214642808372105,4.963798466252456
506.6826501397777,178.93201042610548,8.396343097574345,5.521919334440781
507.6534347612708,177.46893527438104,8.312388193183551,4.904309033978308
508.20371079108475,175.53073184019524,8.038353175277393,4.841280889655707
508.8118109055631,173.4689956801123,8.169414905747999,5.370633873223227
509.364896216343,171.45876214128603,8.052384178587317,4.853491833669068
509.84810076636336,169.4647934041376,8.532218510316852,5.018952064892233
510.8305418604455,167.55149687164706,8.27299744375415,4.963798466252456
511.39728053500625,165.53827713018958,7.855663330384743,5.206660579441035
511.55299695492477,163.40866021274363,8.169414905747999,4.916777489570563
512.9828506012442,159.4656293011138,8.329021401248383,4.749607245340002
513.623187021173,157.26875279540906,8.948535389770996,5.575625896703485
514.6165521489035,155.06784179182358,7.791201252704127,5.370633873223227
514.6094625612897,153.11831475053555,8.478635957047231,5.901795617160332
515.7214343474154,151.15968483994243,8.33146042772114,5.520847271381456
516.0859828150165,148.7109789209308,8.162690811170705,5.625638261752783
516.6425764239899,146.4005940450429,8.714223974087645,6.066864792086335
517.6051918694986,144.50209430498202,8.606342268171147,5.575940061068678
518.2304839214218,142.06074131794193,8.466691176475592,5.988635222385227
518.8360240359152,140.33861898205097,8.62327128940069,5.597562065049573
519.5758526338253,137.57869923494601,7.979892665456191,6.068043381024012
520.1291288842596,135.52378579158525,8.312387942616397,5.754730114119042
520.657580992554,133.65639565041604,8.320700366965525,5.900132987484682
521.7119387267774,131.85140760655142,8.260186513634835,5.300286346248981
521.9522711285367,129.21638654657957,8.606342268171261,6.060804414205052
522.6480989517283,126.8563798290143,8.774556750618217,6.505274832354914
523.9121377316735,124.57475933381986,8.395512075115448,6.2342911448876634
523.9598966465004,122.45958364236029,8.925842211835857,6.051418448702236
524.7571466315444,120.48768902648544,8.673195839316577,5.988635222385213
524.8073149056669,118.39693320522149,9.454854886159865,5.939588325920965
525.6791894421463,116.07111363012876,8.73297659291245,6.223500560466377
527.1130975654951,111.66296151732038,8.769112554848107,5.6633851916727025
527.5258633860736,109.17471311027515,8.774556750618217,6.051418448702236
528.5846612665121,106.58587442975784,8.644883720910912,6.8161583184105154
529.1043586832807,104.44178594232696,9.228413134270909,6.5052748323549
529.7921038250475,101.64504121414362,8.493610708920869,7.169931117920214
530.6997625713356,100.1374807299788,8.673195839316463,6.952323648975934
530.8641421505893,97.59226301401453,8.677767632401697,6.394144571243373
531.5889161332015,95.78363929498869,8.9518023997407,5.937419959011706
532.4686988630334,92.85646531022444,8.714223974087645,6.7287045875866625
532.8944608465218,90.42548338912363,9.40852701197241,6.759524261028716
533.7510722509277,88.17400250763578,9.155450504421196,6.6183979550032745
534.7099050663894,85.53758521897038,8.73297659291245,7.126911932146982
535.3637915527779,83.73661737194745,8.9518023997407,6.850869183475041
535.7142049794345,81.56203031298526,9.435629881997443,6.4242586430620605
536.770810312624,78.81944437773564,8.431839469018996,7.428049056040521
537.1759348371668,76.7432014543324,8.824530606671033,6.7287045875866625
538.0006307628564,74.21929471406028,9.376063769587972,6.6183979550032745
538.5658443469031,71.6662020033285,9.536008923295299,7.227290973444823
539.158743375678,69.11057193840334,9.757912248532307,7.488630330269018
539.357409851105,66.44542442828698,9.722039811222771,7.424103128570081
540.7843582970877,64.36798809776414,9.191110358061678,7.059838390974917
542.4925387673301,59.69780186354572,9.559246422161095,6.982406082274196
542.7089005723237,57.00677667206047,9.518080176034005,7.187121765576677
543.7556881276216,54.5634806204981,9.292709827839076,7.709507412725799
544.7440899714622,52.678694722738875,9.27068231282226,6.827732243902879
545.3398107568732,49.65983252799391,10.047941469096713,7.855663330384722
545.5482814798423,47.4379307750252,9.77390670175771,7.764318407938383
546.7338903118055,45.32665026819028,9.706983667338136,7.169931117920214
547.5165150684734,42.544633037608314,9.559246422161095,7.730521019660706
548.4798546472113,40.577578064191655,9.837146047188753,7.026532890849133
548.5986421536204,37.54102500439495,9.77390670175771,8.586422709955393
549.654741038192,35.61100322626939,9.376063769587972,7.280237750503602
550.0449836432757,32.55755645754344,9.891741949888456,8.063016547388052
551.5123894542062,30.5006841264828,9.017370277384657,7.57183763749855
551.8316158915858,27.769147315517742,9.60662678731478,7.715558522095357
552.5992155298304,25.200411720321632,9.40852701197241,7.49028364059938
553.0626202161544,22.47523281351738,10.12354184366211,8.258678872461225
553.5871958860422,20.2727103218859,10.394068029657092,7.640672525112173
555.0141577897446,17.91652562467277,9.591216856865117,7.490283640599383
555.281620101154,15.398579261245688,10.363054093402639,7.261702138442688
555.8742178074265,12.549339207616946,10.138283171082321,8.231081386423273
557.589150409778,7.411876590022331,9.817290299921524,8.714223974087648
557.7979775346234,5.477306419697481,10.258516830255076,7.942077546003933
558.5419297592651,2.146613528356248,10.138283171082321,8.130702345125428
559.3093622214689,0,10.037904129784465,8.097629768957509
561.1738392180504,0,7.9908110827909695,5.4634424146903875
562.1357100966018,0,7.217506784456418,3.315075554918886
0,0,0,0
0,0,0,0
0,0,0,0
0,0,0,0
0,0,0,0
0,0,0,0
0,0,0,0
0,0,0,0
0,0,0,0
0,0,0,0
0,0,0,0
0,0,0,0
0,0,0,0
0,0,0,0
0,0,0,0
0,0,0,0
0,0,0,0
0,0,0,0
0,0,0,0
0,0,0,0
0,0,0,0
0,0,0,0
0,0,0,0
0,0,0,0
0,0,0,0
0,0,0,0
0,0,0,0
0,0,0,0
0,0,0,0
0,0,0,0
0,0,0,0
0,0,0,0
0,0,0,0
0,0,0,0
0,0,0,0
0,0,0,0
0,0,0,0
0,0,0,0
0,0,0,0
0,0,0,0
0,0,0,0
0,0,0,0
0,0,0,0
0,0,0,0
0,0,0,0
0,0,0,0
0,0,0,0
0,0,0,0
0,0,0,0
0,0,0,0
0,0,0,0
0,0,0,0
0,0,0,0
0,0,0,0
0,0,0,0
0,0,0,0
0,0,0,0
0,0,0,0
0,0,0,0
0,0,0,0
0,0,0,0
0,0,0,0
0,0,0,0
0,0,0,0
0,0,0,0
0,0,0,0
0,0,0,0
0,0,0,0
0,0,0,0
0,0,0,0
0,0,0,0
0,0,0,0
0,0,0,0
0,0,0,0
0,0,0,0
0,0,0,0
0,0,0,0
0,0,0,0
0,0,0,0
0,0,0,0
0,0,0,0
0,0,0,0
0,0,0,0
0,0,0,0
0,0,0,0
0,0,0,0
0,0,0,0
0,0,0,0
0,0,0,0
0,0,0,0
0,0,0,0
0,0,0,0
0,0,0,0
0,0,0,0
0,0,0,0
0,0,0,0
0,0,0,0
0,0,0,0
0,0,0,0
0,0,0,0
0,0,0,0
0,0,0,0
0,0,0,0
0,0,0,0
0,0,0,0
0,0,0,0
0,0,0,0
0,0,0,0
0,0,0,0
0,0,0,0
0,0,0,0
0,0,0,0
0,0,0,0
0,0,0,0
0,0,0,0
0,0,0,0
0,0,0,0
0,0,0,0
0,0,0,0
0,0,0,0
0,0,0,0
0,0,0,0
0,0,0,0
0,0,0,0
0,0,0,0
0,0,0,0
0,0,0,0
0,0,0,0
0,0,0,0
0,0,0,0
0,0,0,0
0,0,0,0
0,0,0,0
0,0,0,0
0,0,0,0
0,0,0,0
0,0,0,0
0,0,0,0
0,0,0,0
0,0,0,0
0,0,0,0
0,0,0,0
0,0,0,0
0,0,0,0
0,0,0,0
0,0,0,0
0,0,0,0
0,0,0,0
0,0,0,0
0,0,0,0
0,0,0,0
0,0,0,0
0,0,0,0
0,0,0,0
0,0,0,0
0,0,0,0
0,0,0,0
0,0,0,0
0,0,0,0
0,0,0,0
0,0,0,0
0,0,0,0
0,0,0,0
0,0,0,0
0,0,0,0
0,0,0,0
0,0,0,0
0,0,0,0
0,0,0,0
0,0,0,0
0,0,0,0
0,0,0,0
0,0,0,0
0,0,0,0
0,0,0,0
0,0,0,0
0,0,0,0
0,0,0,0
0,0,0,0
0,0,0,0
0,0,0,0
0,0,0,0
0,0,0,0
0,0,0,0
0,0,0,0
0,0,0,0
0,0,0,0
0,0,0,0
0,0,0,0
0,0,0,0
0,0,0,0
0,0,0,0
0,0,0,0
0,0,0,0
0,0,0,0
0,0,0,0
0,0,0,0
0,0,0,0
0,0,0,0
0,0,0,0
0,0,0,0
0,0,0,0
0,0,0,0
0,0,0,0
0,0,0,0
0,0,0,0
0,0,0,0
0,0,0,0
0,0,0,0
0,0,0,0
0,0,0,0
0,0,0,0
0,0,0,0
0,0,0,0
0,0,0,0
0,0,0,0
0,0,0,0
0,0,0,0
0,0,0,0
0,0,0,0
0,0,0,0
0,0,0,0
0,0,0,0
331.53372872537335,0,8.131160569386282,4.8984151050859355
328.4438360131202,0,9.392140656698473,6.868594863203111
325.1748251748252,1.9230769230769231,10.192613382001923,7.311944274910697
323.27573864722393,3.852083525011274,10.294756574850851,7.8819230026201765
320.41894035541213,7.2693474898389,10.605861612242961,6.540281327549838
318.40919622390874,9.24569532227876,9.812189860404715,6.9167895737279075
315.8788306579793,11.464364406456859,9.014982370406528,7.4241031285700885
314.1708590381972,13.698077661674569,8.933734675508163,7.3276700147426705
311.8065901603233,15.77488639536326,8.728007602842752,7.314901610001531
309.786161213843,18.22406055860099,9.045143871837809,6.949317852753442
307.1972942581511,20.46901685848735,9.191110358061678,7.059838390974917
305.04716772950957,22.439309452536502,8.042778574102215,7.238500716691998
302.2054751971192,24.701187737216443,9.514607190905906,7.172550036221377
300.177233117779,27.06376229784306,8.197200041395831,6.587035747550242
295.755006605079,31.362254598070674,8.72755835645529,6.788100943909679
294.08918362872487,33.427529802851154,8.72755835645529,6.424452679057374
291.795467344743,36.111480197609794,8.5864227099554,6.4854894936897125
289.94911380932257,37.52583205840386,7.571837637498561,6.952323648975941
287.3296459845215,40.11283891133397,8.312387942616397,6.759524261028709
285.6115813564046,42.31360336126204,8.43183946901894,6.424258643062068
283.34538416781646,44.11861536285856,8.493610708920869,6.6183979550032745
281.29086509290096,46.84327478280219,8.495077787509047,6.028764881458038
279.5910779383056,48.79730507206046,8.221043020170043,6.576834416136045
277.6716734516741,50.544209814051015,8.632597551614651,6.524637684359909
275.6531093049265,52.10492927352051,8.76911255484805,6.94221410592138
274.0057496857156,54.248587877135726,8.493610708920869,6.508091322419887
271.9277097410998,56.50113883070088,8.093772175139236,6.7322030241812385
270.2464966991626,58.584488759347465,7.778342300339432,5.575625896703471
268.44934219210256,60.51804839064508,7.672973485492037,6.028764881458045
266.22252261716204,61.919562428763705,8.632597551614651,6.323879601764226
264.52480406079565,63.93728093687221,8.46669117647565,6.539314323294207
262.8102553167237,65.90053485671166,7.729186179934061,6.022742477870693
261.5968622117354,67.94798661968963,7.272965297046085,6.303236590773281
259.43027086450127,69.89342157421922,7.929944262529716,5.721605353977154
256.58089295045414,73.55886333211296,6.954264651495578,5.586212588906278
254.2059695429773,75.18211767564006,7.490283640599387,6.028764881458045
252.61765310956224,76.63146011146654,7.8317709134205415,6.6183979550032745
251.28367554330634,78.65778658278693,7.169931117920214,5.29471836400262
249.32963910959737,80.51647328796697,7.186059407833881,5.597562065049573
247.72638113261186,82.66360407804581,7.203570716044311,5.324378355337103
246.35017144536178,84.51515395451669,7.001694453012817,5.627128670826252
244.62536177617596,86.375290604323,7.581628563045712,5.572040269226363
243.20446361208883,87.59478278777344,6.959131216007563,6.202703909919791
242.403126231525,89.5813476013069,6.40164454806694,5.644460784317104
240.621442210924,90.73991306102582,6.535868717843584,6.224636874136749
239.29516587293602,92.95955241893729,6.2342911448876634,5.569300089432986
237.46993394326122,94.66530610709297,7.262076353159557,5.602173186723078
236.31957899863167,96.01627520539503,6.5052748323549,6.1270611793110135
234.82500754934944,97.95382798825423,6.765092498545982,5.387018100694021
233.34793726699738,99.4866211921096,7.328850206758148,5.387018100694021
232.07884770900608,101.27211026167375,6.555249466573713,5.3582039118080615
230.76726265231883,102.78292429527792,7.015651479973599,5.199098864623295
229.6636304053306,104.33292368222783,6.539314323294207,5.369121233862614
228.43927288727411,106.0531196862454,6.576834416136052,4.932625812102032
227.15551974038632,107.48566159850733,6.394144571243373,5.6633851916727025
224.6632408610952,110.49402786798564,6.15623428165182,5.643214758180832
223.09790115408364,112.39065231916412,6.8834884853988,5.143705681396909
222.1220648934881,114.17176235432937,6.202703909919791,5.2193484120056866
220.68430797204584,115.28058525315035,6.429632101746137,5.2193484120056866
219.52328880319106,116.83123489709068,6.201334790333817,5.387018100694021
218.26675763036033,118.48582568268267,6.042229943102711,5.016190896160737
216.8561389161971,119.75288963786434,6.539314323294207,5.0249467957944915
215.84878160453184,120.97021619302552,6.0134155542630765,5.324378355337103
214.84307474373915,122.31881620157513,6.126304997612465,5.575625896703471
213.802545626361,124.6499013876369,5.506791009089852,4.818442132953635
212.34107074941778,125.78223873761479,6.263974535690721,5.011179628552583
211.76848676889833,127.5191979898281,5.589757750062319,4.7688842343188895
210.05575989681822,128.8716879390582,6.2742342297122775,4.241735817270268
208.9072920894475,129.8363615171015,6.2308613429432,4.767552997252011
208.10003308527797,131.5451660642334,6.042047362854021,4.909163482318888
207.1530035332447,132.93386040783585,5.711622897697936,4.437128532095926
205.97984984593938,134.19217326685987,5.755994212906245,4.381428430719666
204.92175213407654,135.56881242067925,6.099635658452883,4.7250698762663035
203.76558091003204,137.1526722030953,6.325268332987804,4.437128532095926
201.67869951549338,139.3692172961076,5.80602988774254,4.8147564922742845
200.8710851511989,140.93663810673323,5.449657846050911,4.0089437028420605
199.67423144116182,142.22999301968997,5.683551881352031,4.1224045834699155
198.3691131164744,143.0349086432923,6.099635658452883,4.76802505695963
197.86987686491707,144.55687596845357,5.455307948052933,4.596204334186325
196.7513933993642,145.8041320093113,5.620247289457893,4.3752558012868406
196.0337008462923,146.99529436367075,5.4068201771999895,4.446398172039466
195.02338905584358,148.8618142129203,6.042047362854021,3.729076106761454
194.28788640748786,149.7139582084479,5.068711321812941,4.209607707946361
192.8267513388598,150.97898829005106,5.4057530743278335,4.013852582135655
192.00732636929203,152.0169843981801,5.1626165710217435,4.130093256817389
191.15736369104394,153.26506599469803,5.003419524531296,4.1434567937524776
190.62299305578284,154.56000009854282,4.673146007207407,4.106704066939841
189.28621476461595,155.95311412361974,5.016190896160737,3.7051410028460054
188.37475117496928,157.1324894830888,5.529210419631738,3.534134495022329
187.56776939137893,158.39291528996546,5.187197403984413,3.534134495022329
186.18464660696003,159.52884441962783,5.394685290918517,3.6310381765797786
185.40240033364145,160.11373520295334,5.871223435279063,4.218160526316979
184.6933766469096,161.4929625148686,5.757789108576503,3.890398046335463
183.86255706602964,162.41706538041834,5.324378355337103,4.196862938912773
183.51479710712874,164.0448959338259,4.749607245340002,3.441744380681172
181.63717295196534,166.12944703362814,4.847062664389682,3.6352969982922616
180.74914402795585,167.6316144847792,4.9088235819315855,3.450404981502629
179.7737766118439,168.66622471000414,5.61721590765336,3.3042446515607935
179.61794336168157,169.5602892105075,4.673146007207407,3.445855136627671
178.877573398579,170.66811417869627,4.824093577455983,3.371678306824066
177.69975598934107,171.49433021191817,5.6540451606742295,3.5791662026286417
176.77902378555302,172.63054614133753,5.567601968768798,3.4635663410363975
176.2128896757267,173.6355015573462,5.3356778064473644,3.5926897230078794
175.3471074061269,174.69076573129766,5.9403879578447345,3.2369778692447255
174.83592634821883,175.425095085985,5.798949393599571,3.221638551999746
174.66887098229685,176.3021010682454,4.992420220179355,2.950066493742355
173.76848995302987,176.56068913346843,5.47220825035717,3.648138833571437
173.1695217544352,177.73073130987336,5.239587947474973,3.5402621266722747
172.53653730294621,178.8309219871033,5.300106621071052,3.272549054621038
171.74183688100112,179.79511178258835,5.586212588906278,3.135119310100464
171.76578588919992,180.52458687935652,4.76802505695963,3.4793696361597313
171.04871795307332,181.2993414595873,5.433400889920705,2.9707803426904604
170.54768871789003,181.83613091885712,4.925241094460489,3.166226417867449
169.6395704062103,182.38582071218073,5.913405030429914,3.4754222547263396
169.26910142532535,183.2538759419456,5.154621683199622,3.2645937326931005
168.37669472154911,183.70038321668858,5.711622897697936,3.5402621266722747
167.76154886200732,185.31220615618332,5.529210419631738,3.2491236486495723
167.53771231707913,185.71875298588688,4.690705804248097,3.51802935318608
166.91635899380822,186.75200038052205,5.446557264869654,3.1123184370683816
166.58840282937288,186.82463414910785,5.1353254211628325,3.1641904110195185
166.22736200491636,187.54256845486026,5.244199573258953,3.591136664296897
165.81772151639115,187.73477615806223,5.442391362576302,3.450404981502629
165.50997733212208,188.54632783294943,5.758826392720238,3.2098376615161897
165.52290048523406,189.01447741333712,4.78818221906252,3.078117140825924
164.74988822630462,189.75071499731226,5.324378355337103,2.5682295596331812
164.86521698932708,189.84894567151184,4.5601735419643035,3.2491236486495723
164.6733496355717,190.16957634270722,4.668477655602572,3.1123184370683816
164.38611277457105,190.53681425241678,4.73118004978798,3.534134495022329
163.82945768476554,190.92156467492583,5.333994937519577,3.445855136627671
163.79514461728877,191.3800448745047,4.332164864866087,3.2491236486495723
163.61800905070186,191.60103606127507,4.768884234318904,3.3225832780090627
163.59063489702663,191.78515797057267,4.5128617337491335,3.319806332872929
162.8768079883435,192.38351794002523,5.003570472363492,3.2570411565384916
162.90282434816703,192.60193809096828,4.85393541834631,3.5223248168530574
162.68008855721104,192.9777903607245,4.616605681651436,3.371678306824066
162.80081120038736,193.42741197244808,4.342721542051322,3.2570411565384916
162.6195555699049,193.94891081605323,4.49525972907108,3.361672493044466
162.31201785536277,194.58175436036967,4.887836612116786,3.3988267832600343
162.57703194684362,194.85162560763837,4.588682913544744,3.0946931277394754
162.5918282635914,194.8689098154674,4.33847325002634,3.350504094079753
162.58830155313453,195.68984211259604,4.6105311447142014,3.270260463111242
162.47802276922934,195.8265225834159,4.40911778584686,3.1641904110195185
162.35196611293375,196.0087562231583,4.855466833228604,3.0751289943781046
162.47559727865752,196.01295582409406,4.7907272754522126,3.3664570043718243
162.4713206142337,196.28585707571793,4.690705804248097,3.557118568221455
162.59784002683628,196.71467181537088,4.553111728168403,3.3436914253736916
162.63995748217832,196.7172134058527,4.49525972907108,3.3225832780090627
162.83192770508447,196.9507336304388,4.40228992879392,3.3664570043718243
162.7742342769446,196.9072821023242,4.377992083964898,3.4007617080798695
163.2250735450786,197.45872920544198,4.106704066939841,3.1154306714716142
163.65491537618496,197.6858933063864,4.446398172039466,3.3436914253736916
163.65122574664323,197.6444229804187,4.503309490185956,3.511509185799781
163.73975649227754,197.85958281857896,4.40228992879392,3.3340872254836427
163.89878921216575,197.7222576361679,5.003570472363492,3.6346691167168785
164.14416587225216,198.44052695628653,5.066517781739492,3.1813018629526937
164.6145176529551,198.80200477596736,5.3491043310815485,2.8675610847035102
165.4452509581189,198.70038309093314,4.7297950192835,3.4789401381506764
166.3053133205494,199.2461269342741,3.9484015767710616,3.0946931277394754
166.56716495474694,199.44534020573718,4.506844305849654,3.063475868028519
167.3989686524456,199.61420664364144,4.585870187528684,3.4637955671759073
167.69179690589303,199.74867874985227,4.596508602123066,3.269347667707251
168.71186408854575,199.6815378893888,4.583725731082126,3.699147081224197
168.99316628522075,199.98102079401116,5.082055285445932,3.3664570043718243
170.24730410603098,199.9490052398124,4.43465970768213,3.4635663410363975
170.66829061305594,199.97832147712148,4.464151890727891,3.1511660405138286
171.10252811144045,199.96632654043407,5.095974280470529,3.4169538528010435
172.56492970569198,200.32793744691844,4.4773878071186175,3.2991278578768686
172.75166565134612,200.63541977988694,4.919235288084252,3.4169538528010435
173.88789433137134,200.6065379855944,4.756620673234522,3.439402640646506
174.62055677819396,200.70396817134682,5.293265056881495,3.5125814202347385
175.842968463968,200.67437964235745,4.824974453770665,3.457898358535658
176.50993662355273,200.64967765223886,4.920206391004996,3.528305898812789
177.43744764521088,200.74213553719497,4.690947385610372,3.5919254266959513
178.7802227999471,200.90280202688425,4.466226395993488,3.378942816444521
179.83729726646962,201.18542847836946,4.31567159476154,3.1898442222150436
181.35836971483647,201.49957528677342,4.064996824883991,2.7689108807180958
182.3749927963862,201.3445546022172,4.693617938787639,3.301717446595461
183.5642898022655,201.48286763973343,4.596204334186325,3.0927730099197674
186.44364115764387,201.160370938655,4.517540542792091,3.3436914253736916
187.54640620259588,201.4530204287271,4.682114695572977,3.0498178292264413
188.5756387085649,201.45078185316453,4.693617938787639,3.3340872254836427
189.62677305924342,201.4950960727938,4.76802505695963,2.9209522871464344
191.17591907791856,201.52842919872467,4.510061665697322,3.0693475224884423
192.56406435494048,201.75044149387546,4.6516165892126935,2.4626205472302445
193.74910235918804,201.6937713710705,4.661248159899458,2.9780196577135314
195.19543009335854,201.6831442313982,5.228964250318427,3.201406683868413
196.51384744340706,201.43538589976558,4.7297950192835,3.4789401381506764
198.21549783406357,201.71991262829837,4.979965952684211,3.3081202399973506
199.0564938831037,201.7751756127115,5.442391362576302,3.5215473522552543
200.70040468008028,201.60281990059704,5.584173490132912,3.6941455396263905
202.3850182162489,201.4622766939225,4.952576169893177,3.6901547932537255
203.73290366100133,201.7115135125071,4.730967655049994,3.557118537631567
205.49046843193136,201.70228102513985,4.982800960426289,3.393459274773079
207.25111973236542,201.94506913350975,4.616605681651436,3.6310381765797786
208.7362350235283,202.10541220895888,4.588682913544744,3.3436914253736916
210.36273828160938,202.0590450554625,5.082055285445932,3.431196562148216
211.9082984482753,202.34018533491587,5.197576863892948,3.006862648533115
213.48911096567167,202.3858299768365,5.081597954602103,2.85351269758425
216.77365594093877,202.4822168632578,5.620247289457893,3.059121942363163
218.72696586645145,202.60495103076423,5.513533733328927,2.703410088600009
220.67951114071246,202.41045707545425,5.083453447211696,3.008574489166108
222.13638642496582,202.6404398257233,5.63234152654519,3.0103894366017414
224.11280058805875,202.49929200261928,5.114425064334114,2.913280099937168
226.2644327637121,202.56385704687855,4.9088235819315855,2.703410088600009
227.71661015426682,202.49919901696154,5.628846965097722,2.6580666224072615
229.69654701515805,202.61269646335495,5.3356778064473644,2.5611253470947304
231.72606031322016,202.3765872163793,5.442391362576302,3.0946931277394754
234.43133982968988,202.4958141387868,5.050773967385794,3.3514481465830954
235.9219641897351,202.62947524509445,5.355222459849898,3.2834940629736593
238.55025389087544,202.87911476263815,4.766538840426307,3.0235507569868503
240.34383588005832,202.773843015174,4.9088235819315855,3.0946931277394754
242.35833030986612,202.55343511498955,5.016190896160737,3.078117140825924
244.44498636155618,202.81697496851382,4.8861518794250856,3.127137202832074
246.5620984142686,202.7725241881981,4.695396469673682,3.272549054621038
248.79740832985098,202.81321990887875,4.952576169893177,3.4635663410363975
250.6086930500179,202.3993504274693,4.984945948781359,3.884373466582872
252.85483878052287,202.71300654950278,4.8021100258026195,3.5215473522552543
254.94816568394774,202.94448483083175,4.7297950192835,3.51802935318608
259.6953971139566,203.54434602706795,4.625942512185134,2.9738201864047085
262.2100253836627,203.2532608926321,4.300648814732369,3.269671359145832
264.2312001187517,203.60704827406056,5.145180957430398,2.9738201864047085
266.6724654902241,203.7071916598531,4.683583298235931,2.7689108807180958
268.54407583720456,203.5317482395075,5.086679508813177,2.9524083862341968
271.0431979628544,203.6995760921243,5.239587947474945,3.1154306714716142
273.49809984924923,203.76408584027297,5.2138002753947035,2.945649873104344
276.0965185777819,203.70934923845738,5.003570472363492,2.879413196360133
278.6717305482619,203.7636794044952,4.920206391004967,3.042759215489923
280.97267290644567,203.74438140968257,5.30864373766326,3.3340872254836427
283.5345310219913,203.77684208058614,4.852795681805958,3.437396941279218
286.5403216206916,204.49747964567229,4.6909473856104,2.9754009131585804
288.3889381333765,204.44467970531437,5.4057530743278335,2.9780196577135314
291.13798540824087,204.30921726207825,5.122250694189461,3.0235507569868503
293.8027503561835,204.44199485383683,5.3552224598499265,2.931691127655057
296.7143565759456,204.6155163590174,5.550668535026887,2.85351269758425
299.5231758902938,204.54318264559947,4.766538840426335,2.774552459352634
302.48454658942217,204.54512672822057,4.768884234318875,2.8926019126196536
305.0149984072536,204.56163763880747,5.240532044586303,3.0498178292264413
307.8679491757312,204.66661642407297,5.394685290918517,2.956702515214971
310.64938421408107,204.83768549165353,5.511579319991483,3.009869557725864
315.9021948683359,204.77841861714452,5.083453447211696,3.4754222547263396
319.2747513873125,205.32194395112558,5.081597954602103,2.73624505247804
322.54606871031785,205.05938992434386,4.682114695572977,3.221638551999746
324.98818235178504,204.97559214050037,5.316133244814523,3.361672493044466
327.6711288241905,205.11869760482847,5.302169771587842,3.151845364221657
330.64486565491615,205.52348111534707,5.1546216831995935,2.7491315643731298
333.43874961952025,205.61124843335344,5.333994937519549,2.9738201864047085
336.2214669063986,205.57272332110244,5.073819373909487,2.88142828641773
338.87690785932074,205.6380122396705,5.2834872252796,2.7061763836798036
342.42480897029225,205.61371841995074,5.342813316967408,2.801086593361532
345.51419723189395,205.79279042319462,5.449657846050911,3.0693475224884423
348.78943744185347,205.97315414387947,5.570012412631058,3.2098376615161897
351.687813024883,206.17945872980988,5.428401927564153,3.0682271764493123
355.12579326605515,206.30016227628192,5.575625896703457,2.891065279772164
357.99093803106234,206.6255456793607,5.3582039118080615,2.6791019559040308
361.7179393128561,207.09235260309964,5.2617386099802275,2.380310323562469
364.4912635543205,206.91257446600318,5.369121233862586,2.684560616931293
367.52333904846506,207.0507734690658,5.888136063549268,3.0693475224884423
371.45551297300034,206.9108406753075,4.720349502229681,3.2098376615161897
374.414928877521,207.44972945410157,5.927814935679578,2.9209522871464344
381.28271627282555,207.69441517044973,5.187197395113969,2.5935986975569847
384.32013233772966,207.69666737513955,5.228964250318427,3.308120239997379
387.80400903984366,207.49528251984816,4.749607245339973,3.7170839311356474
390.8293518147716,207.95823715033742,5.198865599708313,3.3225832780090627
394.1051388355204,208.42581155505994,5.042508739566699,2.8144234825488468
397.5586630629853,208.35308474120203,5.120687169637506,2.931691127655057
400.9910088742399,208.52012961781392,5.199098864623295,2.818788541060826
404.41662014211045,208.66052853461773,4.807973449354279,3.127137202832074
407.3028558933022,208.498850363085,5.602173186723064,2.956702515214971
411.13205245976474,208.58054203460094,5.016190896160765,3.591136664296897
414.64471731044927,208.88697795483702,5.2617386099802275,3.257266758559183
417.06938996265785,208.81903523997477,5.832386748746615,3.2991278578768686
420.76420972410443,208.98784602053396,5.825496318192393,3.1319872678453464
424.72961236143203,209.71704865477665,5.025756141119643,2.792086745066456
428.24709840337187,209.67099902212976,5.1546216831995935,3.350504094079753
431.5890371435736,209.57633687921808,5.47249010495608,3.6352969982922616
434.086243550563,209.7116377318952,6.136454352898625,3.445855136627671
437.4043777560403,210.52073224717122,6.137006760557938,2.85351269758425
441.5875054506722,210.32255360494824,5.7559942129062165,3.006862648533115
445.06565470561327,210.6598748790233,6.14259083914618,3.221638551999746
451.7691746897877,211.01163088489452,6.2285012005328895,3.3075489133864266
455.81972406646827,211.33622902349705,5.513533733328927,3.557118537631567
459.62652420659856,211.7473599771409,5.47249010495608,2.501709762265648
462.96219040141347,211.5971428644075,5.670083851519564,2.963907467839789
466.4779305594817,211.5982805299539,5.387018100694036,2.88142828641773
469.9114265466996,211.6685078855803,5.29800550188736,3.1970722856216867
473.35347965769625,212.4681308199022,5.442391362576302,2.774552459352634
476.49392424446995,212.50310846068774,5.841904574292869,2.792086745066456
480.2597672529947,212.6174653237306,5.477962547952643,2.9524083862341968
483.69740239936004,212.7762273752976,5.37338329543968,2.8485405421607766
486.68147025387583,212.59387296923705,5.502862410992407,2.913280099937168
490.24115895120866,212.60846491577567,5.042508739566699,3.439850923115273
493.2999404597851,212.60087659684206,5.159776384672909,2.9707803426904604
496.8997050463836,213.47841987899136,4.673146007207379,2.9266166913824065
499.617233614125,213.5984181919294,4.771952794429069,2.5627153896007826
503.0001623509484,213.4309077216846,5.050773967385794,2.785006206315529
506.60266191280175,213.69944273586165,4.259502684269705,2.505589814276277
508.6402829717293,213.60692375171433,5.073193065435305,2.736104125178599
511.81730396819694,213.40561787342006,4.061258369203756,3.235239717840301
514.0986568602227,213.82471402451466,4.83768121117896,2.7389812739763215
516.6401102867621,213.88175700172076,4.6598252842973125,3.130264313115788
522.0019628738531,214.1065689544571,4.668477655602601,3.008574489166108
524.806996062406,213.79379556823423,4.503171372689735,3.1921214793750323
527.662035621197,214.01158448169653,4.182546008787881,3.244404847938256
529.9887808284623,214.5351229600484,4.201629890042341,2.7492146194103952
532.6365160610021,214.47511475704425,3.814403569318074,2.910992197637512
534.1012065924596,214.6618416204873,4.260724438858688,2.618977407371858
536.1224055643727,214.6928293624545,4.56473370770027,2.5935986975569847
538.7235928334385,214.55990861671765,4.682114695572977,3.1357281906130936
540.6518768155446,214.5436919388847,3.942270020286628,3.1123184370683816
542.4198044528232,214.83518414813528,4.634656040587515,3.341830934528872
544.5554372007745,215.003593853156,4.697980901768005,2.756148795703922
545.8297987620655,215.49341691351458,4.578739017162775,2.548988731204048
548.8317897933828,215.20915719770002,3.63466911671685,2.9738201864047085
549.1407695632993,215.5007663384389,4.259502684269705,2.6308693049901137
551.1946003776701,215.6135629822583,4.104367578717074,2.73624505247804
552.5802984468456,215.8209474354338,4.625942512185134,2.785006206315529
553.7450515341434,215.39983620961985,4.596204334186268,3.350504094079753
555.1942743977395,215.30882771771493,5.073819373909487,3.6331052307006075
556.8647874442307,215.73658000362252,4.106704066939869,3.2098376615161897
557.6392013512558,215.9303879688933,4.1012282857050195,3.082622567686826
559.5538654674546,216.2583124190406,4.668477655602601,3.4754222547263396
560.4490924994017,216.67905642736488,4.83768121117896,2.8101236447289466
561.5225225364555,216.71081250080914,4.5317690443466745,2.65432186883163
562.644891347362,216.39774142531826,4.7203495022297375,3.0210236814270104
563.4809129405819,216.54864608439107,4.875965551407148,3.475422254726368
564.6562439172568,216.61415358669734,3.9178900868506616,2.9738201864047085
565.1319373952765,216.55693240140192,4.765492028353037,3.025709224351118
565.7481212867435,216.69221821887584,4.63915951487968,2.9209522871464344
566.745927102161,216.72212524778348,4.814756492274341,2.6433957212486234
566.7789733037506,216.75552917063243,5.446557264869625,3.0604464631172448
567.6720362564979,216.8536276130975,5.135325421162861,2.852958567312669
568.4086407226793,216.83664170427704,4.925241094460489,3.166226417867449
568.657930915195,216.70866441156699,5.455307948052905,3.393459274773079
569.3767970902716,216.74610962612968,5.159776384672909,3.361672493044466
570.4284934207466,217.41865674352746,4.3321648648660585,2.8501084637277074
570.4906327561762,217.36967357969866,4.886151879425142,2.931691127655057
570.975267232781,217.33593602498877,5.068711321812998,2.963907467839789
571.4616218415212,217.021155682004,4.510293972799673,3.221638551999746
571.4377848447824,217.66544139808923,4.886151879425142,2.618977407371858
572.6855894685308,216.88466995924426,4.55324915349297,3.4793696361597313
572.7845366302034,216.84640899948067,4.693617938787611,3.3988267832600343
573.6311294895105,217.28419441022842,4.612527374177262,3.009869557725864
573.9472350726733,217.13299282094238,4.673146007207379,3.0210236814270104
573.8251982621084,217.13636532213883,4.9443947673079265,3.201406683868413
574.1579321060276,217.211831902541,4.253501863993392,3.008574489166108
574.3321155461836,216.95091936313383,4.143331697688382,3.884373466582872
574.1690056631287,216.79775898820566,4.218160526316979,3.8191453413951137
574.0124154232341,216.78221391507486,4.209607707946361,3.823011081706369
573.8671453964434,216.89245382440183,4.612527374177262,3.2053156329028525
573.2903980231013,216.64486505042967,4.357245811895723,3.4235502807752027
572.6468848996977,216.654412408181,4.612527374177262,3.9089215035400855
572.3738156273808,216.91218961796895,4.939845779732991,3.3075489133864266
571.7797571432154,216.82037461500462,4.596204334186268,3.1786833713064198
570.9759074594637,216.63225430437717,4.69539646967371,3.557118537631567
570.6526406084802,216.61245112049104,4.651616589212722,3.244404847938256
570.3390110747536,216.74126385026227,4.1666525272530635,2.4914004802131444
569.4003803184779,216.58714608743315,4.381428430719666,2.6632212029864775
568.7742577866111,215.96872117608228,4.381428430719666,3.436414455466405
567.6029112583635,215.63862823984502,4.83768121117896,3.5926897230078794
567.1735855781382,215.76123386891257,4.2621540676180985,2.72697061198312
565.0203152250525,215.4052782729297,4.6373365583463055,3.0022063267906276
563.6937890504234,215.58670786095863,4.7203496295536524,2.386110801752409
563.0302277311945,215.48869646879,4.467338792106375,2.6632212029864775
562.014719298356,214.76291637562733,4.322142429626638,3.257266758559183
560.765951594658,214.52712989397364,4.8517798674026835,3.082622567686826
559.6940048472723,214.4168753958378,4.697980901768005,3.1319872678453464
558.8035876173411,214.4841600638005,4.295518047029077,2.832209701337831
556.815288083341,214.41255889972672,4.767552997251983,2.59619222622635
555.6457193423876,213.98901442919984,4.682114695572977,3.221638551999746
554.5481519811062,213.70253459115085,4.517056858403066,3.9147826106159584
553.5968973762349,213.54331972690014,4.495259729071108,3.0880479877966707
551.8460236057401,213.71277725593706,4.538563836526691,2.6474955713072177
550.6163098420691,212.86533957226519,4.807973449354336,3.4789401381506764
548.9710515124411,212.64454694900908,5.097977462408039,3.3042446515607935
547.9794319061518,212.74227025475142,4.295518069332957,2.7491315643731298
546.3932823620099,212.57124561849673,4.381428430719666,2.7491315643731298
545.1339069302356,211.88655427991029,4.538563836526691,3.4795656080037816
543.8209389237918,211.69120173972647,4.682114695572977,3.6511903589330643
542.4375672999978,211.67265083032774,4.845184388337088,3.3631279871986806
540.3622474364431,211.4921899048915,5.143705681396909,3.025709224351118
539.5329118105975,211.43030256403458,4.253501863993392,3.008574489166108
536.0313236744045,211.01073940192168,4.845184388337088,2.8501084637277074
534.8915987538297,210.42783355146568,4.446169203415252,3.0211149715513557
533.60600942286,210.2902218303914,4.252562888639659,3.006862648533115
531.6609229236236,209.9295947662511,4.512861733749105,3.1641904110195185
529.5030005453131,209.62636431009193,4.886151879425142,3.6352969982922616
527.8982990645242,209.52855291043522,5.1871973951139125,2.956702515214971
525.510318628314,209.0435510021616,5.602173186723121,3.2160623849706553
523.8652113242348,208.90874211051053,4.885900137838803,3.319906503916087
522.6301916490426,208.50659221210176,4.673146007207379,3.3986516416053973
520.729490680513,208.11882207485112,5.03158147326053,3.267934358921792
518.9751755239885,208.02095039182745,4.201111056984473,3.0210236814270104
516.9201034480591,207.78598387297106,4.992420220179383,3.252637416177464
514.7723880770335,207.7366641378946,4.904309033978279,3.0755836314779117
512.9924796977073,207.55210957869068,5.050773967385794,3.445855136627671
511.0732632878918,207.40272424951047,4.614206567135511,2.8744237631335636
508.7820839785941,207.6428120858372,4.772221603504818,2.5935986975569847
506.6486042225931,206.55053906638548,5.073819373909487,3.0067077771315383
504.9351106045381,206.3011254549347,5.0705567978419595,3.241831395341592
503.4250869911515,206.4507039798593,3.9463039574851564,2.756148795703922
500.5200259029234,205.40554488142595,4.969859619648162,3.5152665602389277
496.04754822853266,204.47245602255097,5.219348412005672,3.7821365304388905
494.0248805178882,204.5189684387141,5.294991142614435,3.252637416177464
491.5311786833889,204.5944609116365,5.369121233862586,2.753395504544926
489.87469111382546,203.82672000056488,5.597562065049544,3.4039228773950185
487.30854495495464,203.57678194457168,5.57594006106865,3.757698736807157
484.8126317563574,203.4120076793697,5.569300089433,3.408079159205272
482.58354293979914,202.98218553667724,5.782130559544328,3.0975699426130348
480.6635894975493,202.74230283926474,5.389350424333713,3.1057273631753617
477.74246772234306,202.52946512615463,5.4984292388207905,3.527294228677505
475.612489858458,202.41972084112368,5.713039032212919,3.1357281906130936
473.5689110220173,201.7139525865471,5.758826392720266,3.445855136627671
471.59753700396624,201.54646484909,5.300286346248981,2.822230392158559
468.68944588159474,200.9903294958172,5.294991142614435,3.4039228773950185
465.8920907942036,200.66488524441172,6.1208929262344896,3.267934358921792
463.755963208964,200.3565948246693,5.428401927564153,2.879413196360133
460.89878390895905,200.1367708119721,5.239587947474945,3.0210236814270104
458.5384790203161,199.58473897614553,5.785203825239307,3.361672493044466
456.208707203545,199.56011690084898,5.965277004381051,2.7492146194103952
453.34554310051305,199.6497222812997,5.472208250357198,2.5650976173549225
450.9701151927905,198.56638553754723,5.4982631287462596,3.3075489133864266
448.4373443123285,198.36257704483083,5.814221266004495,2.9641128022768157
443.6737128324389,197.59448598317925,5.446276603832018,2.723138301916009
440.2768398942975,197.76267883399163,5.82449025687589,2.5718528406984547
438.5992388417199,196.44581208846105,5.024946795794506,3.5105792682947765
435.25127109774786,196.6349593036992,6.176095975593341,2.931691127655057
432.64202355787984,196.26743682145843,5.61721590765336,2.9738201864047085
430.15632661111164,195.6388137333792,6.276508848087872,3.4235502807752027
427.40896877511904,195.42868930155495,5.841904574292869,2.9209522871464344
424.65293988140695,194.64297812333442,5.4984292388207905,3.1641904110195185
421.7253391804668,194.5584811580733,6.215185190628745,2.6580666224072615
419.0267674636826,193.53254215033124,6.486232284692846,3.2645937326931005
416.4097790648529,193.5570381843752,5.757219096729955,2.6791019559040308
413.55322728722,192.37656791800305,5.994843867831719,3.6818726117391805
411.11374708959227,192.63281408701897,5.073193065435305,2.8501084637277074
408.28791707053375,192.2261723084038,5.446276603832018,3.4039228773950185
405.40043960729184,191.5201425822392,6.076055299620009,3.5078257399867994
402.7509807764174,191.4597503113642,5.670083851519564,3.0498178292264413
400.20182616105495,190.95330496543463,5.446557264869682,3.2160623849706553
397.75079127020206,190.464645960469,5.711622897697964,3.445855136627671
394.69344817579145,190.31548718458046,5.586212588906278,2.6791019559040308
391.4956000924167,189.7234828181833,6.1208929262344896,3.2160623849706553
386.2180327469215,188.99136673338523,5.853233382764813,3.1154306714716142
383.6288453941034,188.5183645784893,4.95636697734119,3.2098376615161897
380.43539945276524,188.27696128504363,5.446557264869682,2.904830541263806
377.49933597919187,187.57001375070146,6.389254026404558,3.4451859946298953
374.66577747978926,187.25697247453832,5.884859754986223,3.1357281906130936
371.2497748900206,186.58986889378352,6.156234281651848,3.1921214793750323
368.7256377322998,185.8062958415268,6.136454352898625,3.823483096806058
365.6721945496441,185.35393096033724,6.2308613429432285,3.9650935818729636
362.4958600665765,185.39613086571353,5.927814935679578,3.0927730099197674
360.1540401413397,184.68733625802975,5.670083851519564,3.5223248168530574
357.03148681880606,184.33854422083382,5.586212588906278,3.3061258179241406
354.2239530527207,184.0644897592473,5.919800334771594,3.3040746054539056
351.6164738547527,183.4636941198539,5.529210419631738,2.9071106330022474
348.39336118039665,183.56078591863633,5.985227773828171,2.6791019559040308
345.5963050023948,182.5264697451039,5.965277004381051,3.527294228677505
342.6525962384078,182.56147030781352,5.757789108576503,2.904830541263806
339.3609548235588,181.80113617666046,6.263974772839731,3.235239717840301
336.53038467258665,181.23414371791162,5.950775808906201,3.257266758559183
333.66926783411895,180.51185270357303,5.58975775006229,3.3225832780090627
330.3195957139093,180.1751907157361,6.201334790333817,3.257266758559183
324.26134879129603,179.4316580416179,5.947640372809417,2.9738201864047085
321.73869426026073,178.31599700243183,5.529210419631738,3.591136664296897
318.70871996372546,177.89267752488215,5.6540451606742295,3.4235502807752027
315.73055188304556,177.54511821232938,6.372471828010077,3.5402621266722747
312.5725418719443,177.53555422220063,6.577173262475242,3.0693475224884423
309.74696510918795,176.51218312366296,6.419675323032379,3.6346691167168785
306.4640753831555,176.42759024699777,5.901795617160303,3.324955277273432
303.49563237319467,175.44995625794957,5.757219096729955,3.8761475106696537
300.61405427101323,175.57891498282248,6.017148978332216,3.319806332872929
297.73618221355684,174.5912573485834,5.570012412631058,3.8706865918283597
294.63091873043845,174.20595839260943,6.270238620200928,3.420130156473249
291.66938846949466,173.89790900908744,6.042047362854021,3.5402621266722747
288.69853909206427,173.2194201046637,5.664419402675662,3.9178900868506616
286.29430572047517,172.98678925548833,5.637577082121652,3.194627013202279
283.42072685214583,172.5346270490485,5.097977462408096,3.4930586316499728
279.8698227040445,171.8797544244742,6.263974535690693,3.821024466771348
277.39151470989884,171.437878384648,5.809661082527612,3.527294228677505
274.51480658137416,171.38525272590556,5.700216927455415,3.933149679944222
271.64205967381844,170.4255547310059,5.861533056478777,3.6829101505309154
265.5093317109941,169.4750123378683,6.019739115451728,3.752564643398472
262.77944339960084,169.43665601611838,5.965277004381051,3.1641904110195185
260.1366901896313,168.55949975484768,6.432124769941311,3.838526072384326
257.5395367385626,168.16378537910475,5.950775808906201,3.8836642121282523
254.6892742538398,167.5116859325953,5.643214758180818,3.933149679944222
251.45268672363625,167.48261050308707,7.148653846137847,3.408079159205272
249.77601527415203,167.5979816627492,5.970770116372876,3.1357281906130936
246.86195218684475,166.6335003006598,6.402813367736826,3.6282609083842203
243.89905034778255,166.01759042727426,6.34850293310825,3.9733637238684594
240.8764830103223,165.41187345581133,6.410631265805733,3.4789401381506764
238.60890954364987,165.72231177320907,6.6451665560181254,3.2834940629736593
236.21800574098611,164.91205781469253,5.9403879578447345,3.1658354984921004
233.28264252644152,164.5631876037904,6.344476662085384,3.172238331042678
230.67282605005954,163.8894502238309,6.561285808099285,3.3514481465830954
227.66966419970078,163.48296681751788,6.669253805122821,3.135119310100464
225.22936791605179,162.70378140529556,7.106460431306118,3.9422700202865997
222.53929504371513,162.4662013129917,6.357366742612868,3.565279997546412
220.01842140814364,161.7351864650505,6.332452835734927,3.557118568221483
217.5301344430392,161.27739054895505,6.293363620699523,3.51802935318608
212.55966177299734,160.4376137509154,5.80602988774254,3.6818726117391805
209.54525851253612,159.54088066000236,6.786918549546158,3.6941455396263905
207.52407427042914,159.0670460823976,6.278064837965502,3.4930586316499728
204.41273368801583,158.41152696318252,6.608489303121587,3.776279601783756
201.83369530456432,157.8886422383376,6.332809660453336,3.3040746054539056
199.54910784190372,157.40013591205064,6.097917545522506,3.7134754283630684
196.86323982946683,156.52005372464734,6.514082313076983,3.823483096806058
194.46850929561583,155.8385807557106,6.7458189861350775,3.7170839311356474
191.76756852461034,155.25310222341557,5.748847526267127,3.555208338612573
189.05394907865917,154.53696651430573,6.202703909919791,3.933421991656445
186.53397875040088,154.4881059243187,6.017148978332187,3.7347821244820523
183.96374454256576,153.54802769169845,6.201334790333817,3.5078257399867994
181.6527023755077,152.9018527966398,6.224636874136763,3.6310381765797786
178.45624498481826,152.27868402427265,7.454129697471956,3.821024466771348
176.55554758134082,151.39789080289,6.612251635848253,3.7051410028460054
173.64173930069563,150.5451835544198,6.400538908751344,4.073070214659936
171.354012527528,150.33648957966957,6.814653873748682,3.7170839311356474
168.6026628495793,149.51022465478974,7.130559995092796,4.037786985173028
166.5218680950819,149.19939419198192,6.577173262475242,3.6331052307006075
164.22143626199536,148.56926576408554,6.25427440566412,3.6352969982922616
159.3641832617496,147.33187734275091,6.326614281047625,3.8836642121282523
156.7479785729245,146.46586906499988,6.3174150268195035,3.906822450796284
153.8472383756543,145.94255114945355,7.0333207583222475,3.776279601783756
152.30679905538767,145.27686455139968,6.2308613429432,3.8706865918283597
149.41844391107608,144.3989185986509,7.087604814399469,3.6511903589330643
146.9218003394833,143.8786632373231,6.332809660453336,3.5794141559084096
144.54995940984605,142.33161743724804,6.580917562963691,4.387278375309137
142.8948319458547,142.65099412408009,5.47220825035717,3.078117140825924
139.87657884755146,141.5930227184042,6.514082313076983,3.729076106761454
137.35312282998603,140.68433278454657,6.8992822003423555,3.5743269230689236
135.60490549612368,140.52303027388422,6.328380822039037,3.371678306824066
132.97258917982285,139.6945679544399,6.213236450926388,3.078117140825924
130.64294311951878,138.83491593207452,6.8834884853988,4.0090647222652365
128.19562912770817,138.15752598252914,6.483662790683184,3.5743269230689236
126.42900081130958,137.5719682049815,6.151167262955823,3.7405746869326038
123.7540400481896,136.51651118656332,6.451893771761448,3.9463039574851564
121.50022884633715,135.87286972475655,6.535868717843599,3.786654098433189
119.63364293345549,135.62213029546112,5.950775808906187,3.319906503916087
117.12837829231455,134.47608011523772,6.223500560466377,3.513266445424563
115.28280934478259,134.19849119791417,5.420468230083614,3.8144035693181024
112.18856277455772,133.5926765744258,6.287478057253111,3.419505610085025
107.84654856002626,131.4239227079831,6.066864792086335,4.081345405585353
105.50586524022401,131.4347281892746,6.668179338582377,3.379762130514365
103.02027526309584,130.3467604208409,6.060804414205066,3.3940504719548414
100.41659097036174,129.3496829584548,6.788100943909683,4.121347001659444
98.50691193040885,129.0302687251281,6.051418448702236,4.0090647222652365
96.72052115380681,128.66801845777735,5.652423971364826,3.324955277273432
94.14644892360526,127.53950985103096,6.202703909919791,3.555208338612559
91.79483462072417,126.87065712004653,5.80966108252764,4.253501863993449
89.50979527244283,126.30994756938853,6.814653873748696,3.9235885939765183
87.70238291280592,125.6592841853935,6.278346640528568,4.009064722265222
85.33901859013392,124.86570563662728,6.263974772839703,4.06125836920377
82.44705359929665,123.5248368274339,7.124903950814044,4.475901199870364
80.94023082508173,123.04397474475712,6.384242958750036,4.446169203415209
78.81621355204857,122.56696156875469,6.089250857876323,3.5874656216945766
76.54969339601486,121.69280819834466,6.676984098521444,4.267763032044641
74.31559235330246,120.68884857429119,6.539314323294207,4.198928144431008
71.95206223026881,119.6972680842037,6.4839967438924475,4.87596555140712
70.2528006303742,119.14431691695839,6.1270611793110135,4.311635644700345
68.13526565619877,118.43371763097305,6.076055299619995,4.259502684269691
65.86796963644136,117.74907972886348,6.926153849551284,3.8144035693181024
61.84913181786277,116.2657399099484,5.700216827478556,4.071583448198965
59.63714593809166,115.50857107117511,6.63981300783216,4.071583448198965
57.16682390767861,114.17347425497023,6.676984098521444,4.680772357726383
55.19204748984397,113.58211972647157,6.676984098521444,4.543102582499131
52.887892743382,112.87049098475026,7.365820301061824,4.668477655602558
51.03399926032691,112.51524196243231,6.466878818054695,4.106704066939841
48.83499656711664,111.70715425988378,7.203570716044325,4.510061665697322
47.103124325206345,110.73055027605159,6.127061179311021,4.765492028353009
44.785327384013655,110.34692316241379,6.278346640528575,4.084707452874014
42.76937365321109,109.56763183311318,6.7500997881884786,4.5787390171628175
40.89130581148273,108.76046675385315,6.4836627906831765,4.821185152046468
38.53562851135238,108.10645107206815,6.668179338582377,4.475901199870364
36.6190966541142,107.56073834323618,6.505274832354907,4.235992914091568
34.55215978505128,106.20711856571523,6.6081492109078255,5.1626165710217435
32.35331333577787,105.72448588159158,6.514533517118345,4.948539883195664
30.925354171771502,105.59325534472647,5.625638261752783,3.640118875251801
28.60591300338556,104.44745990892224,6.195139885226084,4.405432807271879
26.381263271844823,103.81132907661609,6.051418448702236,4.311635644700345
24.330127437143023,103.11543689919311,6.424258643062068,3.8144035693181024
22.273686976004804,102.28383958366645,7.2392754978683485,4.788182219062534
19.35340141901326,101.73356892527055,7.73052101966071,4.571813506250962
16.493708390742015,100.42855636212579,6.8903719892597906,4.259502684269691
14.057186671486509,99.95377777485591,7.564273060877799,4.538563836526677
12.209782528821023,98.7808347244088,6.63981300783216,4.88590013783876
10.582767770922835,97.96873809244451,6.566786672615013,4.571813506250962
8.229319762467426,98.00420085726579,6.732203024181242,3.857779261047682
6.8440572726422655,97.01915086047475,6.3539893711373505,4.765492028353009
4.963904732776207,96.12852420432822,6.332809660453332,4.956111908180873
2.427451822065187,95.57233068662237,6.649910554546848,4.239317978523616
1.000827581462243,94.28407514275571,6.303236590773274,4.727427443079961
0,93.45971056088692,5.9601365054102,5.833223886733634
0,93.10618184047883,4.7227859839818525,5.833223886733634
0,0,0,0
0,0,0,0
0,0,0,0
0,0,0,0
0,0,0,0
0,0,0,0
0,0,0,0
0,0,0,0
0,0,0,0
0,0,0,0
0,0,0,0
0,0,0,0
0,0,0,0
0,0,0,0
0,0,0,0
0,0,0,0
0,0,0,0
0,0,0,0
0,0,0,0
0,0,0,0
0,0,0,0
0,0,0,0
0,0,0,0
0,0,0,0
0,0,0,0
0,0,0,0
0,0,0,0
0,0,0,0
0,0,0,0
0,0,0,0
0,0,0,0
0,0,0,0
0,0,0,0
0,0,0,0
0,0,0,0
0,0,0,0
0,0,0,0
0,0,0,0
0,0,0,0
0,0,0,0
0,0,0,0
0,0,0,0
0,0,0,0
0,0,0,0
0,0,0,0
0,0,0,0
0,0,0,0
0,0,0,0
0,0,0,0
0,0,0,0
0,0,0,0
0,0,0,0
0,0,0,0
0,0,0,0
0,0,0,0
0,0,0,0
0,0,0,0
0,0,0,0
0,0,0,0
0,0,0,0
0,0,0,0
0,0,0,0
0,0,0,0
0,73.82273729101507,5.588748361682312,5.244656423528923
0.5318751648603666,73.38133141081389,6.363516967345789,5.833223886733634
1.6402401712778527,73.02771997837058,7.247338768366038,6.009988246937695
4.025766517872032,73.37856052336821,6.649910554546846,5.984919499092172
5.179196611142899,73.98239232921284,7.169931117920218,4.853491833669068
9.445140888998857,73.54226123969391,7.307593795706715,5.206660579441035
11.056078798750619,73.375420768011,7.026532890849136,5.320089188785772
13.10375473111882,73.63557381086514,6.9824060822741885,5.40305232556932
14.888455649444793,73.21921587618863,6.1820205024891735,5.575940061068664
16.818053839015246,73.8143621683696,6.576834416136045,5.480695346780038
18.645742542990234,73.44173409012393,6.618397955003278,5.074105098835844
20.94922479271871,73.46754549146328,6.1820205024891735,5.575940061068664
22.53722237326602,72.62839055898822,7.059838390974917,5.99420240743153
24.82589476672559,72.87113803606897,6.26397477283971,5.300286346248981
26.627754899960024,72.87093159398327,6.625016725657758,5.420468230083614
28.73362394682632,72.8657094821881,6.8161583184105226,5.7355478532966515
29.88490199235718,72.91705273415849,7.3980254919333674,6.0680433810239975
32.77166348783914,73.071112270974,6.668179338582377,5.6633851916727025
34.84326008390915,73.05882913583818,6.8161583184105226,5.901795617160332
36.52057562279303,73.0762499674982,7.030533120477884,5.6971561493527645
38.52085502904189,72.88150467365364,7.611157648253773,6.066864792086335
40.35799868002198,72.97851794074508,7.791201252704134,6.1270611793110135
42.87472925449795,72.98050613861972,7.581628563045719,6.028764881458045
45.200260498367754,73.25483533465771,7.033559028367712,5.480695346780038
46.94898264695278,73.30493136986411,7.227290973444823,5.320089188785772
51.32001756533176,73.4489519336757,7.110416677225132,5.597562065049573
53.58068810640971,73.72591804172484,6.765092498545975,5.199098864623295
55.75450768774968,73.78015865499128,7.313948327110687,5.446557264869654
57.50478487862529,72.96317087331678,7.704688678899586,6.389254026404529
59.67432479874269,73.49038747953226,7.6382906827902275,5.928225604553603
62.23374793437762,73.71590120772001,7.4811493738652075,5.818671735228492
64.30868142909159,73.59329125800082,7.71555852209535,5.597562065049573
66.87612962166085,73.46883652156112,7.564273060877795,5.597562065049573
68.2209277489066,73.32493036391593,8.260186513634778,6.332809660453336
70.97202304495639,73.40377749309165,7.581288513515673,6.0992321123772655
73.29519966139401,73.80596624147049,7.210204379208406,5.965277004381051
75.1915954350022,74.18522987062039,8.09430803698666,5.415206081082616
77.71434793046969,73.44069132053147,7.459451884803684,5.860997909488617
79.99082440848656,73.89462293337587,7.791201252704127,5.67320479565835
82.52908826161499,74.00985717581437,7.391489952115052,5.950775808906187
84.65943044528274,74.48956602575231,7.813644901592539,5.4861762075011455
87.40637275395616,74.255945585452,7.078291225330517,5.574937336764734
89.00749092817966,74.08886877687956,7.6382906827902275,5.700216927455386
90.82178297922401,73.75645144031404,8.329021401248397,6.263974772839703
93.396274146765,74.10045251029372,7.262076353159543,5.602173186723078
97.5012781376332,74.19203702506275,7.426950856726137,6.137006760557924
99.67582431662208,74.14142823393124,7.3980254919333674,5.40305232556932
101.9642234761571,74.10059697658946,7.640672525112166,5.850965447157975
104.09580261366806,74.69035349967933,8.080527151041025,5.387018100694021
106.35539337751942,74.5389028460296,7.203570716044325,5.387018100694021
107.87059863592832,74.71230560709475,8.018129444530473,5.068062950788118
110.29917269853864,74.44538765942934,7.015651479973599,5.574937336764734
111.6613233699603,74.42999469194977,7.752295021339336,5.586212588906278
113.72177697971104,74.66629964008104,7.579409188185764,5.136459119266391
115.76399655413776,74.85756490682184,7.564273255797033,5.31992844363748
117.60217374914374,74.69410011557774,7.658689670071311,5.449452265243039
119.79215451899535,74.70944528527954,7.524286344241119,5.529210419631724
121.47570903186367,74.59964997577916,7.774887705492759,5.627128670826252
122.81030576963944,74.90842436615014,7.64696619361213,5.05077396738578
124.88678713201875,74.44531904941962,7.431246259946107,5.584173490132912
126.25645401458172,74.43697862914581,7.936412014524365,5.654045160674215
128.1273223068654,74.44955853464786,8.093772175139236,5.8244902568759045
129.70815749878366,74.61757300276646,8.376260235199368,5.670083851519578
132.110490278963,74.62017593436605,7.946708428266078,5.584173490132912
133.79913129206832,74.59165582700824,7.454129697471956,5.387018100694021
135.82537106516656,74.7380773177092,7.391489952115052,5.261738609980199
139.56910594216427,74.55068677936161,6.807845754790009,5.5219193344407955
140.50114350096555,74.70122046232325,7.728924118719789,5.187197395113955
142.56717893792313,75.02308942176231,7.203570716044339,5.199098864623295
144.07519401380813,74.92471730136586,7.3373448690514635,5.2193484120056866
144.7017165687841,74.93360806620993,8.260611628901984,5.333994937519563
147.3023783027945,75.27861698249211,7.0027164834038444,5.290941343016243
148.75229006955988,75.23564149215639,7.573308196866378,5.135325421162818
150.4616822459349,75.20988831385304,7.599762698589814,5.003570472363492
151.85583914084953,75.19488982140199,7.51676944282886,5.261738609980199
153.27499894841057,74.9492899368866,8.039087895047345,5.655818474834206
154.99707030052883,75.11222471337966,7.599762698589814,5.286791442497275
156.35604984337655,75.38739254454694,7.936412014524365,4.616605681651421
158.39581219190606,75.52666322570366,7.239275497868334,4.73118004978798
159.97554690156485,75.81247424422462,7.36533297465769,4.61193747011275
161.23163379683166,75.72624868575016,7.677052144768652,4.460989759798011
163.2256464017946,75.64548698355682,6.8277322439028865,4.697980901768034
164.65868868693818,75.40555508997569,7.573308196866378,5.394685290918517
165.93036898231452,75.47340497066999,7.313948327110694,5.394685290918517
167.5561770966173,75.33472664644628,7.6382906827902275,5.47220825035717
169.4425788838214,75.75739506068814,6.702452753189078,4.88590013783876
170.37467147599267,75.6488819646815,8.024594153790503,5.286791442497275
173.37831098148453,75.89316836638328,7.517156621332759,5.197576863892948
174.64370995995876,75.57138296026586,7.51676944282886,5.700216827478556
176.1543384854732,75.56233858237361,7.2594255371728025,5.7130390322129045
