195.70253264941624,295.7277049318761,13.576450797563439,10.22476450691505
197.05882352941174,295.2205882352941,14.59556438055074,10.722457641362496
198.92806810231977,295.69130370737395,13.115759953516914,10.810255274187739
199.54236062913446,295.8917891298003,14.005432748155528,12.03379415739579
200.7921647220874,296.7381201595624,13.793617529897517,10.471889226779354
202.63661674479872,296.75280822598836,13.66037100728451,11.142759968399332
203.9220206491866,297.85084679997215,14.601004054129646,9.8989857994099
205.59344889187275,298.1194829711011,14.601529635751263,10.144220589048246
207.02214965374026,298.4145246659224,14.415398070390694,9.651511154424668
208.55167251450277,297.9060845137865,14.406329833620873,9.697464742372631
210.70329412173388,297.0318490122497,13.73056120133802,10.963955586143072
211.887994378749,297.2337451274075,14.568758038032087,10.907890633603529
212.65655970606582,297.37442250025185,15.569146113240862,10.198130641860814
215.00002315316522,298.19136124600686,14.61571759835249,10.28513460624805
216.5151285190071,298.71924749932276,14.531813300188759,9.605774893345085
220.94268946421482,299.0388584343605,14.469223286463944,9.458480591929742
222.46344482228278,299.33536182745786,14.652763073069707,8.86338465608759
223.90456918371837,299.0668544715633,14.779309246789069,9.184618049266362
226.8790128355033,299.43497006265903,13.223949603752203,9.78721693837025
228.21935757456535,299.6713993383482,13.793617529897517,9.796283470212927
230.0460903872952,301.09028204800165,14.106054764159126,8.104794623266855
232.43285354052182,300.5906261399782,12.66343455664429,8.416551016306244
232.70274631982792,300.54012173425605,14.340126154926395,9.630794784521584
234.67363748148819,301.46990565516643,13.781794638656464,8.607217469495481
236.90313959963075,300.4357897264056,13.007657034240196,9.417730182496484
237.71087359811096,301.4310686471934,14.037961825248573,8.914618093406034
240.32733875472823,300.4988325128396,12.962059641561638,9.324485591953419
240.92550866067603,301.0483311316611,14.106054764159126,8.847218558222607
242.40506659933226,301.0888831240079,13.710806899048123,8.292164651520125
243.893835973761,299.63522488478645,14.6853081242796,9.246305115287157
244.77391944620388,298.9017938557572,14.919722172293234,9.641558745398868
246.15637565298522,298.5511460069227,14.381239020005694,7.9532609731849675
246.70945836733802,297.05773518895904,16.961450052409077,10.646016522256787
248.59205163936647,296.50196773689964,14.56979807161619,9.151211453851829
248.90771295696712,295.5950355947474,14.494046458349857,9.488370619641387
249.7345087693869,293.3322744492764,16.045636718452243,10.246687307923878
250.4482723942037,292.3837082229001,13.984174245337243,9.834032211237172
251.51101347966397,289.3680618697159,13.937445210543103,10.945993555597283
251.8939714609416,287.62003382607605,14.313084980328824,11.375872101629454
252.84001485732458,286.38184005044405,13.423160577427467,10.963955586143072
253.37990989503345,284.7491469360634,13.733482597705915,11.149956168434528
253.41038405448137,283.5764066017059,15.531812477310552,11.094113629507945
253.63269132615136,282.63525866993996,15.309505205640562,10.30115751503115
253.74059582124747,281.69869625333456,16.357670074706306,11.237719931636548
254.6778416835626,280.5162549519434,14.638124725605536,11.597898821056674
254.77406129520878,280.5429452055458,14.863326644461011,11.034894023918014
255.57472399944697,279.61682710426044,14.29166074789805,11.693176975552944
256.0264461779617,278.6913843898583,14.889270737116817,11.693856469333753
255.44447887881935,278.4013252958268,15.062630571617063,11.68122370860101
256.43519320706366,278.34571525589837,14.29166074789805,10.950753040597249
256.76868150184964,277.6873065439206,14.106054764159126,11.816914298045617
256.50763013604484,277.5517755606769,15.273507147258897,10.77630782056599
257.45037903611023,277.2377139545109,13.807390347713635,11.102125572207399
257.6758177025081,277.1127449153342,13.679327764019604,11.168889335416736
257.6803261605951,276.6128807624127,13.858580119173894,11.631308314306636
257.85071847104666,276.83835349662826,14.229792086651742,11.445702330567713
258.60463457520933,276.5510338276987,14.54933304905478,11.693856469333753
258.67365301841255,276.7853087991392,14.679537424865487,11.327851134216985
258.80997789639866,276.0583514095765,18.152672542512278,11.89781908217094
257.9602700599866,275.65418782057924,18.356635155349466,12.373731845457826
259.5067712803582,276.1645509847733,14.131420408180702,11.42899738191511
259.2185639533945,276.878097800467,14.27738289860514,10.810018480372491
257.8434816710533,276.3572759569754,20.324473176706135,11.82310073991215
257.6481465393267,276.0663300437936,20.886847137417988,12.075208501319764
258.5281867289984,276.32065201060516,19.60100083898226,11.624835995413719
258.9329920299058,276.4421398070441,19.761468379567475,11.654199300770586
258.51255329656175,276.51938095874993,18.522128784363133,12.94882713373562
258.1385007900272,276.4435486749425,19.474215972978584,12.44662473546208
258.12755956723646,276.3115231093487,20.621825366649603,11.897206942297828
260.66870111570375,276.415024168052,14.857696822343371,12.039857769830007
261.46245255787375,276.8708036217182,14.269911719303195,11.655006430425658
261.92777523803557,277.45168089812836,13.801470135318311,10.606055867535247
261.52960219781403,277.43742428949247,14.412922806750089,11.14749498334578
261.4350327725384,276.927659219088,14.187720887894613,11.597898821056674
261.80011935125617,277.30567648388535,13.660371007284539,11.049515115107283
261.90153721181713,276.99751301690264,14.29166074789805,11.260096346828789
261.59959970498744,277.24525724514234,14.167923425405434,11.136359024336173
261.5564750405858,277.76547910930674,13.82164224120993,11.655006430425658
261.66114373682615,277.81829600887124,13.846860713868637,11.469116954921446
261.5709355956151,277.91115664382033,14.018819448752993,11.485297861628965
261.8178544526383,277.8513454392577,13.223949603752203,11.356160111696795
261.81358613937005,277.78339527984286,13.660371007284539,11.515739381567471
261.5228841019411,277.4829908376165,13.68178798364255,12.095493724669495
261.7668148851461,277.68443277806176,13.611105474188662,11.75504563679931
261.6292896098193,277.61157127668844,13.896353820892159,11.953852749154521
261.13438604289337,277.95141502495636,13.803733287332932,11.458000833276344
261.6972992695622,278.1656743441818,13.67297413543497,11.75504563679931
261.7557602705626,278.5691836779035,13.371927140109051,11.578756833964178
261.4018681800271,278.6626916850206,13.793617529897517,11.654199300770586
261.05541384114764,278.70869124990014,14.356622327036177,11.82310073991215
260.59090004587193,278.5436329174218,14.908930259661815,11.937390895193118
260.7792302073891,279.6804979231244,14.750725685033274,10.584490186207063
260.6401807192637,279.7679156236065,15.501158575628438,11.353918781271716
260.50853439144043,279.3987918747983,14.29412901184071,11.834924020556286
260.7728448923761,279.5364303165263,13.373372763116606,11.655006430425658
260.5118351749664,279.9325986931289,14.140428699885433,11.527523396645734
259.7414671448457,280.6639830280798,14.344623298985425,11.430871691379025
259.9595754471016,280.6657014375422,13.21820305836377,11.74039153631071
259.99493297737496,280.8591627941345,13.869457672930707,11.149956168434528
259.9094340400742,281.3583056017922,13.363630829203373,10.950753040597249
260.00507092091027,281.22097511737,14.942315936443151,11.206736952332392
259.7609826241829,281.49161698828937,13.710806899048123,11.2477876956263
259.33385127410554,281.6611723779312,13.461532447256275,11.693856469333753
258.46222872469815,281.945502969702,15.032228083602604,11.372696902201199
258.5531575577219,282.1314911598061,13.710806899048123,11.329888335740407
259.12694592206645,282.71858088246614,13.086927636527662,10.410056074510635
259.18081514752174,282.7554407845724,12.982481075170028,10.733881411823575
258.4188405759883,282.941330326862,13.525627452064327,10.912722148824628
258.5681525914207,283.7325949637452,13.831009250017757,10.097485280687806
258.5403297873425,283.59048490417536,14.229792086651742,10.827015718104576
258.441716577648,283.8192465590706,15.343427989085399,10.827015718104576
258.2551773971632,284.2135948635293,12.725599217679417,10.673083214827898
258.08499034428786,283.9389830060821,12.949110334189527,11.372696902201199
257.7938708003893,284.0635027124187,12.991748976313318,11.097118917267665
256.9656158865508,284.75630183938426,13.880074766014161,11.104059812811329
257.41617276488387,285.1296330966626,13.218226828153774,10.963955586143015
257.03484233628967,285.5638284515506,13.52951998486867,10.674043405147643
256.9436808786067,285.70366649012965,13.16699339083533,10.861488711506183
256.75507649509564,286.84547383677005,13.435595200342107,10.424168689920577
256.9404241844805,287.0073169874842,13.069590863484677,10.083259617795989
256.71453568979007,286.4477356308256,14.581824245891653,11.034894023918014
255.86711827507344,286.8245233711216,13.474394014745883,10.297920901003522
255.53831307970512,287.1077084640892,13.842523656486435,10.645392558160893
255.74814081439283,286.9484803736121,13.423160577427467,10.759021836869351
256.14322589890384,287.9134786613462,13.061711293617236,9.852583949926782
255.4657544881916,287.642101839567,13.986728387930185,10.297920901003522
255.68013632498324,287.8946040331048,13.75361586057656,10.816402981877161
255.59324266248757,288.41592215699524,13.435595200342107,10.694424915214825
255.77251023747365,288.4784414218271,13.320693702790635,10.246687463685078
255.60887505315867,288.75687731572816,13.525627452064327,10.246687463685078
255.30110959371345,288.6420734945173,13.054001778135643,10.344680654371643
255.42068763639375,289.45832904123233,12.683075555493957,10.022723121902573
254.54238138829876,289.864248867932,13.781794638656464,9.939286839774525
254.74034786428106,289.8815189475762,13.174312253044974,10.190386828210023
254.77760549338592,290.0720265310866,12.634677621072058,10.350178715416916
254.01495953876594,290.4819889879444,12.92510328502334,9.78721693837025
254.7460955472238,290.5297669520729,12.028586074673768,9.697464742372631
254.03811808511978,291.0323618533117,13.32189234510912,9.121677879612946
253.7312071133367,291.3937002901634,13.11801177333112,8.445071957080131
253.99091614615784,290.72563731108124,14.452952260266926,9.604219889080582
254.0221867387722,291.13333581701295,12.402122227247816,9.93664009773471
253.99176566043934,291.90879159719066,12.449725268377392,9.836819965137693
253.5961013702394,292.4725136046506,12.667607935620197,9.289579152788122
253.62439826333517,292.56051617378205,12.850391705341139,9.413659039959214
253.17875249483666,292.8167335561552,12.962059641561666,9.785586527819248
253.09081580702946,293.05080094635736,12.806812877986602,9.032824541961531
252.44859992228405,293.58995209366833,13.56841561104207,7.487963801944375
252.74285046929216,293.8417468944073,13.081969455315487,9.112268379219756
252.88894359550045,294.2240917028083,12.392923898226911,7.733184512493608
252.30695917816263,294.1218470644952,12.930550200479217,8.166663284513163
252.76648404870292,294.5722537200518,12.2735045776231,8.445071957080131
252.30482863202786,295.03407157979416,12.494810341133984,6.200782743920968
252.80040277150252,295.6804909956404,12.193558081785255,5.328277481116231
252.7144160895738,295.6921028765251,12.346084944034288,5.430580319025353
252.77964445316377,295.7057488450207,12.244791519103671,6.455413102121611
252.88817620045717,296.42818551082837,11.766800260198295,6.418254687380909
252.92835659127593,296.49928783548904,12.121830927965789,5.734558477460723
252.02893179700195,296.7852612905599,12.296024956422144,5.379510918434676
251.43852066179076,297.6771733681627,12.850391705341139,5.453945316801764
251.24581888197469,297.36021484139394,12.985619683969446,9.314292652899553
251.83219743265832,297.30727812246374,12.855956093641481,9.151697558185447
252.02555989845922,297.66873139868625,12.028564328836751,8.96538956186589
251.91689294356132,297.91787312747743,12.103275908518981,8.815966402501488
251.84984728777678,297.571415553219,11.878782959291897,9.8989857994099
251.79598441332257,298.3055741103826,11.761844006946149,8.702404814387933
250.67913583443658,298.64085006740305,12.634677621072058,9.044750769328346
251.08567704373013,298.95790775247167,12.621206894247678,8.909087219468915
250.45047702841183,298.77826797582395,12.807699857793494,11.165687055512251
250.45518581703345,298.748161124266,13.597507502163296,9.413659039959214
250.6101411905034,298.5983008710089,13.373372763116635,9.712505358688077
251.60115606936415,299.8728323699422,12.329124320112214,8.696172120774918
251.68499969777275,299.88829089139193,12.660639456288209,9.367594345182908
251.99861578728908,299.564051883735,12.448187914487931,8.345414369637979
251.77441260958182,299.44226793267376,12.561397937451318,8.866869132318584
252.5861123873517,299.23639784617586,13.52951998486867,9.858192953798778
253.4306111285187,300.129270699728,12.92510328502334,8.96538956186589
254.22746759625858,300.7133719511529,12.725599217679417,8.702667852090428
254.72516752756135,300.9764022347395,12.917632146357022,8.02252943826386
255.70856692390984,301.4601995565456,13.136102418249749,9.031070412546683
257.636546991011,301.59045159325495,13.074526444387743,8.666543243137028
258.70080503701683,302.012980211426,12.498653105671906,9.2095338673372
258.7896579473512,302.1551675518235,13.68178798364255,8.526331641980107
260.2216305169163,302.96195821280924,13.262410413319856,7.849181673189321
261.2113580468391,302.7423598420223,13.081969455315516,8.661165984208878
262.7306580375151,303.3113249426401,13.223949603752203,8.218273765043762
264.64331760445043,303.592228620091,12.85039170534111,7.770004286950439
265.6909615266108,303.28559744472005,12.901528497311176,8.751386463211077
266.28814723756136,303.83617839280697,13.906218489325283,8.163569558510801
268.13586620098147,303.79545261521054,12.095493724669495,8.62547503316597
269.2694830592996,304.15735928208557,13.298661183434433,8.218273765043762
270.45819468845207,304.2310841092141,13.7469306615277,7.695292707268209
272.44849902732165,304.34376072391404,12.811308018308978,8.570945505206737
273.62940020036956,304.73773879535656,13.464504978705975,8.784768492204478
275.7500953573162,305.2673768809907,12.450426102300298,8.210063589198
276.7558356393954,305.691018226718,13.257569834419087,7.682591750201823
277.7509202037834,305.4980586292406,13.239893506710757,8.723481235729992
279.82216708168664,305.3730165414569,12.744944216740294,8.909087219468915
280.384801373176,305.7424585926785,13.352630892322054,8.841606942213218
281.6991512246888,305.83611616880273,13.618597556823602,8.606953655912491
283.2674296201908,307.2549334856652,13.239893506710757,8.042925962020547
286.69871987262877,306.7331496505625,12.8543113456181,8.44163730159994
288.2550969867913,308.3506732028897,12.420160971823123,6.8637731686391135
288.92041159474246,308.53274240288897,12.591210680598579,7.733184512493608
289.71708048108616,308.8072161031509,12.888640854155994,7.1383241653787195
291.0507990323566,309.45776393692637,12.269985144295902,6.405654009154489
291.39648584347077,309.17952765608845,12.99981486470557,6.9481769104460795
292.4212659460823,309.1000802988399,12.588055194426033,7.692700396593693
292.7707718359362,309.2210664262835,14.375791721943244,8.129758077236886
294.85857386833345,309.9371776272923,13.455814651614332,6.868658525091803
294.89853078406236,310.4044329943339,13.67221908184547,7.471157968221576
296.98905644721594,310.6684534847748,12.386105537050867,6.868658525091803
297.6910666407695,311.98122233294976,12.588055194426033,4.4291305313720954
298.85720798006577,310.1139893531721,12.500958705695837,7.889949347037543
298.97274372826325,311.7576789547788,13.442851371324195,6.315433530152291
300.75956740292685,311.5128269746857,12.71825777575657,7.0617950633344435
301.84847691182773,311.5935806194555,12.142696926717122,6.986869263388826
301.8532399982697,311.92755091528784,13.174990789803132,8.326594179155563
302.7986075236999,311.9578196385664,13.245257407348731,8.08066101774591
303.8147258350587,312.0503212580116,12.308320634549887,8.158924663053881
304.34468686141935,312.9148598284105,12.914412180948148,6.806874290319229
305.30093911620463,312.26865822195856,13.116156184218141,8.723481235729992
308.1768192515949,313.7671066053199,12.232995376995063,7.471158250379517
308.8898198882808,313.9837275947697,12.476833806930017,7.471157968221576
309.12567623854727,313.9955703007431,12.232995376995063,7.7995608108357715
309.97455033846984,314.2940597311919,13.194146740824294,7.879190103177734
310.4815511142154,314.2871707824237,12.893347414272057,9.2095338673372
311.7897923070638,314.4583033544419,12.643498577565367,8.702667852090428
312.4419075550362,314.4836526434126,12.92510328502334,7.471157968221576
313.44121408310895,314.4644484614332,12.509706920682618,8.63441727677548
314.5620326534045,314.9061763173422,12.402122227247844,8.96538956186589
314.91744339205775,316.03594371248647,12.202263410913929,7.408517070912012
315.87311873796443,316.0025452422927,12.450426102300298,7.307858799176245
317.0267627813073,315.54622049530656,12.03379415739579,7.818566825426615
317.3163969522876,315.60861389312316,12.725599217679417,7.060655049809213
317.59823922126566,315.2774890782108,13.384357810085078,9.418622162652468
318.2015218759614,316.87610477587714,13.528804200969091,6.94398799695756
318.9941809861141,316.33222796998035,13.352630892322054,8.39050454720234
320.4420522964824,316.57896397884576,12.700968545976707,7.919427446314899
321.2266193859278,316.667241528981,12.85039170534111,7.471157968221576
321.6497863999817,316.8619760241554,13.054001778135671,7.5532588904935665
322.2865843662123,316.8580509646127,13.448084342798836,7.695292707268209
322.3752899496223,317.2049058291004,13.971065400574332,7.919427446314899
324.36113035967827,317.9690263366112,13.461532447256275,6.322840997953733
325.0582899409488,317.0680758031026,13.30030369847782,7.7995608108357715
327.1432248384011,318.27840921769825,12.095493724669495,6.047746862334748
327.5514231756323,317.34634075983433,12.991748976313318,7.668740715184981
328.73879156902217,317.9726537010539,12.551545386612247,7.545869547903806
329.8208320905088,318.12135687002495,12.561397937451318,7.224856330037369
331.3729873653066,319.32230605224197,11.728662270282882,7.307858799176245
331.4463520884718,319.647658404983,13.373372763116606,7.097600069810483
332.0345003191262,319.51893409763284,14.724741376622262,7.486108010803775
332.6440899264828,319.7448077362069,13.176719322072074,9.029758737781549
334.01474603497707,319.3999259061639,13.13610241824972,8.702667852090428
336.893003399075,319.66218159655824,11.761844006946149,7.9545419006514635
337.61011902183293,319.5383052207793,12.723908415334051,8.670273875935607
338.16963359438114,320.0939153757717,13.149238024069973,8.218273765043762
339.96419356055804,319.93864197466286,12.392923898226911,8.526331641980107
341.25,321.875,11.337185031012382,7.176346364602864
341.92322290114345,320.6229089402357,12.305744307845373,8.702404814387933
342.74874710813503,320.67345294872047,13.803733287332932,8.841606942213218
343.36283185840705,321.6814159292035,12.792177636676115,7.622798636994901
346.97687861271675,321.83815028901734,12.359132607574224,7.5503669129761875
347.80876494023903,322.3107569721115,12.46680075448944,6.788276284405811
349.6884857471852,322.59712406760707,11.657519508640974,8.171158534094161
350.7771214588968,323.0469105934579,13.268775799208811,8.29280970094186
350.8695435443728,323.0643469394325,15.470726824551605,5.992182925002396
352.7354703202596,322.2093788216829,12.28901567297686,8.096292678667112
355.9000416510312,323.8849297110872,12.367088336138522,6.972932785269563
356.2779152454119,324.9725940763079,13.41905445155777,7.22437562066176
358.8153760445122,324.2987230872209,11.277559875272004,7.758961194187123
361.05890008597135,324.6632492624771,11.25404951231053,6.465092273029484
360.9312871772345,325.32702229697566,11.083586415398202,5.582843527756154
365.1225028962784,324.487769869053,8.380675168741902,6.465092273029484
366.0550458715596,325.6880733944954,9.290891273860097,6.104461933632422
366.1398699996302,325.4349499657744,10.013482509767357,7.039180774192914
366.73363065725476,325.2459186101985,12.81046061507692,7.542607651867684
369.6517546123114,325.52884107719393,10.262580014257594,7.142755689923263
370.1707256508828,326.23088280100393,10.50919946569644,7.435754338936135
371.8323699421965,325.88439306358384,12.716763005780365,7.514450867052005
374.4162498812977,326.340471757293,11.203203203997134,6.543463818263831
375.60293742048077,325.714125187618,10.296258064454321,7.662331582849731
377.67115681542066,328.303504379375,12.08028827128453,6.251408915422701
379.30530217264516,327.45731455506706,12.202263410913929,6.64587560772992
381.8100519671073,327.30936080187934,12.252699067883384,7.247023229174943
382.97349749552893,328.88007829240473,12.002520281784541,6.31060344712381
384.9721678023502,329.2437567028145,11.693856469333753,6.050890847504093
387.04676118643766,327.34385640943356,10.755183854941947,7.881661450949821
386.40045662803834,327.9826929942901,14.127423855879215,8.141227306777864
387.720341304928,329.25122022422045,13.182802435005271,7.517465851366637
389.3527232034045,329.4367562834853,12.450426102300298,6.676315446161027
391.2435784921229,330.144169405335,13.081969455315516,6.315433530152291
393.5341701912173,330.26060111543745,12.479297297337212,6.321749288782655
394.63083369964795,330.1243391974457,12.177987488201154,6.5746190120349866
393.7976878612717,328.77456647398844,15.606936416184965,8.09248554913296
397.26589595375725,328.77456647398844,14.871784937686186,8.889554409588357
397.26589595375725,329.9306358381503,15.494600304673497,7.90926369743562
399.466756495317,329.39800103179965,15.361778044097036,7.844312192730399
401.35485444590455,328.83572005262783,13.937445210543103,8.362467126325896
403.04624277456645,331.66473988439304,13.294797687861319,6.936416184971108
403.6242774566474,330.5086705202312,14.883922141115363,7.980229843921222
406.5582250198529,330.8207725972402,13.289356339004996,7.0637119279396074
407.74062458373163,331.791809101281,13.879358877715049,7.084256093833744
410.72294824486596,332.1686813872315,13.02778827238501,7.467146936610902
412.0464287330269,332.50059544530586,13.086927636527662,6.840893991821247
412.5257408433593,332.3809606487767,14.272290239551126,6.536926827275352
414.5595534809178,332.30087537869525,13.76825206293313,7.183435858921655
416.4416971315757,332.78116925644025,12.392923898226911,6.7417506006354415
417.3997533695925,332.7554379895998,12.690736684094873,7.542607651867684
418.1774332123674,333.1596369118408,13.618597556823602,6.972721949093682
419.5014584436215,333.35352544811883,13.049908477040958,6.824264065975569
420.9046476963825,333.3369050820481,12.690354071784384,7.634041121307803
421.65090493706856,333.4395517272983,13.288041722872208,7.893886172003306
422.7566227262983,334.3718291831948,13.483501201270883,6.840893991821247
423.7583753550755,333.8349930092607,13.081969455315516,6.946976883167565
424.47299776440286,334.32175244574444,13.780931374828356,7.634041121307803
425.985106967093,334.87435030663875,12.561397937451318,7.142755689923263
426.4721523494527,334.65050354033707,13.169632408023006,7.542607651867684
427.0316267417126,335.2938018430268,12.81046061507692,6.704540134993522
428.01132492647923,335.46397568126184,12.311212191368554,6.64587560772992
429.04941840645665,335.7089650716858,12.293780507041106,6.444320427078026
429.6583443769395,335.4553038174641,12.690354071784384,6.543463818263831
430.5807034819795,334.33019316939874,12.690736684094873,7.0637119279396074
431.8266667386136,335.4250655724974,13.086927636527662,7.435754338936135
432.66117395128543,335.09609783479095,12.901528497311176,7.939402152191462
433.70242616071266,335.38075638476005,12.700968545976707,7.396446388539346
433.6979879534074,335.82953002002284,13.393544909643879,5.982903309891697
434.39280504918366,335.6913234127742,13.352630892322054,6.405654009154489
434.62333007784116,335.6557649528029,13.582644592456688,6.444320427078026
435.58115300550776,334.8583329860108,13.156475602834064,7.084256093833744
435.8536020565635,335.64898991897064,12.492067289412773,7.5348977301219975
437.2514327102144,335.4913899240159,11.99635033348369,8.62547503316597
437.23797081473515,335.3575670249936,13.43752512295913,9.267258705489041
437.80865517318,335.97950686318484,12.433592327953079,7.951716023690892
437.62045279141637,336.3658994070591,13.156475602834064,8.096292678667112
437.940512695194,336.2897713469222,12.893347414272057,7.367627093869771
439.02725824144886,336.2080338184336,11.855285708048257,7.6625627137385095
438.6318684721524,336.24265295121273,12.761782644738673,7.367627093869771
438.45049540443887,336.4443755755652,12.367088336138522,7.367627093869771
439.17219452080786,336.3114343344117,13.301052257810227,8.819175953548097
439.5894747305489,336.50599367263976,12.52910975227769,7.626414631821206
439.7166574424705,336.6433430884845,12.761782644738673,8.551710019670224
439.4128944291582,337.62769809049155,12.867322292881681,7.951716023690892
439.0222583080281,337.58843889536297,13.582644592456688,8.129758077236886
439.39796235179557,338.3996303416536,13.1866637391214,7.943773336820129
439.6842559033176,338.229711028647,12.451288822130834,8.260951237759855
440.3211034096072,338.4203345106003,12.638058532732316,8.498004875457923
439.90380302847376,338.62065715832665,13.172189934317714,8.300284068200199
440.0702732828299,338.0524549566587,13.590205567762666,9.397482573452919
440.31908859838586,339.83731418334725,12.103275908518981,7.3217348088571725
440.0683610071385,340.69878696469783,12.700968545976707,7.247023229174943
439.810414015838,341.1838115144793,12.101781695008185,7.27466652452739
440.01449815112903,340.3200978212168,12.551545386612247,7.770004286950439
439.61953247168833,339.9533412225716,12.964904874096078,9.36959511909464
440.0005275050318,340.98010074412315,12.591210680598579,8.228901468422691
439.2809934113458,340.7370425393723,12.93018454605891,8.859570892670035
439.90866448433286,341.34388109818565,12.420160971823123,7.626414631821206
440.0290986219156,341.8042442248711,12.630867060304638,7.217638320174046
439.82520557132676,341.7469911257952,12.392923898226911,7.039180774192914
439.66507359939897,341.40218973137183,13.169632408023006,6.824264065975569
439.69216685065413,341.2421707997178,12.315096017109113,8.784768492204478
439.52926687943966,340.52662875597304,13.073853654550646,9.478543899549209
439.2140307072069,341.33243934745,13.081969455315516,8.119843110195859
439.25722137848913,341.70473515817866,12.690736684094873,8.141227306777864
438.7241274223419,340.77178221729264,13.68178798364255,9.220335380280858
437.8378531527051,342.3582298536061,13.893953766335073,7.398079278178443
437.728323699422,343.8034682080925,13.678064027187418,6.170742914297023
438.7229577482232,342.0259192021369,13.049908477040958,8.021503375795817
438.0509560827543,342.0991505580825,13.893953766335073,7.849181673189321
438.1820286875064,342.11091637080784,13.172189934317714,8.119843110195859
438.82674411616046,342.75634986857557,12.901528497311176,8.300284068200199
438.0033778400291,343.5587087349379,13.182802435005215,6.8637731686391135
438.15862213044784,343.264106446482,13.29175121545984,7.408517070912012
438.4560457155281,343.2639516213864,12.78949746297019,7.435754338936135
438.8189719892962,343.31787717184847,12.77568012565888,6.79875375108162
438.4667855680798,343.3983870460471,12.991748976313318,7.4882997571805845
438.8737829766809,343.3895520274653,12.211840960166796,7.183435858921655
438.59650370413385,343.2454368511618,12.638058532732316,7.735363412275831
438.8410850640447,343.2539044362284,12.311212191368554,7.517465851366637
438.7746405853055,343.8671869603827,13.169632408023006,7.0637119279396074
438.7434638044813,343.1292191742115,12.638058532732316,8.28010731454873
438.1801204459854,343.7755782929595,13.461532447256275,6.866741298852958
438.63469464707447,343.86861901103094,12.855956093641453,6.8637731686391135
438.33554920000483,343.94942996830133,12.72108753930678,6.676315446161027
439.5577705878182,344.1744421463305,12.551545386612247,6.0516379542594905
439.2575621386297,343.8430444091508,12.99981486470557,6.499907432352757
438.9692285714752,343.6416948968079,13.384357810085078,7.237467556564525
438.5647908708337,343.9797387389088,13.76825206293313,5.627024756155265
439.25729032766816,343.3367882994705,12.855956093641453,7.190619510002875
439.76468439915635,342.9050194867308,14.163341459096557,7.517465851366637
440.28234519009095,343.3570152068424,13.049908477040958,6.345368342047436
440.7586045998192,342.9756101755446,12.991748976313318,6.7665359251631685
440.7725010350738,342.89128518336014,12.747007313186884,6.536926827275352
440.29783939724416,342.1712718778188,14.746818807572254,7.228832748809907
441.581406867808,343.03921482998965,13.182802435005215,6.536926827275352
439.5178175640919,341.94258157654804,14.696014580416886,8.292164651520125
441.54018433752327,341.9218150132785,12.888640854155994,8.526331641980107
442.7572968044161,341.97673324433555,13.582644592456688,8.228901468422691
442.488782725619,341.2865208694484,12.85039170534111,8.666543243137028
442.10582343484896,341.8032580613354,13.352630892322054,7.668740715184981
444.33289352683806,341.49698252311714,11.909103228287222,7.578520236182783
442.9961183589389,340.9810437377499,13.409080269987044,8.859570892670035
444.03639354161476,340.8039323704729,12.63021787520529,8.683274789203665
443.5388200507408,340.73283920554593,12.888640854155994,8.526331641980107
444.5742615737364,340.4304918800449,12.367088336138522,8.814839558737049
444.8887427630478,340.14304712000575,12.202263410913929,9.042748777730878
444.8965811880005,340.63891108277244,11.99932370728942,8.39050454720234
445.97243324182966,341.35961279472974,11.599776768740412,7.33661094775033
445.1145383048573,340.74914941815564,13.073853654550646,7.735363412275831
445.57983615933887,340.1699010581515,12.551545386612247,8.96538956186589
445.26219231286257,340.0205956622478,12.867322292881681,9.10832926350048
447.0978298981483,339.284796817296,11.710709053072094,9.831212538381465
446.7203847467823,339.4538129046337,13.443307738090141,9.776951082247365
447.4292500547989,340.1431422812274,13.301052257810227,7.6625627137385095
447.9615928602951,339.1131917518927,12.293780507041106,10.410056074510635
447.69675084656956,339.5996645024031,13.8143008010058,8.814839558737049
448.51400868212886,340.09274402869823,13.29175121545984,7.9532609731849675
449.7948127780554,340.2110693173171,13.073853654550646,8.606953655912491
451.9845202317857,339.7221026214067,12.074535471966556,8.738150670502137
452.0424753535242,340.22001905991715,13.648528131951082,8.62012303070594
453.0726654483095,340.1253199382631,12.811308018308978,8.39050454720234
454.6235738967319,340.1963700298422,12.311212191368554,7.626414631821206
455.8233659736772,339.7123692932557,12.747007313186884,9.042748777730878
455.72451870839933,340.1470615821799,14.86681895727287,9.2095338673372
458.6451167579714,339.8090567866888,12.498653105671906,9.341098636870584
459.78053532627837,340.87497381675087,12.211840960166796,8.739846961687988
463.68975124415186,340.77088248614433,11.85266916722071,8.979294823652026
465.012097448184,341.69487046953435,12.089544186291562,8.02962263119366
464.9302864975043,342.19976667368525,13.289356339004996,7.542607651867684
466.7639359472461,342.20959031659737,14.054392678641932,7.08167072954825
468.8850408625198,342.25577382038114,12.93018454605891,7.542607651867684
471.5808767546893,340.7983857535023,14.726043510789339,8.62012303070594
473.32948252327077,342.0451030927828,13.384357810085078,7.5348977301219975
474.655790163758,343.10071520297265,13.979218157199966,6.543463818263831
475.70142662849287,343.1456288393844,14.472124648672718,5.78884985946911
477.73278129935824,343.5091532550761,13.72754633727817,5.992182925002396
479.93545722324035,343.5355164925573,13.301052257810227,5.927642854024157
482.32070454678336,344.08833911867436,13.049908477040958,5.387576894191227
484.0003927067416,343.2842459276522,12.81046061507692,6.225644411065389
485.4849003153328,344.20915001702804,13.169632408023006,4.669233308299056
486.4963485010393,344.17534011206385,14.602242152596034,6.361372818952702
488.44285137471195,343.903327952344,15.325125427477019,6.505949473928922
490.0881959621788,345.162932912188,14.285511379846582,5.664944167870203
492.3862603398506,344.17596570348456,13.780931374828356,7.1383241653787195
494.2848450368889,344.0894475670093,13.049908477040958,7.303159789903646
495.48573165255107,345.044659410628,13.13610241824972,6.65015184923891
498.4676691847986,344.8597769643101,13.02491218380544,7.104497554802947
500.79244601538244,344.5730041893519,12.420160971823066,8.171158534094161
501.9229734079474,344.7604614382827,12.571012753112825,7.662331582849731
503.04284342974535,344.87557990451006,13.409080269986987,7.0637119279396074
504.6154492856114,344.80036119414694,15.5641110276635,7.662331582849731
505.10990598459546,345.30271610179244,15.093169339958195,8.10264880355652
507.1773429668166,345.4002782434038,14.14166138682208,8.03106696041749
508.47526518902293,347.1062840927708,14.490187800460262,6.319029266366101
509.27977244287604,347.6032116867805,15.324663165699462,5.986196549101351
512.215928114765,346.80199074875935,12.810460615076863,7.542607651867684
513.6887708113677,347.70144632841857,13.76825206293313,6.584816204011474
515.6088583724755,346.8670819495664,12.78949746297019,7.832327903679413
517.097003547499,347.90527750276254,13.1866637391214,6.831645069665285
517.1684248307374,348.00870670701664,13.88797599391512,7.183435858921655
518.930284826955,347.2565212664821,13.82216560606696,7.943773336820129
520.692538091941,347.66909065852366,12.367088336138522,7.499191863403155
521.593021870984,348.27710958007856,13.262410413319913,6.495874488156687
522.1942542406218,348.32621100394135,14.599136580914887,7.735363412275831
523.6687982250385,349.03899577825797,12.893347414272057,7.893886172003306
526.0688302661152,350.0965719265213,12.86891280564862,6.990520536401732
528.236576734577,349.8447620508634,12.392286405439336,7.626022403347292
529.4626699594825,350.0243525390748,12.420160971823066,8.933799997276253
530.8825602612575,351.2359177256702,12.479297297337212,6.485950569010811
530.6407008534061,350.2960108403433,14.602073713067853,7.958324419772339
533.843606661511,351.39058182747794,14.574078504314912,6.3451770358921635
534.3423904001363,350.92122807514943,13.780931374828356,7.1383241653787195
535.8964981884325,351.72825673262946,14.247147786861206,6.824264065975569
536.629983983783,351.45998905232193,13.815102721419407,6.794346207793694
538.0046337644233,350.4283904825448,14.298792006276244,8.26152427029291
539.1861626888492,351.277640118298,12.86891280564862,7.467146936610902
540.9204788170792,352.0470569050867,13.89395376633513,7.217638320174046
542.2087361186323,351.7040205070882,13.156475602834007,7.51798605876229
543.5086705202312,351.8959537572254,13.872832369942216,7.514450867052062
543.3433623226791,352.5439241248415,14.616175249575235,6.866480499435966
545.4115506989783,353.50118762999637,14.28209091951885,5.90921699428111
546.5404750011654,352.48676680425274,13.049908477040958,7.662331582849731
545.9038352797656,352.02637083315636,15.523910384974215,9.11813783736386
549.1548349587738,352.7885087345753,12.930184546058967,7.422883720885693
550.7080621072347,352.8913000398022,12.867322292881681,7.228832748809907
551.5168534509747,351.69305630692185,12.453421127514389,9.094493757561395
551.881695282813,353.0530836056078,13.02778827238501,6.672769602928895
553.7322772466729,353.14862764536184,12.761782644738673,7.104497554803004
554.3972758612547,352.0664342208477,14.54492067053718,9.0780744496725
555.061793816168,351.779260807408,13.617896150273168,8.554832196966458
556.420361086055,352.4263663929991,12.810460615076863,7.662331582849731
557.1176269593262,352.3452005043203,13.011898947857844,7.6625627137385095
557.9026211656769,352.75770317783133,13.02491218380544,11.314570179871396
557.5368256684578,352.0654655609349,14.295544273738756,8.501008427504416
558.1145901456462,352.25106594999966,14.873849160712211,8.31540803843967
559.5298137322993,353.3460263657373,14.036660256139953,8.376516986863862
561.173962316419,351.8385549910233,11.814476989939408,8.727918997416054
561.0947848141388,352.8726260962749,13.62775853846233,7.693847892164399
561.435616197329,353.0683056324523,13.286927155272224,6.9201336739060935
561.4472138027767,352.2339215956048,13.275329549824505,7.176483028672692
562.1449913245642,352.4104462907628,14.311656074279767,8.156027697676507
562.6490523646615,353.5599943007265,13.22956035210143,7.00647968771284
562.917451530077,352.2268090922736,14.117230550847921,8.91769957824664
562.8984396666926,353.5730239257545,14.139916539539854,6.355018669456115
563.8167362717888,352.83257355224214,12.331564891148787,7.422883720885693
562.8247464708883,352.64631154725475,13.82216560606696,8.26152427029291
564.0919227637517,353.099584719428,13.409080269987044,7.0637119279396074
563.4957162476813,352.8053889424915,14.168512187667488,7.951716023690892
563.8957712839016,353.420696295543,14.873014843266105,8.301847057058183
563.8819982120391,352.83802597678516,13.288041722872208,7.762321402469922
565.8110095912637,352.99144447726684,12.074535471966556,7.467146936610902
564.7958207775323,352.7602847754171,13.289356339005053,7.901779444813769
565.7472947657516,352.372047876538,13.301052257810284,7.51798605876229
565.6940433234107,352.13317808026846,12.9877842453418,7.832327903679413
565.4003096677436,352.3660492126253,13.879358877715049,8.096292678667112
565.4453355103241,351.87604941191427,12.74248072004741,8.340532834940177
566.9723356888454,352.44844402876106,12.074535471966556,7.784897870083739
567.113473649144,351.7881417435114,13.02778827238501,8.897026137238527
567.811060693454,352.2737197035425,13.268719325907114,7.158124899502525
567.6636495545087,350.89884074346384,12.919542501541173,9.253185845698397
566.3403872896254,352.306118739202,14.840015035554075,7.5073017238685225
567.6417430337322,351.8353550419296,14.197299098145322,7.866071121945424
569.7447016997131,352.0104078735947,12.867322292881681,8.385445988619495
569.631481455433,350.43849017960235,13.727546337278227,9.042748777730878
569.71351301133,352.30883802464206,14.36687171784331,6.824264065975569
570.6408636609299,350.83112158680063,13.945865570539127,8.946404328270432
570.5923337210477,351.5901699695403,13.621732918490807,7.098649549072661
572.5679329972835,351.46717673523364,12.71003733891223,6.355018669456115
572.3438901093159,350.14600445761045,14.14166138682208,7.85647854823452
573.978684326575,351.739087005185,11.697423616260266,7.332713311685552
574.2104152024154,352.16833898186036,13.429877525272673,7.098649549072661
574.438300727417,351.65169137061287,13.617896150273168,6.9835364873195545
575.6699980165125,351.90924083163833,11.756784538493775,6.513894136192505
575.2542328266545,350.07582013636943,14.139916539539854,8.738150670502137
577.012431648904,350.2363895495825,13.66329013933057,9.214777070711364
578.0881615595266,351.8126619615849,13.734782222738886,6.795102783881305
579.0556146814687,350.79924597265216,12.433592327953079,7.807139368714729
578.2193317271692,350.74143505134884,14.313088842643651,8.963752608524317
580.8160790964969,349.8147625266022,12.981608764774819,8.439572733513444
580.0998844648807,350.4760327043737,13.429877525272673,7.866071121945424
581.7887214083822,352.0607560907457,12.638058532732316,6.210080485911533
582.6261956092932,350.951174403307,14.045776980256619,7.0228884901283095
583.8916194945587,351.5644268073224,12.392286405439336,6.831645069665285
584.7796456734487,350.55866145992303,11.972393098202701,8.141227306777864
584.8888585639892,351.27629054226657,12.930184546058967,7.0637119279396074
585.7327411307887,351.5250892748907,12.392923898226968,6.3451770358921635
587.1511418409026,351.13180592307555,12.202263410913929,7.190619510002875
586.5749854708303,350.74886277126245,13.68273603147236,8.551710019670224
589.1242629145409,351.38717479041793,13.29175121545984,7.844312192730399
589.6231034345144,350.77573157106224,12.63021787520529,8.814839558737049
590.1686038163367,351.96216082006725,13.169632408022949,7.183435858921655
590.3555702666669,351.94002758119495,13.792484562456139,7.332713311685552
591.2386790162268,351.0460191131817,14.490187800460262,8.389056095003355
592.6716386242117,352.0275784726182,13.288041722872208,7.499191863403155
593.5759403493744,351.7700976671808,12.293780507041106,8.427188250794302
595.1013423546278,352.08246029151144,12.397196657223162,7.471158250379517
595.3119644870892,351.40882505201233,12.690736684094873,8.380675168741902
595.7802809136567,352.6127454986679,13.780931374828356,6.543463818263831
596.110832265011,351.93337988433285,13.814300801005743,8.551710019670224
597.4318812296043,352.93856296326203,13.879358877715049,7.228832748809907
598.5473299913343,352.1806528443469,13.1866637391214,7.943773336820129
598.4824968419548,352.2282961795225,14.1633414590965,8.28010731454873
598.1496709526637,352.2123454926055,15.337481430369962,8.300284068200199
599.0350570218661,352.4402705614217,13.879358877715049,8.096292678667112
600.5714089259408,353.0891470059813,13.551171261938975,7.2360623243363875
602.105535348126,352.34605649436685,12.893347414272057,7.893886172003306
602.2866658964647,352.1656109740201,12.854311345618044,8.249781908381749
602.950176085498,352.91993346573,12.221188852809178,6.9835364873195545
604.7789773165495,353.70718417282353,10.743902020218115,6.331227976199955
604.050890199983,353.6184661966142,14.603689418206159,7.367627093869771
604.5478123180183,354.87810236008426,13.681787983642494,7.039180774192914
605.1078606561608,354.01682759040074,13.409080269987044,7.542607651867684
605.52531488553,353.995159689986,12.492067289412716,7.5348977301219975
605.7326441979624,354.01438833163166,12.850391705341167,6.6493305917172165
606.1318573341424,353.5215449098627,13.086927636527662,9.121191989094996
606.9482285966126,354.50329100264383,12.930184546058967,7.303159789903646
606.6261539362973,354.011092781979,12.930184546058967,7.422883720885693
606.6785042918995,353.6244793366774,14.616542939749024,7.467146936610902
606.7895790512458,354.25627576477586,12.964904874096078,7.9532609731849675
607.5752450349315,354.51593163210424,12.092117029184692,8.021503375795817
607.0460067914172,354.93311861660607,13.52279592248101,7.247023229174943
608.0746620186468,355.4199072465059,12.52910975227769,6.8637731686391135
607.7037659145419,355.07857592709036,12.747007313186941,8.498004875457923
607.5993375468332,355.5424356386262,12.964904874096078,7.735363412275831
608.8768650286735,355.5566159670639,12.571012753112882,9.099018754634074
607.7706979738069,356.17382419420255,13.509648776368977,10.132236582276732
607.7129966849678,357.15362950542203,13.288041722872208,10.525181562671094
607.4475023020708,358.2623015468518,13.528804200969034,8.739846961687988
608.0685347175418,358.9420672041802,12.17976466529376,8.39050454720234
608.1996266660719,360.0495239003704,12.638058532732316,8.171158534094161
608.4452667263114,360.74455347620983,13.172189934317657,8.480725026204539
608.2352466744913,362.0716656483334,13.29175121545984,8.498004875457923
608.9468277352962,363.4497260975909,13.073853654550703,7.735363412275831
608.26578857517,364.2129286970896,13.298661183434433,7.695292707268209
608.8286194249634,364.2954227135234,12.964904874096078,8.498004875457923
608.5563062993693,364.64839385994156,13.528804200969034,9.218742685616064
608.7439308624934,365.9586779913065,13.285214418899272,8.228901468422691
608.3737428516042,365.88968495253954,13.169632408022949,8.50039909972395
608.4602580125031,367.0661638760257,12.690736684094873,8.380675168741902
608.3750461400862,366.933524992582,13.945443898187364,9.042748777730878
608.9541906241768,367.69458102030416,13.054001778135671,7.96376209106387
608.4863231957567,369.0554871823292,13.288041722872208,6.84136801573618
609.2209853707894,369.5974157785865,11.709264488471604,7.499191863403155
608.8433844070823,369.5105080529955,12.991748976313374,6.856756404165367
608.5794674263926,369.2751306454854,13.568415611042042,7.487963801944375
609.0581064008668,369.61800146658555,13.169632408022949,7.662331582849731
608.4871758904967,369.5473031324828,13.780931374828356,8.030614686051024
609.3822242523784,370.11695347070787,12.781657071132258,6.798753761240562
609.4927917451362,369.97202543086524,12.571012753112882,7.901779444813769
608.8380469688088,370.20485986539444,13.373372763116663,7.994139025997072
609.3892440564056,370.2780396234234,13.182802435005215,7.735363412275831
609.0873972664518,370.8208917838899,13.285214418899272,7.634041121307803
609.2199775117568,371.02225738539477,12.747007313186941,7.626414631821206
609.4314567053691,370.78395103620085,12.630867060304581,7.398079278178443
608.6474854455826,370.99075082550263,13.734782222738886,8.385445988619495
608.547551321441,370.8852836847532,14.457665497619814,7.951716023690892
608.0168566456264,370.9747211536071,14.298792006276244,7.308271469874512
608.926083905269,371.0094633308388,12.810460615076863,8.380675168741902
608.8129951213951,371.08703108565874,13.400699995914465,7.626414631821206
608.5737835379886,371.04683684686665,13.582644592456745,7.1383241653787195
608.215736481236,371.0515069394885,13.967072974639109,8.380243784783488
608.5275058392297,370.9050686230132,13.648528131951139,7.422883720885693
608.8819357904583,370.8342138772574,13.081969455315516,7.398079278178443
608.4466637020876,371.05273427578345,13.352630892322054,7.127417841171905
608.5026314979673,370.8109065957172,12.52910975227769,7.517465851366637
607.9202390558394,371.5294015625972,13.442851371324195,7.398079278178443
608.287750445999,371.2128332668361,13.487368151696046,7.114896043325871
607.8613564269874,371.29633242821245,12.725599217679473,6.896453769581115
607.7592787602327,370.6416114073925,12.331564891148787,8.260951237759855
607.4244793491623,371.6304998536587,12.889800497907572,6.978554409695164
607.1010943844473,371.24955583341716,12.690354071784327,7.435754338936135
605.7902541693481,371.37620667941184,13.780931374828356,7.634041121307803
606.0377870005935,371.5169812093612,12.492067289412716,7.1383241653787195
604.5400563651556,370.48662697616544,13.780931374828356,8.922905206723385
604.6046030827496,370.7458166829104,12.991748976313374,8.480725026204539
603.5465837356813,371.5597928180927,13.409080269987044,7.303159789903646
603.93556070765,371.50404955467053,12.626256966294477,7.172311649492713
602.4090298946295,370.8556534300013,13.528804200969034,8.739846961687988
601.493935178077,371.6223980240815,14.007699924897224,8.021503375795817
601.9857595148394,371.33489657854284,12.433592327953079,7.951716023690892
601.4198806834061,371.0592907390481,12.744954089358203,7.85647854823452
600.9251926835522,371.6187236164094,11.999323707289363,7.307858799176245
600.036864115547,371.0268597445259,13.21820305836377,8.045862731177976
598.6601525648623,371.6815725911354,14.419334878667655,6.9481769104460795
597.5438882273322,370.8382800146853,14.177504939571577,8.228901468422691
597.5012497699055,370.50867179183643,13.979218157199966,8.030614686051024
596.7216064631667,370.65019741693186,13.551171261938975,8.02545094153669
596.5510174772338,371.5494876433021,12.78949746297019,7.039180774192914
595.8833509161972,370.9463168140743,11.909103228287222,7.307858799176245
594.600104681516,370.1274245794437,12.810460615076863,7.542607651867684
592.4439708533409,371.6000425158714,12.360205623298157,6.676315446161027
591.5292816336731,371.4729887617085,12.449725268377392,6.814047163350608
591.003356714591,370.7221433671878,12.64349857756531,6.896453769581115
590.070303666963,371.188939246388,11.494089615968505,6.978554409695164
587.8579688644547,370.79475150823623,13.30030369847782,7.5532588904935665
587.094723197721,371.3097908075317,14.67322189550066,7.237467556564525
585.9959291526864,371.67099011400626,14.276648330757439,6.543463818263831
584.8673293666436,371.2117033473456,13.528804200969034,7.422883720885693
582.9065346485072,371.5206534228568,13.780931374828356,6.3451770358921635
581.8467306409505,370.9497063423075,13.76825206293313,6.824264065975569
581.4389136049639,370.1198334753798,13.011898947857844,8.819175953548097
580.4068175906473,370.5645643071602,13.13610241824972,7.717460170721722
579.2150848868857,370.86526569238544,13.086927636527662,7.33661094775033
578.0974616847319,370.45176416051584,13.073853654550703,7.844312192730399
577.2055308767733,369.5955100286092,12.498653105671906,8.551710019670224
575.9310114170148,369.41523786325473,13.409080269987044,7.0637119279396074
574.6561690172699,369.25430621335715,12.855956093641453,7.299568290457444
573.4862871772985,369.63084749470613,13.780931374828356,7.5348977301219975
572.6123038293099,368.92685254213245,13.400699995914465,7.735363412275831
571.9115847358322,368.7725077027834,12.211840960166796,7.782055513831779
570.6206650896431,368.482445138069,13.400699995914465,8.171158534094161
568.2207100324662,368.0691426041193,13.262410413319913,8.119843110195859
567.8715935760919,368.3744374108093,12.964904874096078,7.626414631821206
565.924849064749,368.47074627227244,14.045776980256619,7.471157968221576
565.2197235432858,368.5029955871506,13.352630892322054,7.668740715184981
564.2780370978044,368.936661593737,13.483501201270883,7.1383241653787195
563.3385699402681,368.4890818968248,14.074394724339413,7.578520236182783
560.8898623843211,367.94965629539126,14.36687171784331,7.303159789903646
560.9202623444386,367.68844575020773,12.78949746297019,8.228901468422691
560.0101233479021,368.02076486795573,13.086927636527662,6.543463818263831
559.0571916476658,367.5802917946908,13.156476953338824,7.762321402469922
557.616363876241,367.18049313747616,13.727546337278227,8.824851216821685
556.6313100977732,367.40113617191287,15.085215303735367,7.303159789903646
554.9361943269588,367.2755448123741,13.984174245337272,8.02962263119366
554.1874458418089,366.96322765574547,13.945865570539127,7.630756632936539
552.4922321139962,366.7504902980676,14.726043510789395,8.260951237759855
552.8565403440541,367.313685882876,12.761782644738673,7.499191863403155
551.0334659544798,368.1630250009412,13.409080269987044,6.704540134993522
548.3598897057908,367.01654353557075,13.727546337278227,8.28010731454873
546.918306663286,367.1042258601085,14.490187800460262,8.062209753639593
545.5154135275475,366.7040556490488,14.531813300188787,8.045862731177976
544.6605767959744,366.6239320345536,14.007699924897224,8.141227306777864
541.736464286523,366.9437638173118,13.384357810085135,7.33661094775033
540.430084389633,366.9661374274282,13.533071850326337,7.217638320174046
538.945142601375,366.84736472101446,14.92598292227865,6.8637731686391135
537.6549716686188,366.17168988711956,14.277382898605197,8.02252943826386
536.2015143588268,365.9231441340346,14.696014580416886,7.717460170721722
535.4116456148016,365.4546316967923,14.617320586667233,8.226492051101047
533.9697631650105,365.99361899637944,13.528804200969034,7.901779444813769
532.7204782085915,365.6140725031896,12.450426102300298,8.661165984208878
531.4365836695791,365.409950697545,14.494046458349885,8.367696924408165
530.0657283725008,365.06651494719716,14.298792006276244,8.4203997370293
529.1072578377981,364.55055173794165,14.708085361369513,9.042748777730878
527.8475127407328,363.95968770626723,14.817034141824024,8.824851216821685
527.2847322135883,364.27774456435014,12.722745637905405,8.385445988619495
525.7870783366587,364.49272805167425,13.836495117732738,8.062209753639593
524.186332753815,364.0150068046634,14.345056161345951,8.751386463211077
524.1990067819848,365.1825035354777,14.817034141824024,6.972721949093682
523.0419812510225,363.34622806277724,14.31624979900505,9.602362670064394
522.6163001165867,363.9068573071366,13.59750750216324,8.89067798218366
522.0923443477409,363.8737543266042,14.4865956488253,8.739846961687988
521.6972903045543,363.8192561908938,14.38123902000575,8.715902436367116
520.6873723878285,363.9799684453663,13.875008179276278,8.292164651520125
520.2802037754158,362.9900190279888,13.880074766014218,9.02204859790919
519.6705181791118,362.9947611944299,13.285214418899272,8.427188250794302
519.4493725618382,363.03263881313114,13.803733287332875,8.210063589198
518.3562948669914,362.55679043059286,14.472124648672775,8.814839558737049
518.083185635974,362.1513062803546,16.760487569566976,8.729420609149429
518.2646520961476,362.27937142624,14.054392678641989,8.28010731454873
518.6635298174303,361.94465563778687,13.88797599391512,8.859570892670035
518.084198942706,362.21155597625585,14.272290239551126,8.389056095003355
518.3223606915178,362.13111806499484,14.127423855879215,8.141227306777864
516.9454291181174,362.38197139816253,14.87150867787227,7.931471294865219
518.2816512506578,362.26945852503394,13.551171261938975,8.02545094153669
517.8190546317795,362.2516494769306,13.509648776368977,8.171158534094161
517.5703255020804,362.3007382763665,13.67221908184547,8.143562185361532
517.8358232827417,361.9390803828573,13.18607102771341,8.922905206723385
516.2124707522158,361.2438908244218,15.014603447737045,9.602362670064394
517.2956616595014,361.7411154895774,13.400699995914465,8.606953655912491
517.3706533488488,361.8148922609653,13.02491218380544,8.814839558737049
516.9657219337689,362.1079620159293,13.981041072803464,8.26152427029291
516.677799550125,362.0237162414266,14.490838211188134,8.904009021332456
516.6930368219882,361.4447727760371,13.13610241824972,8.210064011406075
516.0456728704054,361.6835908011087,14.525497119350348,8.841606942213218
516.1541086401904,359.8454176787267,13.094130913724143,9.776951082247365
516.2814017808952,361.49657391951405,13.945865570539127,8.42014525013684
516.5120739962222,361.2851116322575,13.533071850326337,8.751386463211077
516.3800189014031,361.0846370544505,13.981041072803464,9.055901603974917
516.7469248468321,361.0215430187678,13.76825206293313,8.859570892670035
515.8909081519029,360.0407783780906,15.39059971685515,9.909016256057441
515.9243740271068,361.35093492269056,13.81358831170894,8.057926515163558
515.0931908438431,360.77036053219814,15.204939234717472,8.380675168741902
515.6437963110294,360.2443593567093,14.340559879139391,9.2095338673372
515.7059435249369,360.3133028544914,13.734782222738886,8.530022643595714
515.3006703078073,360.46602291888394,14.276648330757439,8.82376181553758
515.2461645788816,360.16154085272206,14.490838211188134,9.427774257881424
515.51754660384,361.0281610228088,13.727546337278227,7.299568290457444
515.3763449031377,360.8871121583564,13.713512808330734,7.307858799176245
515.3676242631474,360.6088443239669,13.352630892322054,8.300284068200199
515.9656020959272,360.75852367309744,14.340559879139391,7.893886172003306
514.980144318671,360.33447182052964,14.746818807572254,8.530022643595714
515.2245029252799,359.83137412706645,14.340559879139391,8.946404328270432
515.6337307084788,359.7186952237701,13.67221908184547,8.741254822819258
516.223444359106,359.2120443878577,13.880074766014104,9.418622162652468
516.3440052288876,359.8691929973299,13.074526444387743,8.517120083772625
516.2618553917702,359.71112718077023,11.972393098202701,8.380675168741902
515.7081823523908,360.08829840136394,13.29175121545984,8.498004875457923
515.9721447604693,359.7595744435705,12.810460615076863,9.338466616598112
515.9307817104437,359.324182156958,13.464504978705918,9.195271692774782
515.1574052704449,359.8190073663604,14.38123902000575,9.042748777730878
515.460475485543,359.83888606615636,13.393544909643879,10.26611817947321
515.6945930926404,359.8234700704894,13.172189934317657,8.931827421215417
515.1281409012904,359.9446546054928,14.511914663831476,9.16541978768305
514.8986116525961,359.14510943845795,13.703958651994299,9.487355989842229
515.0607392722657,359.09303230911155,12.722745637905405,10.264942503310067
516.0036000888925,360.02728623852545,12.470600559181776,9.017203481254455
514.4376684702818,360.08738505040316,14.1633414590965,8.715902436367116
514.4776505348581,359.89374513610403,14.602242152595977,8.385445988619495
514.8367437940514,359.4598584325855,13.289356339005053,9.338466616598112
515.057581979528,361.4244930312446,12.392923898226968,7.039180774192914
514.3143249215029,359.8608536099827,13.734782222738886,9.542059228429082
515.2200184251523,361.4751877828565,12.55116187217584,8.26152427029291
514.1411704697464,360.19422423128907,13.879358877715049,9.542059228429082
513.8093960176909,360.25169070868435,13.50441467259418,9.055901603974917
513.3151337235294,360.86987256436254,12.893347414272057,8.814839558737049
512.9779938854412,360.34998114865175,13.648528131951139,9.937086271508235
512.3291467471477,360.79200407847463,13.288041722872208,9.472663406403967
511.68859037935334,360.54733117766733,13.533071850326394,10.375355085250249
511.70193490677923,360.8320875905888,13.049908477040958,8.979294823652026
511.86465803172734,361.0202879080291,13.352630892322054,8.661165984208878
510.33157023298077,360.6344020473891,14.472124648672775,9.341098636870584
510.78729357306685,360.8961053481088,13.169632408023006,8.739846961687988
509.60309919854785,360.96763794946634,13.76825206293313,7.662331582849731
509.6959779091166,360.29990834885297,13.443307738090141,9.253185845698397
509.2389841723041,360.2957745640409,13.50441467259418,9.214777070711364
509.7452621086543,361.0228396418624,14.60224215259609,8.385445988619495
508.925965043969,360.9068210067705,13.288041722872208,8.157015711070073
508.6317618815214,361.44661653501896,13.8143008010058,7.893886172003306
508.84106245442666,361.579534246151,13.442851371324252,8.119843110195859
508.6268500630223,362.5848538653899,13.182802435005215,8.389056095003355
507.69340737040255,362.3517633123533,14.007699924897167,8.021503375795817
507.7018186181547,363.4474615086295,13.504414672594294,7.9437733368200725
506.7186588059862,362.8802302475905,15.325125427477076,7.373409403786127
506.29717600443894,363.326657308224,14.208995109606008,7.499191863403155
505.6882508347398,363.9510756666312,15.252829263642468,6.8637731686391135
505.4911858077845,363.4344805564407,13.551171261938975,7.499191863403155
505.82524561677025,363.27805376165935,14.168512187667432,8.674599298571877
505.0509239449541,363.64127827229606,14.168512187667488,8.096292678667112
505.2145751749748,364.10228582010575,14.208995109606008,8.157015711070073
504.9542606520255,364.49521864874066,14.36687171784331,7.782055513831779
504.0238923710082,364.18664540272715,14.4865956488253,8.260951237759855
503.44832619135366,364.18664540272715,14.4865956488253,8.260951237759855
503.2678852333493,364.7279682767402,14.486595648825357,8.260951237759855
503.74678095727745,364.96741613870427,15.564111027663557,7.542607651867684
502.8258275705437,364.17802752150396,15.564111027663614,7.542607651867684
502.131823832243,365.0703180421763,13.283813030389808,7.641751043053489
501.40894055736203,365.0703180421763,13.283813030389865,7.641751043053489
500.7511167096951,365.4650123507765,13.941636878056784,7.247056734453338
499.84891191967336,365.82589426678516,15.114503105085078,6.886174818444658
499.2151256489248,366.1514030174244,13.887975993915177,7.303159789903646
498.9845430765064,366.1519878138915,13.984174245337272,6.7665359251631685
497.4312064469891,366.2315293245351,14.472124648672718,6.709803246202796
495.89091296746943,366.3880428047647,14.381239020005694,7.299568290457444
495.80159916121295,366.12683765819753,13.262410413319856,7.398079278178443
494.7332344269635,366.49612953662125,14.07439472433947,6.856756404165367
493.93151240851097,366.6042509621722,12.492067289412773,6.543463818263831
492.23078992718115,365.76677743866054,14.163341459096557,7.408517070912012
491.467405163532,366.1785697270397,14.43527664034815,7.127417841171905
490.85952855049396,366.4922872882607,13.957108819390328,7.471158250379517
488.9718859810558,366.5706599347741,13.298661183434433,7.471157968221576
487.9108041609653,365.71653447885404,14.073420285767952,8.02252943826386
486.94036114479,366.2102832538479,12.919542501541173,8.20565537260046
485.66888467673016,366.13537283793687,13.945443898187364,7.844312192730399
484.79902849246685,366.55267164726996,13.887975993915177,7.183435858921655
482.62622548774334,366.8893920855882,14.79615855635683,7.127417841171905
481.3687817194452,365.9225221560736,13.623292329328592,7.578520236182783
480.37281248479553,366.35492447524814,13.984174245337272,6.7665359251631685
479.4169967005015,365.6888292112636,13.528804200969091,7.901779444813769
477.41152405907945,366.2549643859788,13.02491218380544,7.2360623243363875
475.81886679002423,366.3574691027281,13.875008179276278,6.978554409695164
474.32022512151417,366.33727074262174,12.72108753930678,6.946976883167565
472.32983164318887,366.1606615581455,13.67221908184547,7.471157968221576
470.0053285377249,366.0565873929373,13.618597556823602,6.8637731686391135
468.37608684189433,365.38804579821505,13.34553920585779,7.149396003138122
466.67452783545934,365.0350288541463,14.367612019960632,7.306956970151418
465.724570633179,364.91603524948096,14.078361548385772,7.039180774192914
463.4352064486252,364.8004270192189,13.081969455315516,7.758961194187123
461.18530492942654,365.0061896072243,13.945443898187364,7.517465851366637
459.8855135604218,365.17978970211567,14.871508677872328,6.840893991821247
458.7865978405314,365.2960526825463,13.682736031472416,7.499191863403155
457.2760865270498,365.25368220413753,13.169632408023006,6.704540134993522
455.6388148763449,364.94877204901536,13.29175121545984,7.626414631821206
453.31822084479006,364.26529649282475,14.934293873221804,8.738150670502137
451.85054635547476,364.92119434791,15.688624385460798,7.844312192730399
450.97325306111054,363.76250150429246,15.252829263642411,7.735363412275831
451.1080064713485,365.64125861211613,12.311212191368554,6.1011317054569645
449.32342187764493,363.8343695304395,13.400699995914408,7.517465851366637
447.6956338249809,362.3758491421458,14.998383726806253,9.077969097803816
447.00730936728564,363.05353708822935,12.888640854155994,8.427188250794302
446.6697347459846,362.03199458971676,12.867322292881624,8.819175953548097
445.6196745826448,361.71007067762406,13.289356339004996,9.218742685616064
445.3803625817529,361.2511593759886,13.551171261939032,8.946404328270432
444.07729084581047,359.96044323094,12.233410938703003,8.26152427029291
443.42359816308294,359.52464810912164,12.233410938703003,8.26152427029291
443.20570060217375,358.8709554263941,12.233410938703003,8.26152427029291
443.2878012422878,358.2141503054816,12.233410938703003,8.26152427029291
441.57745923835375,356.63537307108095,13.154364325436745,8.787783348426444
441.57745923835375,356.63537307108095,13.154364325436745,8.787783348426444
441.57745923835375,356.63537307108095,13.154364325436745,8.787783348426444
441.44589446882037,354.7934662976135,13.154364325436745,8.787783348426444
441.44589446882037,354.7934662976135,13.154364325436745,8.787783348426444
441.44589446882037,354.7934662976135,13.154364325436745,8.787783348426444
441.44589446882037,354.13977361488594,11.846978959981698,8.678834567971876
441.3637938287063,353.48296849397343,12.175381520437952,7.447324966260965
441.03694748734256,353.15612215260967,12.175381520437952,7.447324966260965
441.03694748734256,353.15612215260967,12.175381520437952,7.447324966260965
439.94745968279665,351.73978800670005,13.373818105438431,7.883120088079295
439.94745968279665,351.73978800670005,13.373818105438431,7.883120088079295
439.94745968279665,351.73978800670005,13.373818105438431,7.883120088079295
439.94745968279665,351.198465132687,13.373818105438431,7.883120088079295
439.4715469195098,350.4506022189505,13.373818105438431,7.883120088079295
439.6357481997379,350.2864009387224,13.373818105438431,7.883120088079295
439.6357481997379,350.2864009387224,13.373818105438431,7.883120088079295
439.71784883985197,349.711696457924,13.373818105438431,7.883120088079295
439.71784883985197,349.711696457924,13.373818105438431,7.883120088079295
439.71784883985197,349.711696457924,13.373818105438431,7.883120088079295
439.71784883985197,349.711696457924,13.373818105438431,7.883120088079295
439.71784883985197,349.711696457924,13.373818105438431,7.883120088079295
439.71784883985197,349.711696457924,13.373818105438431,7.883120088079295
439.61870544866616,348.81940593725164,13.373818105438431,7.883120088079295
439.61870544866616,348.81940593725164,13.373818105438431,7.883120088079295
440.16002832267924,348.81940593725164,13.373818105438431,7.883120088079295
440.16002832267924,348.81940593725164,13.373818105438431,7.883120088079295
440.3404692806836,347.9172011472299,13.193377147434092,6.529812903046661
440.11633454163695,347.5436432488188,13.193377147434092,6.529812903046661
440.11633454163695,347.5436432488188,13.193377147434092,6.529812903046661
439.91804775926533,346.25477916340316,13.193377147434092,6.529812903046661
439.91804775926533,346.25477916340316,13.193377147434092,6.529812903046661
439.91804775926533,344.68348345375625,13.193377147434092,7.402754963961627
439.91804775926533,344.68348345375625,13.193377147434092,7.402754963961627
439.5912014179016,344.1387395514833,13.193377147434092,7.402754963961627
439.75540269812967,343.39983379045674,13.193377147434092,7.402754963961627
439.75540269812967,342.5075432697844,13.193377147434092,7.402754963961627
440.59347021500383,339.63416892621575,13.193377147434092,7.402754963961627
440.59347021500383,338.41205004093484,13.193377147434092,7.402754963961627
440.37557265409464,337.43151101684356,13.193377147434092,7.402754963961627
440.37557265409464,335.8075423948044,13.10315666843195,8.304959753983383
440.0781424805372,335.2126820476895,13.10315666843195,7.809242798054299
439.5025763008827,334.2534050815986,13.10315666843195,7.809242798054299
439.39362752042814,332.4012758138706,13.10315666843195,7.809242798054299
440.56649374745643,331.13818910784016,13.10315666843195,7.809242798054299
440.56649374745643,329.84642589320447,12.695231442757517,7.265342497155075
440.56649374745643,329.1145196569242,13.089334800754614,7.997248733435356
441.22018643018396,328.1339806328329,13.089334800754614,7.997248733435356
440.8236128654407,326.54768637385985,13.089334800754614,7.997248733435356
441.18278465838677,324.87155134011147,13.089334800754614,7.997248733435356
441.47193796833915,324.00409141025426,13.089334800754614,7.997248733435356
441.1435354078829,322.52627988820115,13.089334800754614,7.997248733435356
441.1435354078829,321.5142433033678,13.089334800754614,7.997248733435356
441.1435354078829,321.5142433033678,13.089334800754614,7.997248733435356
441.1435354078829,320.5022067185344,13.089334800754614,7.997248733435356
440.8889404137806,319.22923174802287,13.089334800754614,7.997248733435356
440.8889404137806,319.15452016834064,13.911162177258973,8.071960313117586
440.8889404137806,319.15452016834064,13.911162177258973,8.071960313117586
441.17809372373296,318.14248358350727,13.911162177258973,8.071960313117586
441.17809372373296,318.14248358350727,13.911162177258973,8.071960313117586
441.17809372373296,317.8247326500345,13.911162177258973,8.071960313117586
440.48408998543226,317.3290156941054,13.911162177258973,8.071960313117586
440.48408998543226,317.3290156941054,13.911162177258973,8.071960313117586
440.48408998543226,317.3290156941054,13.911162177258973,8.071960313117586
440.48408998543226,317.3290156941054,13.911162177258973,8.071960313117586
440.48408998543226,317.3290156941054,13.911162177258973,8.071960313117586
440.48408998543226,317.3290156941054,13.911162177258973,8.071960313117586
440.48408998543226,317.3290156941054,13.911162177258973,8.071960313117586
441.1156333384475,317.4192361731076,13.911162177258973,8.071960313117586
441.1156333384475,318.77254335814024,13.911162177258973,8.071960313117586
441.1156333384475,318.77254335814024,13.911162177258973,8.071960313117586
441.1156333384475,318.77254335814024,13.911162177258973,8.071960313117586
441.1156333384475,318.77254335814024,13.911162177258973,8.071960313117586
441.3195959512847,319.0444935085899,13.911162177258973,8.071960313117586
440.8713264731914,319.2686282476365,13.911162177258973,8.071960313117586
440.64719173414477,319.86632088509424,13.911162177258973,8.071960313117586
440.64719173414477,319.86632088509424,13.911162177258973,8.071960313117586
440.64719173414477,319.86632088509424,13.911162177258973,8.071960313117586
440.64719173414477,319.86632088509424,13.911162177258973,8.071960313117586
441.2448843716025,321.1364177396919,13.911162177258973,8.071960313117586
441.3440277627883,321.9295648691784,13.911162177258973,8.071960313117586
441.16358680478396,322.2904467851871,13.911162177258973,8.071960313117586
442.46477669956977,322.5796000951395,13.911162177258973,8.071960313117586
442.05685147389534,322.6475876327519,12.687386500235675,8.61586061401681
441.7580051551665,322.94643395148074,12.687386500235675,8.61586061401681
441.8571485463523,323.64043768978144,12.687386500235675,8.61586061401681
442.25372211109556,325.1275885575687,12.687386500235675,8.61586061401681
442.25372211109556,325.1275885575687,12.687386500235675,8.61586061401681
442.25372211109556,325.1275885575687,12.687386500235675,8.61586061401681
442.25372211109556,325.1275885575687,12.687386500235675,8.61586061401681
442.25372211109556,325.1275885575687,12.687386500235675,8.61586061401681
442.25372211109556,325.1275885575687,12.687386500235675,8.61586061401681
442.41792339132365,327.50850712087646,12.687386500235675,8.61586061401681
442.41792339132365,327.50850712087646,12.687386500235675,8.61586061401681
442.41792339132365,327.50850712087646,12.687386500235675,8.61586061401681
442.6573712532877,327.9874028448046,12.687386500235675,8.61586061401681
442.6573712532877,328.6814065831053,12.687386500235675,8.61586061401681
442.24944602761326,328.5454315078805,12.687386500235675,8.61586061401681
442.24944602761326,328.5454315078805,13.163299263522504,9.907623828652504
441.8902742346672,330.82018619653905,13.283023194504551,8.111764863922076
441.8902742346672,330.82018619653905,13.283023194504551,8.111764863922076
442.02183900420056,331.478010044206,13.283023194504551,8.111764863922076
442.02183900420056,331.77544021776345,13.283023194504551,8.111764863922076
442.12098239538636,331.57715343539184,13.283023194504551,8.111764863922076
441.97640574041014,333.0229199851538,13.283023194504551,8.111764863922076
442.1568466984145,333.92512477517556,13.283023194504551,8.111764863922076
442.1568466984145,334.53992602299667,13.283023194504551,8.111764863922076
442.1568466984145,334.53992602299667,13.283023194504551,8.111764863922076
442.2805840209071,335.40608728044504,13.283023194504551,8.111764863922076
441.9197021048984,336.66917398647547,13.283023194504551,8.111764863922076
442.0188454960842,337.36317772477616,13.283023194504551,8.111764863922076
441.9197021048984,337.46232111596197,13.283023194504551,8.111764863922076
442.1001430629028,338.99606925899894,13.734125589515429,8.201985342924274
442.1001430629028,338.99606925899894,13.824346068517627,9.10419013294603
441.8606952009388,339.59468891390907,13.824346068517627,9.10419013294603
441.20700251821125,340.9020742793641,13.824346068517627,9.10419013294603
440.9178492082589,341.4803808992689,13.824346068517627,9.10419013294603
441.1641511286011,342.4655885806376,13.824346068517627,9.10419013294603
441.6407775288103,343.1010904475832,13.824346068517627,9.10419013294603
441.6407775288103,343.92291782408756,13.824346068517627,9.10419013294603
441.6407775288103,344.74392422522817,13.824346068517627,9.10419013294603
441.0968772279111,346.64757527837554,13.824346068517627,9.10419013294603
440.7590743496279,346.872777197231,13.824346068517627,9.10419013294603
441.1199562656366,347.86520246625497,13.824346068517627,9.10419013294603
441.0297357866344,348.7674072562767,13.824346068517627,9.10419013294603
441.0297357866344,348.7674072562767,13.824346068517627,9.10419013294603
441.0297357866344,348.7674072562767,13.824346068517627,9.10419013294603
440.8118382257252,349.5300487194589,13.824346068517627,9.10419013294603
440.8118382257252,349.5300487194589,13.824346068517627,9.10419013294603
439.89088483899144,351.10882595385954,13.824346068517627,9.10419013294603
440.9029214238248,351.8317092287405,13.824346068517627,9.10419013294603
440.9029214238248,351.8317092287405,13.824346068517627,9.10419013294603
440.9029214238248,351.8317092287405,13.824346068517627,9.10419013294603
441.0344861933582,353.01579215454103,13.824346068517627,9.10419013294603
441.0344861933582,353.01579215454103,12.138908418358767,8.410186394645336
441.0344861933582,353.01579215454103,12.138908418358767,8.410186394645336
441.15421012434024,353.61441180945116,12.138908418358767,8.410186394645336
441.15421012434024,353.61441180945116,12.138908418358767,8.410186394645336
441.15421012434024,353.61441180945116,12.138908418358767,8.410186394645336
441.15421012434024,353.61441180945116,12.138908418358767,8.410186394645336
441.15421012434024,353.61441180945116,12.138908418358767,8.410186394645336
441.15421012434024,353.61441180945116,12.138908418358767,8.410186394645336
441.15421012434024,353.61441180945116,12.138908418358767,8.410186394645336
441.15421012434024,353.61441180945116,12.138908418358767,8.410186394645336
441.15421012434024,353.61441180945116,12.138908418358767,8.410186394645336
