366.941387223151,213.56531383385678,6.9861172632999455,5.5228089176087565
367.130090446414,213.8432972525322,6.743963368852803,5.2834872252796
366.89628108606763,213.58238706208544,6.953011734616723,5.324378355337103
367.0327706229282,213.8791327869225,6.376846440973566,4.984945948781359
367.02055851375525,213.6928316892424,6.87282891093281,5.455307948052933
366.8219564670117,213.85334218180503,6.827526421113248,5.1913440539233875
366.79833133174776,213.7990175431598,7.158828311816819,5.231451458635348
366.92708139937514,213.9190370084729,6.954264651495578,4.959188726886197
366.9297844502987,213.93465686725582,6.957880276301353,4.964330309495921
366.98333535482203,214.02152114268543,7.068268990044658,4.78818221906252
366.7114419584295,213.7433967683397,7.127727748366851,5.5228089176087565
366.6383595474883,213.79448354324447,7.130559995092824,5.240532044586274
366.7263400382525,213.91557881509337,7.23150478154912,5.159776384672909
366.83353616755414,213.75349307440172,6.899282200342327,5.31992844363748
366.72315126919494,213.6096925882456,7.125271159319254,5.41520608108263
366.8566628060512,213.74913670930235,6.918791061265949,5.355222459849898
366.7743896616879,213.90544516480873,7.0027164834038444,5.239069369065106
366.814372692068,213.92676666149833,6.732203024181217,4.8411347589618
366.68336666350353,213.65938003278376,7.089993424203158,5.437956121476219
366.77080097951904,213.7054592743947,7.231777728069687,5.1536806797737995
366.68786875732775,213.73816713041847,6.765092498545982,5.387018100694007
366.68085758339,213.7732023369773,6.608149210907811,5.231451458635348
366.1268737847005,213.821821670431,7.307593795706737,5.663385191672717
366.07957292090595,213.8761260787009,7.239275497868334,5.871223435279063
365.9745647283933,213.77169116552975,7.182273328593794,6.042229943102711
366.0233764945825,213.98363625103576,7.3980254919333674,5.901795617160332
366.7219346360726,214.21607548871302,7.130559995092824,5.713039032212919
366.9448025297458,214.30392985078697,7.262076353159557,5.80966108252764
366.81493197448543,214.31599391737728,7.021158536589553,5.782130559544356
366.71506655027576,214.48343805603827,7.0333207583222475,5.428401927564153
366.63681234383046,214.34640706251525,7.398806558273691,5.620247289457893
366.77021557010863,214.6622141240899,7.153721134290151,5.276273958775079
366.8614775555679,214.67612465070704,6.959502460961005,5.373383295439652
366.76968595799224,214.7150999195337,6.865238777628917,5.157821879565773
366.8774387116151,214.77683080352492,6.2819102449986985,5.105439421730409
366.87940461583605,214.82620015043165,6.794096406876292,5.015537138060523
366.8418564093419,214.81840089464762,6.484130121826524,5.110544924679459
366.92858230687534,214.80595581638468,6.526083434733664,5.127636984433593
366.7806920987184,214.72391146845257,7.099016194181502,5.095974280470529
366.72986478390425,214.76162696136,6.526083434733664,5.371810174168502
366.80238755738867,214.79959542403765,6.529187465386201,5.3264424059729265
366.7516493327687,214.83789889306217,6.353989371137345,5.143705681396909
366.8713587280263,214.80927098020584,6.260611403317398,5.061770921831084
366.9191278140199,214.9223111793054,5.901795617160303,4.904309033978308
366.9020497384799,214.871739896183,6.40164454806694,4.956111908180873
366.7949964783229,214.75562505908619,6.508091322419887,5.184411731419232
366.75968694538744,214.69232662469696,6.201334790333817,5.011179628552583
366.67674774074686,214.80729282227472,6.483662790683184,5.31992844363748
366.8615339353066,214.91871566395344,6.691484639697023,4.927837525358257
367.2361397830486,214.87131529052033,5.846075036565367,4.932625812102032
366.82291541068287,214.77667512443378,6.850869183475027,5.206660579441035
366.7337437344624,214.5908855493317,6.816158318410544,5.31992844363748
366.63786985349634,214.44894738501685,7.033559028367733,5.480695346780038
366.63892819194683,214.5673955609862,7.0027164834038444,5.394685290918517
366.80984154994377,214.64674690418659,6.915784091626165,5.2834872252796
366.807664384217,214.83997892982714,7.043094704510509,5.264535435694739
366.62402818478347,214.36817414500916,7.58162856304574,5.572040269226363
366.7793889331809,214.76974184197834,6.8471005615504055,4.824093577455983
366.8654716677909,214.86743992844805,6.9861172632999455,4.909163482318888
366.84715541271174,214.73408723819918,7.296277667142874,5.187197403984413
367.0168999972248,214.9517102201332,6.561285808099285,4.95636697734119
366.85391891515167,214.91947662820652,6.918791061265949,5.550668535026915
366.7128317958817,214.89178939987175,7.560111802026086,5.9278149356795495
366.89540701682466,215.03544604859127,7.024242018737368,5.8912997576507
367.0178038426162,215.65807297297167,7.068268990044658,5.47220825035717
366.78990370146244,215.4933926023938,7.328850206758148,5.574937336764748
366.9639755789812,215.8088292704956,7.296277667142874,5.47220825035717
367.0549960528046,215.779890599464,7.261702138442672,6.051418448702236
366.9845359630235,215.9577903426741,7.261702138442672,6.127061179311028
367.1741716802983,216.68158383554908,7.524286344241091,5.187197403984413
367.34160466699154,217.00961842320737,6.686625211946875,4.889778789353215
367.87514021414574,216.8803843539792,6.639612665745858,5.80966108252764
367.90661212911897,217.09860783195114,6.432124769941311,5.965277004381051
367.8305630263248,217.5759471171888,6.8471005615504055,5.446557264869654
367.95331241365915,217.89036589517124,7.186059407833909,5.294991142614464
367.9880637668425,217.96060307237758,7.021158536589553,5.437956121476219
367.97223390853503,218.191945839888,7.417692275012939,5.80966108252764
368.4662834065337,218.49276713878047,6.883488761362344,5.64446078431709
368.3629401085072,218.40450572934606,6.9861172632999455,5.758826392720238
368.55606670753997,218.57973115693835,6.9861172632999455,5.80602988774254
368.7911294276592,218.82013111911525,7.130559995092824,6.185546019839535
368.75491801118824,218.99794091798776,6.754964235278919,6.004412653581284
368.78154021163135,219.45285833797965,7.296498087044029,5.575625896703485
368.94650603881763,219.68676561860508,7.5030027498848995,5.919800334771594
369.01825033056934,219.9514879788416,6.608489303121587,5.8532333827648415
369.15586529546397,220.0315696089981,7.126911932146982,5.9223634365728515
369.7174911825973,220.9439073359721,6.732203024181217,4.992420220179355
369.664335070516,221.0575352109638,6.8471005615504055,5.705917134625366
369.902662696501,221.03362963667763,6.807845754790037,6.051418448702236
369.9014399159307,221.98097706981204,6.608149210907811,4.88727702056724
370.11219693437675,222.5748376459347,6.580917562963691,5.294991142614464
370.36729201939033,222.5986643830899,6.795228587599297,5.394685290918517
370.7626708418505,222.93881963198885,6.743356613648132,5.1353254211628325
370.74207946719685,222.85531766916162,6.879701846230546,5.550668535026915
370.9274041529326,223.77631789096915,6.950844509452736,5.34281331696738
370.80865649231157,223.73429453611902,7.5055201144026,5.371248991823677
370.7154332154373,223.70600513808995,7.790089597413157,6.047101513973672
371.5111996345773,224.17719078264116,7.239275497868334,6.09923211237728
371.6225311884401,224.6931816871636,6.897262482221038,5.6432147581808465
371.5983253559915,224.79623153952008,7.337344869051492,5.900132987484682
371.5933562876165,224.65745652910238,7.612737471504829,6.6209371671186545
371.7930363629834,225.13588655715245,7.517156621332788,6.228501200532861
371.7497772225492,225.73748337281694,7.481950677685063,5.596734758898265
372.0223112065657,225.75194043600936,7.861231968165782,6.047101513973672
372.4987652387804,225.56663756590055,7.393528340933074,6.373154520125553
372.78104794172185,226.48421289647015,7.195913326175287,5.5615872487049955
372.4744608539946,226.58837426520927,8.012167654843836,5.861843247477651
372.9051300177315,227.0540983985977,7.393581181491925,5.920756244939753
373.73883666591405,227.2290898932766,6.540520926222484,6.138439721741577
373.60336887796524,227.47061384775762,6.927591134351815,5.829909440528468
373.83891588646173,228.0785061207439,8.074058681234021,6.12262455888137
374.6289297181893,228.48623788761543,6.732447722116547,5.6591589548226295
374.6402852020157,228.5725528543909,7.211322285021993,5.716538394009035
374.6979377347447,228.9049612019469,7.52143622291527,5.4984292388207905
374.879688977915,229.0181846613315,7.345335898559426,5.884859754986223
375.47658696877414,229.7707497938092,6.743963368852803,5.455307948052933
375.55476418429964,229.78283606644584,7.210204379208392,5.4984292388207905
375.6069655330781,230.1632453567706,7.302380717866129,5.584173490132912
375.95320467882146,230.62899518185193,6.797653566520069,5.34101351655147
376.3428316498177,231.0173944929342,6.612251635848281,5.073193065435305
376.63657207345216,230.81790314484607,6.723344986088932,5.550668535026915
376.7325923835482,231.21108125188712,6.566988125947319,5.3943116748853015
376.70308752202334,231.55146451859287,7.259425537172774,5.4982631287462596
376.71160278709823,231.97395372342285,7.3878616416907334,5.3943116748853015
376.7388931107738,232.20703233026268,7.544218501832347,5.667936180133097
377.4902247926297,232.82133229913617,6.486910098958333,5.25386107188362
377.58282853380615,232.67454981697264,6.645728380314381,5.736738176320017
377.6851256262024,232.77852543553493,7.157045439759827,5.843580171788915
377.7166745414247,233.143920729489,7.292121414265921,5.696338611698053
377.97706634871247,233.78040155381868,7.293485032292949,5.585980175234397
378.6819951161797,233.80931929975503,6.804451206871022,5.419995766511988
378.7270255655147,233.87596771658147,7.088981576513731,5.4381228532160435
378.7706741559945,234.40102056890458,6.9811901992572984,5.537821761436163
378.84274057074873,234.6452521384677,7.246298687836713,5.537821761436163
379.219017479335,234.72458189194145,7.021848297158613,5.606449556631873
379.5649618731317,235.13618038805407,6.651811665371042,5.015537138060523
379.62645529250364,235.53905659546535,6.6659281626253915,5.433741441655229
379.806249991618,235.93946246391152,6.293375044587208,5.073728718116826
379.8701682606672,236.27818507081764,6.0386057264181545,4.6669556722179095
379.8227777228781,236.79552662092027,6.43889332685427,5.358133454025278
379.79593189802245,236.88624540709546,6.383131210271586,5.272143183167344
380.0157006003919,237.02172155181552,6.274234229712249,4.889778789353215
379.90242162870544,237.2171967782068,7.0402300989836135,5.496158745681726
380.8314438591793,237.69639601918183,6.117888209868056,4.693617938787639
380.69849776065024,237.80931999361835,6.4336306387578475,5.441013340206666
380.86298703344954,237.91760943466483,6.3023320810276005,5.070145360057495
380.7979720255293,238.45271786138508,6.959502460961005,5.243904179886897
380.88686030488554,238.92120041405215,6.40164454806694,5.1626165710217435
380.7867590158995,238.70587935159142,7.317877921552167,5.602331449100404
380.977469989676,239.30877970069866,7.088981576513731,5.373383295439652
381.51092168288955,239.81153652157647,6.488518456822476,4.585870187528684
381.7180154095284,240.09617427501942,6.488518456822476,5.000549938528593
381.7991649087543,240.4853064810476,6.378485233282788,4.779268474505841
381.91925155031896,240.86093875532936,6.927591134351815,4.805406526293325
381.83403735155,241.2991336648781,6.686127944936345,4.90854710156961
382.0911105832611,241.6546013444953,6.222607562957251,4.449498956308133
382.1318629073096,241.73109100943813,6.758525221500008,4.766538840426307
381.979553846053,242.45885022570803,7.058975445681654,4.676571232764104
382.6418652215941,242.660479367869,6.473955777638139,4.467029486570311
382.2059507067391,242.53640428705108,7.147615190422584,4.683685730370058
382.71320809907303,243.13531842528795,6.315261961225929,4.613544666284781
382.6921575515141,243.14222337385692,6.376846440973566,4.693617938787639
382.78687780478043,243.68840701127348,6.4332992716942385,4.342477008393615
382.9891746969074,243.8376594308972,6.09823163235194,4.268762142646381
382.6479374659733,243.63895686159896,6.657520994776803,4.616773353161818
382.6222763220049,243.6417194638721,6.64774258075073,4.7445582128744945
382.64831921214363,243.66341857825074,6.728110757611319,4.673144802232287
382.76311668474983,243.8518082360736,6.788998637770703,4.673144802232287
382.78039055235183,243.80352010394785,7.023018371599562,5.066223176459204
382.97251454474684,244.00638725845002,7.080524253344549,5.192384452452671
383.025067220724,243.99338145590966,6.89282070306416,5.00760478427739
383.21727998421886,244.45944038922056,6.805626501704808,4.781013599763924
383.45441843046376,244.56563820787085,6.538695335414502,4.725987717675849
383.60982379002917,244.66647243933633,6.192050549005671,5.200250244619497
383.33158051293316,244.88596169194756,6.539342718291664,5.154887277932602
382.8511161770507,245.1119436598969,6.344212683829255,4.765085509251691
382.8892414493968,245.23399498581784,6.332339536575319,4.916696322869797
382.9167748800887,245.38167094742488,6.469550995151735,4.90951742185274
382.8698982816603,245.44505516770596,7.269092105763548,4.707834820175719
382.96044741541783,245.60809269982903,7.423037680222933,4.713039796966967
383.1454713266692,245.94969734016172,7.269092105763548,4.341940922234585
383.07042864057087,245.7762237873392,7.187284513583791,4.79765027633087
383.13117856135267,245.97128877518452,7.001694453012817,4.510293972799673
383.6812903975047,246.1146347095974,6.527898910911915,4.768884234318904
383.3003162699041,245.93948646484824,6.797303283210795,5.050773967385794
383.1883290153533,245.86348972991954,6.686127944936345,5.272143183167344
383.29929006767657,245.8552902376887,6.781233575175349,5.43962261605796
383.67784795954594,246.1183299759789,6.538695335414502,4.984945948781359
383.858513655224,246.7081531197223,6.293363620699495,4.456170514035676
383.73925723500514,246.6278740107552,6.244777730981241,4.595213802042792
383.6105918625776,246.9171169817989,6.40164454806694,4.130093256817389
383.6558553059045,246.6456800770132,6.509886219560599,4.565757303311727
383.7456038864892,246.83129150537368,6.376846440973566,4.369920149905738
383.784636556397,246.69402735410466,6.450973222098526,4.4773878071186175
383.80925383020406,246.87373769833144,6.303690728443314,4.271192316001304
383.8283398230089,246.8717321488311,6.378485233282788,4.28295982523025
383.8077151005462,246.63551205921897,7.036812321801904,4.585009603378808
383.7184724823865,246.67247504891495,6.6909758643082,4.558686852605575
383.7967789132146,246.58956446805684,7.078216068527752,4.734032682391671
383.77639084152986,246.5442592946135,6.9564403082089825,4.9014743528299505
383.891122735596,246.71507429718108,6.406493858062163,4.4228932492897854
383.7263013616553,246.58214534670296,6.708054795587145,4.634656040587487
383.7244546214318,246.28897203163527,6.726255974397361,5.073193065435305
383.72135708168094,246.57031354285655,6.64774258075073,4.690947385610372
383.7592862183856,246.40068103893066,6.702896293166191,4.767552997252011
383.62785923970046,246.52980629938688,6.927591134351815,4.707834820175719
383.7476205479934,246.5567344127647,6.605328815692417,4.68634949614875
383.73693743595004,246.56023801283683,6.43889332685427,4.490481161754161
383.7896791692073,246.55554891508723,6.42366765476055,4.6227465444080735
383.69212670565577,246.51191911794544,6.6209371671186545,4.530114903818031
383.8746030482323,246.69790419128395,6.441585998749929,4.467029486570311
383.8488719045949,246.53096721797291,6.421516723367461,4.654126799504866
383.78299247149954,246.8065365010992,6.481688309327296,4.350722289822443
383.7604400976937,246.67262278504097,6.480429720829591,4.595213802042792
383.69205699948105,246.70381813296302,6.28657622415767,4.430014239830427
383.74757831835524,246.78718659131468,6.616240479994701,4.481969357415778
383.72324411887706,246.71302002749852,6.466878818054681,4.578739017162803
383.66095046726105,246.68287414994523,6.606334997292549,4.505703131794007
383.6545381122498,246.76321529405598,6.328380822039037,4.460989759797997
383.6942373527798,246.68022237906612,6.568799217022672,4.536300804580691
383.7520105287202,246.69798331938594,6.2393350026425765,4.516408715049607
383.603513276362,246.64866090257902,6.57969656073999,4.33567373370866
383.5945849680681,246.54704532561766,6.591113027252675,4.65792283219244
383.7345027045346,246.72188996647864,6.591113027252675,4.3382614613557
383.64082252691617,246.73175761101433,6.137814477918539,4.425907038499076
383.7757287384828,246.7950571481026,6.441585998749929,4.725987717675849
383.6953581364972,246.69486728382535,6.460104685326314,4.503309490185956
383.7129863905624,246.72142705340966,6.441585998749929,4.5641388232348845
383.7048210886174,246.79644571864475,6.513715512590409,4.690947385610372
383.86484796285697,246.82458600571974,5.904786208935207,4.1484050419715
383.7095504521374,246.85665314020983,6.370700495811434,4.306327164416075
383.7472455706034,246.74365841971968,6.594131753486579,4.396087835657738
383.74750219409407,246.79964277813306,6.27495272003199,4.363377719227572
383.6875702023899,246.727713928168,6.222607562957251,4.382589197566659
383.8204287873422,246.66107883401293,6.325706757854846,4.373714738516782
383.80415187702744,246.7582004528377,6.544729468759442,4.524751237660865
383.7871720374188,246.7558682936597,6.598255715753737,4.389018310925479
383.8831262683958,246.6556913048451,6.6240661154060945,4.466226395993488
383.79102692811307,246.6549170042562,6.927591134351815,4.634656040587487
383.8017132627196,246.76941437683865,6.827526421113248,4.302553632240006
383.822137415564,246.72944784378598,6.732447722116547,4.415119701822817
383.80780547896984,246.7961501769741,6.400321923306194,4.209607707946361
383.9084114003171,246.7430978088288,6.687382850747383,4.3041134305342155
383.856325713214,246.85445457970124,6.6542122606581415,4.135905410630073
383.72824214363277,246.69742549672412,6.85441235476361,4.390726775293416
383.92420725237014,246.76067097963193,6.439732603763673,4.341940922234585
383.8990717104017,246.79881740541535,6.567326339854503,4.4228932492897854
383.8932955175054,246.80872707708698,6.774994708140014,4.389018310925479
383.85671633875694,246.7456626341134,6.406493858062163,4.5569203174500785
383.86708909648337,246.81240964225543,6.488518456822476,4.317547995705183
383.97526663868166,246.8605656749852,6.2797371043089925,4.240441034352983
383.86916288701906,246.76432502877665,6.782884873433318,4.411632438005398
383.78513270705105,246.7941108715318,6.599066855183082,4.356487032530339
384.10912789794725,246.94702538422027,5.705098529860948,3.976280793539445
383.9183571720446,246.9532663403114,6.409216219861776,4.40228992879392
383.9917526222275,246.81866151689096,6.443730557204503,4.68634949614875
383.8054331582595,246.78032733777243,6.396867035107846,4.705741267205752
383.8164614091961,246.8575507034986,6.781233575175349,4.878585305881558
383.9082505816595,246.87030275733952,6.513715512590409,4.9858069355630334
383.7617034528712,246.66279406373621,6.668174450967285,5.049685506557751
383.95813482483726,246.95725154701452,6.402813367736826,4.695396469673682
383.8869538247028,246.69840444547484,6.512911383351877,4.68344189364629
383.7196187552454,246.6746289862526,7.147615190422584,5.260822360652639
383.6565952405757,246.67137455643254,7.043094704510509,4.9088235819315855
383.6707124900351,246.58359978597747,6.762434201124336,4.807973449354279
383.9174965642947,246.69974844693945,6.189386255478951,5.051108323436836
383.7699698364703,246.80647612153757,6.634876015998941,4.756620673234522
383.7395185688803,246.71032114434942,6.415095621217745,5.371810174168502
383.67991152901106,246.78087824259453,6.437293183920929,4.816871106589133
383.8282707000388,246.637655858125,6.392060224636452,5.037061283008427
383.7554761168909,246.74721657999297,6.322972201069433,5.051686784981399
383.86049963388376,246.7992620860213,6.276508848087872,5.187197395113969
383.8504452785006,246.86174726867458,6.076055299620009,4.697980901768034
383.79715829792235,246.77675482139304,6.441245128024605,5.073193065435305
383.822829253049,247.00379540568758,6.127061179310999,4.8411347589618
383.6252600388915,246.78225550989458,6.539314323294207,5.231451458635348
383.5078631683959,246.61861303758909,6.859046875281308,5.7491687401225136
383.5514401864289,246.5636274471512,6.7160817106779405,5.596734758898265
383.6742677426273,246.55254205119527,6.681466373655894,5.771366302825669
383.6195653394768,246.63350236581886,6.707703313832951,5.5367825358571
383.639509025172,246.65129453538842,6.507157846057964,5.698358565756962
383.62323993000734,246.75637412408346,6.540428916979238,5.453145337430271
383.5443561569378,246.5553708459271,6.652000907412059,5.723460734981558
383.67710533833326,246.55034089086055,6.415095621217745,5.793563865528853
383.73611652156455,246.82901991509178,6.399620654867078,5.346869205148693
383.71232498356704,246.81116871642638,6.486910098958333,5.9239964126851135
383.6262249996564,246.85889043437808,6.648956524537255,5.540797103781017
383.705103924087,246.91602090582936,6.437293183920929,5.438402862278053
383.73496160423485,247.30725441140743,6.421323048070974,4.96797626352236
383.0056793630157,247.43351983655907,6.89170515037199,4.784047750015503
382.8043831205337,247.35541594802717,7.081022502313033,4.839068669292288
382.7303996851301,247.44434376757425,6.709357666133201,4.816032078155899
382.717483475812,247.56930017437412,6.48455923697378,4.749254652431517
382.67767974975806,247.65210904474418,6.615407510636544,4.711806300679314
381.95012240664875,247.70006046958534,7.380721905844894,5.319439211419734
381.7780528956843,247.70574141079007,7.3029981293448145,5.283019923355823
381.77082261945566,247.7331505404702,7.062994098487877,5.26680163378623
381.936489629928,247.80819067201438,6.874977710686608,5.402963018374152
381.63821740735676,247.65725127919038,6.585129033381406,5.514540570899186
381.66731504956175,247.65769164680614,6.7160817106779405,5.361082769049915
381.6112395685498,247.65115737002318,6.615097826772853,5.2834872252796
381.0305819358144,247.7686495484631,7.103434612495732,4.9321961082989105
380.7589126228803,247.84572802105822,7.007523519134224,4.446398172039466
380.21448959408986,247.69634980953776,7.049823785231581,4.9858069355630334
379.7431293462413,247.6263878499662,7.391056738410555,5.293265056881495
379.74225253119045,247.7285544872443,6.958614909113464,4.901139827813097
379.64424719693267,247.71236918600115,6.599066855183082,5.330722529256519
379.68059383821935,247.71447075104794,6.370700495811434,5.283019923355823
378.88732308483003,247.66553516586978,6.9962129579674865,5.4951097945721585
378.82638994709583,247.69077477356623,6.89170515037199,5.453145337430271
378.5825863360838,247.7203269058802,6.453920407480382,5.231205017781946
378.65672308482203,247.80875043016457,6.274546798489325,5.425705001253135
378.0505626840486,247.991533184524,6.080134475606769,4.90854710156961
377.53791463350325,247.99143166120638,6.614873685546343,5.1720321098399324
377.0281244871021,248.0827612785309,6.2797371043089925,5.114425064334114
376.5501456360897,247.82008185495707,6.774613072574425,5.553509975542482
375.7974789661908,247.95298512060873,7.371102531834026,5.165286312831313
375.8043958080865,247.9188115318208,6.150284785196959,5.139089313756898
375.2168272300627,247.95337700438472,6.516946973959648,5.445495343811558
374.7638435682022,247.96740020604352,6.48455923697378,5.297245573865922
374.6965216933174,247.92086994110892,6.3023320810276005,5.312542747789308
373.91812953165675,247.99797605142237,6.1766035149714185,5.205994391190217
373.82861170974206,248.17004101824438,6.61048308946954,4.95176408546979
373.7511256818034,248.29360360727563,5.92366953653891,4.7907272754522126
372.8648276935332,247.9186854095149,6.237515119592388,5.0832418590272255
372.8355530695854,248.6071335264018,6.515003177053472,4.5665910119533635
372.0449672010729,248.68667447435635,6.985084693508554,4.779268474505841
371.70317490417034,248.67555564306625,6.621556967332367,4.642700862152594
371.6794400966787,248.73567092605688,6.225785746296424,4.749254652431517
370.97955444897104,248.82272966246765,6.221532951783672,4.5449510199718475
370.7777820791494,248.7037900535912,6.158691397911468,4.467660878484935
369.80601458179825,248.77998096708674,6.503160577794631,4.384153198513246
369.42813005103955,248.73094573184443,6.277446021338335,4.550518099805487
368.867335456651,248.76909601189544,6.4594907466241125,4.772475981182765
368.7350404992789,248.76978153220082,5.720784372396167,4.767320310330149
367.7107796595723,248.72644754671387,6.200445237897327,4.509414718470765
367.2341225049253,248.7471654252403,6.61867185142296,4.4621548530390385
366.9591338927991,248.74814301127216,6.193347081867273,4.236553371952141
366.0560987653555,248.7626518407846,6.17187931866772,4.572722912570356
365.72175870221304,248.66201252145765,6.415095621217745,4.506105228744673
365.6300231078895,248.6874419532313,6.205880123271868,4.650228232532555
364.66317565543324,248.63001978362928,6.440064278867055,4.683683111903292
363.86091854978787,248.64100129222302,6.7060266733975595,4.63875529287651
363.67375948378606,248.62646537944192,6.441585998749929,4.628878381011276
362.7288331721266,248.60801433040632,6.512911383351877,4.707834820175719
362.7388531283957,248.68240499884917,6.370700495811434,4.483907666041489
361.9712657729998,248.59838403965267,6.942602130703335,4.664141971978324
361.82599232394915,248.61836944055364,6.332339536575319,4.597034952033056
361.24007839356227,248.29570495002395,6.617448657008083,4.981468294581106
360.6884846598923,248.13117378748026,6.342160897646011,5.146907497705058
359.7832396024933,248.36232257665986,6.874793882558436,4.650595861730693
359.7126829490545,248.20167951384565,6.2393350026425765,5.034959345296045
358.7666779991582,247.97288556534315,6.452012440582905,4.816032078155899
357.8835604948615,248.05209050126112,7.07394869352828,5.146907497705058
357.74235287379923,248.22239876651884,6.460104685326314,4.824974453770665
356.3151139283442,247.97085594227468,6.838030278908377,5.054995501881194
355.7899718009531,247.96910470695948,6.837191297681386,4.686868538410579
354.9974841996501,247.94679698732094,7.542158480948444,5.017315727669541
354.88082797367935,247.7502156948882,6.080134475606769,4.7267490607707146
354.23316921446974,247.858699563327,6.635830458833141,5.018231898231136
353.6586576206768,247.7478729117798,6.562303251533024,4.760886672680812
353.3380070838448,247.6964000491656,6.683661869057744,5.098121644646227
352.64986211091514,247.90241289674773,6.762434201124336,4.807973449354307
351.97552644955033,247.90241289674773,6.606818279270897,4.807973449354307
351.4697747353577,247.71359891665855,6.9040446861912415,4.855176944376581
350.7635239485653,247.92062370985315,6.367242182360542,4.837681211178932
349.8622617648321,247.73168906086042,6.957880276301353,4.61252737417729
349.7190386666255,247.6947431575006,6.260528626231576,4.873252396555245
348.96507897256157,247.75852087902524,6.9700346887971705,4.861266231995472
348.69366553704845,247.76835980471157,6.655605420214101,4.537912786509622
347.75892262067794,247.77473569543875,6.874977710686608,4.48295383567887
347.6139848067908,247.81561183689112,6.566988125947319,4.299813653894091
346.74056782677474,247.64495995449943,6.651811665371042,4.944394767307898
345.9978727411021,247.76222759960564,7.39450675104365,4.827127122201688
345.7622207512538,247.76222759960564,7.453419748505723,4.827127122201688
344.8532305472594,247.80262716422763,7.392820401572806,4.786727557579695
343.78101400197704,247.7490163369635,7.500042056100995,4.840338384843818
343.78101400197704,247.7490163369635,6.910912081480149,4.722512389919643
342.82968986733016,247.87098096961054,6.398660624362549,4.5761548307432065
341.7591014048479,247.70938271112266,7.469249086844798,4.7377530892310915
341.06650176687526,247.82019865319828,7.386137130288091,4.626937147155473
340.7639742477746,247.8706199063817,7.1718468042584504,4.576515893972044
340.0852266025615,247.74595197154662,7.254958760815157,4.701183828807132
339.664419477015,247.87543108709937,6.834151635268711,4.571704713254377
338.9762950332165,247.20950420600408,7.211510201222723,5.215434031646481
338.65309851624073,247.27010355293703,7.130711071978794,5.114435120091571
337.85018141134304,247.38719563073462,7.465259865686164,5.030797921664714
337.11490933834216,247.22175941430942,7.391732658386047,5.19623413808992
336.71282813386125,247.00731610525295,6.962846040273121,5.410677447146384
335.9622765521636,247.00731610525295,6.962846040273121,5.410677447146384
335.4012392419872,247.00731610525295,6.962846040273121,5.410677447146384
334.8314033854115,246.87864349247778,6.962846040273121,5.410677447146384
334.3221005264023,246.74461642431748,6.962846040273121,5.410677447146384
333.6966730858359,246.70552720928208,6.962846040273121,5.410677447146384
332.9852493783096,246.49210009702418,6.962846040273121,5.410677447146384
332.49970269498675,246.3949907603596,6.962846040273121,5.410677447146384
331.4681383190736,246.28827720423067,6.962846040273121,5.410677447146384
330.995631331447,246.24532202353734,6.962846040273121,5.410677447146384
330.40591223154166,246.2185166099053,6.962846040273121,5.410677447146384
329.74139557593986,246.2185166099053,6.962846040273121,5.410677447146384
329.38791759116737,246.15960361244322,6.962846040273121,5.410677447146384
328.6798651658329,246.11240011742092,6.962846040273121,5.410677447146384
327.7102756149056,246.23359881128684,6.962846040273121,5.410677447146384
327.05790546717617,246.3172360097137,6.962846040273121,5.410677447146384
326.63615177581585,246.27284088430736,6.962846040273121,5.410677447146384
325.9753028455037,246.13123039924048,6.962846040273121,5.410677447146384
325.9753028455037,246.13123039924048,6.962846040273121,5.410677447146384
325.2058406199767,246.13123039924048,6.962846040273121,5.410677447146384
324.6879241577656,246.16360017812866,6.962846040273121,5.410677447146384
323.95540458856084,246.00821723920643,6.962846040273121,5.410677447146384
323.1649871100849,245.97145363555637,6.962846040273121,5.410677447146384
322.5583876498591,246.55967129395708,6.889318832973004,4.804077986920646
321.69956409877307,246.33803940980584,6.889318832973004,4.804077986920646
321.2349691056204,246.095642022074,6.889318832973004,4.804077986920646
320.61605383726175,246.12909690144474,6.889318832973004,4.804077986920646
319.78493427169457,246.10139291592583,6.889318832973004,4.804077986920646
318.62688075671815,246.19330192505095,6.889318832973004,4.804077986920646
318.1634151526594,246.75433923522732,6.889318832973004,4.804077986920646
317.47081551468676,246.65737528591114,6.889318832973004,4.804077986920646
316.65147015045585,246.5439274662484,6.889318832973004,4.804077986920646
316.20751889639234,246.34414940191982,6.889318832973004,4.804077986920646
315.71917251692247,246.32195183921664,6.889318832973004,4.804077986920646
315.049037176121,246.24153559832047,6.889318832973004,4.804077986920646
314.5397343171118,246.21473018468842,6.889318832973004,4.804077986920646
313.76285962379524,246.53842797357032,6.921688611861214,4.512749976926926
312.85275955296504,246.3830450346481,6.921688611861214,4.512749976926926
312.85275955296504,246.3830450346481,7.238796656743489,4.707893389162194
323.9722409524554,247.50703675910225,9.39250361745178,2.8551431591980077
340.4458678728015,248.13406062112233,12.812633773925029,3.9381843754145223
359.16895730370703,248.0652257335087,15.772533941310826,4.282358813482631
380.0380621940421,248.6713061749292,15.610685046869833,4.088140140153456
403.596596800608,249.4582618338901,12.62717891906027,3.0987120875635696
423.99102744179913,249.2587893169231,13.979475852892108,3.663832093760533
440.0318324556404,249.39309353334738,8.075573970346056,4.76802505695963
445.49231924222534,249.3855622388734,7.157045439759827,4.637336558346249
446.7631960353576,249.20284950963622,7.103434612495732,4.690947385610372
447.05738504463983,249.54040826206608,6.888991303439241,4.396087835657738
446.9657604637346,249.399341073115,6.053148652091636,4.531769044346703
445.89994400481015,249.1595148461666,6.824795391630516,4.850957508756977
445.58431951036846,249.1793681907132,6.342731645649621,5.090345142368477
444.9465750480189,248.84036846868906,6.4336306387578475,4.981468294581106
443.7002759858605,248.79877077529815,7.71631684279663,5.272143183167344
443.53128124962524,248.9684686107842,6.460104685326314,4.959001521930958
442.683299731568,248.9632897207871,7.049724026534136,5.171144271612405
442.5685614892036,249.1474690806572,6.2900513346341995,4.878256245497852
441.95635427552094,248.8677960043864,6.176285413207552,5.3491043310815485
441.33827068565796,249.1074437760373,6.614873685546343,4.883463794698656
440.94910401868196,249.10287361617867,6.545447117133165,4.962362232989335
440.38504313542785,249.06895132636723,6.567368227143106,5.016914691752305
439.88557322913516,248.93366535629252,6.04312210581827,5.099359963347922
439.22823733788994,249.12962111744432,6.593548553499431,4.778937502011132
438.8158998988987,248.87568147839647,6.19311999418602,4.9944516082145185
438.31958341699703,249.15283486320044,6.3780054466948854,4.855808442710412
437.9462881812702,249.29131207495462,6.377784314369421,4.817750741070427
437.7802034997965,249.290528818596,6.218855962637747,4.690947385610372
436.82038486040483,249.1855016700706,6.894762903184642,4.7907272754522126
435.8483819729882,249.5955695273778,7.366663811881153,4.439512628352219
436.17829682762175,249.58377980018082,6.303690728443314,4.447931308387581
435.13032092178304,249.47182677922314,6.3573667426128395,4.553249153492999
434.5466062456894,249.40755271417294,6.415339677234272,4.829799452822755
433.93677798447686,249.59264149475644,6.185546019839535,4.467338792106318
433.24069773970365,249.81365863641705,7.044649633706115,4.080742165866354
432.8915773836743,249.70522365336018,6.362603725905387,4.241735817270268
431.9602149455641,249.7621838880048,7.342270885351752,4.341940922234585
431.97655802567044,249.5335903063194,6.894762903184642,4.3375503710175565
431.747941992531,249.56850772648434,6.274234229712249,4.182822819808166
431.36669773428,249.228661339298,6.11693755792561,4.51985317846723
430.9817348054842,248.83460805854313,6.068038738594964,5.2138002753947035
430.0221764260256,249.01754354144524,6.927591134351815,5.073728718116826
429.9531720953464,248.9615549371358,5.921513648620589,4.717137991274029
429.0809252236045,248.84098112325555,6.616240479994758,4.944394767307898
428.92508786463833,249.06841804109135,6.224636874136763,4.772221603504846
428.25530947948835,248.8823676489808,6.874793882558436,4.944704690931047
427.67043681974735,248.69288068731947,6.332809660453336,4.749607245340002
427.7618668320034,249.1657399032331,6.1208929262344896,4.460989759797997
426.87439047263916,248.88881442813505,6.5552494665736845,5.130195234709845
426.2712494822202,248.82790319757197,6.797303283210795,5.286791442497275
425.6207669515381,248.7294994741156,7.210656267023978,5.33427731277979
424.7400825653381,248.72465422299754,7.36412468276086,5.419995766512017
424.73294946959237,248.92106639629196,7.532321230608659,4.878585281034788
424.64625860951367,248.69682531542256,7.731932524799447,5.412352767359607
424.40337920598085,248.88599487249417,7.2757551865677215,4.948691786815317
423.63546941199905,248.97470597623632,6.765092498545982,4.948539883195679
423.0648325613179,248.84203208037988,6.651811665371042,4.553111728168403
422.57549513237547,248.92859246380397,6.380252795990145,4.927837525358257
422.28244634666163,248.90517691043067,6.182627767644419,4.887836612116786
421.9241490804107,249.00222734202802,6.331670996984201,4.944394767307898
421.11565669843134,248.9456369874294,6.5552494665736845,5.016190896160737
420.8380180192084,248.92768711670575,6.213236450926388,4.959188726886197
420.57332853390335,249.1290195866904,6.271456381226187,4.639159514879651
419.7945916321955,248.7740099848369,6.758525221500008,5.3356778064473644
419.7756954836324,249.09928592504457,6.1836578479209265,4.861959987296586
419.0156296934979,248.90887180048557,6.807845754790037,4.8411347589618
418.65852532721703,248.8436359252102,6.421516723367461,5.066517781739492
418.4178416724572,249.13599836217924,6.572142646079499,4.810980237652984
418.1654329826734,249.16463006808326,6.466878818054681,4.53153552214053
417.7073125468794,249.22899907350183,6.380252795990145,4.772221603504846
416.9703749462768,249.3559769257884,6.376846440973566,4.758357496564031
416.85015995466335,249.5084957963444,6.213236450926388,4.5031713726897635
415.78297842342636,249.75469046411263,6.700544229855495,4.208071255464802
415.09827118590175,249.78842945783043,6.959502460961005,4.499399265458493
414.7782980765162,249.802303152947,6.9564403082089825,5.297245573865922
414.79073492347413,249.84554835648132,6.722954036123667,5.228964250318427
414.1124660994446,249.88620568326152,6.7160817106779405,4.830865791891142
413.99388407471275,249.9492585075195,6.580685053358025,4.705741267205752
412.85769616539653,250.0107370945973,7.237461680655997,4.959001521930958
412.71847130250643,249.90178473033518,6.829667592252633,4.9088235819315855
411.92118339936735,249.7840015633649,7.283200249842878,4.596508602123066
411.81096847505796,249.7692731877637,6.947837126093987,4.506105228744673
411.549594555957,249.8697022778797,6.545098109242076,4.161828689028937
410.86759549085616,249.90483834813674,6.801523416159739,4.182546008787881
410.8382666294509,249.85082124961008,6.342731645649621,4.302553632240006
410.1775090112293,249.77434772254387,6.655692798143889,4.342721542051322
410.0189798629349,249.7808688032774,6.605328815692417,4.504551455349883
409.72588857601494,249.77940414505477,6.903442000687619,4.661488167666903
409.1149618988974,249.7557264921002,6.797303283210795,4.673146007207407
408.8461287154316,249.87208162955164,6.840260312946441,4.959188726886197
408.2633796399083,250.05881033658684,7.157929191643575,4.389018310925479
407.97167452369393,249.89521817530206,6.486910098958333,4.262060767497417
407.30452389784426,250.07174968647172,6.797303283210795,4.29551804702902
406.7366944798593,250.04719155019538,6.786918549546158,4.33847325002634
406.75894413375954,250.17471579109827,6.527898910911915,4.573438159141887
405.99699126568123,249.79574455943245,6.9587392723194625,5.240532044586274
405.7873187509774,249.86757748097654,7.001694453012817,5.111666502506296
405.8000835952126,249.99495668805412,6.372471828010077,4.861959987296586
404.83875307065756,249.84669218416792,6.894762903184585,4.758357496564031
404.84990016984705,250.0096653422169,6.332452835734898,4.417081299000273
403.8886928909728,249.95850600558873,6.539342718291664,4.713039796966967
403.65973919838973,249.87741469502456,6.538695335414502,5.082055285445932
402.9030305004743,250.05643368945695,7.185379446015759,4.979965952684211
402.73524254321455,249.98705699537368,6.224957440855235,5.264535435694739
402.5661325718777,250.06390405134036,6.486232284692846,5.111666502506296
401.82001361041085,250.11179035995818,6.897262482221038,4.845184388337088
401.8845962881487,250.15831157608764,6.247367325420782,4.7907272754522126
401.70821863755185,250.43025084020368,6.376846440973566,4.628878381011276
400.99650214685994,250.67813907048682,6.538695335414502,4.369920149905738
400.89723028336937,250.72464450983296,6.172764900185598,4.460989759797997
399.98102621152196,250.76641871788794,7.087604814399469,4.209607707946361
399.3978334411178,250.70081399861968,6.65716871321581,4.330105313463406
399.0793895673717,250.2224392260733,6.539314323294207,4.749607245340002
398.9406394441065,250.27639001099277,5.965277004381051,4.772221603504846
398.87006755908635,250.2414366195615,6.263974535690693,4.823260392481842
397.79450779977674,250.43974394606786,6.372471828010077,4.625942512185105
397.49335505455434,250.45740788338833,6.483996743892476,4.5128617337491335
397.1208448069321,250.56310459570565,6.743356613648132,4.357245811895723
396.8469006647252,250.43826062725208,7.011266820770118,4.5601735419643035
396.7906504488751,250.6494821999052,6.224636874136763,4.1497579160911755
396.10908493153227,250.52721024016836,6.700544229855495,4.596508602123066
395.88625741453865,250.6692250200898,6.0134155542630765,4.259502684269677
394.8442557401048,250.4173868415291,7.140930970687407,4.760620647124938
394.7414470558126,250.580267842728,7.087604814399469,4.553249153492999
394.7623157883147,250.62769298153353,6.380252795990145,4.253501863993449
394.02794193676294,250.38576195541063,6.952323648975948,4.611937470112764
393.79444936474334,250.40752809790806,6.201334790333817,4.572701411054226
393.7295048931399,250.66642338241476,6.2308613429432285,4.29551804702902
393.2208319978773,250.53019169291267,6.5552494665736845,4.617175711238872
392.93110774343637,250.63968658907766,6.4982472972991445,4.5031713726897635
391.8729407244294,250.82186593242034,7.087604814399469,4.33847325002634
391.6260806019802,250.83458685338118,6.4518937717614335,4.134223193555869
390.9680860652197,250.73373220839903,6.833907705602087,4.359561812194443
390.9506591039853,250.8231927741847,7.076629198863657,4.31567159476154
390.21249710748407,250.7303765804202,6.801523416159739,4.7297950192835
390.1476816233115,250.76920598777548,6.745538209408949,4.064996824883991
389.8959262914057,250.90644852181276,6.666884855625597,4.848643531364047
389.2042599958744,250.79896519645007,6.508091322419887,4.632878568502292
388.79379382664763,250.71386057514638,6.30279964879702,4.384556277424025
388.44640336135836,250.85634115825846,6.485489493689727,4.110521510085022
387.9914236797429,250.7455167515297,6.894762903184585,4.531769044346703
387.61157496478796,250.95089058178178,6.655692798143889,4.248314552006747
387.04278776700886,250.90970683286727,6.9587392723194625,3.951876623786376
386.94957504817035,250.79096588880913,6.8085750625430705,4.503309490185956
386.61000028748697,250.7265414391962,6.538695335414502,4.43465970768213
386.2241886616071,250.82432499487314,6.762434201124336,3.987099933610864
385.93955374118974,250.75712737086332,6.878805281293012,4.341940922234585
385.9125032599757,250.77273598719012,6.655692798143889,4.29551804702902
385.29481295612027,250.6755486387699,6.915784091626165,4.553249153492999
385.0066372950196,250.72733209392305,7.033559028367733,4.47590119987035
384.5416565031306,250.30703203753376,7.125271159319254,4.845184388337088
384.2029180744632,250.41178745584133,6.658053007466151,4.4673387921063465
383.9612378037281,250.21434153456767,6.883488761362344,4.818442132953635
383.7114415310655,249.92357688585008,7.316541728456059,4.95636697734119
383.78884726815386,250.22416217272604,6.366553824175469,4.805406526293353
383.5946415082193,250.1614141590973,6.658053007466151,4.982800960426289
383.1835484000648,250.4710537351362,7.127727748366851,4.909163482318888
382.722187099622,250.29177856291776,7.296277667142874,4.73118004978798
382.79263419445005,250.3942936530628,7.262076353159557,4.772221603504846
382.77369870561756,250.52611032640013,6.639813007832174,4.572701411054226
382.8322759887645,250.4587142595516,6.331670996984201,4.659825284297369
382.61511550883506,250.42553658944644,6.473955777638139,4.531769044346703
382.01362944897033,250.69689208351744,7.130559995092824,4.33847325002634
381.9544711045049,250.70327148787365,7.153721134290151,4.3375503710175565
381.8159578322027,250.65032587987463,7.244699179234146,4.561477260999254
381.88344279894727,250.42871283624828,6.9962129579674865,4.476504076553908
381.95450698039406,250.46004701180885,6.863364204333152,4.565757303311727
381.7588516430274,250.37158229921798,7.0027164834038444,4.564733707700299
381.66060996161195,250.25357736578275,6.840260312946498,4.5601735419643035
381.7036982805644,250.11759049492986,6.765092498545982,4.948539883195679
381.75205701197604,249.9706236845645,6.938913768277644,4.909163482318888
381.3704663080337,249.58001415785918,6.952323648975948,5.782130559544356
381.24578579735794,249.7286366013649,6.927132682072795,5.082055285445932
381.581675890132,249.71588526499235,6.699120260352004,4.607084665868683
381.59587231964133,249.67809021936185,6.463930339515514,5.0297457954355025
381.5002160209857,250.1190444957556,6.429632101746108,4.992420220179355
381.7413548189723,249.99944769304042,6.156234281651848,4.73118004978798
381.63139957421214,249.91973242749705,6.380252795990145,4.772221603504846
381.6999550152403,249.86234943581948,6.649910554546864,4.738061270114628
381.7314099645157,249.8116267936368,6.449720480841108,5.081597954602103
381.7439885549038,249.8699299746263,6.263974535690693,4.823260392481842
381.79315004574534,249.88526031930968,6.380252795990145,4.564733707700299
381.8487917959841,249.74492693352425,6.4518937717614335,5.073819373909487
381.536953033525,249.79522617191944,6.577173262475242,4.510061665697322
381.6585700925135,249.72659065718025,6.473955738489451,4.410826986663153
381.7942494927491,249.7578301075727,6.276508848087872,4.668477655602572
381.56604958100553,249.85707124059078,6.807845754790037,4.311635644700345
381.74985335726336,249.85600222599174,6.326614281047625,4.63534115641113
381.7914668106787,249.82887256401682,6.3174150268195035,4.904309033978308
381.68577631517405,249.9398990679028,6.432124769941311,4.357245811895723
381.66050660540986,249.8542064091185,6.7458189861350775,4.267763032044627
381.8278907613999,249.80386898677745,6.211454726350723,3.8364867427460183
381.62931847617523,249.732449252849,6.612251635848281,4.446169203415195
381.83001551016486,249.69481821061547,6.325268332987832,4.389925037073624
381.7667927596098,249.79299530160813,6.5552494665736845,4.389167034140655
381.51395725831793,249.67312261888367,6.879701846230546,4.61252737417729
381.5777766404723,249.74395005470703,6.535868717843584,4.305373837944586
380.8795428910474,249.66394703348408,7.516769442828888,4.384782174983513
381.1315757489795,249.86783637090696,6.7287045875866625,4.74318520108568
381.5594904661717,249.67778718718216,6.483996743892476,4.564733707700299
381.4512421805096,249.9372535950642,6.7458189861350775,4.198928144431022
381.53985766772627,249.8289884772248,6.639612665745858,4.357245811895723
381.5229174950402,249.69972835146083,6.380252795990145,4.616605681651436
381.5468294626726,249.75876293562547,6.58774069179475,4.616605681651436
381.467647260565,249.70463176825572,6.840260312946441,4.845184388337088
381.15007959507597,249.76852023312878,6.625016725657758,4.517056858403009
380.69491559318726,249.81298061870814,7.05458845735501,5.083453447211696
380.56198021065796,249.83965752883918,7.037068226018448,4.925947758212914
380.77766434136134,250.06455063604372,6.608149210907811,4.818442132953635
380.7533749623793,249.95769348022372,7.261702138442672,4.916777489570563
380.8014090790203,249.91437552037235,7.307593795706737,5.206660579441035
380.79665589564314,249.75551979720603,6.325268332987832,5.050773967385794
380.5974090126057,249.8485493082755,6.954264651495578,5.3582039118080615
380.9066294022134,249.8337567140945,6.3252683329877755,4.95636697734119
380.84446970564994,249.84066333331444,6.786918549546158,4.8968905990396365
380.8322503397902,249.752515594079,6.786918549546158,5.2834872252796
381.0025703457137,250.05977545387384,7.3980254919333674,5.569300089432971
380.9768204126719,249.93643056938149,7.227663199430424,4.956111908180873
381.2649153186642,250.28313520079354,6.814653873748682,4.88727702056724
381.76432505786795,250.08221657484515,6.1208929262344896,5.083453447211667
381.4385656749158,250.19290613356785,6.372471828010077,4.767552997252011
381.6603258806094,250.13654205539325,6.314411561919542,5.197576863892948
381.4784792393658,250.20337376796485,6.669253805122821,4.959188726886197
381.5644822278214,250.37182274709895,6.668174450967285,4.823097054340423
381.78555646669895,250.29906913267922,6.376846440973566,4.7907272754522126
381.85094828005083,250.60934229389662,6.214997546532629,4.499399265458493
381.8368861516201,250.73710229919854,6.392060224636452,4.536300804580691
381.84253233659183,250.8475260062988,6.138695044976885,4.134223193555869
381.88338263903086,250.7267349634454,6.402813367736826,4.232971059781562
381.94599704464883,250.909737299959,6.136454352898625,4.248314552006747
381.74095857246635,250.7242142683716,6.34850293310825,4.417314977931966
381.9050530141578,250.79999036613503,6.29609981160786,4.161828689028937
381.864935899658,250.85559917470036,6.182627767644419,4.3051805921293465
381.7573734579574,250.68435276807685,6.333147227174379,4.447931308387581
381.75336023965315,250.85727300735144,6.247367325420782,4.40228992879392
381.7079080026359,250.81029902481714,6.4332992716942385,4.9321961082989105
381.80231270440765,250.7394585192858,6.085518430979846,5.114425064334114
381.6878084674015,250.77943444767698,6.480429720829591,5.33162627031885
381.8648919146323,251.21908192370643,6.1951398852260695,4.88727702056724
381.74853053820857,250.99875258121455,6.3121068831972025,5.082055285445961
381.7317044508342,251.32081280893755,6.274234229712249,4.830865791891142
381.83837153572927,251.5281070197655,6.804451206871022,4.713039796966939
381.75705443508195,251.52552973926447,6.862185889807165,4.85177986740274
381.76449360203856,251.6271200226903,6.859046875281308,4.927858920104995
381.7100778302325,251.79668887088775,6.586090162940138,4.805406526293325
381.6634932949656,251.66181527046675,6.903198207822413,4.92737115894036
381.57168835873057,251.7805597329194,7.292093002144725,5.193393064942114
381.55969910946345,251.5195875109443,6.797303283210795,5.286791442497247
381.6796738991807,252.35068710124676,6.326305370405066,4.772475981182765
381.7772215806591,252.53195906484225,6.48455923697378,4.734032682391643
381.6928290286321,252.54075018226328,6.539342718291664,4.713039796966967
381.7983097574649,252.6146422526059,6.261932516405636,4.645949931526786
381.7593895582269,252.84172281819244,6.421516723367461,4.241735817270268
381.7782100385098,252.81301144207094,6.2797371043089925,4.337550371017528
381.78154762301324,252.92812459125952,6.15381507010261,3.9484015767710616
381.78557462862744,252.9194921289073,6.505274832354928,4.765492028353009
381.6937718661433,253.00744125122745,6.460104685326314,4.690947385610372
381.8334209730737,253.11112350561157,6.122624558881341,4.781013599763952
381.97043195113577,253.09325158407174,6.019535128673851,4.8883473192585996
382.0204772829625,253.42291973604623,6.195803338469602,4.781013599763952
381.7249568620723,253.65442838121854,6.376846440973566,4.272810813241193
381.8122985367651,253.49142370842551,6.09823163235194,4.634656040587487
381.8804647515095,253.5570338632351,6.082672699349985,4.517540542792091
381.81577771115144,253.69207011407863,6.192050549005671,4.530114903818031
381.77431335505867,253.68491394128955,6.244589191528405,4.634656040587515
381.9098177567919,253.64862215272902,6.019739115451728,4.6516165892126935
381.6585827700122,253.63837841529082,6.322972201069433,4.984777026239925
381.8325931641039,253.72904314092477,6.402813367736826,5.300106621071052
381.97379484439455,253.79818630337869,6.138439721741577,4.717752799242447
381.74244582501393,253.67616928890436,6.254274405664148,5.042508739566699
381.8842615180606,253.86398141071354,6.271456381226187,5.283487225279629
381.7947096897231,253.9438893303686,6.342160897646011,5.122514571175628
381.85487618287215,254.20473357833453,6.05747010999886,5.162616571021715
381.8146486311033,254.47759176684144,6.566988125947319,4.729795019283472
381.8146486311033,254.47759176684144,6.566988125947319,4.729795019283472
381.8146486311033,254.47759176684144,6.566988125947319,4.729795019283472
381.8146486311033,254.47759176684144,6.566988125947319,4.729795019283472
381.8146486311033,254.47759176684144,6.566988125947319,4.729795019283472
381.8146486311033,254.47759176684144,6.566988125947319,4.729795019283472
381.8146486311033,254.47759176684144,7.038292105644018,5.377837991366448
381.8146486311033,254.47759176684144,7.038292105644018,5.377837991366448
381.8146486311033,254.47759176684144,7.491469010078674,5.280728654701875
381.8146486311033,254.47759176684144,7.491469010078674,5.280728654701875
381.8146486311033,254.47759176684144,7.491469010078674,5.280728654701875
381.8146486311033,254.47759176684144,7.491469010078674,5.280728654701875
381.8146486311033,254.47759176684144,7.491469010078674,5.280728654701875
381.8146486311033,254.47759176684144,7.491469010078674,5.280728654701875
381.8146486311033,254.47759176684144,7.491469010078674,5.280728654701875
381.8146486311033,254.47759176684144,7.491469010078674,5.280728654701875
381.8146486311033,254.47759176684144,7.491469010078674,5.280728654701875
381.8146486311033,254.47759176684144,7.491469010078674,5.280728654701875
381.8146486311033,254.47759176684144,7.491469010078674,5.280728654701875
381.8146486311033,254.47759176684144,7.491469010078674,5.280728654701875
381.8146486311033,254.47759176684144,7.491469010078674,5.280728654701875
381.8146486311033,254.47759176684144,7.491469010078674,5.280728654701875
381.8146486311033,254.47759176684144,7.491469010078674,5.280728654701875
381.8146486311033,254.47759176684144,7.491469010078674,5.280728654701875
381.8146486311033,254.47759176684144,7.491469010078674,5.280728654701875
381.8146486311033,254.47759176684144,7.491469010078674,5.280728654701875
381.8146486311033,254.47759176684144,7.491469010078674,5.280728654701875
381.8146486311033,254.47759176684144,7.491469010078674,5.280728654701875
381.8146486311033,254.47759176684144,7.491469010078674,5.280728654701875
381.8146486311033,254.47759176684144,7.491469010078674,5.280728654701875
381.8146486311033,254.47759176684144,7.491469010078674,5.280728654701875
381.8146486311033,254.47759176684144,7.491469010078674,5.280728654701875
381.8146486311033,254.47759176684144,7.491469010078674,5.280728654701875
381.8146486311033,254.47759176684144,7.491469010078674,5.280728654701875
381.8146486311033,254.47759176684144,7.491469010078674,5.280728654701875
381.8146486311033,254.47759176684144,7.491469010078674,5.280728654701875
381.8146486311033,254.47759176684144,7.491469010078674,5.280728654701875
381.8146486311033,254.47759176684144,7.491469010078674,5.280728654701875
381.8146486311033,254.47759176684144,7.491469010078674,5.280728654701875
381.8146486311033,254.47759176684144,7.491469010078674,5.280728654701875
381.8146486311033,254.47759176684144,7.491469010078674,5.280728654701875
381.2123743833162,258.7938905426488,7.491469010078674,5.280728654701875
381.2123743833162,258.7938905426488,7.491469010078674,5.280728654701875
381.2123743833162,258.7938905426488,7.491469010078674,5.280728654701875
381.2123743833162,258.7938905426488,7.491469010078674,5.280728654701875
381.2123743833162,258.7938905426488,7.491469010078674,5.280728654701875
381.2123743833162,258.7938905426488,7.491469010078674,5.280728654701875
381.2123743833162,258.7938905426488,7.491469010078674,5.280728654701875
380.84927056565823,259.31261028216016,7.387725062176401,4.606392993337067
380.84927056565823,259.31261028216016,7.387725062176401,4.606392993337067
380.84927056565823,259.31261028216016,7.387725062176401,4.606392993337067
380.84927056565823,259.31261028216016,7.387725062176401,4.606392993337067
380.84927056565823,259.31261028216016,7.387725062176401,4.606392993337067
380.84927056565823,259.6644132174788,7.387725062176401,4.254590058018437
380.84927056565823,259.6644132174788,7.387725062176401,4.254590058018437
380.84927056565823,259.6644132174788,7.387725062176401,4.254590058018437
380.84927056565823,259.6644132174788,7.387725062176401,4.254590058018437
380.84927056565823,259.6644132174788,7.387725062176401,4.254590058018437
380.84927056565823,259.6644132174788,7.387725062176401,4.254590058018437
380.84927056565823,259.6644132174788,7.387725062176401,4.254590058018437
380.84927056565823,259.6644132174788,7.387725062176401,4.254590058018437
380.84927056565823,259.6644132174788,7.387725062176401,4.254590058018437
380.84927056565823,259.6644132174788,7.387725062176401,4.254590058018437
380.84927056565823,259.6644132174788,7.387725062176401,4.254590058018437
380.84927056565823,259.6644132174788,7.387725062176401,4.254590058018437
380.84927056565823,259.6644132174788,7.387725062176401,4.254590058018437
380.84927056565823,259.6644132174788,7.426814277211804,4.606392993337067
380.8020670706359,259.6644132174788,7.426814277211804,4.606392993337067
380.8020670706359,259.6644132174788,7.426814277211804,4.606392993337067
380.8020670706359,259.6644132174788,7.426814277211804,4.606392993337067
380.8020670706359,259.6644132174788,7.426814277211804,4.606392993337067
380.8020670706359,259.6644132174788,7.426814277211804,4.606392993337067
380.8020670706359,259.6644132174788,7.426814277211804,4.606392993337067
380.8020670706359,259.6644132174788,7.426814277211804,4.606392993337067
380.8020670706359,259.6644132174788,7.426814277211804,4.606392993337067
380.8020670706359,259.6644132174788,7.426814277211804,4.606392993337067
380.8020670706359,259.6644132174788,7.426814277211804,4.606392993337067
380.8020670706359,259.6644132174788,7.426814277211804,4.606392993337067
380.8020670706359,259.6644132174788,7.426814277211804,4.606392993337067
380.8020670706359,259.6644132174788,7.426814277211804,4.606392993337067
380.8020670706359,259.6644132174788,7.426814277211804,4.606392993337067
380.8020670706359,259.6644132174788,7.426814277211804,4.606392993337067
380.8020670706359,259.6644132174788,7.426814277211804,4.606392993337067
380.8020670706359,259.6644132174788,7.426814277211804,4.606392993337067
380.8020670706359,259.6644132174788,7.426814277211804,4.606392993337067
380.8020670706359,259.6644132174788,7.426814277211804,4.606392993337067
380.8020670706359,259.6644132174788,7.426814277211804,4.606392993337067
380.8020670706359,259.6644132174788,7.426814277211804,4.606392993337067
380.8020670706359,259.6644132174788,7.426814277211804,4.606392993337067
380.8020670706359,259.6644132174788,7.426814277211804,4.606392993337067
380.8020670706359,259.6644132174788,7.426814277211804,4.606392993337067
380.8020670706359,259.6644132174788,7.426814277211804,4.606392993337067
380.8020670706359,259.6644132174788,7.426814277211804,4.606392993337067
380.8020670706359,259.6644132174788,7.426814277211804,4.606392993337067
380.8020670706359,259.6644132174788,7.426814277211804,4.606392993337067
380.8020670706359,259.6644132174788,7.426814277211804,4.606392993337067
380.8020670706359,259.6644132174788,7.426814277211804,4.606392993337067
380.8020670706359,259.6644132174788,7.426814277211804,4.606392993337067
380.8020670706359,259.6644132174788,7.426814277211804,4.606392993337067
380.8020670706359,259.6644132174788,7.426814277211804,4.606392993337067
380.8020670706359,259.6644132174788,7.426814277211804,4.606392993337067
380.8020670706359,259.6644132174788,7.426814277211804,4.606392993337067
380.8020670706359,259.6644132174788,7.426814277211804,4.606392993337067
380.8020670706359,259.6644132174788,7.426814277211804,4.606392993337067
380.8020670706359,259.6644132174788,7.426814277211804,4.606392993337067
380.8020670706359,259.6644132174788,7.426814277211804,4.606392993337067
380.8020670706359,259.6644132174788,7.426814277211804,4.606392993337067
380.8020670706359,259.6644132174788,7.426814277211804,4.606392993337067
380.8020670706359,259.6644132174788,7.426814277211804,4.606392993337067
380.8020670706359,259.6644132174788,7.426814277211804,4.606392993337067
380.8020670706359,259.6644132174788,7.426814277211804,4.606392993337067
380.8020670706359,259.6644132174788,7.426814277211804,4.606392993337067
380.8020670706359,259.6644132174788,7.426814277211804,4.606392993337067
380.8020670706359,259.6644132174788,7.426814277211804,4.606392993337067
380.8020670706359,259.6644132174788,7.426814277211804,4.606392993337067
380.8020670706359,259.6644132174788,7.426814277211804,4.606392993337067
380.8020670706359,259.6644132174788,7.426814277211804,4.606392993337067
380.8020670706359,259.6644132174788,7.426814277211804,4.606392993337067
380.8020670706359,259.6644132174788,7.426814277211804,4.606392993337067
380.8020670706359,259.6644132174788,7.426814277211804,4.606392993337067
380.8020670706359,259.6644132174788,7.426814277211804,4.606392993337067
380.8020670706359,259.6644132174788,7.426814277211804,4.606392993337067
380.8020670706359,259.6644132174788,7.426814277211804,4.606392993337067
380.8020670706359,259.6644132174788,7.426814277211804,4.606392993337067
380.8020670706359,259.6644132174788,7.469769457905159,5.035944800270386
380.8020670706359,259.6644132174788,7.469769457905159,5.035944800270386
380.8020670706359,259.6644132174788,7.469769457905159,5.035944800270386
380.8020670706359,259.6644132174788,7.469769457905159,5.098584545627318
380.8020670706359,259.6644132174788,7.469769457905159,5.098584545627318
380.8020670706359,259.6644132174788,7.469769457905159,5.098584545627318
380.8020670706359,259.6644132174788,7.469769457905159,5.098584545627318
380.8020670706359,259.6644132174788,7.469769457905159,5.098584545627318
380.8020670706359,259.6644132174788,7.469769457905159,5.098584545627318
380.8020670706359,259.6644132174788,7.469769457905159,5.098584545627318
380.8020670706359,260.13126098303906,7.469769457905159,5.098584545627318
380.739427325279,260.2908106710479,7.469769457905159,5.098584545627318
380.4716426054799,260.32526214779097,7.469769457905159,5.098584545627318
380.87090195824953,260.14625743077414,7.469769457905159,5.098584545627318
380.8020670706359,260.6040093978324,7.469769457905159,5.098584545627318
380.8020670706359,260.6040093978324,7.469769457905159,5.098584545627318
380.8020670706359,260.6040093978324,7.469769457905159,5.098584545627318
380.8020670706359,260.6040093978324,7.469769457905159,5.098584545627318
380.8020670706359,260.6040093978324,7.469769457905159,5.098584545627318
380.8020670706359,260.6040093978324,7.469769457905159,5.098584545627318
380.8020670706359,260.6040093978324,7.469769457905159,5.098584545627318
380.37723561543527,260.5568059028101,6.997734507682196,5.051381050605016
380.37723561543527,260.5568059028101,6.997734507682196,5.051381050605016
380.668563625429,260.718654797251,6.997734507682196,5.051381050605016
380.6929565519584,261.20651332783916,6.997734507682196,5.051381050605016
380.6929565519584,261.20651332783916,6.997734507682196,5.051381050605016
380.6929565519584,261.20651332783916,7.505894303142384,5.012291835569613
380.6929565519584,261.20651332783916,7.505894303142384,5.012291835569613
380.6929565519584,261.20651332783916,7.505894303142384,5.012291835569613
380.6929565519584,261.20651332783916,7.505894303142384,5.012291835569613
380.6929565519584,261.20651332783916,7.505894303142384,5.012291835569613
380.6929565519584,261.20651332783916,7.505894303142384,5.012291835569613
380.6929565519584,261.20651332783916,7.505894303142384,5.012291835569613
380.6929565519584,261.20651332783916,7.505894303142384,5.012291835569613
380.6929565519584,261.20651332783916,7.505894303142384,5.012291835569613
380.6929565519584,261.20651332783916,7.505894303142384,5.012291835569613
380.6929565519584,261.20651332783916,7.505894303142384,5.012291835569613
380.6929565519584,261.20651332783916,7.505894303142384,5.012291835569613
380.6929565519584,261.20651332783916,7.505894303142384,5.012291835569613
380.6929565519584,261.20651332783916,7.505894303142384,5.012291835569613
380.6929565519584,261.5841412880175,7.6003012931869876,4.634663875391254
380.6929565519584,261.5841412880175,7.6003012931869876,4.634663875391254
380.6929565519584,261.5841412880175,7.6003012931869876,4.634663875391254
380.6929565519584,261.5841412880175,7.6003012931869876,4.634663875391254
380.6929565519584,261.5841412880175,7.6003012931869876,4.634663875391254
380.6929565519584,261.5841412880175,7.6003012931869876,4.634663875391254
380.53212407016605,261.77177918344194,7.6003012931869876,4.634663875391254
380.53212407016605,261.9983676356593,7.6003012931869876,4.634663875391254
380.53212407016605,261.9983676356593,7.6003012931869876,4.634663875391254
380.53212407016605,261.9983676356593,7.6003012931869876,4.634663875391254
380.53212407016605,261.9983676356593,7.6003012931869876,4.634663875391254
380.53212407016605,261.9983676356593,7.6003012931869876,4.634663875391254
380.53212407016605,261.9983676356593,7.6003012931869876,4.634663875391254
380.53212407016605,261.9983676356593,7.6003012931869876,4.634663875391254
380.53212407016605,261.9983676356593,7.6003012931869876,4.634663875391254
380.53212407016605,261.9983676356593,7.6003012931869876,4.634663875391254
380.53212407016605,261.9983676356593,7.6003012931869876,4.634663875391254
380.53212407016605,261.9983676356593,7.6003012931869876,4.634663875391254
380.53212407016605,261.9983676356593,7.443944433045374,4.595574660355851
380.53212407016605,261.9983676356593,7.443944433045374,4.595574660355851
380.53212407016605,261.9983676356593,7.443944433045374,4.595574660355851
380.53212407016605,261.9983676356593,7.443944433045374,4.595574660355851
380.53212407016605,261.9983676356593,7.443944433045374,4.595574660355851
380.53212407016605,261.9983676356593,7.443944433045374,4.595574660355851
380.53212407016605,261.9983676356593,7.443944433045374,4.595574660355851
380.53212407016605,261.9983676356593,7.443944433045374,4.595574660355851
380.53212407016605,261.9983676356593,7.443944433045374,4.595574660355851
380.53212407016605,261.9983676356593,7.443944433045374,4.595574660355851
380.53212407016605,261.9983676356593,7.443944433045374,4.595574660355851
380.53212407016605,261.9983676356593,7.443944433045374,4.595574660355851
380.6358680180683,261.3240319742945,7.443944433045374,4.595574660355851
380.6358680180683,261.3240319742945,7.443944433045374,4.595574660355851
380.6358680180683,261.3240319742945,7.443944433045374,4.595574660355851
380.6358680180683,261.3240319742945,7.443944433045374,4.595574660355851
380.6358680180683,261.3240319742945,7.443944433045374,4.595574660355851
380.6358680180683,261.3240319742945,7.443944433045374,4.595574660355851
380.6358680180683,261.3240319742945,7.443944433045374,4.595574660355851
380.6358680180683,261.3240319742945,7.443944433045374,4.595574660355851
380.6358680180683,261.3240319742945,7.443944433045374,4.595574660355851
380.6358680180683,261.3240319742945,7.443944433045374,4.595574660355851
380.6358680180683,261.3240319742945,7.443944433045374,4.595574660355851
380.6358680180683,261.3240319742945,7.443944433045374,4.595574660355851
380.6358680180683,261.3240319742945,7.068105960903949,4.720854151069659
380.6358680180683,260.84218776099914,7.068105960903949,4.720854151069659
380.6358680180683,260.84218776099914,7.068105960903949,4.720854151069659
380.6358680180683,260.84218776099914,7.068105960903949,4.720854151069659
380.6358680180683,260.84218776099914,7.068105960903949,4.720854151069659
380.6358680180683,260.84218776099914,7.068105960903949,4.720854151069659
380.6358680180683,260.84218776099914,7.068105960903949,4.720854151069659
380.6358680180683,260.84218776099914,7.068105960903949,4.720854151069659
380.6358680180683,260.84218776099914,7.068105960903949,4.720854151069659
380.6358680180683,260.84218776099914,7.068105960903949,4.720854151069659
380.6358680180683,260.84218776099914,7.068105960903949,4.720854151069659
380.6358680180683,260.84218776099914,7.068105960903949,4.720854151069659
380.6358680180683,260.84218776099914,7.068105960903949,4.720854151069659
380.6358680180683,260.84218776099914,7.068105960903949,4.720854151069659
380.6358680180683,260.84218776099914,7.068105960903949,4.720854151069659
380.6358680180683,260.84218776099914,7.068105960903949,4.720854151069659
380.6358680180683,260.84218776099914,7.068105960903949,4.720854151069659
380.6358680180683,260.84218776099914,7.068105960903949,4.720854151069659
380.6358680180683,260.84218776099914,7.068105960903949,4.720854151069659
381.45797232008533,260.84218776099914,7.068105960903949,4.720854151069659
381.45797232008533,260.84218776099914,7.068105960903949,4.720854151069659
381.45797232008533,260.84218776099914,7.068105960903949,4.720854151069659
381.45797232008533,260.84218776099914,7.068105960903949,4.720854151069659
381.65873040268104,260.942566802297,6.566210754414726,4.921612233665371
381.65873040268104,260.942566802297,6.566210754414726,4.921612233665371
381.65873040268104,260.942566802297,6.566210754414726,4.921612233665371
381.65873040268104,260.942566802297,6.566210754414726,4.921612233665371
381.65873040268104,260.942566802297,6.566210754414726,4.921612233665371
381.65873040268104,260.942566802297,6.566210754414726,4.921612233665371
381.65873040268104,260.942566802297,6.566210754414726,4.921612233665371
381.65873040268104,260.942566802297,6.566210754414726,4.921612233665371
381.65873040268104,260.942566802297,6.566210754414726,4.921612233665371
381.65873040268104,260.942566802297,6.566210754414726,4.921612233665371
381.65873040268104,260.942566802297,7.388315056431736,5.1956470010043745
381.65873040268104,260.942566802297,7.388315056431736,5.1956470010043745
381.63597937043073,261.55286995704165,7.231777728069687,5.40305232556932
381.71781425788566,261.82792979279213,6.668179338582377,5.29800550188736
381.73468365317467,261.8901754963679,6.576834416136023,5.023970734548357
381.7732633384145,261.9812870612379,7.033559028367733,5.11531565699471
381.7394323371812,261.6903993900512,6.783258143671901,5.301201742533522
381.7955352123677,261.960824134147,7.021158536589553,5.09378168340811
381.7065112314567,262.23075225800636,6.94221410592138,4.93262581210206
381.67625549319615,261.9147494265714,7.106460431306118,5.135325421162804
381.63798512557344,261.8475365141557,7.345335898559426,5.369397586666253
381.6823831518397,261.8170209211601,7.269338233433757,5.4756054225864546
381.6669245238525,261.68088281650444,7.688146168802348,5.773473751284541
381.61194147781873,261.8323225712936,7.474201440639433,5.455307948052905
381.691616413168,261.7336652862521,7.176071625023269,5.453145337430271
381.5790484187037,261.6397073550476,7.410282005692011,5.586212588906278
381.82092239713296,261.9940611496549,7.068268990044658,5.073193065435305
382.06645907879414,261.84409672456536,7.103434612495732,5.602331449100404
381.8295618296364,261.9325231975027,6.922277201795225,5.5083652627051265
381.8512655932216,261.98250272499274,7.0106466979883635,5.066517781739492
381.800217192058,261.7029601618286,7.03605870637216,4.964330309495892
381.9332810907343,262.21533690094515,6.7924541871717565,4.661488167666903
382.12572070304617,262.22088258558074,6.7281588216469,4.85177986740274
381.9561579512188,262.09691980674455,6.938913768277644,5.050773967385794
381.8095688063122,262.4466590695798,7.18738569037464,4.595213802042792
382.00355638640696,262.4170416146293,6.859046875281308,4.417314977931937
382.0046119939608,262.6279636432355,6.835380476175146,4.288866181129492
381.81547171238674,262.71268104176056,7.216842189105648,4.271192316001304
381.9509158384298,262.6835801402702,7.036627376906665,4.284129601712891
381.86175710629874,262.7606695014048,7.271921631954967,4.484351673038873
381.90586198543923,262.85800301249,7.283200249842878,4.240441034352955
382.20869930189434,262.7985898400401,6.765283787631859,4.110961918800228
381.8825468398032,262.6956103367769,7.270593996584523,4.495259729071108
381.84312210511916,262.6030932829443,7.258603003938447,4.528302791447857
382.0123790399634,262.7652279757035,7.125417627719401,4.350722289822443
382.31440624453063,262.75187021179704,6.7924541871717565,4.528302791447857
382.2047355540486,262.6898011059336,6.7060266733975595,4.474886220030328
381.86856942356474,262.92756464084886,6.952323648975948,4.405432807271893
381.985498815762,262.7730639640887,6.8406126311951425,4.651616589212665
381.9210276184888,262.9701656646592,6.8298737302395125,4.76802505695963
382.1545311199681,262.9911542646311,6.691484639697023,4.824093577455983
381.7990007518039,262.77614879218135,6.651811665371042,5.549104918705268
381.7115118286378,262.914456392706,6.723344986088932,5.159776384672909
381.73182606021965,263.19126561230365,6.830023345408222,4.855466833228604
381.7613542522294,263.2377775745771,6.598255715753737,4.830865791891142
381.991203073626,263.3211304801341,6.367242182360542,4.659825284297369
381.86624853127296,263.79793997158947,6.214997546532629,3.949113024359235
381.8847901919657,263.59787535733744,6.218855962637747,4.637336558346249
381.71964775620535,263.5184102185939,6.573883796350003,4.717137991274058
381.6841601969872,263.5186683433764,6.509526923865792,4.766538840426335
381.85889000969775,263.6666516975352,6.224957440855235,4.588682913544744
381.81134276504594,263.5905956907957,6.506325556526349,4.693617938787668
382.0228014396677,263.57595557487326,6.10033425791778,4.585350584593812
381.9696904060434,263.7250886859617,6.009125741132891,4.948691786815289
381.99749401612024,263.66393801901626,6.272466789901898,4.664141971978324
381.8590909222432,263.65976207340134,6.0738387058225385,5.17130042423446
381.9848639311556,263.7738449121815,6.082672699349985,4.446398172039494
381.90497908086166,263.8843329272973,6.182627767644419,4.434659707682101
382.3647002444544,263.8764413264622,5.86184324747768,4.506844305849654
382.0455197570211,263.6981674918594,6.029230998607375,4.779268474505841
382.2601437932423,263.95937730597916,6.082132180670158,4.661488167666903
