563.7296133976548,407.9450843267381,8.75138646321102,4.781685387115317
563.7039640904945,407.46668498460804,8.402283720221817,5.020876857205678
563.4160531858,407.53513932805004,9.397482573452862,4.915606269190732
563.5962302289353,407.4281436336474,8.839175315077227,5.179644133675822
563.9847436454974,407.9820173188295,8.782874835363373,4.391437417681686
563.8212172078538,407.85612687785056,8.538466571862273,4.926038406843645
564.4089074010408,408.06377845896276,9.178317577674761,4.555165020031154
564.7173621344697,408.0600021523269,8.480725026204482,4.511023950108779
563.9224083657622,407.4828428844607,10.753391625348627,4.954442214820347
564.5406906239594,408.23502585828464,10.098378734029438,5.090239687071744
565.2702038238491,407.64946794338243,9.81519572739569,5.155456341662386
565.1083827981831,408.5634420084794,10.098378734029438,4.433434566159292
565.363115615373,407.7723099302448,9.176978193360355,4.8418412553925805
565.829833384935,408.2347841669729,8.879847402525002,5.212084344960317
565.9360672661534,408.5050200679627,9.008076754218791,5.348545572817386
565.4802390998387,408.1571526436234,10.077785868782257,5.404846052531298
564.840492607106,408.09160449173584,10.82645748026107,5.323008261128393
566.1220318992913,408.76844613493614,9.787216938370307,4.557406360615175
566.1214480107412,409.49348299942426,9.26423588059481,4.482694780932945
565.996860329959,409.36657471114944,9.508757647569155,3.8918522551426236
566.9651329056521,409.25854214377785,8.39050454720234,4.511023950108779
566.4654380122874,408.8173122688767,9.514781071643597,4.8418412553925805
566.195880576724,409.20791625047355,10.310197996145803,4.930964259026268
566.9181215498348,409.49814071387385,10.26611817947321,4.147239794356722
566.2868984030652,408.84746459559625,10.086063257099113,5.0056758387084415
567.6914261912502,408.89498241191825,8.96538956186589,4.706829519979578
567.7027828222457,408.4207664325308,9.81519572739569,5.849460079963137
567.895526859862,409.503544605666,8.570945505206737,4.511023950108779
567.7101828926188,408.4245639699099,9.458190547580102,5.2678529632091795
568.0951135025011,409.06814229223403,8.367696924408165,4.856252679344038
568.7426691635968,409.0844189787638,7.5479766720500265,4.640149593473382
568.6773901211654,408.46566960648425,8.16666328451322,5.320704867182826
568.6743060742764,409.0762538633417,8.812151218769145,4.3036087347477405
569.1528041177457,407.86463417361875,8.218273765043705,5.827503215212857
568.8211295906866,407.71212619481327,9.04010114154812,5.9769263745772605
568.6009024869281,408.4010652560273,8.389056095003298,4.902695120456485
569.4480340191053,409.0891112814486,9.277372332888831,5.418642247527998
571.2492975467919,409.31816161532845,8.298791942992011,5.268334211000536
570.9654087550127,409.55781761111314,8.068850605679359,5.453945316801764
571.0275749371159,409.51657449810324,8.974354964837516,5.439003008992415
570.0501869571816,409.2148301935933,9.499531616927243,4.856464365506156
570.2829414415801,409.69962773593693,10.016278093915389,4.926038406843645
570.9291040559074,410.0498560653311,9.605774893345142,5.418642247527998
570.9122215294577,409.85993138081363,8.89067798218366,5.155098998072901
572.0645885704621,409.622989793823,8.666543243137085,5.453945316801764
571.2589073634205,409.73871733966746,9.026128266033197,5.225653206650861
571.648690292758,409.55315870570104,8.811079822184524,6.0560366965978005
570.4312910525787,408.93438397536784,9.99575521076656,6.190171184774499
571.8171107185025,409.29652586462015,8.922905206723385,5.65117329759147
572.2351914049838,407.7786605305162,8.75138646321102,7.578520236182783
572.3460530938863,407.5821567957241,8.661165984208878,7.758961194187123
573.153869608554,408.5675316270655,7.478629137364578,6.730766223628166
574.2233307992767,408.26540344727584,6.943987996957617,7.782055513831779
573.6686859440489,409.93751109705875,8.625474335474337,6.597991950839855
573.71259548824,407.0936842368894,9.697638409544197,8.260951237759855
573.1780593736825,409.60637418515154,8.948969772432633,6.732252489352959
573.6197749335741,409.6156869207028,9.119551842679698,5.891845291618949
573.3273958596259,409.5629122448242,11.132025372650105,5.827503215212857
574.2021590317684,410.1900900870008,9.369595119094583,4.575848779092723
574.1598187066166,409.5469375114815,9.837117138163649,5.382573528429134
573.1533736902546,408.7562434256047,10.608342856882246,6.146890253520553
573.153660780943,408.79551804293754,10.916677959263325,6.856756404165367
574.0744780770259,408.1398652510236,9.473150295228493,6.315433530152291
573.5099337748344,407.6158940397351,11.230426824603796,6.029545524120863
572.1084797654378,406.7153138607101,11.453164070178673,6.709343673536466
573.6421722670906,407.9827391793754,9.924252690239314,6.405654009154489
573.0184921913864,405.7777496751484,10.176534133472273,7.183435858921655
575.1029655033782,405.9129304861037,9.665246417151593,6.00759931522083
573.2927614565839,404.8597794952929,10.193477075526175,6.455205214187174
575.9618190939741,405.7778773692976,8.498004875457923,7.08167072954825
574.4567855184304,404.99896337646584,9.214777070711307,8.26152427029291
574.8320021445388,405.04483106491034,8.102648803556576,5.719516802510498
0,0,0,0
0,0,0,0
0,0,0,0
0,0,0,0
0,0,0,0
0,0,0,0
0,0,0,0
0,0,0,0
0,0,0,0
0,0,0,0
0,0,0,0
0,0,0,0
0,0,0,0
0,0,0,0
0,0,0,0
0,0,0,0
0,0,0,0
0,0,0,0
0,0,0,0
0,0,0,0
0,0,0,0
0,0,0,0
0,0,0,0
0,0,0,0
575.9971523356688,378.7794157897434,8.093756755240292,5.879675119347553
576.0534741036495,378.53617404001284,9.187489751772205,4.596356080469036
577.3800163530944,377.3340222338212,8.057926515163558,4.22081865079997
576.4844428693792,375.7287714034887,8.44163730159994,5.180095616890867
576.6632341979564,375.6392118488778,7.827653848622617,4.696592309173525
576.5298882398379,375.06645644394024,7.778495571144049,5.0859394119018475
576.0352487861956,374.3808093428968,10.236162725121858,5.2987195282983635
576.3300347072421,373.7278362013807,8.43457979941411,5.2352564272225095
577.5187214378404,373.1840871021929,6.021272191248158,4.455741421523612
576.7817027254753,372.08906202368286,6.502973966547984,4.455741421523612
576.0766173511361,370.6429144399386,7.543131826286185,5.955104073383836
577.2387019626742,370.45964296801736,7.013789241985364,4.631747612631841
576.9155028064715,369.0908539910196,7.351092827842308,4.4745782430345
576.6450571289797,367.843421595323,8.429781067747399,5.2987195282983635
577.1780895458519,367.90497899484666,6.8716737303743685,4.15496551138915
577.7282707248986,366.86493988259156,7.031480096197015,4.634384608857147
577.3262862750342,366.186475334526,7.410796180210923,3.8377337361806667
576.4973365189403,365.4598015564419,8.469481348812565,4.3670763204814875
576.9975978610103,364.1573654221431,6.6732333624438525,4.741507915420641
576.0356981678252,363.4900063934632,7.7626793664101115,5.532973590951883
576.9123733912543,361.8308834619593,6.980341902963346,4.65356126864225
575.5733809483716,360.39460664086516,8.711915204751335,5.8079434698342425
576.3370553006803,359.35804751511046,7.8078031184365955,5.161090196932662
575.6234226581187,358.6725676119136,7.562037061543606,5.671527796157704
0,0,0,0
0,0,0,0
0,0,0,0
0,0,0,0
0,0,0,0
0,0,0,0
0,0,0,0
0,0,0,0
0,0,0,0
0,0,0,0
0,0,0,0
576.466337009242,347.8020232673018,9.205321070092282,5.479357779816837
575.9610454350218,347.5380477538729,8.870851168349304,4.071866110061933
576.366479163214,346.79313044766303,8.870851168349304,4.65356126864225
577.1998449950897,346.4327526604884,7.031480096197015,5.433416437970436
577.4574646109854,345.22121591841574,7.410796180210923,6.6167823037598055
576.3832190159009,344.7607051405469,9.174635801862223,7.4793226645615505
576.8700907784068,343.294367070581,7.3795983623673465,6.482079642620022
576.409615685014,342.41043822351287,8.277117082114842,6.781252549202463
576.9343641882245,342.01838557779723,8.277117082114842,5.983458131649229
576.9237564683613,341.07893463862814,7.456401156258039,6.0964286183241825
576.4792760620863,340.4524498654046,8.266427872110285,5.936798199061002
577.5929688104793,338.86188641059726,6.991168755627882,7.690285631190704
576.6414484395312,338.1787553372702,7.2489056033151655,8.13792232825
576.7803897981911,337.62747882880484,7.23275226935823,7.23275226935823
576.4715217582446,337.0144404237218,8.875462895279725,6.581803944814169
576.8076759575741,335.7218688737657,8.175587843346761,6.111045458663284
576.544816466167,335.2431708941946,8.25816962117051,6.443187286847319
577.111307313644,334.44737050964073,6.62339941037294,5.6599958597732325
576.4625894065862,334.0868332673374,8.177392779920638,6.482079642620022
576.7071730247031,333.45396953855897,8.340751234121512,6.358790544825297
575.9502132281017,332.52668542080755,8.670631955397312,6.502973966547984
576.6592765068528,332.02999873173206,8.072474410587006,6.352111011609395
576.3473030543149,330.9831755578932,8.167420504454412,5.717194353118089
576.2558585816328,330.3597221498794,8.072474410587006,5.690432781233426
576.465235015481,329.8788027317288,7.948079292447574,5.057868640648451
576.4838732957957,329.13924685880545,7.890681150650721,6.387694264812467
576.3012235277099,328.52568828452024,8.328623825321529,6.684816491376523
576.2737434777936,327.11057225264733,8.150124656955654,5.433416437970436
575.7142728564141,326.72718730736744,8.949156486069,6.072641901261079
576.3595006822713,326.2470266320744,8.684080112761762,6.561304974086681
575.9929074181495,324.94065055019456,8.906749513574823,6.361963938267763
575.7779624828457,324.95192202927933,8.866488287038123,6.749117949835011
576.1709840659572,323.93280944364795,8.188930180097486,6.864250298022853
575.6948027808377,323.59149768606073,8.984162554899854,6.533936403563473
575.6850686059256,323.13142215523965,8.760717642946474,7.008574114357145
575.9930304639166,323.42929174227123,8.340751234121512,6.193627154050603
575.9575243452762,322.95089420064926,9.131159579188534,6.21977536553419
576.1675940447967,322.4984292853847,8.143732220123866,7.125765692608411
575.5125844634805,322.72088679255734,9.59797011657463,6.253222954738021
576.4984861819197,322.27318274621206,8.289156009769044,7.416613271898541
575.6735836491982,322.56319516064565,8.664445888015393,5.946188354520359
576.1978226427561,322.2477095937123,8.204810056662154,6.21977536553419
576.1833162947912,322.41903470455105,8.309355623922443,5.900846747423145
575.289356233081,321.9644432585024,9.534082536881328,7.01357795816557
576.1976876249063,322.2677368884719,8.791057399222268,6.0212721912481015
576.128117559132,321.95909401488115,7.927842757184749,5.780718677113896
575.6551198086996,321.3771855072811,9.168220003613214,6.76344098627203
575.7154641855496,322.25296578298645,7.112133799479011,5.265714447691153
576.0455862191053,321.0145383414665,8.109449514128869,7.23275226935823
575.1467051661301,321.5259313766734,7.845261061797487,6.111045458663284
575.4629406260925,321.85739152403085,8.077668477726434,5.58456092287264
574.7505927833859,322.0182865305005,8.721076253296474,5.096732875303189
575.0921516204277,321.5720043909328,8.065575088519722,5.505075060418221
574.666684046431,320.879285265229,8.942771970737454,6.838590330563932
575.2599979734813,321.4873261025847,8.576289988697226,6.083182433843376
574.57612616197,320.9503099955445,9.166568187994926,6.358790544825297
574.9421030849372,321.3130149033191,8.476565686503136,6.781252549202463
575.3953661505789,320.8034111625787,8.870851168349304,6.544070534028151
574.2242460629583,321.1257934232098,9.095733914495895,6.356055024587533
573.7932756117533,321.15366978989954,9.274360104056314,6.681528247008316
574.3127061906733,320.49946800140106,8.3099310227783,7.830511925310361
573.3604458797442,321.25395112865317,9.459138296149035,6.658735511104908
573.9214303149028,320.6961434142354,9.108962851891647,6.711867364551722
574.1419513815648,320.90320265680634,8.629543754423594,6.392254632906429
573.6444935745207,321.1549476694361,8.77573859308552,6.382355340425875
573.3599954076716,321.04804146651907,9.9843416800378,6.154731172626043
573.2308202037008,320.44424004160095,9.263495225263682,7.543131826286185
573.9452171761691,320.6122602685601,9.026939053184833,5.607643957281539
573.6687626617139,320.1429788631642,9.08398649260755,6.193627154050603
573.4594821807635,320.19879117223786,8.876559603303235,6.246467868991203
573.3452431475696,319.6850848886613,8.547798136514302,6.684816491376523
572.5793127530403,319.50179196447823,8.802664321467546,6.533936403563473
570.7772261061755,319.55376646818837,10.999834809498338,7.333223206332207
572.7128417034598,319.4541323063928,8.670631955397312,6.62339941037294
571.7573661822148,319.7513988994706,9.894457573210047,6.80243958158195
571.8783847432651,319.49958341950577,8.789350120246354,6.072641901261079
570.7198054295968,319.1963699447781,9.347159021764469,6.7154346369958375
571.6445212969737,319.3334408425884,8.642174593569848,6.087096887644805
571.200257870931,318.7029506426018,8.734152640962975,5.690432781233426
571.9674382981729,318.1131664982817,8.06850473627253,5.900846747423145
570.3604312627184,318.6207590460773,9.07491149966802,5.6842852250667875
570.5621226311445,319.1182572932375,8.50591462489615,5.28522850478987
570.1896747652099,318.1377640669657,9.473808708444608,5.6842852250667875
570.6137620587192,318.60905406706183,8.867622626445495,5.185304756141875
570.8260130395175,318.7101402863937,8.277117082114842,6.482079642620022
569.7461632245406,317.9828255661052,8.72542737870424,6.398646744383086
569.3779248035637,317.7388248899679,9.534082536881328,7.01357795816557
569.5089501545043,317.0169487414383,8.721076253296474,6.90890456429986
568.8569171504151,316.230879623036,10.082018314862921,7.671100891743549
568.6953655602911,316.97005707049607,8.423332929508888,6.193627154050603
569.082670425954,316.89764121269064,7.522449210987361,5.265714447691153
568.551885623683,316.55426107888144,8.867622626445495,5.561051477601438
568.1537682819085,316.5006327435018,8.274694132086097,6.154731172626043
567.3087059768088,316.0166104630162,9.437908138480566,6.896932870428145
567.1408647128945,316.2155184418193,9.249149883382302,6.936862412536698
567.8456552252319,316.40056071799256,8.337145702737303,5.690432781233426
567.7281887180176,315.1843710428557,9.093070659321256,7.139187707731594
567.1242258968258,315.40845182245,9.574026268529451,6.291502976462198
566.4240156788567,315.1485826832014,9.256409905048258,6.170939936698858
566.1509296486894,315.13980102551005,8.890167249348792,6.0179593687899455
566.8191248078673,314.8542553614031,8.268033331047377,6.5124920073318435
566.5639071483603,315.1594490323916,8.791057399222268,6.262123078898071
565.5643276251948,315.1528917817101,9.165660788332161,4.991201419388801
565.4012880189066,314.4723576641693,9.827221751093703,5.367810200177189
565.4352969876885,313.14687495212354,8.911482843047224,6.864250298022853
565.1176996495799,313.3401404214521,9.619116069364622,6.387694264812467
564.014492917307,313.3426661824013,10.88989400593914,6.443187286847319
564.2357648129918,312.8397814932225,9.437254464693297,6.838590191806702
563.3466297177887,312.4129104592761,10.019218853157895,7.28104724111472
563.6597154258179,312.95419219592065,9.574026268529451,7.180519701397088
563.4580154703845,312.402009523575,8.476565686503136,6.980701153590758
563.5678335630778,313.2870740732688,9.08398649260755,5.863300372501271
561.9689432584946,312.2847966851994,10.454516039940472,6.0874397194590415
562.7363707851598,312.0643129841206,9.07491149966802,6.781252549202463
561.8495293420556,311.4882478762771,9.744640055706327,7.84526106179743
562.3716260191584,311.7742659706861,9.643669692477602,5.808119246605827
561.6751652417585,312.09980620916656,9.673257312832902,5.185663714095995
561.7906453828239,311.9506059114444,9.459138296149035,5.787499089091227
560.587121667133,311.59978884254235,10.59605754515951,5.861648854769101
559.8728441243923,311.42184409331344,11.068302715229947,5.917706402202157
559.9917902003771,310.9622373659452,9.131793022291617,6.49762195816902
560.7099721834019,311.3606539775083,9.165660788332161,5.898692586550396
559.8709777950428,311.06218758063835,9.393668036488862,5.861648854769101
559.8284112411055,311.3153453331884,9.393668036488862,4.208363280347044
560.2409172833901,311.14477575215557,7.9033589711245895,4.35618211006863
558.7067520458792,309.7492535605701,9.017921315029412,7.590083773483059
558.8728083434543,309.01892584816176,8.580003589059174,7.707460851188728
557.9445727830221,309.6939850253584,9.925173455639651,6.21977536553419
557.6519881789911,308.48037071720506,9.579380067366856,6.710605861278282
557.377531910519,308.17256237951096,9.165660788332161,8.167420504454356
555.5258571214681,307.00957026592886,11.88813428981689,8.34891873788672
556.2399992534703,307.79753558445304,10.526897539074525,8.25816962117051
556.2515841461532,308.13372326838396,8.866488287038123,7.807803118436539
555.0295994470702,307.7583647189048,12.139509221939193,7.349770889473405
555.3090059495889,307.498757424872,9.982402838777602,6.443187286847319
554.5671178543282,307.2734610539549,9.972431159266648,8.109449514128926
554.0393734122911,306.46661635942843,10.849128404037288,7.999862358532596
554.3409667023884,306.806570759944,9.753256848073988,7.1231651137619
554.3836938201034,306.409102162982,8.876559603303235,7.999862358532596
552.9861778755064,306.15132965319674,10.671206889451355,7.439785084899199
553.5635890272113,305.1286978822786,10.356588168946814,8.309355623922443
553.0217770411613,307.18776462278794,10.958715388071596,5.539570415948276
552.6538076025466,305.5533032643242,9.03190828687218,6.382548522723027
551.708296146142,305.29882029750354,11.239129873589604,5.9707877453445235
550.0458551006951,304.2938471439011,11.414741277864437,7.726901788092903
550.9723488700429,304.93096636636477,9.424495381284942,7.890275202936209
550.8255920494776,304.2430093487101,9.3071225372845,7.416613271898541
550.6487204114105,304.41118901009895,8.711915204751335,6.443187286847319
549.168200733935,304.0704784048093,10.191605470459308,7.671100891743549
548.9100746725077,304.0341707655997,8.911482843047224,5.2987195282983635
549.1188436194869,303.7880941260914,7.23275226935823,5.588944935413167
547.3989659000825,303.6127323827442,10.325089064799954,6.253222954738021
548.0300006379853,303.3891024570333,9.108962851891647,6.552060998729075
547.2852395332177,302.7095379910711,10.057509101714913,6.749117949835011
546.5304084119273,302.26170927576715,10.54722014429558,6.8716737303743685
546.2482431976576,301.8316422111108,9.39318461834705,7.466377517147691
545.5859047229233,301.7053170687424,10.410779781651968,7.671100891743549
544.8918697647864,299.43356583025553,9.118814978183764,8.906749513574823
544.3596358107507,301.3122316490522,10.597439056596727,5.900846747423145
543.4361093564536,300.85696538264835,11.267816274158236,6.402168337589899
545.5171599608371,300.0161595121345,8.058487655139174,5.7257675444409415
543.8224513629824,301.89276460029686,9.455998345007288,5.5964071837798315
543.3721799549566,299.4704809720957,10.034937019191489,8.105141438577675
542.6466632058977,299.54697242410305,9.59542735580078,6.980341902963346
542.6244546308096,299.93511311861505,10.707026510118226,6.392254632906429
542.1914640563017,299.9654753914337,8.72542737870424,6.107799165092956
541.5555808300712,299.45812775910326,10.227607412650286,5.27361007214779
541.2309204458888,299.1808515950432,9.272759174522093,5.900846747423145
540.7292704158533,298.3260032160088,10.055406570739706,6.2985853439663515
540.6210564616817,298.6096333218128,7.990318291133008,5.9128355354384325
540.1272553684834,297.1478570570517,7.923324589711569,6.5250908385860384
537.5592028002237,297.3149577803948,10.999834809498338,6.754284532148063
538.1234486783549,296.39092729930366,8.60495880946712,7.024456170993517
537.298831641133,296.9479990309819,9.995311837471945,6.502973966547984
537.030300530152,296.91214388571245,9.452546326929564,7.125765692608411
537.0664582505904,296.24292724700484,8.469481348812565,7.1461248880605694
536.0761666649489,295.6823296696954,11.590352682139269,6.322010553894188
534.7926314930469,295.0416354173903,11.985477436699512,7.510899193665011
535.6992468372766,295.2445027906733,11.186445607586165,8.3099310227783
534.980202497895,295.1153897487346,9.483015830841282,5.268342128245138
532.6370811644761,295.30780408225763,12.369846026341634,6.184923013170817
532.6489466227365,294.87906667751577,9.834238639390946,5.268342128245138
533.1837144985883,293.2168179548383,10.117193230441444,6.503909933855255
533.9063711579056,295.38478793279006,7.949223252489787,6.503909933855255
530.3119124962819,293.6053573556435,11.667743356716073,6.8809768513966105
530.312707870839,290.58791878113624,12.804336675179798,9.987382606640267
531.2246429016744,292.88514293086195,9.704096930593892,6.448740493582704
530.7100325661856,292.0258815842863,10.88790706503994,7.375678979543181
530.7924639402597,291.63213838750977,10.227607412650286,7.031480096197015
528.9865942988122,291.6736348969312,10.712295660765108,6.146399149619356
529.4791755051805,290.81905882299765,9.731295873136673,7.938688738611518
528.9285068419141,290.41985987110075,8.8770596708232,7.526202764393588
526.3776039405788,288.5292526509618,11.645536854617262,9.395830871338944
527.6127407061706,290.2442546205973,9.131793022291617,5.9707877453445235
525.2183575775581,288.9897533795953,12.464896534167451,8.949156486068944
526.4041445234625,288.3463511215968,9.070039228884525,7.333223206332207
523.3856483044788,288.7214768894651,13.522078129162537,7.726901788092903
525.4561467763332,288.2580069824994,9.748188315182233,7.191286462019718
525.2747609975869,288.5110635436866,9.452546326929564,7.416613271898541
525.2747609975869,288.5110635436866,9.452546326929564,7.416613271898541
524.9530498546228,287.70678568627636,9.935113041375644,6.129768700042177
523.8673473523833,287.5727877802175,9.921684208664146,5.540061744960269
524.1487719972126,287.2242189718302,9.452546326929564,5.486346414113996
522.9170888978359,287.1756196323719,10.145161479407989,6.5379929533962695
522.9170888978359,287.1756196323719,10.145161479407989,6.5379929533962695
521.6373025216487,286.19846461153486,9.919713446532342,6.387694264812467
521.6373025216487,286.19846461153486,9.919713446532342,6.387694264812467
521.6373025216487,286.19846461153486,9.919713446532342,6.387694264812467
520.7834715528579,285.1311759005464,9.919713446532342,6.387694264812467
520.07937712003,284.4360726203314,9.919713446532342,6.387694264812467
519.3551078659614,284.50055397964263,9.919713446532342,6.387694264812467
519.3551078659614,284.50055397964263,9.919713446532342,6.387694264812467
518.182263161625,283.32770927530623,9.919713446532342,6.387694264812467
518.182263161625,282.85857139357165,9.919713446532342,6.387694264812467
517.4785563390232,282.62400245270436,9.919713446532342,6.387694264812467
517.1031298652127,282.40943155037604,9.919713446532342,6.387694264812467
516.6205631507667,281.76600926444786,9.919713446532342,6.387694264812467
515.825295623293,281.63258153247455,9.919713446532342,6.387694264812467
515.67751945798,281.8950034833154,9.919713446532342,6.387694264812467
515.3064105171328,281.45771484887683,9.919713446532342,6.387694264812467
514.2391218061443,281.0307993644814,9.919713446532342,6.387694264812467
514.4621684031281,280.6134727348721,9.919713446532342,6.387694264812467
514.0352529187327,280.6134727348721,9.919713446532342,6.387694264812467
513.1390840859415,280.09466627509585,9.919713446532342,6.387694264812467
512.9339937538809,279.9338107036138,9.919713446532342,6.387694264812467
512.1240322280917,279.9488157457295,9.919713446532342,6.387694264812467
512.1240322280917,279.8156112477866,9.919713446532342,6.387694264812467
511.0609757394824,279.4255260810111,10.166915564113538,6.152943075031828
510.4584928600229,279.0811191896277,10.350389746785197,6.228487785112918
509.76911486525836,278.94426912871296,10.897468933496782,6.113677041405708
509.99600163846964,278.5051334122096,9.657642473641488,6.311288154778595
508.781909614077,278.13975372242425,9.72984079995922,6.665147019888423
508.76705860393747,277.9063955779447,9.412642906225415,6.703290963156917
507.79940466636504,277.8973614590932,10.643290024422754,6.208422407656769
507.140437422136,277.29384306963965,10.152707652369088,6.379088766137897
507.140437422136,277.29384306963965,10.313563223851077,6.539944337619943
506.26238040076186,276.94262026109,10.89746893349701,6.84556990224462
506.26238040076186,276.94262026109,11.922118938671531,8.309355623922443
504.8081425043112,276.5063488921548,11.922118938671531,8.309355623922443
504.8081425043112,276.5063488921548,11.922118938671531,8.309355623922443
504.8081425043112,276.5063488921548,10.214457001090011,6.388235944143219
504.2778494236991,275.0922340105224,10.15447533663098,7.779062543310317
504.003864646901,275.5412154632625,10.152707652369145,6.539944337619943
503.19958678949075,275.3803598917805,10.474418795333179,6.218233194655852
502.834281800529,275.00530195947005,10.3778260825041,5.882609707087909
502.50336190277886,274.90420408167273,10.152707652369088,6.057377623173807
501.7351017022681,274.45765502412604,11.043847505664814,6.4064341857412614
501.5887231301003,273.72576216328713,10.604711789161513,5.820919897070155
500.50582187234426,273.93082081130154,11.800902850387445,5.76381776995629
500.50582187234426,273.93082081130154,11.122891951013969,6.178083656835668
499.4874240381052,272.9124229770625,11.708661196473827,6.81515142853857
499.0605085537098,272.48550749266707,10.758384591625827,6.8962496310812185
497.6151952350753,271.76285083334983,11.922118938671531,8.309355623922443
497.6151952350753,271.76285083334983,11.922118938671531,8.309355623922443
497.6151952350753,271.76285083334983,11.922118938671531,8.309355623922443
497.6151952350753,271.76285083334983,11.922118938671531,8.309355623922443
496.65006180618303,271.9237064048319,10.313563223851077,6.218233194655852
496.9114884124735,271.76285083334983,10.983843175202423,6.432804096984171
495.82258810055015,270.99459063283905,11.19022607783262,8.01659847958689
495.82258810055015,270.99459063283905,11.922118938671531,8.309355623922443
494.65739330794554,270.7615516743181,10.897468933497066,6.5528127579090665
494.65739330794554,270.7615516743181,10.152707652369031,6.379088766137897
494.1913153909037,270.5285127157972,11.27869665274335,6.218233194655852
494.1913153909037,270.5285127157972,10.950886267647661,6.561136816079454
493.2879040192231,269.9262384680101,10.617191401799573,6.502532880561262
492.70065552679324,269.27085778115475,10.751090361329261,6.991948474412368
491.84851048460814,269.2882753750358,10.889595624467177,6.726153208809137
491.65637796541967,269.03411581122884,11.014406171366204,6.569572819920552
491.03223998036606,268.15872369129164,11.19022607783262,6.991948474412368
491.03223998036606,268.15872369129164,11.922118938671531,8.309355623922443
490.66859171551374,268.15872369129164,10.709958055830498,7.218410829365553
489.9177922422451,267.6793045938237,10.635274366815167,6.861655480584034
488.78950560318054,267.6793045938237,10.588741967546412,7.218410829365553
488.43012784231223,267.39789055582213,10.989687453071042,6.97731064449323
487.55889626807243,266.87670783849654,10.979514364902627,7.003363019572703
487.10523893839763,266.2573294181303,10.63719537648592,7.635744122742551
486.38060971757545,266.1606987548331,11.03620555720579,7.604629144321166
486.42705980552694,265.6740142500645,11.03086799397903,7.51935702345105
485.74664351681696,265.31273931839786,10.724153012363274,7.897200455687766
485.69566374486936,265.5412042396587,10.322451256118143,7.348223787835764
485.12319940727485,265.19430593431343,10.263615322507235,8.150934112940433
484.1875571178365,264.6981991390895,11.251444153774798,8.336347815183899
484.099448480663,264.5102799030188,11.15301020045706,7.970146099247927
483.68643915498126,264.5102799030188,10.659094217252914,7.141189159784062
482.7744044465884,264.79529074939154,10.548626168879991,7.352903743096704
482.55592692376257,263.69595006385924,10.674566876120878,8.397405719211122
481.76659813019353,263.5781240689351,10.656368319984153,8.768138318747106
481.64019065372565,263.8374839386908,10.556606476658828,8.438225051051631
480.7390325864111,263.8626935519456,11.270871565724406,8.390647206081269
480.75023890846285,263.5781240689351,10.893905008685294,8.721829331068705
479.8524500416989,262.8897751927989,11.634854413752407,8.658494975384144
479.8264617750573,262.42640809758836,10.815966346414541,8.853200842660726
478.87286241022366,262.79494161053356,10.709202535126053,7.898188169041646
478.7103999423099,261.90605957248124,10.5801823402781,8.379148124475705
477.89425150913667,261.86310439178794,11.482241134838034,8.465058485862357
477.7318714898286,261.97875295347734,10.62974602231867,7.897200455687766
477.66241409668083,261.6618525885185,10.5582751612518,7.629580163952369
476.664994775594,260.8800682878105,11.868837761077941,8.808699931408967
476.5393868047054,260.8800682878105,11.075326216170197,8.334481103149358
475.76293598103405,261.0089338298905,11.353375592758027,7.69186523338243
475.451528099173,260.73778354630525,11.24728189152728,7.786683751006535
474.64259266734206,260.44159007031215,12.128400588771456,7.9605093430424745
474.4324685706433,259.5247931029669,11.070464379761177,8.772210078699686
473.4513640544976,259.8740844960427,11.077854307210316,6.814102662256062
473.05175056066884,259.60767550015686,11.211058805153243,6.947307160198989
473.05175056066884,259.60767550015686,11.186174412397861,6.658941282946387
473.05175056066884,259.60767550015686,11.039795840230056,7.098076999449745
472.05899086741834,259.1664489698233,11.508731054827194,7.9235499822304405
471.3266483911315,258.7549031978314,11.488124219002032,7.221708590656021
470.8757244806735,258.19488473036625,10.515971361576703,7.372016819313501
470.3714850730503,257.8735054172584,11.354219935626872,7.939132714920447
469.7925133374107,257.71505096333294,10.834757411156488,8.23130531208227
468.98948100702796,257.71505096333294,11.135894535050056,7.528652022997335
468.6453704876744,257.2131557568437,11.135894535050056,7.32789394040168
467.6418121949446,256.9574802812518,11.612735167501853,7.768728669246514
467.53311171468243,256.57474503365063,11.298508674377217,8.237328229140132
467.596350546643,256.410123426461,11.135894535050056,7.528652022997392
466.8936972575581,256.2093653438653,11.537410700241423,7.428272981699536
466.4525432892228,256.2754661866798,11.36336352170639,7.602480905382777
465.8419177350712,255.80233001576318,11.288117789660419,8.364776512563878
465.51099783732104,255.80233001576318,11.067504524493643,8.144163247397103
465.0394372963816,255.7767228950888,11.28023963977455,8.101224196973732
464.6554608102301,255.39931443209193,11.17781115707703,7.3720168193134725
464.06785570772877,254.95599708792818,11.186174412397861,7.68359128812088
463.71549098830553,254.76623301722034,11.446487403638173,8.101224196973845
463.5748198227722,254.6995512163175,10.75043913969921,7.963293461801129
463.2214745866461,254.6271680040082,11.067504524493643,8.364776512563964
462.719002928404,254.32270821221474,11.077854307210316,8.012943143742376
462.0945934751942,253.3860940324,11.72934431999397,8.58538977773074
461.5620220224143,253.54635853891668,11.663888364162574,8.511362996479107
461.196642332629,253.363668694024,11.207163751930864,8.511362996479079
460.6171404248221,253.31031043115672,11.437031658943567,8.73320051857155
459.75035985251174,253.3046024170689,11.610672298982024,8.545761135514056
459.65995503613857,253.0891174334967,10.597792629539128,7.939132714920447
458.6306535694813,252.80387599444947,11.529611285570013,8.101224196974044
458.6028956925721,252.74142077140374,10.882043777581487,8.07022120864491
457.5418220638529,252.56911947610925,11.937923131501577,8.511362996479278
457.55004310436743,252.6376282305858,11.778982931365533,8.018100315042204
456.9467127832069,251.8717496933457,11.844726873145703,8.532218510316795
456.71792420706345,251.40102697083927,11.692150073130733,8.76911255484805
456.414107780202,251.32516155260987,10.941315501465056,8.933734675508163
455.71444901300714,251.6034129965136,11.554219588525143,8.561759838979071
455.64670164028723,251.8799891849555,11.637343470456983,7.979892665456191
454.9120798366797,250.96852924718075,11.34283166665648,8.532218510316795
454.52888371491446,250.5608278642196,11.7246232443606,8.5476285587919
454.11630476598526,250.63786741105702,11.221724060797783,8.561759838979071
453.53312233091987,250.69273361869784,11.554219588525143,8.561759838979071
453.5987111960431,251.00349572884417,11.564261119088712,8.053681850793936
453.0536249663774,250.93593515502383,11.326770383345433,7.672973485492065
452.9489339757265,250.01968069724532,11.573337783143018,8.093772175139264
451.98572335489814,249.8652436104241,11.509460228238083,8.40373286506275
451.71454678157517,249.80661366430334,11.692503053839118,8.38330407633751
451.5438877774442,249.74320038839704,11.34283166665648,8.33146042772114
450.6800472021243,249.31293756470785,11.119481399490383,7.715558522095364
449.7784533558478,248.9177499581264,11.471095706593303,8.22926431125174
449.49583393735145,248.5957534956129,12.046105332384059,8.948535389771024
448.93426553616825,248.55639887098954,12.329765089230818,8.547628558791928
448.8450015985387,248.6934963430536,11.803591234320663,8.644883720910912
448.04429502439996,248.2446097460964,11.945105914443502,8.732976592912507
447.4486996171726,248.2337947175995,12.696944220040393,8.5864227099554
447.55198686987615,248.15959560008085,11.600805150684437,7.947008252831068
446.6493883801704,247.8961030085796,11.637343470456983,8.478635957047231
446.4818501695721,247.8753922436025,11.964191363169277,8.33108613246867
446.7389317169017,247.4730878224375,11.221724060797783,8.395512075115391
445.5255037779376,247.12870788118053,11.643968790549991,8.130702345125428
445.64811149890136,247.27554723678256,12.346622079634926,7.628807138636205
444.6795792592386,246.6862615107104,12.665619320906671,8.810865614543758
444.7435689456549,246.83321726730378,11.400433654957112,8.456365623182478
444.17271314431207,246.18248097600198,11.951551436186946,9.152770403662146
443.7565519842368,246.30270647825776,12.194854364674768,8.963491775881408
443.21522911022373,246.39292695725993,12.194854364674768,8.963491775881408
442.9677544652385,246.26918963476732,11.266824445980092,8.09733051843304
442.89304288555627,245.52207383794516,11.266824445980092,8.09733051843304
441.3013866676564,245.62481664881975,12.133952900322356,8.909545835901014
440.80878282697205,245.37851472847754,12.133952900322356,8.909545835901014
440.80878282697205,245.37851472847754,12.133952900322356,8.909545835901014
440.6283418689677,244.83719185446446,12.133952900322356,8.909545835901014
439.6985678708512,244.31975338771372,12.133952900322356,8.909545835901014
439.6985678708512,244.59041482472023,12.133952900322356,8.909545835901014
439.6985678708512,244.59041482472023,12.133952900322356,8.909545835901014
439.6985678708512,244.59041482472023,12.133952900322356,8.909545835901014
439.6985678708512,244.59041482472023,12.133952900322356,8.909545835901014
437.6632610441564,243.8720712388281,12.133952900322356,8.909545835901014
437.6632610441564,243.8720712388281,12.133952900322356,8.909545835901014
436.6827220200653,243.8720712388281,12.133952900322356,8.909545835901014
436.6827220200653,243.8720712388281,12.133952900322356,8.909545835901014
436.1044154001604,243.72749458385192,12.133952900322356,8.909545835901014
436.1044154001604,243.72749458385192,12.133952900322356,8.909545835901014
435.5806501636115,243.37831775948592,12.133952900322356,8.909545835901014
435.03590626133865,242.50672751584915,12.133952900322356,8.909545835901014
434.79645839937456,242.50672751584915,12.133952900322356,8.909545835901014
434.0781148134823,242.8658993087952,12.133952900322356,8.909545835901014
433.71894302053613,242.62645144683117,12.133952900322356,8.909545835901014
433.5743663655599,242.0481448269264,12.133952900322356,8.909545835901014
433.5743663655599,242.0481448269264,12.133952900322356,8.909545835901014
432.55598638915063,242.0481448269264,12.133952900322356,8.909545835901014
432.55598638915063,242.0481448269264,12.133952900322356,8.909545835901014
431.7126658567202,241.6264845607112,12.133952900322356,8.909545835901014
431.7126658567202,241.6264845607112,12.133952900322356,8.909545835901014
431.7126658567202,241.6264845607112,12.133952900322356,8.909545835901014
430.4905469714394,240.7535424997962,12.133952900322356,8.909545835901014
430.4905469714394,240.7535424997962,12.133952900322356,8.909545835901014
430.4905469714394,240.7535424997962,12.133952900322356,8.909545835901014
429.3714479804191,240.4737677520411,12.133952900322356,8.909545835901014
429.3714479804191,240.4737677520411,12.133952900322356,8.909545835901014
429.3714479804191,240.4737677520411,12.133952900322356,8.909545835901014
428.0984730099075,239.96457776383647,12.133952900322356,8.909545835901014
428.0984730099075,239.96457776383647,12.133952900322356,8.909545835901014
427.5389235143973,239.6848030160814,12.133952900322356,8.909545835901014
427.5389235143973,239.6848030160814,12.133952900322356,8.909545835901014
426.52054353798803,239.6848030160814,12.133952900322356,8.909545835901014
426.52054353798803,239.6848030160814,12.133952900322356,8.909545835901014
425.6812192947228,239.6848030160814,12.133952900322356,8.909545835901014
425.6812192947228,239.6848030160814,12.133952900322356,8.909545835901014
425.6812192947228,239.6848030160814,12.133952900322356,8.909545835901014
424.56909102756805,239.6848030160814,12.133952900322356,8.909545835901014
424.56909102756805,239.6848030160814,12.133952900322356,8.909545835901014
424.56909102756805,239.6848030160814,12.133952900322356,8.909545835901014
423.4499920365477,239.6848030160814,12.133952900322356,8.909545835901014
423.4499920365477,239.6848030160814,12.133952900322356,8.909545835901014
422.83510254909805,238.50348215143015,12.133952900322356,8.909545835901014
422.83510254909805,238.50348215143015,12.133952900322356,8.909545835901014
421.8167225726888,237.7396971691232,12.133952900322356,8.909545835901014
421.8167225726888,237.7396971691232,12.133952900322356,8.909545835901014
420.9773983294235,237.7396971691232,12.133952900322356,8.909545835901014
420.9773983294235,237.7396971691232,12.133952900322356,8.909545835901014
420.9773983294235,237.7396971691232,12.133952900322356,8.909545835901014
420.9773983294235,237.7396971691232,12.133952900322356,8.909545835901014
420.0506724588747,237.0446527662115,12.133952900322356,8.909545835901014
420.0506724588747,237.0446527662115,12.133952900322356,8.909545835901014
419.0031419857769,236.6954759418455,12.133952900322356,8.909545835901014
419.0031419857769,236.6954759418455,12.133952900322356,8.909545835901014
417.88404299475656,236.6954759418455,12.133952900322356,8.909545835901014
417.88404299475656,236.6954759418455,12.133952900322356,8.909545835901014
417.88404299475656,236.6954759418455,12.133952900322356,8.909545835901014
416.96308960802287,236.30078163324535,12.133952900322356,8.909545835901014
416.96308960802287,236.30078163324535,12.133952900322356,8.909545835901014
416.96308960802287,236.30078163324535,12.133952900322356,8.909545835901014
415.6901146375113,236.04618663914303,12.133952900322356,8.909545835901014
415.6901146375113,236.04618663914303,12.133952900322356,8.909545835901014
414.84679410508085,235.62452637292782,12.133952900322356,8.909545835901014
414.84679410508085,235.62452637292782,12.133952900322356,8.909545835901014
414.84679410508085,235.62452637292782,12.133952900322356,8.909545835901014
414.84679410508085,235.62452637292782,12.133952900322356,8.909545835901014
414.3376041168762,234.86074139062086,12.133952900322356,8.909545835901014
414.3376041168762,234.86074139062086,12.133952900322356,8.909545835901014
414.3376041168762,234.86074139062086,12.133952900322356,8.909545835901014
413.1791967786902,234.16569698770917,12.133952900322356,8.909545835901014
412.5213729310233,234.03413221817578,12.133952900322356,8.909545835901014
412.0447465308141,234.03413221817578,12.133952900322356,8.909545835901014
411.8528911375959,233.8422768249576,12.133952900322356,8.909545835901014
411.8528911375959,233.8422768249576,12.133952900322356,8.909545835901014
411.8528911375959,233.8422768249576,12.133952900322356,8.909545835901014
411.57311638984083,233.28272732944743,12.133952900322356,8.909545835901014
411.57311638984083,233.28272732944743,12.133952900322356,8.909545835901014
411.57311638984083,233.28272732944743,12.133952900322356,8.909545835901014
410.0358926712167,232.66783784199777,12.133952900322356,8.909545835901014
410.0358926712167,232.66783784199777,12.133952900322356,8.909545835901014
410.0358926712167,232.66783784199777,12.133952900322356,8.909545835901014
409.1135584400422,232.36039309827294,12.133952900322356,8.909545835901014
409.1135584400422,232.36039309827294,12.133952900322356,8.909545835901014
408.100004178908,232.36039309827294,12.133952900322356,8.909545835901014
407.28403667399795,231.54442559336286,12.133952900322356,8.909545835901014
407.28403667399795,231.54442559336286,12.133952900322356,8.909545835901014
407.28403667399795,231.54442559336286,12.133952900322356,8.909545835901014
407.12516120726156,231.38555012662647,12.133952900322356,8.909545835901014
407.12516120726156,231.38555012662647,12.133952900322356,8.909545835901014
406.0710105417235,230.75305972730365,12.133952900322356,8.909545835901014
406.0710105417235,230.75305972730365,12.133952900322356,8.909545835901014
404.9365162969853,230.5831523433742,14.151450498738996,8.601486754072909
403.9982405335162,230.11401446163964,14.576767418409759,8.954628842919533
404.5626538806066,229.61214341218275,12.485257093262476,10.06093532758041
403.67245622702774,229.5013539885613,14.155290290419885,9.97304543188676
403.92524499955624,229.78798373737988,12.588557206429357,9.221850046570353
403.6074020063907,229.0803046152143,13.080562655099698,9.368511090814621
402.9201072468887,228.33156354344834,13.85326778606401,10.256746341605066
402.6125204669876,228.8948157039772,12.574956114506222,9.265757137004584
402.30391674525026,228.13017978653846,13.027692922932715,9.36822861873813
401.92230216420353,228.58980069297962,13.586858790178155,8.924701362175824
401.31976442264033,227.78859306862356,13.672723575973748,9.490478717440624
401.3939732240531,228.16790410717218,13.320449794292301,9.057905860118751
400.9571199160782,227.51532976193008,13.551170575209028,9.636387964593098
400.8479894098256,227.13352411495575,12.88131435076491,9.514607190905906
400.58642417572827,226.93127099163075,12.92083630046352,9.191110358061678
400.65750818910357,226.63793270360296,12.84851728612415,9.536008923295242
400.2025693501216,226.3229390383123,13.054040798406447,9.723928349833386
399.8285718119925,226.47789926206352,13.347102542589937,9.376063769587972
399.7733163370282,225.85405925205748,13.06232390982575,9.225837167079732
399.4079095253315,225.92489007545927,12.696944220040393,9.59121685686506
398.32509008299627,225.16458297276588,13.551170575209028,10.539799336273717
398.5802242129116,225.6807538270955,13.347102542589937,9.706983667338136
398.52036078283646,225.65822360963634,13.0105496647098,9.152770403662146
397.5024060325661,224.80582372259988,13.615691509580017,9.909197709749918
397.86806210727286,224.66774940964973,12.244036216756058,9.596677034754748
397.6114600282962,224.60071685282978,12.514254375147743,9.408527011972382
397.0637161849865,224.83504755740702,13.009793758974752,9.499214490680004
396.45880238578815,224.36171001771822,12.859264203492273,8.9258422118358
395.7337857245265,223.87075566906225,13.14965441001766,9.23487179940173
395.67801507617503,223.4888666804359,12.727689269830648,9.697287062728122
395.4956446444631,223.58026338692838,12.868445718563578,8.364489717066306
394.76231245663547,222.63573639169158,13.333769711251136,9.454854886159922
394.69805291339355,222.56698099284577,13.054040798406447,9.59072385189046
394.7517688360534,222.92643930795015,12.447001120932725,9.134492758103875
394.28926431300454,222.51237048486692,13.049275368719805,9.536008923295242
393.7516952711648,222.46655095033083,13.457409175173325,9.596677034754748
393.58654170641194,222.68393906004064,12.884201699434527,9.143627012501923
393.4746758249075,221.58915142218984,12.514254375147743,9.865251624204063
393.759102278873,221.81988141374538,13.016182644839773,9.706983667338136
392.6842328360371,221.84534816809162,13.450791533911229,9.23487179940173
392.67204933568996,221.36308281068418,13.14965441001766,9.134492758103875
392.63900983390374,220.52331010783126,12.547380162230581,9.736767005890954
391.55300277400886,220.3712786758533,13.126489277423161,9.817290299921524
391.5831512571882,220.93655487227267,12.148874685362443,9.40852701197241
391.75485774873135,220.4421983638813,12.468582289775327,9.725494186024775
390.8548286649289,219.87157473314733,13.551170575209028,9.736767005890954
390.4818190416017,219.7487416052064,12.848905358114735,9.454854886159922
390.1227275990213,219.51709466507324,13.21255362296705,9.939719239296323
389.6918807924799,219.80239860890532,13.236795910006549,9.265757137004584
389.6995590181219,219.787657358893,12.632336011665927,9.379698595488463
389.4485807731268,218.80084266445346,13.009793758974752,9.98105870397535
388.6560442656117,218.94074752965835,13.691334240188837,9.60662678731481
388.5232631524298,218.84504357931064,13.050449463298207,9.559246422161095
388.544057224928,218.64716524400433,13.091337534682964,9.697287062728122
387.6889266520844,218.2035429675749,13.610393444503757,9.40852701197241
387.61949848894346,217.7866702205291,13.881688282616551,9.725494186024775
387.68224639957316,217.24252698557976,12.717953935570847,10.141113595683947
386.8552946941405,217.576001568588,13.313120587144908,9.682269517923572
386.609649876212,217.57063591509595,12.970978987379397,9.408527011972382
386.0588572663837,216.4235469743554,13.519048522057403,10.139286391543067
385.4967912431898,216.70215146473143,13.88442821184276,9.682561779311385
385.42357652896425,216.3729912793185,13.422803084656493,9.77455404113448
384.80815300117797,215.94794720297335,14.053065781698251,9.937525088486638
384.3736536909008,215.65082922047586,14.119676781949806,10.123541843662139
384.27874938042726,215.90148768434278,13.457409175173325,9.265757137004584
383.8372152952143,215.52713791227643,13.6780224403401,9.927596932504912
383.67946835516733,215.55101538916338,13.38294499102551,10.057989713752107
382.9474405724919,215.4255119781225,13.38294499102551,9.725494186024775
382.30279380770094,214.9917669040121,13.06232390982575,9.408527011972382
381.591061096984,214.5996496633742,13.952686740400452,9.736767005890954
380.72505105114914,214.27185929917306,14.248821736019977,9.636884265907241
380.9210802385044,213.72621274914044,12.788289142486747,9.408527011972382
380.70321044195805,213.55757663395784,13.009793758974752,9.843388928748112
380.13093783865645,213.58911779339078,13.236795910006549,9.706983667338136
379.6523583659427,212.99985509744732,13.788329072923489,9.706983667338136
379.36492773837097,212.62795744360844,13.427703599611107,10.047941469096742
378.32054608389365,212.45422908963252,14.447761546276581,9.757912248532364
378.49317567341177,212.40601227481355,13.793083289396407,9.682561779311385
377.9832685568132,211.96051991095928,14.22955560325704,9.927596932504912
377.59529748591467,211.66134896339545,14.179986848406372,9.705719153520874
377.5093917257744,211.60676316022708,13.147463534202018,9.912223816361745
376.4805802884201,210.1637952568227,13.75192865780474,10.43942029497586
376.8546467566106,210.6694570875958,12.84851728612415,9.636387964593098
375.7029305093779,210.3530752966723,13.519048522057403,10.139286391543067
375.55583715687834,209.7576494793434,14.131059928412071,10.307361359547599
374.8329260307794,209.50140072686168,13.70173836695011,9.773906701757738
374.4598552220863,209.31517794096686,14.06954789323271,9.909197709749918
373.7809761892956,209.50894113311594,13.610393444503757,9.773906701757738
373.5956928999656,208.9037537254126,14.145190623841472,10.287411362793819
372.5172466003796,208.61738426851767,13.698142635111026,9.568049378293608
371.91585736416823,208.34144007544003,14.88922235875242,9.956596546650388
371.4697153943706,207.5801635738228,15.793537567048759,9.392998658297415
371.001995786231,207.60169559048464,13.333769711251136,9.454854886159922
370.5635664262089,207.29564696752269,13.715440518752871,9.143627012501923
370.45830263161946,206.81366683787286,13.70173836695011,9.59121685686506
369.76693008672447,206.65375192818263,13.347102542589937,9.596677034754748
368.7740429575977,205.65482992277958,14.302658991756005,9.865530459660079
368.6434881433408,205.75237422805205,14.145190623841472,9.60662678731481
367.809893129299,205.0236820074146,15.052903391146799,10.211768632185027
367.64268990815884,204.72469415444647,13.881688282616551,10.47360912341128
366.54530552060453,204.60991241974259,13.898635705506877,9.706983667338136
366.11201855042594,203.97736977877807,14.755719070783186,9.536008923295242
365.34584802740017,203.87246908291814,14.220833354450235,9.757912248532364
364.84457151529466,203.51844190948722,14.380431574207535,9.642370304092935
364.3160598748143,203.1279995594284,14.339862235840428,9.48637040217136
363.8042125919302,202.60484934354744,14.52384266896712,10.230631313989392
363.57519388419445,202.5880340866575,13.737522795167479,9.633366607399608
362.62531593195047,201.99037593030994,13.918262432015126,9.833554979141127
362.02306645868714,201.41629574561085,14.339862235840428,9.706983667338136
361.60430440307005,201.05354082818212,13.881688282616551,10.307361359547599
360.7163058956855,200.74719714914255,13.88442821184276,9.40852701197241
359.7222591708527,199.93682720887816,14.047936046480231,10.390485241479439
358.7489511113877,199.7746976646437,14.755719070783186,9.937525088486638
358.46782484778925,199.98649437786517,13.576201887819366,9.333638797875807
357.43438078818235,198.82953302103365,13.831568183252273,9.235363849065976
357.0960545807623,198.64995208029382,14.053065781698251,9.636387964593098
356.39901983413523,198.00388093864524,14.022533641540235,10.374394807968798
355.69658673119443,197.7070301475768,14.455326398860848,9.912223816361745
355.42850449725483,196.93528636241055,13.973482185565501,10.325233142043487
354.38816423597416,196.43624901418767,14.344501686731746,10.022359257105137
353.7969520766826,196.1911741744283,14.88922235875242,10.047941469096742
353.44157930572266,195.68175072755736,13.852307699102596,9.736767005890954
352.69038744053364,195.56114756933158,13.842619701406363,9.530984056706018
352.27531934057345,194.81354862453637,14.629803220003055,10.224237477615787
351.4588312943038,194.5222510810958,15.052903391146799,10.287411362793819
350.6721189971129,194.3826968241133,14.297307692275695,9.808618067956587
349.7663259258762,193.5432902364901,14.30349841752394,10.545799680716812
349.6337871216658,193.560925586413,13.697417976103452,9.697287062728122
348.66575096019534,192.64218110314408,13.952686740400452,10.640178377571544
346.6582698811122,192.070917497372,14.450168868423816,10.258516830255076
346.5294906112771,191.75989821056774,13.85326778606401,10.389950839547993
345.45521684645894,191.20887192751061,14.38608577783566,10.123541843662139
344.3527395958213,190.61194495892948,14.956477153378898,10.640178377571544
344.5381515744921,190.5319601970355,13.613207211603822,9.807364335241488
343.7003244797822,189.42344216582865,14.784235788946091,10.978392912583729
342.58669595270277,189.41531800837762,15.33262192909092,10.368823462838463
341.61240236555216,188.43100636756975,15.2732271237968,10.909447945569127
341.20965653160755,187.9854591905748,14.214183810343911,11.138600178865971
340.65402586936443,187.70374382004854,14.35420290559182,10.539799336273688
339.6989135722331,187.44374541968872,14.670782133590592,10.258516830255076
339.346831409635,186.98953033674758,13.952686740400452,10.539799336273688
338.3709337997467,186.37441120376536,13.939850152671681,10.545799680716812
337.72122335845785,185.79409009963314,14.454581946889675,10.840936460167228
337.1294174947289,185.45179480521816,14.424714505808083,10.788231857285012
335.8238736811986,185.28774519553082,15.2732271237968,11.151880122137328
335.53946382066545,184.82347993044013,15.357993318570266,10.138283171082321
334.60823704065797,184.5229076113482,15.163257126091423,10.596011003774748
333.5015850209468,183.79179806107408,14.615187591413417,10.41332115888207
332.00543249924266,183.4792220454855,14.615187591413417,10.41332115888207
331.57326260983695,182.6216974472741,14.70653251385977,10.778700848667398
330.16852902408635,182.3058472910224,15.558751401165921,11.04169454276294
329.6966457705395,181.44251492623457,14.546679338071215,10.972352415002291
328.66087595651555,181.6303163863724,14.674689738102927,10.514339554620136
328.4720670414681,180.8277650813617,15.001702031340756,10.58943672800524
327.9928001501813,180.6943635326722,14.65534002948533,10.43942029497586
326.56088605511167,179.7313290047997,14.845619649586979,10.460837474603494
325.79591234586394,179.56909251938822,14.670782133590592,10.58943672800524
324.71466648998717,179.2277640185602,14.424714505808083,10.78823185728504
324.5037281037356,178.74622939656058,14.111151960792768,10.394068029657092
323.77975720275657,178.05433210570382,14.341152824074413,11.23542546089908
322.5862613814941,177.756331961104,14.652494773721514,10.52315533749092
321.58861724863135,177.51354387142536,14.755719070783186,10.640178377571544
320.6098121083333,176.43410749202786,15.076992933281645,11.124771484751534
320.0372916096404,176.41246196342047,15.71813075726493,10.922768831319672
319.68268322225674,175.5702764777724,15.25761427727241,11.142073584060768
318.5263469216974,175.909947560233,14.856098112081042,10.037904129784494
317.63814610196096,175.31322735146642,14.755719070783186,10.138283171082321
315.8428201059132,174.07071026814572,14.615187591413417,10.596011003774748
314.89866131246185,173.51021136600457,15.071912203645127,10.778700848667398
314.13850258537053,172.90895278679258,14.980567281198773,10.139286391543067
313.5819423290044,172.7494081506401,14.856098112081042,10.539799336273717
312.3797168723263,171.93636891512196,15.222315296507531,10.368823462838463
311.6798029888736,171.50598638235687,14.75033246871169,10.741267746446482
310.7584604151615,170.87435024479987,15.959785330912439,11.055476296934131
309.9064642003829,170.21148906798754,14.65534002948533,10.941315501465084
309.4381552127664,169.74883631918624,14.980567281198773,10.687355926221073
308.9432570734075,169.64089458622485,14.317656623633638,10.462902917270725
307.58461481014,168.87217600236974,14.797877436306123,10.687355926221073
306.63647971034294,168.04034651993368,14.450168868423816,11.361583156088955
305.3627429131525,167.9496572137025,15.89401650566208,10.504666081328395
304.73209132562624,167.5139200953921,15.431117044190728,10.741267746446482
304.1748920636621,167.50914121494876,17.66998461174819,10.24346934014389
303.18376954803455,167.013579957135,17.66998461174819,10.24346934014389
302.23730118818077,165.94177094032455,15.555263697956377,9.898804171426775
301.5161919831782,164.83876430078004,15.31851726343615,11.189177827205526
300.4100901970091,164.63931713135062,15.994461724591247,10.58943672800524
299.861290430991,163.7887098203518,15.442928561674307,11.802809686422506
297.7778980213388,162.92546278562872,15.773848459424471,11.140969890922179
296.79589799705144,162.22457218392427,15.63687538864906,11.394312298705529
295.85916461061765,161.58613481898337,16.000523653501375,12.121608828410132
294.8430264040239,161.44952630871,15.710413685116919,10.972352415002291
294.4498561067585,160.48686440310107,15.279831582973145,11.875908705578155
293.6904843783635,159.76697711781517,14.797877436306123,11.874839918023412
293.04215152376514,159.79181134618122,15.458372359868122,11.242452625358624
291.6726651585543,158.80773102369656,15.879307565217289,11.63674447527373
290.8751563912609,158.87400413270532,15.212510162610727,10.875912242952467
290.4180974395889,157.68595858007637,15.222315296507531,11.802809686422506
289.68347994140794,157.37440645770434,15.128546121755619,11.648980513751809
288.61506736887486,156.77186224849228,15.969693926360549,11.49542623147508
287.80384260647577,155.8116528274376,15.534656848512952,11.901551617812373
286.20606276036347,156.13561575280022,17.66998461174819,10.24346934014389
286.20606276036347,156.13561575280022,17.66998461174819,10.24346934014389
285.0507562286934,154.5045059707271,15.208317867247388,11.599564475019179
284.3251437627186,154.10095427232542,15.662507221952808,11.563907201254864
283.36131333408093,153.887248251326,16.510955407405902,11.849038586491275
282.436506397377,152.72807509560067,15.732028058160438,12.01997649387539
281.5001840256001,151.7836471307955,15.602990433758293,12.546734575599459
280.91115902090337,151.758140913631,15.515659300364973,11.87917665184193
279.6382925746768,151.70256080202617,15.516128649785003,11.27115005691931
278.2518534397,149.8970309094113,15.369750077617255,11.710285773422669
276.61404039325663,149.81566039924692,16.161025648953,11.543589749252163
275.6350922822497,148.9902094455797,15.773848459424471,11.913116319005894
274.9219140417004,148.82496805172298,16.08555714820443,11.581601146707186
274.0359344023477,147.77212971909285,16.916971238751216,11.98840481486306
272.84703612672905,148.10365159069698,17.509129040266146,11.530313912000253
272.84703612672905,148.10365159069698,17.66998461174819,10.24346934014389
272.84703612672905,148.10365159069698,17.66998461174819,10.24346934014389
271.6501723884688,147.50521972156685,17.66998461174819,10.24346934014389
269.6622284853706,145.41150394699474,16.246412719686475,12.385879004117413
268.8669650008303,145.40810887315578,16.316708873201094,12.237531654900835
268.54448212418197,143.48175499498282,15.733969270586783,13.597257394334264
267.44989716940654,144.0334415116443,16.166010181056436,12.511862411926558
266.905874745756,143.1854537940348,16.541106239496116,13.996320664189028
264.4907348248752,143.23181555265322,17.447670356098513,13.789287862077856
264.5168347509116,143.58204323829426,15.851335255207857,12.121609312805987
263.43494739891537,143.06106352217375,15.879307565217289,12.121608828410132
263.2966794859963,142.9084969017914,15.984539753150727,11.588791321034307
262.62787327417163,143.0061036030288,16.261404690250856,11.04169454276294
262.01385986709533,141.86060192566282,15.442134862276248,12.225023432635368
259.77052510422754,141.95656859038152,15.984539753150727,12.121609312805987
258.6646716470946,141.71707296333682,15.884155092007859,11.802809686422506
257.47196589746335,141.4032217331287,15.879307565217289,12.121608828410132
257.0914386285874,141.2753692249522,15.602990433758293,12.225023432635368
256.4561142431049,140.6132882205701,15.185312765493222,12.521222806634768
255.28470574691568,140.8520487929782,15.001702031340756,11.58219642125573
254.5837078530011,140.38029161164678,15.152011035512658,12.242824916694246
253.22107877185022,140.15864052152784,15.955264366288361,12.003042917758222
252.5977551251783,139.49994391274163,16.833535799295078,12.44217863426158
251.66487597323834,139.4339978266766,16.246412719686475,12.225023432635368
251.53689228149557,139.83477407511106,14.67144189693613,11.666447773467269
250.3685978061726,138.93780918439555,15.152011035512658,12.727689269830648
249.4215646070394,139.0029079602533,15.120423719312157,12.064167861153322
248.87095367980424,139.04572282149414,15.22337150544945,11.417528629087087
248.1515318721137,138.33967366163787,15.152011035512658,11.87917665184193
247.77684827767789,138.1346873640092,14.667146682376284,12.121608828410132
246.5192963224208,137.77927626560972,15.924701576722413,11.742456718189231
245.73958500842872,137.21652428837015,15.584926259322003,11.721995818977206
245.21160561647045,136.85926937655398,15.257614277272381,12.045484955741387
244.42601717119504,136.01441231022602,15.539722736382032,12.237531654900835
242.8319414670643,135.81834456605952,15.758091476933174,11.63674447527373
242.15673536448423,134.9116502084151,15.732028058160438,11.666447773467269
241.82977799595167,133.96269028924434,14.477001433384004,12.385879004117413
240.6300935380807,133.74973687756727,15.394443212080887,11.87917665184193
240.52721096017675,133.64282907072223,14.94204195383847,11.740175820873105
239.17579182234718,132.513795162923,15.120423719312186,11.742456718189231
238.42953910595742,131.7785474318978,15.001702031340756,12.244036216756058
237.79270320997767,131.08435571148482,15.076992933281673,11.563907201254864
237.31384019979228,130.6406611159978,15.152011035512686,12.364041004978333
236.100875551134,130.07242336221424,15.076992933281673,12.44217863426158
235.6301215320547,128.92179187536456,15.539722736382004,12.626024723310394
234.24430372123348,128.5055320793076,15.516128649785031,12.734935778597134
233.59366316092328,128.7138766236504,16.117744251093683,11.855200316920133
233.23117641498737,128.07135965545362,15.22337150544945,12.149421489925999
232.58459012672418,127.11066722239136,15.636875388649088,12.121608828410132
231.38967716510555,127.06053997528859,15.879307565217289,12.000392740126031
231.21644625751986,125.92741875821412,16.766608152674962,12.574956114506222
230.74374530883858,124.644090619743,15.378499337752316,13.25732701530373
229.34098937600965,125.16914784533525,16.39440008279172,12.003042917758236
229.21749167901555,123.62409643421918,16.117744251093683,12.92083630046352
228.13353031040333,123.09043308728522,15.394443212080887,12.485257093262447
227.71385317763804,120.81415326468726,15.795872922629258,14.301668727245413
226.34977205514667,121.25373974060457,16.242955830069604,13.21255362296705
226.1102353259703,120.87440054910635,15.281279290794231,12.707590147081504
225.52129456915102,120.39700778500483,15.659130442463777,12.647759203528437
224.39347314795748,120.17527804955157,16.08555714820443,12.385879004117413
224.3748603385725,119.1364800244061,15.451721761379076,12.521222806634768
223.01302077514475,118.55128650566675,16.60660409492189,13.333769711251165
222.19016378004443,117.64535801820391,16.72897943413261,12.868445718563564
221.75880229623922,116.99315816515096,16.78376674080829,12.787631802520593
221.05130140304212,116.94795573970379,16.12173974178549,12.242824916694246
220.5866259660245,116.2570535380498,15.973135066011338,12.465309326024538
220.7315186519508,116.28660104018563,15.151229667972444,12.23753165490082
219.42005631771266,114.71112362148997,16.12173974178549,13.09133753468295
218.56202266520592,114.0584752209092,15.984539753150756,13.054040798406447
217.9243040153637,113.79232821787623,16.849036271490093,13.09133753468295
217.56338785451496,113.41786342560926,16.331760337434815,12.881971849769911
216.99358696048782,112.67872186383856,15.884155092007859,13.016182644839773
216.23483994034393,112.45028451373591,15.984539753150756,13.054040798406447
215.47820346079376,111.45283577657897,16.104768357174635,12.795569379672997
215.42547429290246,111.62322838092066,17.093695010020213,12.62602472331038
213.89745617770697,109.82994352068069,16.03852881397421,13.078628646588399
213.52522945894185,109.25331748522254,15.959785330912439,13.216697227161859
212.82570571954932,108.80374996751789,15.544165921253267,12.551706171707167
211.56488811939707,107.81588578839515,16.874148032162623,13.632316636821031
211.44191118112542,107.87296043889907,15.959785330912439,12.801077817502687
210.2933279928261,106.72449791580814,16.849036271490093,13.09133753468295
209.84482842279593,105.96649757797547,16.1875443502785,13.313120587144923
208.49464620454887,105.7196901423537,17.095257117583827,13.010549664709814
209.0689394148185,104.98806417527081,16.12173974178549,13.33376971125115
209.26933017178112,104.68276138836484,16.29228085863977,12.801077817502687
208.60150694539215,103.94540984138892,15.718130757264902,12.92083630046352
207.62767813105182,104.00698903934374,17.211546148578748,13.511868004491731
207.27768652147097,103.31092704414178,16.43624614922234,13.44783775845464
206.4445906052618,103.63879278411011,16.889835005614657,13.029301290045595
206.095644642477,103.24899376507203,16.888963742444247,13.135860688567746
205.04274598671964,103.3904972390432,16.650562242865362,12.521222806634754
204.52848057734928,102.9945576972288,16.4742530288666,12.966427288879785
203.23231897068237,102.46872528070404,19.463524149327384,13.672723575973777
202.1649794314937,102.71600170859381,19.04824320583799,13.986472284006908
202.19394747034949,101.66667882697023,18.74772531305473,14.609298657995126
201.48864253187827,103.32637349679347,18.061197154331126,13.576201887819366
200.41183087324552,103.35138301696499,16.60660409492189,13.939850152671667
199.7799470045153,103.4860439984931,16.687157227127273,14.19872150027497
198.4474366317002,104.49031710737725,16.833535799295078,13.027692922932701
197.98432194312304,104.57630208772011,16.849036271490093,13.454985799535251
197.6143631736931,105.30430003371649,17.45511671291061,13.576201887819366
196.29960498485943,105.2933940205624,17.18338023463707,13.720063288121068
195.81229881673568,106.43708404411845,17.456015205685475,12.717953935570847
194.8187097960992,106.98974235801049,16.78376674080829,13.187245296349374
194.4722860451645,107.20121786005808,16.78376674080829,13.187245296349374
193.3231772861297,107.11164978585798,17.759367845925453,14.008942338090264
192.64030707445585,108.70646663788368,17.207834683008514,13.457409175173325
192.36105950306543,109.75773083664245,16.000523653501403,12.727689269830648
191.87949077589857,110.02336652593654,16.39440008279172,13.46682863943606
190.7844566912133,110.45296234888971,17.050175736694143,14.252881279892762
189.923834910035,110.29007896108388,16.615849859180685,14.49467753673207
189.24489790988363,112.06616807608268,17.503534860210806,13.44783775845464
188.57441096526048,112.65358644871948,17.212684536342408,13.939850152671667
188.0058226783726,113.91400358734757,17.093695010020213,13.597257394334264
187.08207075228592,113.79219696323054,17.66671126842067,14.65534002948533
186.73024039294143,115.4440690197651,16.970252359774207,13.576201887819366
185.46231176114867,117.17451256447097,17.694112863024884,13.994434718937868
184.85018764673578,116.84246867263252,19.808311474279037,15.846649179423395
182.68221766878406,119.73309530990153,19.808311474279037,15.846649179423338
182.68221766878406,119.73309530990153,19.808311474279037,15.846649179423338
182.68221766878406,119.73309530990153,19.808311474279037,15.846649179423338
180.51424769083235,121.17840862853603,19.808311474279037,15.84664917942331
180.51424769083235,121.17840862853603,19.808311474279037,15.84664917942331
180.51424769083235,121.17840862853603,19.808311474279037,15.84664917942331
177.6236210535634,124.06903526580504,19.808311474279037,15.846649179423252
177.6236210535634,124.06903526580504,19.808311474279037,15.846649179423252
177.6236210535634,124.06903526580504,19.808311474279037,15.846649179423252
177.17978900664616,126.2370052437568,19.808311474279037,15.84664917942321
175.45565107561168,126.2370052437568,19.808311474279037,15.84664917942321
175.45565107561168,126.2370052437568,19.808311474279037,15.84664917942321
174.73299441629445,129.1276318810258,19.808311474279037,15.846649179423167
174.73299441629445,129.1276318810258,19.808311474279037,15.846649179423167
174.73299441629445,129.1276318810258,19.808311474279037,15.846649179423167
173.28768109765997,131.2956018589775,19.808311474279037,15.846649179423167
173.28768109765997,131.2956018589775,19.808311474279037,15.846649179423167
173.28768109765997,131.2956018589775,19.808311474279037,15.846649179423167
173.28768109765997,131.2956018589775,19.808311474279037,15.846649179423167
169.67439780107378,133.46357183692922,19.808311474279037,15.846649179423167
169.67439780107378,133.46357183692922,19.808311474279037,15.846649179423167
169.67439780107378,133.46357183692922,19.808311474279037,15.846649179423167
168.2290844824393,135.63154181488093,19.808311474279037,15.846649179423167
168.2290844824393,135.63154181488093,19.808311474279037,15.846649179423167
167.07965919508297,135.63154181488093,19.808311474279037,15.846649179423167
166.50494655140483,136.2062544585591,19.808311474279037,15.846649179423167
166.48788313252666,136.07537386179817,19.808311474279037,15.846649179423167
165.33845784517035,137.79951179283265,19.808311474279037,15.846649179423167
165.33845784517035,137.79951179283265,19.808311474279037,15.846649179423167
165.33845784517035,137.79951179283265,19.808311474279037,15.846649179423167
163.17048786721864,139.24482511146712,19.808311474279037,15.846649179423167
163.17048786721864,139.24482511146712,19.808311474279037,15.846649179423167
163.17048786721864,139.24482511146712,19.808311474279037,15.846649179423167
163.17048786721864,139.24482511146712,19.808311474279037,15.846649179423167
161.00251788926693,140.6901384301016,19.808311474279037,15.846649179423167
161.00251788926693,140.6901384301016,19.808311474279037,15.846649179423167
161.00251788926693,140.6901384301016,19.808311474279037,15.846649179423167
161.00251788926693,140.6901384301016,19.808311474279037,15.846649179423167
161.00251788926693,140.6901384301016,19.808311474279037,15.846649179423167
159.8530926019106,141.8395637174579,18.307826938319295,15.148942029668518
155.94392127404626,142.13545174873607,19.808311474279037,15.846649179423167
155.94392127404626,142.13545174873607,19.808311474279037,15.846649179423167
155.94392127404626,142.13545174873607,19.808311474279037,15.846649179423167
155.94392127404626,142.13545174873607,19.808311474279037,15.846649179423167
155.94392127404626,142.13545174873607,19.808311474279037,15.846649179423167
155.94392127404626,142.13545174873607,19.808311474279037,15.846649179423167
155.94392127404626,142.13545174873607,19.808311474279037,15.846649179423167
154.49860795541179,143.58076506737055,19.808311474279037,15.846649179423167
154.49860795541179,143.58076506737055,19.808311474279037,15.846649179423167
154.49860795541179,143.58076506737055,19.808311474279037,15.846649179423167
154.49860795541179,143.58076506737055,19.808311474279037,15.846649179423167
154.49860795541179,143.58076506737055,19.808311474279037,15.846649179423167
151.60798131814283,145.74873504532226,19.808311474279037,15.846649179423167
151.60798131814283,145.74873504532226,19.808311474279037,15.846649179423167
151.60798131814283,145.74873504532226,19.808311474279037,15.846649179423167
149.44001134019112,147.19404836395674,19.808311474279037,15.846649179423167
149.44001134019112,147.19404836395674,19.808311474279037,15.846649179423167
149.44001134019112,147.19404836395674,19.808311474279037,15.846649179423167
147.2720413622394,147.91670502327398,19.808311474279037,15.846649179423167
147.2720413622394,147.91670502327398,19.808311474279037,15.846649179423167
147.2720413622394,147.91670502327398,19.808311474279037,15.846649179423167
145.1040713842877,148.63936168259121,19.808311474279037,15.846649179423167
145.1040713842877,148.63936168259121,19.808311474279037,15.846649179423167
145.3828959966877,151.234100288582,19.808311474279037,15.846649179423167
144.23347070933139,150.65938764490383,19.808311474279037,15.846649179423167
144.23347070933139,152.38352557593834,19.808311474279037,15.846649179423167
142.93610140633598,152.6794136072165,19.808311474279037,15.846649179423167
142.93610140633598,152.10470096353833,19.808311474279037,15.846649179423167
142.93610140633598,151.52998831986017,19.808311474279037,15.846649179423167
142.93610140633598,151.52998831986017,19.808311474279037,15.846649179423167
141.49920728172418,154.40377656908376,19.808311474279037,15.846649179423167
141.49920728172418,154.40377656908376,19.808311474279037,15.846649179423167
141.49920728172418,154.40377656908376,19.808311474279037,15.846649179423167
141.49920728172418,154.40377656908376,19.808311474279037,15.846649179423167
141.49920728172418,154.40377656908376,19.808311474279037,15.846649179423167
139.3438660948065,156.55911775600146,19.808311474279037,15.846649179423167
139.3438660948065,156.55911775600146,19.808311474279037,15.846649179423167
138.19444080745018,158.28325568703593,19.808311474279037,15.846649179423167
136.4703028764157,158.8579683307141,22.72509942243488,14.79720408307901
135.751630783277,159.43290600522505,19.808311474279037,15.846649179423167
135.751630783277,159.43290600522505,19.808311474279037,15.846649179423167
135.751630783277,159.43290600522505,19.808311474279037,15.846649179423167
135.751630783277,161.15704393625953,19.808311474279037,15.846649179423167
134.3147366586652,161.58824719214275,19.808311474279037,15.846649179423167
134.3147366586652,161.58824719214275,19.808311474279037,15.846649179423167
134.3147366586652,161.58824719214275,19.808311474279037,15.846649179423167
132.59059872763072,163.31238512317722,19.808311474279037,15.846649179423167
132.1593954717475,163.02514131675454,19.808311474279037,15.846649179423167
132.1593954717475,163.02514131675454,19.808311474279037,15.846649179423167
132.1593954717475,163.02514131675454,19.808311474279037,15.846649179423167
131.4409484094416,164.46203544136634,19.808311474279037,15.846649179423167
131.4409484094416,164.46203544136634,19.808311474279037,15.846649179423167
131.4409484094416,164.46203544136634,19.808311474279037,15.846649179423167
131.4409484094416,164.46203544136634,19.808311474279037,15.846649179423167
130.2915231220853,165.61146072872265,19.808311474279037,15.846649179423167
129.14209783472896,166.76088601607898,19.808311474279037,15.846649179423167
126.84324726001631,167.33559865975715,19.808311474279037,15.846649179423167
127.41795990369448,167.91031130343532,19.808311474279037,15.846649179423167
127.13026603560624,168.05427075289583,19.808311474279066,15.846649179423167
127.13026603560624,168.05427075289583,19.808311474279066,15.846649179423167
127.13026603560624,168.05427075289583,19.808311474279066,15.846649179423167
127.13026603560624,168.05427075289583,19.808311474279066,15.846649179423167
125.40612810457176,169.7784086839303,19.808311474279066,15.846649179423167
124.8314154608936,169.7784086839303,19.808311474279066,15.846649179423167
124.8314154608936,170.35312132760848,19.808311474279066,15.846649179423167
123.10705249902637,170.92805900211943,19.808311474279122,15.846649179423167
124.2564777863827,170.92805900211943,19.808311474279122,15.846649179423167
124.2564777863827,170.92805900211943,19.808311474279122,15.846649179423167
121.38291456799189,170.92805900211943,19.808311474279122,15.846649179423167
121.38268953715917,172.36495312673122,19.80831147427918,15.846649179423167
120.72899685443167,171.71126044400364,19.808311474279265,15.846649179423167
120.72899685443167,171.71126044400364,19.808311474279265,15.846649179423167
120.72899685443167,171.71126044400364,19.808311474279265,15.846649179423167
120.72899685443167,171.71126044400364,19.808311474279265,15.846649179423167
120.72899685443167,171.71126044400364,19.808311474279265,15.846649179423167
120.72899685443167,171.71126044400364,19.808311474279265,15.846649179423167
120.72899685443167,171.71126044400364,19.808311474279265,15.846649179423167
119.2921027298199,170.99281338169774,19.808311474279293,15.846649179423167
119.2921027298199,170.99281338169774,19.808311474279293,15.846649179423167
119.2921027298199,170.99281338169774,19.808311474279293,15.846649179423167
119.2921027298199,170.99281338169774,19.808311474279293,15.846649179423167
117.85520860520813,170.27436631939185,19.80831147427932,15.846649179423167
117.85520860520813,170.27436631939185,19.80831147427932,15.846649179423167
117.85520860520813,170.27436631939185,19.80831147427932,15.846649179423167
117.85520860520813,170.27436631939185,19.80831147427932,15.846649179423167
115.69986741829048,168.83747219478005,19.808311474279364,15.846649179423167
115.69986741829048,168.83747219478005,19.808311474279364,15.846649179423167
115.69986741829048,168.83747219478005,19.808311474279364,15.846649179423167
114.71451808485467,168.34479752806214,19.808311474279364,15.846649179423167
114.71451808485467,168.34479752806214,19.808311474279364,15.846649179423167
114.71451808485467,168.34479752806214,19.808311474279364,15.846649179423167
114.71451808485467,168.34479752806214,19.808311474279364,15.846649179423167
112.55917689793702,169.06324459036804,19.808311474279407,15.846649179423167
112.55917689793702,169.06324459036804,19.808311474279407,15.846649179423167
112.55917689793702,169.06324459036804,19.808311474279407,15.846649179423167
112.55917689793702,169.06324459036804,19.808311474279407,15.846649179423167
110.83503896690254,169.06324459036804,19.808311474279407,15.846649179423167
110.26032632322438,169.06324459036804,19.808311474279407,15.846649179423167
109.68561367954622,169.06324459036804,19.80831147427942,15.846649179423167
110.40383571101937,169.06324459036804,19.80831147427945,15.846649179423167
110.40383571101937,169.06324459036804,19.80831147427945,15.846649179423167
106.38084720527225,169.06324459036804,19.80831147427945,15.846649179423167
107.53027249262855,169.06324459036804,19.808311474279435,15.846649179423167
107.53027249262855,169.06324459036804,19.808311474279435,15.846649179423167
107.53004746179583,169.78169165267394,19.808311474279492,15.846649179423167
107.53004746179583,169.78169165267394,19.808311474279492,15.846649179423167
107.53004746179583,169.78169165267394,19.808311474279492,15.846649179423167
107.53004746179583,169.78169165267394,19.808311474279492,15.846649179423167
107.53004746179583,169.78169165267394,19.808311474279492,15.846649179423167
107.53004746179583,169.78169165267394,19.808311474279492,15.846649179423167
105.37470627487818,169.78169165267394,19.808311474279492,15.846649179423167
105.37470627487818,169.78169165267394,19.808311474279492,15.846649179423167
105.37470627487818,169.78169165267394,19.808311474279492,15.846649179423167
105.37470627487818,169.78169165267394,19.808311474279492,15.846649179423167
105.37470627487818,169.78169165267394,19.808311474279492,15.846649179423167
101.78247096334876,169.78169165267394,19.808311474279492,15.846649179423167
101.78247096334876,169.78169165267394,19.808311474279492,15.846649179423167
101.78247096334876,169.78169165267394,19.808311474279492,15.846649179423167
101.78247096334876,169.78169165267394,19.808311474279492,15.846649179423167
100.34557683873699,169.06324459036804,19.808311474279492,15.846649179423167
100.34557683873699,169.06324459036804,19.808311474279492,15.846649179423167
98.62143890770251,169.06324459036804,19.808311474279492,15.846649179423167
99.19615155138067,168.48853194668987,19.808311474279492,15.846649179423167
98.19023565181934,168.34479752806214,19.808311474279492,15.846649179423167
98.19023565181934,168.34479752806214,19.808311474279492,15.846649179423167
98.19023565181934,168.34479752806214,19.808311474279492,15.846649179423167
96.75334152720757,168.34479752806214,19.808311474279492,15.846649179423167
95.49896472030201,165.77177024728007,20.913106177038898,18.382220716123356
95.31092529691581,165.7098749996807,20.10694643525555,18.820101863399202
94.48863671876413,165.07937800527435,20.913106177038898,18.915038707895064
94.0542207741768,165.42302058848173,20.186113762759987,18.200594376259005
92.9590529412185,165.06908429208082,19.980674691438438,18.64862971200921
92.51488679778217,165.1748783453236,20.87884058995172,18.068227433612066
91.99056290674922,165.32002332137318,20.364302831729034,17.93998106604701
91.86329242907306,164.3872948874506,20.369917705532472,18.99974386883747
91.94079053885814,164.80246226565828,20.18611376276,18.310901008842393
90.767838752452,164.44938840651764,20.51349268321013,18.64862971200921
90.47471645979235,164.44790370373383,20.63937867565744,18.150942948805124
89.71825113851581,163.71838224498788,20.57482272558761,18.986325382803273
89.29901498666345,163.88827839272088,20.737646925676927,18.42120764142578
88.68547301769978,163.28274689080655,20.7352973953178,18.908398946391117
87.69856198726904,163.41958971438618,20.737646925676927,19.413967334676272
87.67417441571249,162.31285554154377,20.28222719136788,20.115979427504215
87.41094765927724,162.44648038009524,20.243086743444934,19.152141948888016
86.84650508282829,161.91094859126412,20.51703366051015,19.744887232426436
86.26175770342849,162.36893868419244,20.847953558260315,19.08304743692611
85.8090750065948,161.69257128805535,20.243086743444934,19.637006302024446
85.70913105490189,161.6005842401703,21.06856682342709,19.52427396725966
84.83464547091071,162.05981750682258,21.224892964328575,19.175592953979617
84.83214225073957,161.6860571245864,20.727951096581336,18.546061507467527
84.63760857788773,160.83530698931872,20.552607550425137,19.6391583259618
83.86437271381229,160.44567593485715,21.104321839849064,20.34789453376129
83.57136260775094,159.81088890343275,21.030342128754413,20.365351073299706
83.269415851035,159.95479218831173,20.97038327314955,20.121870655160848
83.02942040177052,159.29728228976472,20.958260190843703,20.406727027926763
82.84843476556958,159.04713384204825,20.51703366051015,19.855193865009824
82.14584384148367,158.17006537894463,21.730406618927432,20.847953558260315
82.0410874061742,158.63045551943625,20.243086743444934,19.394574125456217
81.31748105754258,158.11825921437259,20.913106177038898,19.714265695552598
80.85619437939306,157.56559763572398,21.06856682342709,19.96550049759321
80.57317354822129,156.6498370884433,20.614722719095226,20.94721824682256
79.65928821907573,156.25786431588895,23.8132232855433,22.102881281609257
78.22239409446397,155.53941725358305,23.8132232855433,22.102881281609257
78.22239409446397,155.53941725358305,22.266614688874085,19.267432187715684
78.22239409446397,155.53941725358305,22.00884658942921,20.040736486050292
78.22239409446397,155.53941725358305,21.46753387687049,19.52262293206917
78.22239409446397,154.8357104309812,20.763827054268646,20.226329754671013
77.70685789557422,153.21950435857923,20.720006092204855,21.58734508271951
76.580411508393,153.42829678577752,21.232964936003214,20.226329754671013
76.4572917400827,153.2032793653495,21.19202200754947,20.917987240210465
75.65826407855491,152.84419678737223,21.697679802854154,20.727951096581336
75.78425199827501,152.4846208241346,21.481114837738772,20.979219631249578
75.50898252761026,152.7060004608672,21.831436464673814,21.00933216265682
75.0737492426972,152.02277010569622,21.46605677488847,21.283366929995793
74.59278595431616,151.19771248262973,21.77845706614093,21.44596153841357
74.78962160540237,151.43376614906805,21.212815449717752,21.09159936143365
74.11945017631008,150.8026254115719,21.61415471067768,21.26998027260956
73.60637412956919,150.15953807907658,21.633820954110504,21.936391876545628
73.73543958520145,149.99321485600194,21.66402868083192,21.664028680831905
72.97624667368558,149.5870856142742,22.39224641442776,21.509793353760642
71.89599027345156,148.51314654048616,22.42497633255877,21.818895891138254
71.85444671737514,148.04892475733587,22.01412630956648,21.922781387120153
71.13671454503822,148.00036716389684,22.612859679594536,21.840713251510806
71.21860205803483,147.35580688891193,22.284147168121535,21.882631002930168
70.98150064876972,146.7348881072967,22.788624597411072,22.18254415599057
70.6122610793723,146.09778339819746,23.031056773979273,22.303760244274656
69.55393160605169,146.12166245043818,23.637137215399775,21.45524762628594
70.13550176415535,145.05995444669247,22.886421415908615,22.183768126823708
70.03103594818842,145.182213134929,22.723166312177923,23.054086209928073
69.63460772153576,144.34739918013622,22.38452620941939,22.38452620941939
69.65192818855519,143.84481495051378,22.284147168121535,22.48490525071722
69.11597075260444,143.75721370505158,22.83505725817419,21.81040725299971
68.41895624598753,142.62773741553485,23.515921127115675,23.03105677397926
67.91595701414775,142.76843310299122,23.58907470499352,21.983010044227996
67.65119816254239,141.39337532100288,23.48869566369568,22.986800457206442
67.13628591827717,141.05350916489795,24.392107035376284,22.68566333331293
66.75365064789607,140.86115374568237,24.521545169891496,22.942191413186634
66.68000337956909,139.38335739615647,25.11985367274184,23.01892045647614
65.89531222251932,138.08419746195983,24.92929896384568,23.7159260054284
66.35312704442435,137.5561752900262,23.841024758493162,23.47564506870782
66.16882332520358,137.4624741503292,24.606865921672593,23.27348895054749
65.46564861098724,136.70694858293092,25.85061305231251,23.201610301368817
66.00620180581379,136.08095407486013,24.090969911482745,23.287937581099982
65.37323129967831,135.67098367842246,25.103412343414348,22.692819767391114
65.58836321873422,134.7663922026602,24.754473982956497,23.749679836046823
65.1540137944057,133.66144096550337,24.99438128316335,23.58907470499352
65.66229837662542,133.4655581136499,24.243217656820292,23.51592112711566
65.20407584704715,132.36075132799442,25.094760324461205,23.990590870184917
65.4435269341387,131.68410157720047,24.92929896384568,23.936539270595176
65.00954083788685,130.70745238326833,24.92929896384568,24.046845903178564
64.98324658528115,129.8581322953557,25.43173661490431,24.30422119847998
64.62596175150088,128.86307332507562,25.701445391929397,24.157152535761952
64.6549934791386,128.77787478919763,26.694205085179888,23.27469947509485
64.65648338405975,127.60424072300937,26.672717354329507,24.115059525832166
64.9086437358809,126.3213494869125,26.1826750693659,24.000785480252077
64.8815845446278,125.39192721130797,26.546323334218215,24.728082009956694
64.75175049393675,124.33490661031205,26.5838984525965,24.377765800928742
65.2738456505545,122.45232241453246,26.667539422502315,25.819026804513612
65.36688051245383,121.19350222656732,27.001962109120257,25.596655530950414
65.56482130942372,120.8685307574955,26.787278706704328,24.445221552019802
65.49579705324842,119.1692357671764,27.181509391710236,24.854040697618828
65.48625550714783,117.9414774183735,27.83974007007089,25.575263605041215
65.55832271595354,116.67853948651434,27.575240191831753,25.984360949995292
66.26169303854448,115.68325421280505,26.80120402652456,25.39589744835473
66.81013266362037,114.54624183647681,27.345447151947553,24.93261357971687
66.07108867922861,112.85550023552211,28.471436152321857,25.415180294163022
66.91649378395661,111.04288646220925,27.440126576242122,26.507695090641676
66.84500987701946,109.95018770505514,28.017884676180543,25.701445391929397
67.45718188487561,108.83392957102036,28.459061992852,25.98436094999532
67.69824505975622,107.60600173360771,28.000916393627435,25.57659462794541
68.46514081860198,105.55244852693608,27.811928711878807,26.055385845865402
68.69948467594267,104.39701771126744,28.251064428382165,25.616250129362072
69.15937920347893,102.74911530347939,28.554240528101943,26.41752865184941
69.7264886347937,102.08399777034181,27.907578043597155,25.149912229012457
69.67965954504706,100.10282660011666,29.341564267181198,25.48083212676262
70.61627841391538,97.69802316520318,27.92876891223986,26.51465403060746
70.33482495542388,95.92124302734867,29.321117608410148,27.209997140604614
71.35688072557248,94.74733051261215,28.554240528101943,26.029035583439864
71.49620530108778,90.75254141312448,29.714850150060002,27.811928711878807
73.31624181770785,89.13195687575347,28.31058058083981,27.345447151947553
73.53227054717041,87.2201258911791,28.793147295285948,28.149725009357766
72.28318449033756,85.79070401845995,30.240847438624343,26.38031372305528
72.83116093108333,83.4835890128922,30.737914876467727,27.109133259106954
74.02806580822094,81.5072840764478,30.108212801740137,28.359993993897163
74.84888562244753,79.23341076976921,28.905376053614276,27.972944568013816
74.97620419026129,77.08260306896102,30.049941234688447,28.282297632647953
75.77375110706316,76.6853791671298,30.240847438624343,26.70202486601937
75.91722829553352,73.59829361025275,29.913966267535372,27.77725439128284
76.71355769330755,71.34385801495239,31.11052739591274,28.282297632647953
77.72310954413453,69.10679648016222,30.153985866563346,28.543821572717732
78.50749314795618,67.1519938780482,30.52445713427005,28.38987971229311
78.63491700488899,63.80579879827259,31.467938541173567,29.331226664921033
79.49590792318902,62.44952242083004,31.617771588241183,28.251064428382158
81.1150389870766,59.91659733557542,30.562558581588434,27.828013866393675
81.2966482905971,57.791142286136036,30.963100194481115,28.617410785808303
82.55545219622074,55.290835736338,31.640820476524894,28.459061992852007
83.51466739900145,52.50963267713065,31.467938541173567,28.748487062306715
84.80869993681408,49.51663660742973,30.963100194481115,29.555686549277425
85.9973955951564,44.29413880447234,31.436261514529818,29.43819404538597
87.41693138745605,41.90062553258129,31.817584836728955,29.519648154076307
87.79296563859432,39.072585913244325,32.659034556246965,29.884083907676967
89.68900824105415,36.51208291552862,31.03664802070105,29.43819404538597
90.18997833263131,34.14521745313014,31.80520358745619,29.45716842328158
91.35204240011748,31.561963820590574,31.56946601247273,29.571398543328893
92.24220080732232,28.778893893847886,32.347877917341094,29.342883793872254
92.48752971532679,25.736323540105822,33.136247725301146,30.24084743862435
93.66435604690653,23.588123260150518,32.64242159341566,29.714850150059995
95.31517254733606,20.840462694224005,31.994349196933,30.04994123468845
96.32567523853993,17.516954055382868,32.97539215381909,30.562558581588434
97.28985871945056,15.833612577932655,33.0919897750164,30.003404062681525
98.39193242242777,12.700668250246238,33.50985292783318,31.189940032829348
100.15661769929758,9.817538327926378,32.49282543937298,31.205980867516615
99.7501081365254,7.143667424345104,33.993143485835645,31.079445472764014
101.01097420614005,5.441085777123192,34.29228587958565,29.8731768744844
