473.3351358754501,495.27385817373244,13.98231744166651,8.599743913237376
471.90379244708265,495.09075097076567,15.969024783385123,8.300284068200199
475.03567687467324,494.3464387230046,13.218226828153774,8.504750594858649
472.2189125445077,493.78191344236495,15.90024594030217,11.75504563679931
472.65562209168144,493.3711387331789,15.797573165915367,9.914339021367596
473.0265409316687,492.49872231454634,15.062630571617092,7.633782160445378
473.6718757518207,491.5511801598947,12.558216987746164,8.103444069795671
472.534009609343,490.88199118608213,17.988797306771573,8.82469301841627
472.7269171828776,489.9666954444935,16.854376501588604,8.030614686051024
473.17409263031965,489.0272179728624,16.317009026977303,6.390828535566129
473.25229941828366,488.95978250143327,15.70783384016903,5.630047971386773
472.8353864301765,488.2608356816764,16.14772058528746,6.1868661246311945
472.39546397512106,487.6586656011546,16.912731863496504,8.702667852090428
472.1560569509803,486.84119735016344,17.064871940713772,7.138691449302598
472.82652458548785,486.244691498671,16.457063891519,7.486108010803775
473.4674439442203,485.80786699136837,16.912731863496504,9.687875533459192
473.2624322415037,485.1986774157192,16.73539384881633,8.292985344725935
472.52254622170216,484.09234800462895,17.109664393932917,9.427774257881424
473.568675501568,483.4442099322576,16.25592674258405,8.374265291634174
473.3208585257292,482.97609429243147,17.719141785340014,6.94398799695756
473.9097114132521,481.96304790107706,15.797573165915367,8.498004875457923
473.60695370024075,481.2287951467691,15.608142867376444,9.473150295228493
473.81486991690497,481.10890906383213,15.18861842110124,8.374265291634174
473.8123691551423,480.0073394539404,16.259516154473715,9.02204859790919
473.9569684074977,479.6997740498825,15.977071338915266,8.362467126325896
473.61232818096386,477.87050480219887,15.80500263300155,9.137995622620338
473.5404126592944,477.50374582416134,16.6606822691341,9.04010114154812
473.88519080153804,476.8172290252418,16.12441950727913,9.80539024091297
474.47571220365137,475.6791493454032,16.314031422140147,8.683274789203665
473.5760629926526,474.9336580190991,17.493775252119974,9.2529059184767
474.7920754240838,474.4489294536814,15.758855392405621,8.385445988619495
474.8270727170846,472.99679138143995,15.656207574473228,10.656746332204477
474.7539867880176,472.70745792421025,15.903432047381841,8.674599298571877
474.6230129872183,472.4379059563513,17.077240781715943,8.22237519119659
474.54483213147694,470.8796997049745,16.655580515500787,9.909016256057441
474.4340261843638,470.77464212812646,16.521902475519767,8.859570892670035
474.0392408843572,470.09246075909857,16.76048756956692,9.253185845698397
474.4486728140003,468.65783744120637,16.481738667286606,9.10832926350048
475.0841450212518,468.66181011898266,16.40217854453772,8.141227306777864
475.09090127206593,467.75163715349186,16.912747137517556,8.803895770214638
474.57000793619846,466.9016850553176,16.44559619167353,7.893886172003306
475.31688041230524,465.7232597710357,16.192585357334224,9.686635883405302
475.37963446425465,465.49785442622965,17.144428605154758,8.803895770214638
474.70990061084177,464.4141800758775,17.144428605154758,8.803895770214638
474.54493514785963,464.06390993942983,16.76048756956692,7.85647854823452
474.613268493815,463.875421552642,16.337162012310387,6.505949473928922
474.06318601118727,462.2671189142209,17.109664393932917,9.602362670064394
474.2671912355424,461.6347486819756,17.20462194216759,8.530022643595714
475.28911805050853,460.8604519428959,15.906521946369935,7.9532609731849675
475.1692584706269,459.2932485727136,16.36417307384943,8.4203997370293
475.318247998196,459.2310386367621,17.06004528719143,8.385445988619495
475.19281427450466,457.23470973926436,16.20529760711304,10.168029871129761
476.0201683190712,457.1995881317842,15.252044806694641,9.214777070711364
476.24059110025325,456.3549735386322,14.490838211188077,8.554832196966458
476.15101470586774,456.3096397794448,15.1805487725008,8.530022643595714
475.9952889285733,455.42917309979293,14.970652069058133,6.7417506006354415
475.5316843661999,453.7117221893295,15.469702082453239,9.542059228429082
475.83893596004947,453.01810981446965,16.05924526238732,8.931827421215417
475.95262329418654,452.76097800626815,15.906521946369935,8.606953655912491
474.49368571879074,451.79974700117094,17.808018042664855,8.554832196966458
475.44993429823535,450.5428496764378,15.469702082453239,9.975789193357684
476.3043760486566,448.99634340623084,15.247260951367707,10.826457480261126
475.5493190084995,449.06703262659596,15.728671206903812,10.168029871129761
476.2830840189853,448.33980754915126,15.712957096468983,10.300716318796333
475.6685344806867,447.6349046418508,16.584329303040306,8.620567211976379
475.23621696333123,447.3728688819844,17.06004528719143,8.530022643595714
475.3258301034473,446.02700152840845,16.87122957340688,8.931827421215417
475.142425577294,444.07667205827505,16.5103476573982,9.382929816226294
474.36714479811735,443.6188717978172,18.085497555461757,9.587492680003834
475.63177227692574,442.63125510222443,16.32990669939386,8.570945505206737
475.99212963612666,441.88230186939103,16.337162012310444,8.819175953548097
475.72438676984405,440.64199980137937,16.626315322262826,10.120365848333904
475.0352676350888,440.70924360127214,16.854376501588604,8.82376181553758
475.82020031482205,439.7589640027368,16.342317068188322,9.042748777730878
475.66527540132347,439.13732514855616,16.192585357334224,8.819175953548097
476.038659436608,438.43056242419914,16.048008702358004,8.963752608524317
475.0126118953666,438.0697018013402,17.34919859714381,7.6625627137385095
475.70969445533274,437.0325029207551,16.35865954565952,8.228901468422691
475.4318146370466,436.0974491998891,17.782928562072414,8.385445988619495
475.73929313130577,435.034169776624,17.158550407531436,8.897026137238527
476.2917300868376,434.84752939646256,15.919337113539996,8.288580480603457
476.62348590692653,434.04911365401966,15.688624385460798,9.36959511909464
476.62169548947617,432.63716730775116,16.12441950727913,8.824851216821685
476.63678838709717,431.20847582220256,15.656207574473228,9.998922484537502
476.6608913384269,430.78145745132815,15.44438709668151,8.739846961687988
477.18692896007576,429.6661339000561,15.1805487725008,10.554095813262506
477.0504779663551,429.34336707023164,15.728671206903812,8.10264880355652
475.7824009070275,428.4290283055328,16.840799474058656,8.738150670502137
476.98320856286097,426.4017643947533,14.998383726806253,9.472663406403967
477.1440086027214,426.44336455347866,15.732142243890792,8.249781908381749
476.8487866686912,425.43664201824083,15.143880483187843,8.498004875457923
476.1259977406437,424.905167885511,15.712957096468983,7.5073017238685225
476.436806035557,424.3126265950292,15.538368684286013,7.332713311685552
477.01824183055413,422.4473915007893,15.34843145745441,8.44163730159994
476.54983629298454,421.9221553782812,15.1805487725008,9.686635883405302
477.98267727345166,421.1620034656746,13.493534687422255,8.91082479358073
477.2758014572511,420.18312165705646,14.934293873221804,8.4203997370293
477.40003904804746,418.8157944988244,14.472124648672718,8.683274789203665
476.9949947482965,419.13115269334185,16.04642214037665,8.26152427029291
475.87890718132013,417.55946974833296,16.999674940795046,9.850278937656924
476.8112556866083,416.1809155570525,15.517020981557494,9.441573613116987
476.8789980186605,415.4135640986437,15.517922388374245,9.382929816226294
476.6273692203592,415.5917381271017,15.36722563380141,8.724618424351775
476.06863846635525,413.29147937255004,16.314031422140147,9.735792945470735
476.36889675285533,413.08003444213534,16.40217854453772,9.458190547580159
476.374783502218,412.0923545217024,16.16037276328791,8.82376181553758
476.1903381724005,411.7887249720405,16.337162012310387,10.409519158286287
476.39680391001383,410.3037839215073,15.763799198544632,9.220335380280858
476.66540903853905,409.2941343677769,15.763799198544632,9.815195727395746
476.6584797307339,408.7051351687003,15.565512416173021,8.62547503316597
476.0325105208718,407.97313701312925,16.314031422140147,7.762321402469922
476.4073269318431,406.89960001457104,16.04642214037665,9.055901603974917
476.6088503325179,406.4443767042753,15.614278737429402,8.819175953548097
476.2388162402942,405.6459423672347,15.732142243890792,9.017203481254455
475.95442871127597,404.5269471469939,16.481738667286606,9.542059228429082
476.988434509251,403.81049860355347,15.390585414536474,9.78721693837025
477.0629320116991,403.27039748167783,15.1805487725008,8.819175953548097
476.0783996186324,401.94521903446804,15.923997637108982,8.057926515163558
476.20350139483196,401.53092784495766,16.16273068257368,8.50039909972395
476.4683644586535,401.3688000859967,15.393078035406461,7.630756632936539
476.47564744918134,400.5055985993694,16.192585357334224,8.385445988619495
476.7077073054538,399.3277099191665,15.688624385460798,8.28010731454873
476.6982029544235,398.891080900075,15.427701909372104,9.382929816226294
476.7639684173457,397.78821013782095,15.168938851429743,8.922905206723385
477.26336917140475,397.10812254684134,15.261513265873077,9.077969097803816
476.58293443282514,396.44771825253395,15.252044806694641,8.579275203765746
476.8428604038759,395.95897775504807,15.410920273431032,9.055901603974917
477.0977872495229,394.74384516662076,15.093169339958251,9.055901603974917
476.70480032458465,393.29243644626706,15.1805487725008,8.530022643595714
477.3372676948777,392.53420213705346,15.34843145745441,8.249781908381749
476.5620423543977,392.2373695293398,15.469702082453239,8.819175953548097
477.0811064381986,390.9421021806223,15.173605921945295,9.272759174522093
476.80337956647924,389.66511303930594,15.252044806694641,10.803531738075378
476.318287214844,388.62923379226385,15.614278737429402,9.542059228429082
476.43681193053254,388.8662360659799,16.28245461355567,8.260951237759855
476.52957012990225,387.9007546546346,16.840799474058656,9.055901603974917
476.3705053063519,386.264763744529,16.314031422140147,8.814839558737049
475.91384000234814,385.7348445515846,16.996009750915846,9.260646338640072
476.2475061444557,385.08417938371366,15.923282820609586,10.296258064454321
476.75460424940843,385.12987069176756,15.179769583747543,9.065695723627016
476.7247036699529,383.7631877315208,15.361778044097036,9.260646338640072
476.7128016867578,383.1696852554304,15.758855392405621,9.10832926350048
476.7827327238593,381.97999178810005,15.204939234717472,9.57791447856215
476.5155782241465,381.47043336200886,15.410920273431032,9.691403470920534
476.1981614140035,380.8903761706092,16.06213392083498,9.602362670064394
475.4338370681854,379.90449303663723,17.109664393932917,9.253185845698397
476.0714367049398,378.9260291599577,15.919337113539996,10.39361679313771
476.0585154756466,378.43856993671136,16.314031422140147,9.867357715004118
475.91499199287875,376.8081443810405,16.40217854453772,10.894877719364445
475.6175496964882,376.3840186175292,17.317425874267883,9.850278937656924
476.23914580865323,375.7122313945328,16.337162012310387,8.963752608524317
475.93947916077985,374.91899468242104,15.469702082453239,8.963752608524317
475.4721473620995,374.109291491163,17.103420039340506,9.077969097803816
475.6472977373015,372.3842794242614,16.45126584864289,10.676980484549688
476.5569648276937,372.47538924091657,15.325125427477019,10.264942503310067
475.6147326403062,371.4958373765066,16.40217854453772,9.937086271508235
475.6517034016212,371.031322746301,15.812259983070362,10.11984638916499
475.7813975253517,370.44667115103744,16.457802936845383,11.203203203997134
476.08925434847805,369.5141552815288,15.143880483187843,10.350134143185926
475.102873535299,368.00416102528544,16.761350337483805,9.57791447856215
475.76811172822704,367.60600572130477,15.579675605006173,10.241185362731358
475.5521222644384,366.67822406430076,16.16273068257368,9.697638409544197
474.70867055014094,365.7667845730962,16.761350337483805,11.014601650346492
475.5141872164893,364.8542930549985,15.903432047381841,9.686635883405302
475.64793031303554,363.26674368851053,15.712957096468983,9.078597433515426
475.9488686121698,362.93469333302096,15.728671206903812,9.214777070711364
475.1865578503031,362.315307849272,16.337162012310387,9.10832926350048
475.85597246768367,360.02847505018383,15.903432047381841,11.132402433167272
475.62678704385485,358.9824254565991,15.363780272103043,10.999069967528271
475.5890197718684,357.2783934041375,15.34843145745441,10.743902020218115
475.40685435998915,356.4956944524664,16.481738667286606,11.421555743119654
474.9756503636959,355.4232641418035,16.192585357334224,10.120365848333904
475.3091008801251,354.8919233126845,16.115853030327173,9.784625054127218
475.477041384444,353.22692236735656,15.712957096468983,10.47530473097936
475.0055037921486,352.9601381154208,16.953519892774466,9.716052336209941
475.11163824607434,352.27775143401516,17.284252806115887,9.776951082247365
474.8862660513666,350.8569583639452,16.91546863221521,9.397482573452919
475.02065222041625,349.24870729650087,16.233368287733754,11.766468289095599
475.0976618589642,348.6578265778244,16.06213392083498,8.904009021332456
474.6621367051489,347.49260809889466,17.109664393932917,9.951539494430392
474.30586010916943,346.46030981484734,16.881074268465852,9.57791447856215
473.277155288009,345.62504972261854,17.773434363428635,9.653591253232833
475.07560864148854,344.5160116016351,16.342317068188322,10.676980484549688
474.5556790577394,343.5372790447153,15.44438709668151,9.099018754634074
475.0129756159082,342.76713414659406,15.143880483187843,8.715902436367116
474.89164392084274,340.41156346338886,15.166450675489784,10.982602213285702
474.9156927782454,340.13497648085223,15.168938851429743,9.319478771466663
474.912395426341,338.6700873799303,14.602242152596034,10.843249123214889
475.46765553147986,338.19078930165415,14.934293873221804,10.168029871129761
474.78266590126935,335.84913043780546,13.896353820892159,9.488370619641387
474.6370175762767,333.8965008693791,16.3849965645897,10.470080792310455
474.6746621318859,334.02253700284206,16.641626406501757,9.817362340526245
475.3813648213986,332.11270775527174,14.86681895727287,10.130487254070886
474.9992450781877,330.3335958643696,15.268082242615549,11.599776768740412
475.0285213584192,329.67693433912734,14.708085361369513,9.587492680003834
474.6283345108764,329.24939966597964,15.352819701329338,9.113171052660732
475.23245846806583,327.434354116907,15.157040472365566,10.826457480261126
472.8854168135652,327.7143121673495,17.333086486274055,10.01135167741694
474.59956948759987,326.25974107290784,15.091739095807611,10.01135167741694
474.94067507686896,325.8646879323349,15.427701909372104,8.480725026204539
474.430106449307,323.94836486634466,15.878804304382982,10.014473169241512
474.8014686675689,323.27138379159635,14.705938077354688,9.292709337224096
474.9230935917989,322.83907146994454,15.252829263642411,8.824851216821685
474.5500453243722,320.9423799324229,14.934293873221804,10.485780804602541
474.7901006865588,320.57728846905985,15.204939234717472,9.458190547580159
474.70328802738123,319.71044039383924,14.860215860644985,9.195271692774782
474.7513937722994,317.79405361572003,14.457667473012634,11.280158138284548
474.13935681975954,318.40179965671837,15.564111027663557,8.739846961687988
473.68677501160874,316.2956460453741,16.854376501588604,10.211769292138968
474.7776692632994,315.94633183831127,15.732142243890792,9.592769660909028
473.2935326822738,314.58975208535014,17.366549578407273,11.051440640804628
474.2719265069867,312.79690569773686,15.469702082453239,10.120365848333904
474.6651623115183,313.68400746474884,15.034931702733275,8.28010731454873
474.1767321759997,312.3792743424561,15.787772344006612,9.867357715004118
474.26538081867903,312.1735639167603,15.88754550865201,10.47530473097936
474.90708688868966,311.8898708273386,14.998383726806253,9.604228175937351
475.3778171659985,311.29989116090894,14.976599514361226,9.202488858221955
474.7230357705419,309.9698698295181,16.28245461355567,10.535705926418416
475.10021284126583,309.8048189769816,14.86681895727287,10.130487254070886
474.6709858116283,309.85016987347404,16.192585357334224,8.963752608524317
474.61989802744375,309.11578913998227,16.048008702358004,11.132402433167272
474.554879334608,308.8017858333552,16.182466652606763,11.183005410338012
474.569766723102,307.6485835922976,16.36417307384943,10.485780804602541
475.8874294710375,307.2277823135557,14.934293873221804,10.168029871129761
475.2914177787511,307.8017740530099,16.043006751591633,9.099018754634074
475.23983591559653,307.32471213715877,15.614278737429402,9.686635883405302
474.6420806277218,307.7378878388679,15.9620859809163,8.62547503316597
475.07516554411853,307.18791774377115,16.05090188307338,9.472663406403967
474.58916556557983,307.32466549256975,16.708725730740355,9.2095338673372
474.7810512713548,306.1606597256944,16.778112190006652,10.241185362731358
474.7694345557371,306.87933284310856,16.18103395175251,9.246305115287157
474.42855517440427,306.99359811372085,16.28245461355567,9.099018754634074
474.86238917159875,306.6530824025005,16.061229372102105,8.82376181553758
475.06184203655476,306.889828494203,16.192585357334224,8.819175953548097
475.8117674532433,305.75101757721006,15.069795460243938,9.914339118581552
475.1649965771756,305.69937194540177,15.803558889627595,10.17653413347233
475.0088339398413,305.8781828338249,16.840799474058656,7.943773336820129
475.39564058731895,305.81883508571235,15.906521946369935,7.9532609731849675
475.756399638787,304.73523735162433,14.965491372753377,9.338466616598112
476.0254607299202,305.7405698309481,14.965491372753377,8.859570892670035
476.4325844226218,305.89325738493,14.599136580914887,9.260646338640072
475.6944895910285,305.88625824603685,15.189191859920015,9.078597433515426
475.7876857973998,305.52941965446365,15.538368684286013,9.427774257881424
475.0346253778703,305.0813106606447,15.44438709668151,10.056810202490283
475.09283617426826,304.96398018851863,15.608142867376444,9.743811732234974
476.22422911666416,304.2872992571198,15.466369024987216,10.608342856882246
476.1806858256096,304.6054501752741,14.735254187739486,10.26205202360427
475.54306050605703,304.41958371529114,15.664655807358827,10.608342856882246
475.41017990817,304.87976973809305,15.564111027663557,10.415981995436368
475.00650057336713,304.6148733264692,16.58589915738395,10.300716318796333
475.69949727841555,304.49238424874414,16.18103395175251,10.26611817947321
475.1965910119138,303.999681493019,16.337162012310387,10.409519158286287
476.1668799188361,303.96173408761535,15.261513265873077,10.656746332204477
476.0710639890541,304.28455079841524,15.361778044097036,9.36959511909464
475.5274369289607,304.4316236158494,15.688624385460798,9.696441460458402
475.68631153321854,304.40244918975776,15.664655807358827,10.112625900953162
475.7226805861772,304.15118603958774,16.01547072682456,9.80539024091297
475.7514072406703,304.70810893954456,15.614278737429402,9.397482573452919
476.170984032651,304.5961711405913,15.524642804939845,9.604228175937351
475.9270582093888,304.8643396272408,15.906521946369935,9.696441460458402
475.73499902884004,304.5339072344189,17.35996999239393,9.57791447856215
475.20892197738635,304.0082744828604,16.84029050027374,10.656746332204477
475.9020683821614,304.6471122271211,16.23672233301795,10.47530473097936
475.0347488401902,304.7644679327223,16.361835950405236,11.655006430425658
475.33247409635754,304.0623015009362,16.048008702358004,10.554095813262506
475.08424878453445,304.63594773546635,16.481738667286606,10.264942503310067
475.2170864146772,304.7442018113427,16.061229372102105,10.608342856882246
474.16827329423324,304.6784831367969,16.521902475519767,10.894877719364445
474.2347694803708,305.5211209528842,17.12052213042989,9.57791447856215
474.6547040409211,305.1233408932358,15.36722563380141,10.50919946569644
474.18053405464894,305.54729737141537,15.927524182127797,8.784768492204478
472.8086381970238,305.01272785804343,17.449236848703492,10.112625900953162
472.9035113975035,305.40049120696125,17.366549578407273,9.604228175937351
472.07169151343953,305.47308584101233,16.999674940795046,9.214777070711364
471.7794224508495,304.6943720480879,16.778112190006652,10.459082923640551
470.595095711735,304.80051336670607,16.45298410220215,10.198130641860814
470.15598227209426,304.17147838460806,16.580801214011615,11.50757099181402
469.04380290544714,304.35737215837884,16.664941995304787,10.753391625348684
466.89487444125325,303.4151512608583,19.610780481825998,9.260646338640072
466.573189310023,305.91597783679896,17.62967911747404,9.735792945470735
466.75141004528234,305.75589636779284,16.043006751591633,9.57791447856215
465.0505830917841,305.1164585147461,17.21390731182504,9.151697558185447
464.30661194054767,305.44178861971875,16.149465741389463,10.46557556425239
463.57271635357046,305.2003763457827,16.12441950727913,9.914339021367596
461.96714767234494,305.01186645377044,15.247260951367707,11.367780354274146
460.7660514094493,306.6822023111462,15.270719061215289,8.866869132318584
459.43434464191625,305.8582985043516,14.79615855635683,10.916677959263268
458.2223298771413,304.71500882596723,13.8143008010058,11.972394027538371
456.7382037442129,304.6714365640294,15.261513265873077,11.972394027538371
454.48447161984325,305.1155249689166,15.18861842110124,10.590982574713848
452.939552598057,305.3197708207736,16.65694671503934,10.334105717085663
450.22222724664186,305.53642739425896,15.9620859809163,10.70748624806805
446.23178266512616,306.0134289790916,16.77089197723899,11.132402433167272
444.16132077744817,305.8868526768489,16.44559619167353,11.44613494940478
441.63903936780366,306.6987964725837,16.961450052409077,10.736237001258928
439.49125261630326,307.395342248932,16.40217854453772,10.296258064454321
437.1911072775049,305.99582126209367,15.595232880741264,11.99200217905377
435.15473145093426,305.74776687926857,15.82043479959674,11.879401219626004
431.9160099885126,306.72082764957077,16.35865954565952,11.599776768740412
429.7335329980764,307.19436955947833,16.3380273826981,11.083586415398202
426.5815139172644,307.3065556779968,16.99483250361061,11.083586415398202
424.62106077249086,307.58892137156306,16.87122957340688,11.097118917267665
423.1831434463911,308.1316038091304,13.363630829203373,10.579541073119344
421.830607061121,308.4074699984451,13.549236812942354,10.455803750626728
417.9829228855562,309.91150700140327,13.713512808330734,9.92425269023937
412.34220108707194,309.6431103630976,16.854376501588604,9.616908945024079
408.64272351129966,311.5216633584748,17.241134423952758,6.157548008554556
405.4184278732349,309.0020287345001,18.39054338554962,10.673083214827898
403.180168247076,308.8230864634725,16.521902475519767,10.775153788382454
401.50873547748176,310.75504533100906,14.871508677872328,9.319478771466663
396.92544176514997,310.6041125285482,15.9620859809163,10.410056074510635
392.01769022582266,311.44403484907326,15.085215303735424,9.937086271508235
388.40755111878383,311.49342390536475,16.314031422140147,9.472663406403967
384.96446627087926,312.29098572257476,16.577160961206914,10.26205202360427
380.03113221617656,312.1120565665849,18.44067076056166,10.013482509767357
377.3719260575456,312.3215946952893,16.84029050027374,9.998922484537502
373.5538409197121,313.61128963185536,17.493775252119974,6.795102783881305
370.9382399613668,313.85408678457935,17.719141785340014,9.57791447856215
367.6453976752131,312.9364746935389,16.81010542849856,11.281448532014565
365.57788326461065,314.0238646967195,15.803558889627595,10.056810202490283
360.715291763584,314.8096243142799,16.45298410220215,9.246305115287157
358.1186290455002,314.0914995374914,16.342317068188322,9.696441460458402
353.7485869988529,314.36218990183363,17.683213884426493,10.736237001258928
350.77442903186966,316.12815067349,16.84029050027374,9.472663406403967
347.41441812101147,315.4246400126491,18.521292677280087,10.894878045458881
344.27121434540015,315.57535319263735,19.501831701371373,9.587492680003834
340.4384949469537,316.72313014598154,16.529048718455783,10.254149174366773
337.4203438412232,317.72703281149387,16.881074268465852,9.338466616598112
334.5072548483124,317.4091321963454,16.761350337483805,10.655429857400406
331.60730755045057,317.69440555096793,15.845423542013748,10.344680654371643
327.5832286069972,318.1559675648853,16.641626406501757,9.817362340526245
324.23429471680447,319.90863381133045,17.103420039340506,9.341098636870584
316.3367011129423,319.7708938498233,18.550632504207783,10.26205202360427
313.8141871402957,320.41783151335494,16.45126584864289,9.696441460458402
309.69639453791154,321.42817889484036,17.958589647304052,10.056810202490283
307.78264078933984,321.75050299269753,18.521292677280087,9.914339021367596
307.8296963178157,322.06942555043446,13.121594759194238,10.198130641860814
301.0003480609147,323.59712016155413,16.212412791040833,8.517120083772625
297.5538788535679,323.6397688450939,17.350093457517687,8.62547503316597
294.28608093059023,324.3938549809155,17.07693314372466,7.5532588904935665
294.7472126494987,324.302254723312,11.006898438265466,8.480725026204539
286.55880258242047,325.49064494062424,18.801046586119924,9.93417745380134
283.5418135808071,326.59371831320135,18.30844274543557,8.53846657186233
280.2038259914562,326.42884240648806,18.181623778945323,9.459682704882198
277.16185525529613,326.89514512576466,20.591319505917284,9.80539024091297
274.2745541619504,327.69915053714305,16.69078861540254,9.743811732234974
271.3108318188286,327.96916535441284,17.948709929675033,9.858192953798778
268.57857184478934,328.3974561899529,18.085497555461757,9.478543899549209
266.10495659505835,329.44956134408187,18.40497771644391,11.99932370728942
263.1783524608277,329.45787233459885,17.62967911747404,9.472663406403967
261.3661599269757,330.442114344242,17.62967911747404,9.998922484537502
259.1844599019607,330.81554472219227,16.669163409552084,10.023287801822164
256.5439012550092,331.3781665966228,16.778112190006652,10.241185362731358
251.62371639768187,332.7833809737631,17.599417854357995,9.218742685616121
250.08789224944059,332.7622944485741,17.431804872734176,9.587492680003834
248.8513656605384,332.6118576482564,16.88706097046125,9.260646338640072
246.72139806524382,333.8560869775266,17.431804872734176,9.36959511909464
244.53140363092737,333.7086337850135,16.88481700818076,9.563082199323617
243.24614744783196,334.63937339570685,17.141891010413417,9.112268379219756
241.5454078188992,335.4702011692091,16.562845807318297,8.377942984121376
240.1265215218576,335.0464519729818,17.493775252120003,8.963752608524317
239.60815784125018,335.74335522857973,16.761350337483833,8.380675168741902
237.59936773325916,335.6332829898253,17.73373826463714,7.96376209106387
235.95286845744556,336.4964205884121,17.322856092279608,8.28010731454873
234.4875656457481,336.65892134349485,16.943775802612407,7.630143485243025
233.36070319392726,336.98652747281784,18.02437342607422,9.341098636870584
231.89357097894333,336.91815448943703,17.431804872734205,9.042748777730878
230.83269672730947,337.3613497080138,17.34919859714381,8.674599298571877
229.42257938396708,337.3664088166054,17.79405227447708,8.897026137238527
228.72917482040535,337.5556233735765,16.560214629097487,6.8637731686391135
228.16113630050384,337.3021763459045,16.18246665260679,8.683274789203665
226.80002575308498,337.1784390234119,16.18246665260679,8.683274789203665
225.8719958343903,337.1165703621656,16.18246665260679,8.683274789203665
223.08790607830628,336.992833039673,18.100395151242452,8.373931482972125
221.82910055886367,337.2259451729031,19.359200670685055,8.140819349742003
221.82910055886367,337.2259451729031,19.359200670685055,8.140819349742003
219.47401451823367,336.8255931496757,21.313492664408926,9.604228175937351
219.14296562301976,337.10066765873694,17.44923684870352,8.724618424351775
217.4116949494129,336.6365373719635,17.761243887007424,9.604228175937351
217.9576136477327,336.0659772104922,16.01547072682456,10.241185362731358
215.82966789955114,335.61459820594763,17.232111489415587,11.99932370728942
214.66144562408758,335.39480117049004,16.669163409552084,10.132236582276732
213.70264430305778,335.6875821536325,17.412552447419955,9.382929816226294
212.06303593190984,334.91256366423823,18.0783135782861,8.141227306777864
212.06303593190984,334.91256366423823,18.0783135782861,8.141227306777864
210.4940927585833,335.13669840328487,18.0783135782861,8.141227306777864
209.50265884672513,334.93841162091326,18.0783135782861,8.141227306777864
209.50265884672513,335.0205122610273,16.189998855662708,8.059126666663815
208.78285019288052,333.07312392314014,16.708725730740326,9.998922484537502
205.76801140218575,332.7856794446044,18.085497555461757,7.9532609731849675
205.24883665767808,333.52169401869384,16.88706097046125,8.171158534094161
203.67644350322675,333.1159747731711,17.838865716322033,8.50039909972395
201.3007576300554,332.4767642361719,19.283934140462208,8.171158534094161
200.05362823597716,332.24419672095837,20.71224005989069,8.021503375795817
198.31845588699395,331.86978541847793,21.55030757676488,8.979294823652026
197.17288844885502,331.80388092774285,18.84813901864385,6.1011317054569645
195.48007405440998,331.8814698929489,18.356635155349494,8.02252943826386
194.03677727649253,331.1207717279418,19.035531107676576,8.328044859608497
193.40261055848003,330.4901605786233,18.19803750926812,9.338466616598112
192.53908350429998,329.779864999918,18.24238397819005,9.319478771466663
191.34378779563315,329.98044273755846,17.635176807740663,8.738150670502137
189.90026013159834,329.89022225855626,17.544956328738465,8.828371149504335
187.65596848516168,328.9404127007296,17.761243887007424,8.551710019670224
186.61491153361962,327.71850428586004,17.34919859714381,9.686635883405302
185.59554260162062,327.26890946057506,17.458841218298886,9.427774257881424
184.0463603439817,327.5867885608724,17.982606454847854,8.554832196966458
183.5027772841012,326.4426899817392,16.444750382393153,10.11984638916499
181.41286148819992,325.69208773395457,16.523048540585847,11.121282671548158
180.46583731878363,325.49973587433635,16.521902475519738,11.25404951231053
179.88298207747226,325.52069979839575,16.337162012310415,9.10832926350048
177.87397068765958,325.45160828007994,17.431804872734205,9.36959511909464
175.44010503665527,325.0834679540809,18.155938195607604,9.2095338673372
174.7324725777045,324.92446761198397,16.935075981749918,9.078597433515426
173.1857567205356,323.99268552902333,17.719141785340014,9.817362340526245
171.2561027738971,323.9141709956002,16.971855269807122,8.42014525013684
169.08159108889552,322.55781694143496,17.62967911747404,9.735792945470735
169.0926865849278,322.5690356010917,16.69141920998169,9.400914267690837
166.8410411546778,321.6819910509559,16.840799474058656,10.009154404393371
165.97777673710522,322.3901037094612,16.681924007322266,8.579275203765746
163.59369666536378,321.550834931888,17.952927741213472,8.897026137238527
161.74567160983975,321.3957391210603,17.84581041344677,8.62547503316597
160.6303070533606,320.5528623318001,17.719141785340014,9.338466616598112
160.09632000684337,320.62209440323477,17.24024606141191,8.739846961687988
158.8061912416112,320.42522228269155,16.314031422140175,8.683274789203608
157.43401100845523,319.54036806248666,16.77811219000668,9.696441460458402
155.61908405183362,319.7325009285756,17.052663283960243,9.220335380280858
154.67944445748097,319.41897490780354,16.760487569566948,8.729420609149429
153.18245045626173,319.16225648818886,17.12052213042989,9.099018754634074
151.43740050731097,318.62495774856336,17.24024606141191,9.697638409544197
151.44279661300578,318.28991980104996,16.681065669880326,9.4989401731263
149.43716437497096,318.02759583065773,16.41131074520095,9.776951082247365
147.78207237523367,317.5083961037226,17.0600452871914,10.409519158286287
146.7162030508357,317.3845880530767,16.84029050027371,8.946404328270432
144.59203205723054,317.7891484226889,18.73810093411913,8.228901468422691
143.04891816229494,317.16998194613217,17.982606454847854,9.602362670064394
141.57083926724764,316.5568651542004,17.158550407531465,9.691403470920534
140.71917243222927,316.6388081173898,16.043006751591633,9.458190547580159
139.99292580164104,316.18641874512986,16.16273068257368,10.056810202490283
139.70097673630758,316.4372133645238,15.204939234717443,8.739846961687988
140.35410944331204,316.4924028376573,12.893347414272057,8.814839558737049
139.8145469272829,315.569680334641,12.103958797071726,9.2095338673372
139.45003316697543,315.6911417232858,11.314570179871396,8.814839558737049
135.63051975990174,315.3509592773591,13.637515160397015,10.015678561990285
131.95995964492715,315.6562554230904,17.0600452871914,8.240869333643332
130.5020240586116,315.3500385860444,16.708725730740326,8.288580480603457
128.6449028967621,315.81571428424274,17.761243887007453,7.762321402469922
129.3584892679697,315.27339047298494,15.361778044097008,7.299568290457444
127.46869479955029,315.081331998108,16.20529760711304,7.784897870083739
126.80176190155385,315.8090237373046,16.770891977239017,5.927642854024157
124.98954499642213,315.20156218233694,17.758651214097966,7.9532609731849675
123.70561447689832,312.0698435725413,15.887545508651982,10.47530473097936
122.29799032032551,313.43968296733,17.892808656540836,8.288580480603457
121.20229038240565,314.11443678095793,15.656207574473214,6.972932785269563
121.46097779869717,314.06121640539465,12.571012753112853,7.303159789903646
121.48802161202516,313.5496512276746,14.47493511312905,7.237467556564525
120.17722216815567,314.9626017365243,15.204939234717457,7.542607651867684
116.99330164118307,314.5361539321088,16.445596191673545,8.288580480603457
120.31228999407337,315.3894049514811,11.599776768740398,5.750316688777275
119.18915391350092,315.4425319902257,12.476833806930046,5.229810577755131
115.00251787142896,314.82776570044103,15.845423542013734,6.896453769581115
112.94946946542392,314.7587413641165,16.445596191673545,7.499191863403155
113.56948798167956,314.87529726748886,16.062133920834967,8.03106696041749
113.23926373423393,314.70111913453616,13.792484562456124,9.602362670064394
110.2533533317415,312.1755060032826,15.797573165915367,10.56803170409512
111.14034021904207,312.731915284532,13.981041072803407,8.579275203765746
111.90342281558381,314.1887966782534,11.710709053072065,7.51798605876229
109.19639197157082,311.9209304541746,11.373773443292578,9.218742685616121
105.90277543284633,312.0546795502832,15.565512416173021,8.82376181553758
107.56206966576987,312.6565705282478,12.092117029184749,7.0637119279396074
104.24450574014102,311.7390892298447,16.521902475519752,8.62012303070594
101.84887203603174,312.1570046349958,17.838865716322047,6.465092273029484
101.60258518809641,310.95309329640526,18.155938195607604,8.02545094153669
100.10272444138921,311.7069745961854,18.437485371232185,7.422883720885693
99.47168172877355,311.2452936532277,19.692924749164263,7.645488432028458
98.71592130463308,311.51904876272977,15.906521946369963,7.626414631821206
97.64643679990354,312.13978093098575,17.23498480887389,7.762321402469922
95.76024263435639,311.2311584218496,15.969024783385137,7.849181673189321
94.77213224365401,311.6274704901751,16.840799474058656,6.355018669456115
93.61860070686856,311.27364400057894,16.342317068188322,6.8637731686391135
93.84476427186931,310.75183590406215,14.45766747301262,7.784897870083739
94.09768574284881,311.25729976138973,14.490838211188077,8.20565537260046
91.42385134382296,311.66930833015454,15.887545508651996,7.681890136051493
92.79644297607246,310.263819183662,13.813588311708997,7.866071121945424
90.10677211889185,310.44397270162807,14.7352541877395,8.157015711070073
88.82461325785192,309.8068016060653,16.124419507279143,8.498004875457923
89.07194480490267,310.09751700017057,16.44559619167356,8.551710019670224
88.4240995526599,309.44643762368185,14.871508677872313,7.931471294865219
89.31900438716889,309.0197324360224,13.682736031472402,7.630756632936539
84.32942272684471,308.50789154785826,17.635176807740663,8.897026137238527
85.09672241247233,309.8264969787969,17.431804872734205,8.389056095003355
83.92584971650919,308.8851215256883,18.111803207949876,10.009154404393371
84.01874988685407,309.0080532803755,16.64162640650177,9.218742685616121
82.12414080241797,310.02046391660235,16.043006751591633,8.141227306777864
81.24307995248344,309.2663699102848,17.322856092279608,9.36959511909464
78.77270571972944,309.1333407862003,18.796657164178256,7.901779444813769
78.11656034634439,308.1360389428508,18.71894594600586,9.277372332888888
79.69783813074893,309.22941960963414,12.991748976313332,9.022047900217615
78.24170953399143,310.5049271761782,16.016000640925654,7.156849418024592
77.22288504646065,309.0355430019726,16.770891977239003,7.373409403786127
77.82878226608628,309.1951743510643,16.050901883073394,8.288580480603457
76.62515920746341,309.92785186270487,14.982299407940559,7.773044281713737
76.26800457993463,309.4151039348289,16.04800870235802,8.385445988619495
78.52596053625638,309.9090195872112,13.024912183805455,7.893886172003306
73.9640418755863,309.73017437817157,16.061229372102105,7.039180774192914
73.9640418755863,309.73017437817157,16.061229372102105,7.039180774192914
73.9640418755863,309.73017437817157,16.061229372102105,7.039180774192914
73.9640418755863,309.73017437817157,16.061229372102105,7.039180774192914
72.40412971341915,309.56597309794347,16.061229372102105,7.039180774192914
72.40412971341915,309.56597309794347,16.061229372102105,7.039180774192914
71.08848201808527,310.3553617151438,16.061229372102105,7.039180774192914
71.08848201808527,310.3553617151438,16.061229372102105,7.039180774192914
71.08848201808527,310.3553617151438,16.061229372102105,7.039180774192914
71.08848201808527,310.3553617151438,16.061229372102105,7.039180774192914
70.43167689717279,310.2732610750297,16.061229372102105,7.039180774192914
69.63852976768626,310.0749742926581,16.061229372102105,7.039180774192914
68.46302520400634,309.8893683089192,16.061229372102105,7.039180774192914
68.46302520400634,309.8893683089192,16.061229372102105,7.039180774192914
68.15368189777479,309.9512369701655,16.061229372102105,7.039180774192914
67.33185452127042,310.0259485498477,16.061229372102105,7.039180774192914
66.38002899469674,309.4820482489485,16.061229372102105,7.039180774192914
66.38002899469674,308.3065436852686,16.370572678333673,8.214685337872822
65.86769462151248,308.3065436852686,16.370572678333673,8.214685337872822
65.86769462151248,308.3065436852686,16.370572678333673,8.214685337872822
65.32379432061325,308.3065436852686,16.914472979232926,9.030535789221688
65.32379432061325,308.3065436852686,16.914472979232926,9.030535789221688
65.32379432061325,308.3065436852686,16.914472979232926,9.030535789221688
65.32379432061325,308.3065436852686,16.914472979232926,9.030535789221688
64.09228471890233,308.3065436852686,16.914472979232926,9.030535789221688
64.09228471890233,308.3065436852686,16.914472979232926,9.030535789221688
64.09228471890233,308.3065436852686,16.914472979232926,9.030535789221688
64.09228471890233,308.45596684463305,16.017934023046337,8.881112629857284
63.111745694811034,308.45596684463305,16.017934023046337,8.881112629857284
63.111745694811034,308.45596684463305,16.017934023046337,8.881112629857284
63.111745694811034,308.45596684463305,16.017934023046337,8.881112629857284
63.111745694811034,308.45596684463305,16.017934023046337,8.881112629857284
62.417741956510326,308.45596684463305,16.017934023046337,8.881112629857284
62.417741956510326,308.45596684463305,16.017934023046337,8.881112629857284
62.417741956510326,308.45596684463305,16.017934023046337,8.881112629857284
62.099991023037525,308.45596684463305,16.01793402304633,8.881112629857284
62.099991023037525,308.45596684463305,16.01793402304633,8.881112629857284
61.40163737430557,308.45596684463305,16.01793402304633,8.881112629857284
61.40163737430557,308.45596684463305,16.01793402304633,8.881112629857284
61.40163737430557,308.45596684463305,16.01793402304633,8.881112629857284
61.40163737430557,308.45596684463305,16.01793402304633,8.881112629857284
61.40163737430557,308.45596684463305,16.01793402304633,8.881112629857284
61.40163737430557,308.45596684463305,16.01793402304633,8.881112629857284
61.40163737430557,308.45596684463305,16.01793402304633,8.881112629857284
61.40163737430557,308.45596684463305,16.01793402304633,8.881112629857284
60.50934685363323,308.65425362700466,16.91022454371867,8.682825847485674
60.50934685363323,308.65425362700466,16.91022454371867,8.682825847485674
60.50934685363323,308.65425362700466,16.91022454371867,8.682825847485674
60.50934685363323,308.65425362700466,16.91022454371867,8.682825847485674
60.50934685363323,308.00056094427714,16.91022454371867,9.336518530213198
60.50934685363323,308.00056094427714,16.91022454371867,9.336518530213198
60.50934685363323,308.00056094427714,16.91022454371867,9.336518530213198
60.50934685363323,308.00056094427714,16.91022454371867,9.336518530213198
60.50934685363323,308.00056094427714,16.91022454371867,9.336518530213198
60.50934685363323,308.00056094427714,16.91022454371867,9.336518530213198
60.50934685363323,308.00056094427714,16.91022454371867,9.336518530213198
60.50934685363323,308.00056094427714,16.91022454371867,9.336518530213198
59.71619972414671,308.09970433546295,16.910224543718677,9.336518530213198
59.71619972414671,308.09970433546295,16.910224543718677,9.336518530213198
59.71619972414671,308.09970433546295,16.910224543718677,9.336518530213198
59.71619972414671,308.09970433546295,16.910224543718677,9.336518530213198
59.71619972414671,306.786094093638,16.74602326349055,10.650128772038158
59.71619972414671,306.786094093638,16.74602326349055,10.650128772038158
59.71619972414671,306.786094093638,16.74602326349055,10.650128772038158
60.806777027190684,306.4886639200805,16.74602326349055,10.650128772038158
60.806777027190684,306.4886639200805,16.74602326349055,10.650128772038158
61.046224889154736,305.65059640320635,16.74602326349055,10.650128772038158
60.88734942241833,305.33284546973357,16.74602326349055,10.650128772038158
60.01988949256114,304.6099621948526,16.74602326349055,10.650128772038158
60.01988949256114,304.6099621948526,16.74602326349055,10.650128772038158
61.20397241836164,304.21526788625243,16.74602326349055,10.650128772038158
60.91481910840924,304.0706912312762,17.46890653837155,8.626055602371366
60.91481910840924,304.0706912312762,17.46890653837155,8.626055602371366
60.755943641672836,303.594064831067,17.46890653837155,8.626055602371366
60.755943641672836,302.7266049012098,17.902636503300137,9.493515532228571
60.755943641672836,301.9322275675278,17.902636503300137,9.493515532228571
60.755943641672836,301.9322275675278,17.902636503300137,9.493515532228571
61.01907318073961,301.669098028461,17.90263650330013,9.493515532228571
61.452803145668206,300.22333147869904,18.191789813252534,10.216398807109556
61.452803145668206,300.22333147869904,18.191789813252534,10.216398807109556
61.343854365213616,300.44122903960823,16.99335322825206,10.216398807109556
61.99754704794115,299.46069001551695,16.993353228252055,10.216398807109556
61.99754704794115,298.014923465755,16.993353228252055,10.216398807109556
62.47644277186926,296.9374080869167,16.993353228252047,10.216398807109556
62.47644277186926,296.9374080869167,16.993353228252047,10.216398807109556
62.179012598311814,296.9374080869167,16.993353228252047,10.216398807109556
62.832705281039345,295.73897150191624,16.99335322825204,10.216398807109556
61.147267630880485,294.94582437242974,16.99335322825204,10.216398807109556
61.147267630880485,294.94582437242974,16.99335322825204,10.216398807109556
61.147267630880485,294.94582437242974,16.99335322825204,10.216398807109556
61.147267630880485,294.94582437242974,16.99335322825204,10.216398807109556
61.940414760367005,294.64839419887227,16.993353228252047,10.216398807109556
62.778482277241196,293.9300506129801,16.993353228252047,10.216398807109556
62.778482277241196,293.9300506129801,16.993353228252047,10.216398807109556
62.778482277241196,293.1356732792981,16.993353228252047,10.216398807109556
62.778482277241196,293.1356732792981,16.993353228252047,10.216398807109556
62.778482277241196,291.4089747403345,16.993353228252047,10.216398807109556
62.778482277241196,291.4089747403345,16.993353228252047,10.216398807109556
62.778482277241196,291.4089747403345,16.993353228252047,10.216398807109556
63.096233210714,290.13797100644325,16.993353228252055,10.216398807109556
63.096233210714,290.13797100644325,16.993353228252055,10.216398807109556
63.096233210714,290.13797100644325,16.993353228252055,10.216398807109556
63.73173507765961,288.54921633907924,16.99335322825206,10.216398807109556
62.71969849282622,287.9709097191745,16.993353228252055,10.216398807109556
62.71969849282622,287.9709097191745,16.993353228252055,10.216398807109556
62.71969849282622,287.9709097191745,16.993353228252055,10.216398807109556
62.71969849282622,287.9709097191745,16.993353228252055,10.216398807109556
63.29800511273101,287.9709097191745,16.993353228252055,10.216398807109556
63.29800511273101,287.9709097191745,16.993353228252055,10.216398807109556
64.09238244641303,286.8587814520196,16.993353228252047,10.216398807109556
64.09238244641303,286.8587814520196,16.993353228252047,10.216398807109556
64.09238244641303,286.8587814520196,16.993353228252047,10.216398807109556
64.09238244641303,286.8587814520196,16.993353228252047,10.216398807109556
64.41013337988583,285.7466531848648,16.993353228252047,10.216398807109556
64.41013337988583,285.7466531848648,16.993353228252047,10.216398807109556
64.41013337988583,285.7466531848648,16.993353228252047,10.216398807109556
64.41013337988583,285.7466531848648,16.993353228252047,10.216398807109556
64.41013337988583,285.7466531848648,16.993353228252047,10.216398807109556
64.41013337988583,285.7466531848648,16.993353228252047,10.216398807109556
64.41013337988583,285.7466531848648,16.993353228252047,10.216398807109556
64.41013337988583,285.7466531848648,16.993353228252047,10.216398807109556
64.9338986164348,285.3974763604988,16.993353228252047,10.216398807109556
64.9338986164348,285.3974763604988,16.993353228252047,10.216398807109556
64.9338986164348,285.3974763604988,16.993353228252047,10.216398807109556
65.2230519263872,284.6745930856178,16.993353228252047,10.216398807109556
65.2230519263872,284.6745930856178,16.993353228252047,10.216398807109556
65.2230519263872,284.6745930856178,16.993353228252047,10.216398807109556
65.2230519263872,284.6745930856178,16.993353228252047,10.216398807109556
66.06111944326139,284.19569736168967,16.993353228252047,10.216398807109556
66.06111944326139,284.19569736168967,16.993353228252047,10.216398807109556
66.06111944326139,284.19569736168967,16.993353228252047,10.216398807109556
66.06111944326139,284.19569736168967,16.993353228252047,10.216398807109556
66.06111944326139,284.19569736168967,16.993353228252047,10.216398807109556
66.06111944326139,284.19569736168967,16.993353228252047,10.216398807109556
66.63668562291593,284.0038419684715,16.993353228252047,10.216398807109556
67.05834588913115,282.73886116982584,16.993353228252047,10.216398807109556
67.05834588913115,282.73886116982584,16.993353228252047,10.216398807109556
67.05834588913115,282.73886116982584,16.993353228252047,10.216398807109556
67.05834588913115,282.73886116982584,16.993353228252047,10.216398807109556
67.05834588913115,282.73886116982584,16.993353228252047,10.216398807109556
67.05834588913115,282.73886116982584,16.993353228252047,10.216398807109556
67.63391206878569,280.82030723764404,16.993353228252047,10.216398807109556
66.86649049591297,280.82030723764404,16.993353228252047,10.216398807109556
66.86649049591297,280.82030723764404,17.866295289166985,10.390987219292526
66.38986409570376,281.9324355047989,17.866295289166985,10.390987219292526
66.38986409570376,281.9324355047989,17.866295289166985,10.390987219292526
66.38986409570376,281.9324355047989,17.866295289166985,10.390987219292526
67.25732402556095,280.9203989199655,17.866295289166985,10.390987219292526
67.25732402556095,280.3217792650554,17.866295289166985,10.390987219292526
67.25732402556095,280.3217792650554,17.866295289166985,10.390987219292526
67.25732402556095,280.3217792650554,17.866295289166985,10.390987219292526
67.25732402556095,280.3217792650554,17.866295289166985,10.390987219292526
67.25732402556095,280.3217792650554,17.866295289166985,10.390987219292526
67.25732402556095,280.3217792650554,17.866295289166985,10.390987219292526
67.25732402556095,280.3217792650554,17.866295289166985,10.390987219292526
67.25732402556095,280.3217792650554,17.866295289166985,10.390987219292526
67.25732402556095,280.3217792650554,17.866295289166985,10.390987219292526
67.25732402556095,280.3217792650554,17.866295289166985,10.390987219292526
68.03431016238005,280.3217792650554,17.866295289166985,10.390987219292526
69.37849634800955,280.14501490485134,16.62894476773863,10.037458498884405
69.33426782355912,280.3217792650554,16.700816083938335,9.614001082473408
68.8482032673974,280.3217792650554,16.80570912794269,9.860694138680401
69.01386689157435,280.61453640939095,16.841645283992506,9.80547293062142
68.98898249881894,280.18857476711247,16.66745480768067,9.858169227520818
68.86748831940656,280.4681578372232,16.25613099532137,9.659094358453615
69.67015759779161,280.16092369357335,16.41859514582859,9.747564933364345
69.74575975241326,280.4681578372232,16.402509567489147,9.659094358453615
69.30662403590992,280.9072935537265,16.988023856160282,9.219958641950257
69.59938118024547,280.9072935537265,16.695266711824715,9.073580069782452
69.24284341206193,280.3217792650554,17.204455493666657,9.618840791208811
70.67682963564597,281.2042323257225,16.432309065582942,8.846694363125096
70.3135798837198,280.3217792650554,17.38372857472085,9.747564933364345
70.07215131596833,280.3217792650554,17.866295289166985,9.452711455823419
70.4562163704792,280.65269916280556,16.763228963333106,9.17761426087526
70.85384547001986,280.98780175477003,16.13463681590899,9.19214673780624
70.58743647413402,280.8545972568271,16.800659305623597,8.925737741920386
70.77259058579989,280.9278597064759,17.138998759462368,9.178826336451493
71.51986795973448,281.12100625271296,16.13463681590899,9.058942239863313
71.4933898865137,280.02902212071984,16.402509567489147,10.390987219292526
71.33591257011868,280.9045188676697,16.700816083938335,9.031261479859097
70.98778567138629,280.3217792650554,17.866295289166985,10.390987219292526
71.93545311440569,280.4549837629983,16.40104581179483,9.591760231634964
72.18671264333427,280.49854362525946,16.452180407534584,9.68392977847634
71.72440563852822,280.51602579926015,16.8950626181431,9.614001082473408
72.39900463161622,280.6854275299077,16.048053964905463,9.300042424735636
72.07890417518483,280.61453640939095,16.402509567489147,9.219958641950257
72.3716613195204,280.3217792650554,15.670616706650236,10.244608647124721
71.7983687545892,280.49636767723837,17.866295289166985,10.390987219292526
72.38388304326034,280.057231960735,17.866295289166985,10.390987219292526
71.7983687545892,280.2036105329028,17.866295289166985,10.390987219292526
72.28093546903534,279.209523105382,17.866295289166985,10.390987219292526
71.7983687545892,279.79266085463655,17.599886293281145,8.126510754262824
71.95922432607125,279.04866753389996,17.70543971768494,9.264998218918208
72.03293769545648,278.15067826856557,17.866295289166985,10.390987219292526
72.49672240332116,278.2267183188595,17.866295289166985,10.390987219292526
72.49672240332116,278.2267183188595,17.866295289166985,10.390987219292526
72.49672240332116,278.2267183188595,17.573538144831417,9.366337214118062
72.49672240332116,276.69187517311406,17.866295289166985,10.390987219292526
72.49672240332116,276.69187517311406,17.866295289166985,10.390987219292526
72.49672240332116,276.69187517311406,17.866295289166985,10.390987219292526
72.49672240332116,276.69187517311406,17.866295289166985,10.390987219292526
72.49672240332116,276.69187517311406,17.866295289166985,10.390987219292526
73.13222427026676,274.94424503901365,17.866295289166985,10.390987219292526
73.13222427026676,274.94424503901365,17.866295289166985,10.390987219292526
73.13222427026676,274.94424503901365,17.866295289166985,10.390987219292526
73.13222427026676,274.94424503901365,17.866295289166985,10.390987219292526
73.13222427026676,273.1620800802975,17.866295289166985,10.390987219292526
73.13222427026676,273.1620800802975,17.866295289166985,10.390987219292526
74.24435253742158,271.8910763464063,17.866295289166985,10.390987219292526
74.78909643969452,270.910537322315,17.866295289166985,10.390987219292526
75.26572283990373,270.2750354553694,17.866295289166985,10.390987219292526
75.26572283990373,270.2750354553694,17.866295289166985,10.390987219292526
75.26572283990373,269.43696793849523,17.866295289166985,10.390987219292526
75.26572283990373,269.43696793849523,17.866295289166985,10.390987219292526
75.61489966426971,268.2148490532143,17.866295289166985,10.390987219292526
75.61489966426971,268.2148490532143,17.866295289166985,10.390987219292526
75.61489966426971,268.2148490532143,17.866295289166985,10.390987219292526
76.19046584392426,266.68000590746885,17.866295289166985,10.390987219292526
76.19046584392426,266.68000590746885,17.866295289166985,10.390987219292526
76.71423108047323,263.88659131254104,17.866295289166985,10.390987219292526
76.71423108047323,263.2879716576309,17.866295289166985,10.390987219292526
77.50860841415523,262.97022072415814,17.866295289166985,10.390987219292526
77.43389683447302,261.2518543914672,17.866295289166985,10.390987219292526
78.38714963489143,260.93410345799435,16.11866515506655,8.643357085192122
78.38714963489143,260.93410345799435,16.11866515506655,8.643357085192122
79.11003290977241,260.06664352813715,16.11866515506655,8.643357085192122
79.2846213219554,258.6699362306732,16.11866515506655,8.643357085192122
80.54770802798586,257.3166290456406,15.216460365044796,9.094459480203
80.54770802798586,257.3166290456406,15.216460365044796,9.094459480203
81.18019842730868,256.26247838010255,15.216460365044796,9.094459480203
81.18019842730868,256.26247838010255,15.216460365044796,9.094459480203
84.46750793332617,255.81420890200928,11.480881380934008,7.450804727194281
84.38540729321211,254.82900122064055,11.480881380934008,7.450804727194253
83.84408441919905,254.2876783466275,11.480881380934008,7.450804727194225
80.76055450102365,249.3272803517707,15.803558889627581,11.493497374274625
80.23077993788553,251.0268578783959,15.325125427477019,8.963752608524317
79.35986125426912,248.93087210071906,16.88327460319988,9.784625054127218
80.57903374878953,247.77832187850635,15.862942589730466,9.914339118581552
83.00984695673682,246.57859966947308,13.262410413319856,11.097118917267665
83.86678252303611,246.6397048691642,13.1866637391214,9.055901603974945
83.47706934968733,245.4949298896757,14.18975965587805,9.797691190963405
85.38867417441062,245.8218103046975,12.854311345618086,10.168335840563572
85.54745121152604,244.35750809322437,12.551161872175783,10.80353173807535
86.33936370957883,243.85982387535483,12.31008890122385,11.750539405713681
86.10344530087895,243.88514210116082,12.046600440626236,9.776951082247365
85.08608196388334,242.78013791779892,13.238939693319963,8.656229799478439
87.55583875224534,240.9221470448381,11.132402433167272,9.39748257345289
84.31069609883488,241.60868951948112,13.914788785101905,8.644035457411775
81.06928052675472,240.28848124577678,17.312459598956877,7.637849823069217
82.60399522762967,239.25887218159266,13.268719325907156,7.856478548234492
86.9155080886355,239.52190391039937,9.214777070711335,8.10264880355652
87.21934963357992,238.04965517828944,9.253185845698411,9.951539494430364
88.78845404241932,237.22754205527022,9.686635883405287,6.361372818952731
88.15637411453004,235.80901285330958,10.649893143162316,9.253185845698397
85.96098226293279,232.51753686093076,10.18379976409227,10.692989752296882
87.62450568627405,233.76985246418758,8.167077480058609,9.917522285311406
84.0909090909091,233.58585858585857,15.404040404040401,11.111111111111114
87.26125935482162,231.87659082867717,8.249781908381763,9.400914267690837
87.80623072815196,232.82988764324506,10.300716318796347,8.554832196966458
89.0023865469776,231.41850008343567,5.761417602038634,9.253185845698397
89.48202988771632,230.29646070032268,6.714593946122093,8.673017180407697
85.22483940042827,229.1220556745182,15.203426124197009,9.207708779443266
82.84946119406106,227.04818890190958,19.465353620753746,12.07218146846077
82.49976919228209,226.4512620381648,15.947160622039988,11.190989910203484
83.19803009939957,226.1294756219077,15.732142243890792,8.63349269481813
85.93459299312092,226.0593775515499,15.290976864056958,7.645488432028486
84.82769795132155,224.62548486605323,17.109664393932917,7.681890136051521
85.3706765770082,222.98351117319447,16.444750382393153,9.909016256057413
87.84666800424459,224.52631844366886,15.522658331694188,5.560355223293442
85.77704086190253,221.06063530505182,16.217702734605865,9.4989401731263
86.81237289902009,220.42032253107715,15.348431457454438,10.168335840563572
86.14120455436533,219.58988816006314,16.449384202243095,8.80389577021461
89.5569713670313,220.37748807882525,13.238939693319963,7.128659834864607
86.67610601456212,216.84224217271876,15.593140800121176,10.395427200080775
91.12392717251416,217.6120091015375,11.384827187810643,8.433205324304168
91.38369059472565,216.6864756100718,12.278745165963542,9.017203481254484
87.62746474539587,215.54396783677208,15.601429849962742,10.963166921595445
88.19180696459891,214.8983382140999,15.179769583747529,10.963166921595445
87.25270140312288,213.91803045498625,15.538368684286013,9.776951082247365
87.59311739031698,211.98472908710656,16.499563816763512,9.400914267690837
88.11681808789474,211.37427291233533,16.205297607113053,10.326905337866151
87.93103448275862,211.01149425287358,16.51991297867022,11.466602701203072
87.35632183908046,210.4367816091954,17.557555157414967,10.201830617058278
88.92284495072948,208.33461376226748,14.595932461145281,11.120710446586884
90.57106682845003,209.74548407123325,16.216868178146342,11.14909687247561
93.86795614913358,207.18994552202406,12.475154711013047,10.692989752296882
90.18867924528303,207.16981132075472,15.471698113207538,8.679245283018872
93.22668643092915,205.84136494708878,11.59565732091825,10.11984638916502
93.22668643092915,205.84136494708878,11.59565732091825,10.11984638916502
93.22668643092915,205.84136494708878,11.59565732091825,10.11984638916502
93.22668643092915,205.84136494708878,11.59565732091825,10.11984638916502
93.22668643092915,205.84136494708878,11.59565732091825,10.11984638916502
94.62556016970458,203.323392217293,11.59565732091825,10.11984638916502
94.62556016970458,203.323392217293,11.59565732091825,10.11984638916502
94.62556016970458,201.5884723575786,11.59565732091825,10.11984638916502
94.62556016970458,201.5884723575786,11.59565732091825,10.11984638916502
94.94331110317738,199.0464648897962,11.59565732091825,10.11984638916502
94.87645254585912,199.64508454470632,11.59565732091825,10.11984638916502
95.9011025510336,199.64508454470632,11.010143032247115,8.94881781182275
94.16618269131922,197.33185806508715,13.33057718063263,10.40899969911743
94.16618269131922,197.33185806508715,13.33057718063263,10.40899969911743
94.16618269131922,197.33185806508715,13.33057718063263,10.40899969911743
94.8612270942309,194.78336192107764,13.33057718063263,10.40899969911743
94.8612270942309,194.78336192107764,13.33057718063263,10.40899969911743
93.59022336033968,193.67123365392283,14.442705447787446,10.40899969911743
93.59022336033968,193.67123365392283,14.442705447787446,10.40899969911743
93.59022336033968,193.67123365392283,14.442705447787446,10.40899969911743
94.86319833085122,191.12528371289974,14.442705447787446,10.40899969911743
94.86319833085122,191.12528371289974,14.442705447787446,10.40899969911743
94.86319833085122,188.83392876597898,14.442705447787446,10.40899969911743
94.86319833085122,188.83392876597898,14.442705447787446,10.40899969911743
94.86319833085122,188.83392876597898,14.442705447787446,10.40899969911743
94.86319833085122,188.83392876597898,14.442705447787446,10.40899969911743
94.0994133485443,185.7787888367513,15.715680418298987,11.936569663731262
95.80707528612584,185.7787888367513,13.367645254124369,9.801992241754334
95.54278464507472,183.86486316022066,13.41774373564634,10.522454782098862
95.59139432965493,183.24745035508627,13.71761294915514,10.338115688416195
94.56761792160813,182.70700659186141,15.076265961174656,10.292361059697242
94.10742968113753,181.61577263243245,15.936293683465763,10.061356909813668
94.65896284405447,180.95393283693213,15.449271422413148,10.870933680187875
94.87431049008093,178.91717288411365,16.418333707383894,10.230125961667909
95.01550302496337,178.14502645602994,15.6053737857156,10.281970174980444
95.23611629013014,176.9227561060075,15.05384062279866,10.061356909813668
95.17544761397447,176.07008581919703,15.916438500894671,10.230125961667909
94.64601521278512,174.63344025397038,16.763210891396923,10.292361059697242
95.49279640584079,173.7234538793731,15.672266096840005,10.724408780890258
95.74588500037193,172.85229643376263,15.297961414024769,9.805297696644487
95.32816599609771,171.3081589897839,16.763210891396923,11.936569663731262
95.91368028476884,170.86902327328053,15.884939458390221,10.619162514221216
96.54032687893873,169.73234984209057,15.429833920271804,10.603192692606143
96.54032687893873,168.90775077211313,15.429833920271804,10.603192692606143
96.73347257426754,168.06685054139132,15.458283354524937,10.330505002965737
96.85573596071156,167.234639084147,16.361694726205542,10.330505002965737
96.85573596071156,165.2762158498614,15.96398390373939,10.60452468430202
96.9470808831579,164.45411154784438,16.032451511826252,10.383705982143596
97.51757575621188,163.62161636111057,15.660144565563044,10.281970174980444
97.41528545622172,161.35936938129018,15.96398390373939,11.670160667845408
97.41528545622172,161.35936938129018,16.1804712887826,10.576843924297833
97.69506020397681,159.68072089475965,16.16093664360986,11.334295415944183
98.13419592048015,159.0952066060885,16.17769660272579,11.058298230724574
98.25460969948698,156.88297341720877,16.015095954010405,11.18845472634473
98.25460969948698,155.8173374336654,16.496801895511084,11.53695616990251
98.25460969948698,155.15627487824514,16.763210891396923,11.936569663731262
98.71133431171864,153.78610104155013,16.671865968950584,11.479845051499609
98.5578559637257,152.24667667236974,16.763210891396923,11.936569663731262
99.39438017205559,151.14507545984992,15.96398390373939,12.06977416167419
99.36672909851647,150.03663579350936,16.11978860546874,11.936569663731262
99.43739611791355,148.55610789268547,16.17769660272579,11.936569663731262
99.38469982101411,147.75688090502794,16.763210891396923,11.936569663731262
99.96672038650186,146.82175651475274,16.763210891396923,11.936569663731262
99.82034181433409,146.08986365391382,16.32407517489358,12.229326808066816
100.84499181950856,145.5043493652427,15.592182314054654,11.497433947227904
100.552234675173,144.91883507657158,16.763210891396923,11.936569663731262
101.06480838862262,144.0694414206186,16.763210891396923,11.936569663731262
101.42845665347492,143.7057931557663,15.67226609684002,11.572921398878947
101.54967274175903,142.73606444949348,16.27834653826052,12.057785752015377
101.35756553295819,142.60565569894078,16.470453747061356,11.64381251939571
101.8212356947104,141.7245167717465,15.931140854700374,11.785284202513708
101.51842302148461,141.61050716697403,15.759420478418477,11.735811581135579
101.7844879260338,141.45535063601153,15.672266096840005,11.694137487163061
101.33696541740507,141.21062082075306,16.1804712887826,11.742323129526483
102.2996077922424,141.22994931279615,15.759420478418477,11.1335373333485
102.24640681306457,141.00208887364593,16.123796434272577,11.753879818838584
102.6117865028499,141.1847787185386,15.849761666933588,11.29715520660693
102.3560207701136,140.8943018701706,15.84884819014674,11.687198017935742
102.69161060062073,140.99446310219278,15.830779405796463,11.403751671959583
102.89967578314464,140.72805410630693,15.770451198146432,11.826263031147874
103.00998241572803,141.0589740040571,15.549837932979656,11.605649765981099
102.55840610267781,140.86125860424985,15.96398390373939,11.536956169902481
102.72065165374518,140.72805410630693,16.097188401682317,11.403751671959583
102.72065165374518,140.72805410630693,16.608606552669116,11.083099786249818
102.78329139910208,140.72805410630693,15.948894201757128,11.310172210162193
102.72065165374518,140.72805410630693,16.963968973992607,11.233916374646356
102.72065165374518,140.28682757597338,16.763210891396923,11.936569663731262
103.27218481666212,140.28682757597338,15.770451198146432,11.715956398564487
102.72065165374518,140.72805410630693,16.763210891396923,11.775714092249217
102.72065165374518,140.72805410630693,17.094130789147087,11.164423235647547
103.36269732414215,140.00075757660233,16.363597397568157,12.06977416167419
102.45424265785934,140.06203161659232,16.763210891396923,11.936569663731262
102.5198935711495,140.02540081722202,16.361694726205542,11.836190622433406
103.02178877763872,139.82464273462634,16.060557602312016,11.936569663731262
102.80377553567702,140.14618693278408,15.931972072078565,11.770321899867582
102.72065165374518,139.8203413390016,15.174713548612587,12.692996969819063
101.99041358195856,139.95486085382697,15.646376193370358,12.151345567197893
100.8395800676849,139.93002373646317,16.136187029376828,12.164578340829507
99.98735844210704,140.17737500539795,16.006027127647073,12.143074326572133
99.27047531966349,140.00075757660233,15.672266096840005,12.300217928583578
98.22149595076806,139.90566539131777,16.199453183184758,12.249768390515783
97.70108118696999,140.46823576389784,15.68260042628306,11.936569663731262
95.53560270200707,139.9162931956672,16.233711777135483,11.633998741296153
93.68873892340453,140.3291707506857,16.87351752398031,11.054116603064159
93.02469287101937,140.92151740718722,15.659041437120635,11.233916374646356
91.10369234334135,141.15129560370278,16.097188401682303,12.336183157560043
88.88909920360565,141.57866822731484,16.03591436169232,11.815353575447148
87.69495490834079,141.64855678884211,15.466411542618445,11.314105976317592
85.10666274467337,140.86486768590296,15.72473400090638,13.022250049244093
82.81926858469156,141.5014928426241,16.374525120169636,12.171104953943654
80.83387624595981,141.9919017348567,16.17634282349438,11.545286624591796
77.58284578370981,141.62333545382654,17.00812231281165,11.936569663731262
75.84217302127914,142.1471006903755,16.819498078386317,12.488102826648202
72.55694477122202,142.1471006903755,17.63649518322201,12.210604431070266
68.06116064856994,143.67467065498934,17.305159803625074,11.936569663731262
65.13736245438211,143.39489590723426,16.587855403379294,11.560688637463869
62.689434404102684,143.94296544191226,16.35766626897336,11.114465361714252
59.75585262654567,143.89679111372348,16.28358467858056,11.635432539837751
57.15572813949231,144.23821643966468,15.735716830129903,11.867734776117658
54.14386906020837,144.53010942474697,16.105863151009935,11.089968820928192
50.770586930486694,145.50437663526426,16.0110563805844,10.628706799072432
48.66017760508671,145.15579073669633,15.496685867637417,11.936569663731262
45.06177316964554,146.84243180155715,15.926235373715521,10.931775516821574
41.82226425432839,147.16018273502996,15.874899520681296,11.180142357643462
38.53996982540328,147.6024905999571,15.322707504448168,11.110551012367779
36.03072579869898,147.35833912211646,15.97464814001566,11.936569663731262
32.438931677559864,148.23799070773495,16.200270141054517,10.383705982143596
29.54414387747854,149.01690908265462,15.221671700423805,10.340508924043746
26.95330215513325,149.1279025767374,15.25800279072201,10.621135011236191
23.141871983819577,150.09550818104282,15.681310430793495,9.928988837774341
20.022891056394002,150.76047211316444,15.571201517506552,9.305700358741149
17.00475654366684,151.69312121644083,15.93316107344764,8.906167456628737
14.81990866450965,152.5813878939394,14.897899383202159,10.06917860149025
11.642399329781602,152.9621378785571,14.69424508250985,9.430979849454985
8.569786744322226,152.85968587969163,15.563684716071126,10.340508924043775
3.1960221848534527,155.20074403080045,15.460377279675408,9.114339271572703
0.5799238188816349,155.70625893162426,14.55560314520222,10.306151836062526
0,156.6444893462961,12.999543736611155,9.709227179002767
0,158.3263871872421,9.63390978351797,8.099366382803879
0,159.01146065701846,8.162859888290157,8.341718207390613
0,0,0,0
0,0,0,0
0,0,0,0
0,0,0,0
0,0,0,0
0,0,0,0
0,0,0,0
0,0,0,0
0,0,0,0
0,0,0,0
0,0,0,0
0,0,0,0
0,0,0,0
0,0,0,0
0,0,0,0
0,0,0,0
0,0,0,0
0,0,0,0
0,0,0,0
0,0,0,0
0,0,0,0
0,0,0,0
0,0,0,0
0,0,0,0
0,0,0,0
0,0,0,0
0,0,0,0
0,0,0,0
0,0,0,0
0,0,0,0
0,0,0,0
0,0,0,0
0,0,0,0
0,0,0,0
0,0,0,0
0,0,0,0
0,0,0,0
0,0,0,0
0,0,0,0
0,0,0,0
0,0,0,0
0,0,0,0
0,0,0,0
0,0,0,0
0,0,0,0
0,0,0,0
0,0,0,0
0,0,0,0
0,0,0,0
0,0,0,0
0,0,0,0
0,0,0,0
0,0,0,0
0,0,0,0
0,0,0,0
0,0,0,0
0,0,0,0
0,0,0,0
0,0,0,0
0,0,0,0
0,0,0,0
0,0,0,0
0,0,0,0
0,0,0,0
0,0,0,0
0,0,0,0
0,0,0,0
0,0,0,0
0,0,0,0
0,0,0,0
0,0,0,0
0,0,0,0
0,0,0,0
0,165.2810864941299,7.574210057251197,8.075177890303337
0,165.8886304774521,10.502170381683195,8.6790508120894
0,165.63643381578157,12.292983796712658,7.6366135618984
0,163.43013788686665,14.45829461250563,9.818503151012209
4.1087725344886366,163.52822759096696,15.231223491876676,8.661137764121719
6.608503155623017,162.87040374330002,14.298792006276217,8.261524270292938
8.878152514001872,162.69581533111702,14.29879200627622,8.261524270292938
