374.0719168122846,261.06566405247406,7.855351213625568,4.3058962208022535
374.6090739517445,260.8649419186194,7.681183405012689,4.548856665825724
374.7160211445363,260.7192609664707,8.440860949400417,4.582181658245929
375.83083471202514,260.4398289071962,7.906848206898758,4.900038854797572
375.8903985553139,260.32349078875274,8.211474226075495,4.884260021388172
376.87700838670713,260.40056215708,7.256947985068905,4.4944844016287675
377.54848994094283,259.94854525076636,7.5163870855107575,4.992769199312704
377.95086577160174,260.0738042089436,7.35191440242744,4.96141462740502
378.82606362369864,259.89863442962195,7.318941537393982,4.849082009295103
378.78027419509533,259.80609790388803,7.963079147530209,5.245930263372372
379.5591356512626,259.8952457123359,7.614939461376935,4.306987489583605
379.8524672090462,259.6421743324603,8.122519304762193,4.832031361143152
380.7850491568914,259.751873872106,7.607037901985393,4.569202798737592
381.42208405097045,259.8611168136387,7.466226738610885,4.3165893587416235
381.97819655319284,259.6519267510531,7.264864154907173,4.39175403714728
382.1798768191933,259.8192039600968,7.84318652401123,4.284703749228356
383.0283466198976,259.5477624554287,7.017786344939566,4.59721297997379
382.86029125452075,259.52832764354395,8.100686066929882,4.611159761175486
383.74507821716594,258.9755018595502,7.515963767858409,4.866303015677829
384.89285144458074,258.89280930155815,7.383686969876237,4.7097977876466075
384.83395075822875,258.85086250947336,7.392244199663196,5.072502296003222
385.9314257831523,258.732329176928,7.296282275668318,4.395896774781534
385.98763507060903,258.50710041629407,8.21398237555826,4.6564782846268145
386.8884068766776,258.73228330898553,7.393069037182329,4.65350538381017
386.8032265554412,258.2847858056735,8.277293434498745,4.925331630445555
387.8049612225983,258.44820952069153,7.488886000336549,4.758444962392389
388.011495820419,258.5381320899965,8.124821820377235,4.678342080239474
388.9678521879345,257.89918784359264,7.10903214735464,5.1917099920260625
389.7317756185469,258.0096424244903,7.442723352673227,5.11687230496284
390.20136615264255,257.8367832398018,8.058540122088061,4.630653652244632
391.157180577442,257.97237122291716,6.991234619882391,4.2549392696348605
391.5625778437215,257.7732692657238,7.330384415565618,4.206465318636788
392.04285693667686,257.20903502345095,7.456404829424457,5.0347834444554
391.9738129151653,257.43235002141853,8.181523097240074,4.829561293186828
392.86628010359004,257.3736563796975,7.22728477540295,4.773513339531462
393.31484960642047,257.0672548353063,8.055367543478496,5.234289458631622
394.1457620200334,256.47844506716257,8.010842040639204,4.91785283575922
394.9655115481073,256.63329935913794,7.308234449206964,5.328661574549528
395.86370651986795,256.7419571971102,7.432735887864624,5.328661574549528
395.94456138540403,256.69241606639144,8.453242642768089,4.672269518422354
396.85563603781196,256.6870610490193,8.204644807542365,4.718604525126807
396.8433823566493,256.6315238905676,8.406586100226491,4.667807915489675
397.7692377430873,256.68571543206264,7.778515738186115,4.72445333992431
398.1044914879964,256.68361842876214,8.111996237086089,4.647954600708829
398.96183370681695,256.2367659225815,7.561946248691584,4.944349470298334
398.70441251927264,256.2875610376576,8.087342017831418,4.728561922258734
400.0765648317858,256.31684659339703,6.872479413905012,4.59410308646909
399.8503563144209,256.436411741294,8.423240601289876,4.845683087645341
400.85884213831207,256.05787850802784,7.9366017238518225,5.217986768720266
401.1972131304194,256.22000104171684,8.115519389428243,4.956458150590379
401.99642981955105,256.04117951864794,8.167841620488844,5.2400055957239715
402.69483609054276,255.7221707785961,7.613511939827788,5.562848753653924
403.0643824718847,255.75654169237387,8.154844232079313,5.20416013589184
404.10175278376323,255.83547891716339,8.17974451981081,5.303761286818002
404.8298800136732,255.75621583750547,7.262209744454822,4.901991577507033
405.4780805085801,255.73773703580994,7.923228814067954,5.3523139616853825
405.7892093925049,255.3892510263723,7.579538120185589,5.281050025977692
406.7308743522415,255.59632175556587,7.533800046773365,4.400189566546288
407.7138779651262,255.58458245995163,7.73153934064311,4.830655819918746
407.94476792861997,255.5312974389231,8.349937945912302,4.803763485843717
408.87295318003686,254.9939727310835,7.432735887864624,4.880456395381827
409.7964934496143,255.13447028439674,7.58071038330371,4.897439133767989
410.05670154261213,254.71490318029797,8.134561608834417,5.309631468377319
410.69207467743917,254.7178826054638,7.488886000336549,5.426893183299882
410.9020106200932,254.6982405829829,8.414108202011107,5.294731502728922
411.65519918245053,254.65842041550522,8.485893516266401,4.905730163609263
412.1182620672866,254.63942966408035,8.14600459038121,4.803763485843717
412.9409957368869,254.64798478613042,8.21986379965,4.748367923098812
414.0276632763715,253.971825488099,7.251182678155942,5.226324118972741
414.92867658344943,254.1419321164745,7.22728477540295,4.886922943710431
415.05186477776545,254.10252503213334,7.2826420974740245,4.815252219197333
415.95357901873086,253.95832572830003,7.401678922419535,5.144235258465329
416.42010753036,253.77766595952596,7.798441748205391,5.513635130748753
417.2924025644507,253.7502419672797,7.7578483264877605,4.675757421584706
417.2600997551864,253.6593305127266,7.682675377587714,4.615619062464617
417.98530343964956,253.55779322585116,8.238955199448242,4.630653652244661
418.6866300699831,253.25567127237764,7.4305973064065824,4.934967402992243
419.8485118631608,253.24281733172205,7.4962717775491114,5.20704735486828
420.05325192451295,252.87362273202316,8.05524308115315,5.390912293878358
421.83574772795714,252.76600021510743,7.352079627417083,4.493855412713373
421.9806987003426,252.6837238837618,8.179993482969735,4.735785700666668
421.9806987003426,252.6837238837618,8.179993482969735,4.735785700666668
421.9806987003426,252.6837238837618,8.179993482969735,4.735785700666668
423.7391208470493,252.71569519552008,8.179993482969735,4.735785700666668
424.3452123934476,252.62245034222803,8.179993482969735,4.735785700666668
424.85805908655385,252.66907276887406,8.179993482969735,4.735785700666668
425.70743579462146,252.5532486723194,8.179993482969735,4.735785700666668
426.05161654924626,252.10316614704084,8.179993482969735,4.735785700666668
426.79947946298273,252.10316614704084,8.179993482969735,4.735785700666668
427.7513049895564,252.17115368465323,8.179993482969735,4.735785700666668
428.14843662950807,251.9593501433457,8.179993482969735,4.735785700666696
428.9213694225098,251.9593501433457,8.179993482969735,4.735785700666696
429.61631400183785,251.72770195023634,8.179993482969735,4.735785700666668
430.51151073107036,251.88755850902785,8.179993482969735,4.735785700666696
430.51151073107036,251.88755850902785,8.627591847585961,4.9915561947331355
431.5874129147573,251.93879194634627,8.627591847585961,4.991556194733164
432.8575097693549,251.1169645698419,8.627591847585961,4.991556194733164
432.8575097693549,251.1169645698419,8.627591847585961,4.991556194733164
433.87091840420453,251.1169645698419,8.627591847585961,4.991556194733164
434.89073146839064,250.64105180655508,8.627591847585961,4.991556194733164
436.12033396403285,250.74351868119194,8.627591847585961,4.991556194733164
436.12033396403285,250.74351868119194,8.627591847585961,4.991556194733164
436.4602716520949,250.74351868119194,8.627591847585961,4.991556194733164
437.4315221879637,250.5940955218275,8.627591847585961,4.991556194733164
437.83944741363814,250.5940955218275,8.627591847585961,4.991556194733164
438.3485643185468,250.55166911308513,8.627591847585961,4.991556194733164
439.5043524579577,250.55166911308513,8.627591847585961,4.991556194733164
440.7358620596686,249.73066271194452,8.627591847585961,4.991556194733164
440.7358620596686,249.73066271194452,8.813197831324885,5.610242807196272
441.8200314281255,249.73066271194452,7.729028462867973,5.321130975607758
442.43871804058864,249.85440003443713,7.729028462867973,5.321130975607758
443.4846801561397,249.7796884547549,7.729028462867973,5.321130975607758
444.2544193275941,249.8886372352095,7.939828315504826,5.321130975607758
444.2544193275941,249.8886372352095,8.896936470640583,5.095929056752283
445.3999323636385,248.48856574671078,8.260540339504814,5.98688364034237
445.3999323636385,248.48856574671078,8.773387032611083,6.173373346926468
446.4516996048258,248.30295976297185,8.773387032611083,6.173373346926468
447.71478631085625,247.7616368889588,8.773387032611083,6.173373346926468
447.71478631085625,247.7616368889588,8.773387032611083,6.173373346926468
449.71289036627485,247.60793657700353,8.312286096745254,6.224606784244884
449.71289036627485,247.60793657700353,8.312286096745254,6.224606784244884
450.73858375248733,247.51469172371148,8.312286096745254,6.224606784244884
451.75199238733694,247.8524946019947,8.312286096745254,6.224606784244884
451.75199238733694,247.8524946019947,8.869104047962026,6.03900080050596
452.70978383519315,247.8524946019947,8.869104047962026,6.03900080050596
453.7856860188801,247.39139366612886,8.869104047962026,6.03900080050596
455.10140004769147,248.1261736818364,6.993856215217477,5.064516569640261
456.00838489984704,248.01100685332835,7.071213664122524,5.039065812049927
456.7359287485838,247.8223718356959,7.351914402427383,5.247071833225277
456.9439338472308,247.75391886451266,7.170342827638251,4.989501230292035
457.03174677026624,247.85687545833045,8.115519389428243,4.629658712089935
457.9826954386544,247.7985310447461,7.155517831815473,4.649881958048439
458.9295842455908,247.12873630548992,7.4153603991707655,5.034783444455428
458.9295842455908,247.12873630548992,8.310557128403275,5.00281213269713
459.90865520515723,247.02315529476607,8.383179225847812,4.912034510891431
461.10288982058233,246.7182501950543,7.616424063459078,5.319931775344514
462.0959753316197,246.72738222552383,7.137299773133009,4.77472137600796
463.0195100359096,246.68599143050272,7.186864354890872,5.055587339302548
463.4668463065962,246.68513145226757,7.594587758119644,4.693704237395252
464.2881900378288,245.3530620819885,7.977031457607154,5.616630132743666
465.1804805585012,245.55134886436014,7.977031457607154,5.616630132743666
466.15955151806764,245.5047264377141,7.977031457607154,5.616630132743666
466.15955151806764,245.5047264377141,9.028798698794446,4.812337536541605
466.15955151806764,245.5047264377141,9.028798698794446,4.812337536541605
468.07513441378006,245.26527857575005,9.028798698794446,4.812337536541605
468.7288270965076,245.26527857575005,9.028798698794446,4.812337536541605
468.7288270965076,245.26527857575005,9.028798698794446,4.812337536541605
470.8942302401285,245.26527857575005,9.028798698794446,4.812337536541605
470.8942302401285,245.26527857575005,9.028798698794446,4.812337536541605
472.18309432554406,244.3729880550777,9.028798698794446,4.812337536541605
472.18309432554406,244.3729880550777,9.127942089980252,5.208911101284855
473.9072077679393,244.04458549462146,9.127942089980252,5.208911101284855
473.9072077679393,244.04458549462146,9.127942089980252,5.208911101284855
475.0629959073502,244.04458549462146,9.127942089980252,5.208911101284855
475.0629959073502,244.04458549462146,9.127942089980252,5.208911101284855
475.0629959073502,244.04458549462146,9.127942089980252,5.208911101284855
477.3185078824046,243.59348309961058,9.127942089980252,5.208911101284855
477.3185078824046,243.59348309961058,9.127942089980252,5.208911101284855
478.204333988679,243.54686067296456,9.127942089980252,5.208911101284855
479.5654445360979,243.60872933421086,9.127942089980252,5.208911101284855
481.8067919265644,243.309883015482,9.127942089980252,5.208911101284855
481.8067919265644,243.309883015482,9.127942089980252,5.208911101284855
482.8266049907505,243.2418954778696,9.127942089980252,5.208911101284855
484.4558630202432,243.21280158448582,8.371500862001483,5.150723314517251
484.4558630202432,243.21280158448582,8.371500862001483,5.150723314517251
484.4558630202432,243.21280158448582,8.371500862001483,5.150723314517251
484.4558630202432,243.21280158448582,8.371500862001483,5.150723314517251
487.04387395352876,242.40669981838047,8.371500862001483,5.150723314517251
488.19966209293966,242.13474966793086,8.371500862001483,5.150723314517251
488.19966209293966,242.13474966793086,10.114681349274917,6.131262338608536
488.19966209293966,242.13474966793086,10.114681349274917,6.131262338608536
490.09429215198537,242.13474966793086,8.220051290229208,6.131262338608536
491.80848125302674,241.32276535691128,8.220051290229208,6.131262338608536
491.80848125302674,241.32276535691128,8.220051290229208,6.131262338608536
493.0069178380272,240.77802145463832,8.220051290229208,6.131262338608536
493.0069178380272,240.77802145463832,8.958957051255766,6.6238661792928895
494.57798808075233,240.98167870832492,8.464360863731201,6.6238661792928895
494.57798808075233,240.98167870832492,8.464360863731201,6.6238661792928895
495.73622904629906,240.2095180646271,8.464360863731201,6.6238661792928895
497.13260467608086,240.2095180646271,8.588098186223817,5.943310905583445
497.2563419985735,240.2095180646271,8.464360863731201,6.6238661792928895
499.63578338703303,240.2095180646271,8.464360863731201,6.6238661792928895
500.6875506282203,240.2095180646271,8.464360863731201,6.6238661792928895
500.6875506282203,240.2095180646271,8.464360863731201,6.6238661792928895
501.8829359031358,239.91067174589824,8.464360863731201,6.6238661792928895
502.6890376692411,239.6985397021863,8.464360863731201,6.6238661792928895
503.7613534820996,239.41880514231016,8.464360863731144,6.6238661792928895
504.2089518467158,239.25894858351865,8.464360863731088,6.6238661792928895
505.3332177274457,238.90761549579057,8.46436086373103,6.6238661792928895
506.2665987197782,238.8227626783058,8.464360863731088,6.6238661792928895
507.16970576103284,238.4122594777355,8.464360863731088,6.6238661792928895
508.6949886873971,239.065952160463,8.46436086373103,6.6238661792928895
508.6949886873971,239.065952160463,8.46436086373103,6.6238661792928895
509.7827892891956,238.99796462285062,8.464360863731088,6.6238661792928895
511.1425400414437,238.65802693478858,8.464360863731144,6.6238661792928895
511.1425400414437,238.65802693478858,8.464360863731144,6.6238661792928895
511.8598081639016,238.19692599892275,8.464360863731088,6.6238661792928895
513.1399394727888,238.28420767907414,8.46436086373103,6.6238661792928895
514.1597525369749,238.08024506623693,8.46436086373103,6.6238661792928895
514.774553784796,238.08024506623693,8.46436086373103,6.6238661792928895
515.8881896872297,237.894639082498,8.37414038472889,5.631440910268964
517.5198905899274,237.6906764696608,8.46436086373103,6.6238661792928895
519.0469268484018,238.8078800243559,8.31328899632149,4.79205512208344
520.196454028466,238.27564841157832,6.938683958124102,5.204012968593048
521.1456657034079,238.09644159900273,7.071213664122524,5.171238030070896
522.3344580062485,238.19455678107644,6.905998391596313,4.824285957765824
522.8795371824613,237.82815486350464,7.368601154669705,5.485147047870726
523.8822161263619,237.74624392458512,7.388493869994704,5.1960624545659755
525.1206802686285,237.7771185941544,7.257487769134855,5.2752664401200775
525.1348227755022,237.44912063201937,8.304245958468528,5.615014883462237
526.2450907896921,237.1817565614466,7.930741642495491,4.892906539247576
526.8010750856245,237.02290390546594,7.930741642495491,4.892906539247576
527.420380362477,236.62880054746887,7.930741642495491,4.892906539247576
528.5109576655209,236.72794393865468,7.930741642495491,4.892906539247576
530.1870926992693,236.60822000767266,7.930741642495491,4.892906539247576
530.1870926992693,236.60822000767266,7.930741642495491,4.892906539247576
530.929516634225,236.3607453626874,7.930741642495491,4.892906539247576
531.9429252690746,236.1918439235458,7.930741642495491,4.892906539247576
533.536204660252,235.23276149660245,7.930741642495491,4.892906539247576
534.3895143052255,235.46878331329722,7.930741642495491,4.892906539247576
535.1568257874247,235.3728693780223,7.738913771945704,5.852045891996681
536.0296425889387,235.3146815912547,7.738913771945704,5.852045891996681
538.3206686610275,234.38130059892222,7.738913771945704,5.852045891996681
538.3206686610275,234.38130059892222,7.738913771945704,5.852045891996681
540.5018232671155,234.28215720773642,7.738913771945704,5.852045891996681
540.5018232671155,234.28215720773642,7.738913771945704,5.852045891996681
541.6972085420309,234.132734048372,7.738913771945704,5.852045891996681
542.3965449417212,234.03948919507994,7.738913771945704,5.852045891996681
543.2316990623335,233.94871157327424,7.738913771945704,5.852045891996681
543.2316990623335,233.94871157327424,9.21451274040362,5.852045891996681
544.8753538153422,233.3510189358165,9.21451274040362,5.852045891996681
546.7402508811831,233.25777408252446,7.862462367668968,5.94529074528873
547.3929648542274,233.21115165587844,7.862462367668968,5.94529074528873
547.3929648542274,233.21115165587844,7.862462367668968,5.94529074528873
548.6818289396431,233.11200826469263,7.862462367668968,5.94529074528873
548.6818289396431,233.11200826469263,7.862462367668968,5.94529074528873
550.4059423820383,233.27620954492076,7.862462367668968,5.94529074528873
552.2896668145688,233.37535293610657,7.862462367668968,5.94529074528873
552.2896668145688,233.37535293610657,7.862462367668968,5.94529074528873
553.8234149576058,233.37535293610657,7.862462367668968,5.94529074528873
555.3191407850787,232.89944017281974,7.862462367668968,5.94529074528873
555.3191407850787,232.89944017281974,7.862462367668968,5.94529074528873
557.4011519999808,232.7011533904481,7.862462367668968,5.94529074528873
558.4906398045267,232.37430704908434,7.862462367668968,5.94529074528873
558.4906398045267,232.37430704908434,7.862462367668968,5.94529074528873
559.663506031555,232.37430704908434,7.862462367668968,5.94529074528873
561.249800290528,231.77944670196945,7.862462367668968,5.94529074528873
561.249800290528,231.77944670196945,7.862462367668968,5.94529074528873
562.1172602203852,231.77944670196945,7.862462367668968,5.94529074528873
563.4165021065578,231.65570937947683,7.862462367668968,5.94529074528873
564.9107337002022,231.5062862201124,7.862462367668968,5.94529074528873
564.9107337002022,231.5062862201124,7.862462367668968,5.94529074528873
566.2555421344821,231.43157464043017,7.862462367668968,5.94529074528873
567.0598347306841,230.4416760604892,7.862462367668968,5.94529074528873
568.5376462527372,230.35957542037514,7.862462367668968,5.94529074528873
568.5376462527372,230.35957542037514,7.862462367668968,5.94529074528873
570.1813010057459,230.5837101594218,7.862462367668968,5.94529074528873
571.5346081907786,230.40326920141746,7.862462367668968,5.94529074528873
571.5346081907786,230.40326920141746,7.862462367668968,5.94529074528873
572.7186419037524,229.98160893520225,7.862462367668968,5.94529074528873
573.5777157112383,229.8698229649321,7.862462367668968,5.94529074528873
574.6210753251844,229.6490788369494,7.862462367668968,5.94529074528873
576.3584367735045,230.0351591587983,7.862462367668968,5.94529074528873
577.97997412527,229.34021457947026,7.862462367668968,5.94529074528873
577.97997412527,229.34021457947026,7.862462367668968,5.94529074528873
577.97997412527,229.34021457947026,7.862462367668968,5.94529074528873
580.4159270583287,229.2499941004681,7.862462367668968,5.94529074528873
580.9108763482992,229.00251945548283,7.862462367668968,5.94529074528873
581.5676814692117,228.92041881536878,7.862462367668968,5.94529074528873
582.3147972660339,228.47214933727548,7.862462367668968,5.94529074528873
583.5269803588304,228.3322820573374,7.862462367668968,5.94529074528873
584.8790307315651,228.19241477739934,7.862462367668968,5.94529074528873
585.8124117238975,228.2772675948841,7.862462367668968,5.94529074528873
586.4096779730353,228.52320075629376,7.862462367668968,5.94529074528873
587.33770789173,228.2138574500622,7.862462367668968,5.94529074528873
588.6007945977605,228.03341649205785,7.862462367668968,5.94529074528873
588.8482692427457,228.03341649205785,7.862462367668968,5.94529074528873
590.411982607831,228.03341649205785,7.862462367668968,5.94529074528873
591.1746240710131,227.92446771160326,7.862462367668968,5.94529074528873
592.618151735048,227.56358579559455,7.862462367668968,5.94529074528873
592.618151735048,227.56358579559455,7.862462367668968,5.94529074528873
594.1969289694487,227.43202102606116,7.862462367668968,5.94529074528873
594.1969289694487,227.43202102606116,7.862462367668968,5.94529074528873
595.3953655544491,226.45148200196988,7.862462367668968,5.94529074528873
596.6654624090467,226.82503990038094,7.862462367668968,5.94529074528873
596.6654624090467,226.82503990038094,7.862462367668968,5.94529074528873
597.9790726508716,226.41453669981064,7.862462367668968,5.94529074528873
597.9790726508716,226.41453669981064,7.862462367668968,5.94529074528873
597.9790726508716,226.41453669981064,7.862462367668968,5.94529074528873
598.471676491556,226.3324360596966,7.862462367668968,5.94529074528873
599.5906147310606,226.00607907317445,7.862462367668968,5.94529074528873
599.5906147310606,226.00607907317445,7.862462367668968,5.94529074528873
599.5906147310606,226.00607907317445,7.862462367668968,5.94529074528873
599.5906147310606,226.00607907317445,7.862462367668968,5.94529074528873
599.5906147310606,226.00607907317445,7.862462367668968,5.94529074528873
600.8221243327715,225.75977715283227,7.862462367668968,5.94529074528873
600.8221243327715,225.75977715283227,7.862462367668968,5.94529074528873
600.8221243327715,225.75977715283227,7.862462367668968,5.94529074528873
600.8221243327715,225.75977715283227,7.862462367668968,5.94529074528873
601.8073320141402,225.59557587260414,7.862462367668968,5.94529074528873
601.8073320141402,225.59557587260414,7.862462367668968,5.94529074528873
601.8073320141402,225.59557587260414,7.862462367668968,5.94529074528873
601.8073320141402,225.59557587260414,7.862462367668968,5.94529074528873
602.6996225348125,225.49643248141834,7.862462367668968,5.94529074528873
602.6996225348125,225.49643248141834,7.862462367668968,5.94529074528873
602.6996225348125,225.49643248141834,7.862462367668968,5.94529074528873
602.6996225348125,225.49643248141834,7.862462367668968,5.94529074528873
602.6996225348125,225.49643248141834,7.862462367668968,5.94529074528873
602.6996225348125,225.49643248141834,7.862462367668968,5.94529074528873
603.4622639979947,225.16958614005458,7.862462367668968,5.94529074528873
603.4622639979947,225.16958614005458,7.862462367668968,5.94529074528873
603.4622639979947,225.16958614005458,7.862462367668968,5.94529074528873
603.4622639979947,225.16958614005458,7.862462367668968,5.94529074528873
603.4622639979947,225.16958614005458,7.862462367668968,5.94529074528873
603.4622639979947,225.16958614005458,7.862462367668968,5.94529074528873
603.4622639979947,225.16958614005458,7.862462367668968,5.94529074528873
603.4622639979947,225.16958614005458,7.862462367668968,5.94529074528873
603.4622639979947,225.16958614005458,7.862462367668968,5.94529074528873
603.4622639979947,225.16958614005458,7.862462367668968,5.94529074528873
603.4622639979947,225.16958614005458,7.862462367668968,5.94529074528873
603.4622639979947,225.16958614005458,7.862462367668968,5.94529074528873
603.4622639979947,225.16958614005458,7.862462367668968,5.94529074528873
603.4622639979947,225.16958614005458,7.862462367668968,5.94529074528873
603.4622639979947,225.16958614005458,7.862462367668968,5.94529074528873
603.4622639979947,225.16958614005458,7.862462367668968,5.94529074528873
603.4622639979947,225.16958614005458,7.862462367668968,5.94529074528873
603.4622639979947,225.16958614005458,7.862462367668968,5.94529074528873
603.4622639979947,225.16958614005458,7.862462367668968,5.94529074528873
603.4622639979947,225.16958614005458,7.862462367668968,5.94529074528873
604.5882735922721,224.21247798491882,7.862462367668968,5.94529074528873
604.5882735922721,224.21247798491882,7.862462367668968,5.94529074528873
604.5882735922721,224.21247798491882,7.862462367668968,5.94529074528873
604.5882735922721,224.21247798491882,7.862462367668968,5.94529074528873
604.5882735922721,224.21247798491882,7.862462367668968,5.94529074528873
604.5882735922721,224.21247798491882,7.862462367668968,5.94529074528873
604.5882735922721,224.21247798491882,7.862462367668968,5.94529074528873
604.5882735922721,224.21247798491882,7.862462367668968,5.94529074528873
604.5882735922721,224.21247798491882,7.862462367668968,5.94529074528873
604.5882735922721,223.98727606606334,7.749861408241259,5.494886907577779
600.3456327180336,224.04277234994927,11.171722249575055,4.714924891759523
583.593039986394,225.05989014925396,14.20487875043193,3.821241771735515
562.3829348080702,225.92624550560828,13.79290753916223,4.022931365588988
539.6475227757293,226.4479756556907,15.161220887566401,4.147239794356722
515.9201365492744,227.3786238140184,15.252044806694585,3.3363848014644475
492.9242074267546,228.0091789394507,15.698363346378642,3.608819160087023
445.7624573509391,228.10026063980396,16.481738667286606,3.9035696843573646
421.2067754972389,227.63617603032066,12.54064658130244,5.052346824121855
397.0493236077055,227.75849394196416,9.556259986203827,2.740398084279036
373.81667367041183,227.40007456620773,8.782874835363316,2.6461225465517657
349.1651412677711,226.62227050459646,10.683755894556839,2.6149052888775657
325.6890533908224,226.25837656518698,8.86338465608759,1.9468706181001778
301.2235244321511,224.771681189758,10.455803750626728,3.217170384808213
277.6066161556426,223.5665312224537,10.608342856882246,3.470018691503526
254.3548587568153,221.9087709044519,13.289356339004996,4.070613653388932
230.1308043618672,221.268403039291,10.837284495056025,2.9556230441061757
206.74074773232286,219.58271422347013,11.081968630822104,2.5155388916589914
182.76120835918692,216.9188767209597,11.01398109320968,3.12742673017064
158.44875534365116,215.37358439574018,14.088456817896116,3.1268644807799433
136.62594672872285,212.91750333942514,10.246687307923878,3.4906297422597845
111.78544065999222,210.2452851443168,11.886157457874717,3.9449746735187716
88.86108090333093,207.59663476534982,10.837284495056025,4.761837126615518
63.88602266637604,204.58842548828628,11.421555743119676,3.6144163744049536
39.9344107425629,201.63070519002943,11.285931243659313,4.215227331969146
18.400157062783858,198.2855592997749,9.907593073931935,4.813263301874741
0,195.95104449642986,6.227062791059603,4.392068464914644
0,0,0,0
0,0,0,0
0,0,0,0
0,0,0,0
0,0,0,0
0,0,0,0
0,0,0,0
0,0,0,0
0,0,0,0
0,0,0,0
0,0,0,0
0,0,0,0
0,0,0,0
0,0,0,0
0,0,0,0
0,0,0,0
0,0,0,0
0,0,0,0
0,0,0,0
0,0,0,0
0,0,0,0
0,0,0,0
0,0,0,0
0,0,0,0
0,0,0,0
0,0,0,0
0,0,0,0
0,0,0,0
0,0,0,0
0,0,0,0
0,0,0,0
0,0,0,0
0,0,0,0
0,0,0,0
0,0,0,0
0,0,0,0
0,0,0,0
0,0,0,0
0,0,0,0
13.297225739700641,198.1047312436545,9.773463730953134,4.593019085621762
32.549548468502685,200.9543459268768,11.404687765130909,3.6994576180431977
75.48651211147057,205.34362492526077,10.9990699675283,4.888475541123682
87.79659964760751,207.2829513856256,7.562444316144763,3.7142319247105036
92.73528281941294,207.7713287335483,7.182125496754026,4.401947885107319
94.81986226640235,207.24608953943562,7.247023229174928,5.528656896483966
95.35580417813858,207.9349165615851,7.838715909719099,5.072110294524123
95.35580417813858,207.9349165615851,7.838715909719099,5.072110294524123
95.35580417813858,207.9349165615851,7.838715909719099,5.072110294524123
95.35580417813858,207.9349165615851,7.838715909719099,5.072110294524123
95.35580417813858,207.9349165615851,7.838715909719099,5.072110294524123
95.35580417813858,207.9349165615851,7.838715909719099,5.072110294524123
95.35580417813858,207.9349165615851,7.419114069904893,4.699130881355956
95.35580417813858,207.9349165615851,7.838715909719099,5.072110294524123
95.35580417813858,207.9349165615851,7.838715909719099,5.072110294524123
95.35580417813858,207.9349165615851,7.838715909719099,5.072110294524123
95.35580417813858,207.9349165615851,7.838715909719099,5.072110294524123
95.35580417813858,207.9349165615851,7.838715909719099,5.072110294524123
95.35580417813858,207.9349165615851,7.838715909719099,5.072110294524123
95.35580417813858,207.9349165615851,7.838715909719099,5.072110294524123
95.35580417813858,207.9349165615851,7.838715909719099,5.072110294524123
95.35580417813858,207.9349165615851,7.838715909719099,5.072110294524123
95.35580417813858,207.9349165615851,7.838715909719099,5.072110294524123
95.35580417813858,207.9349165615851,7.838715909719099,5.072110294524123
95.35580417813858,207.9349165615851,7.838715909719099,5.072110294524123
95.35580417813858,207.9349165615851,7.838715909719099,5.072110294524123
95.35580417813858,207.9349165615851,7.838715909719099,5.072110294524123
95.35580417813858,207.9349165615851,7.838715909719099,5.072110294524123
95.35580417813858,207.9349165615851,7.838715909719099,5.072110294524123
95.35580417813858,207.9349165615851,7.838715909719099,5.072110294524123
95.35580417813858,207.9349165615851,7.838715909719099,5.072110294524123
106.45978728323206,209.46022588567024,7.128659834864592,4.328114899739205
121.24629543165872,212.21505347749823,9.745755161141261,3.4816207707974343
140.51343282386907,214.25493033932023,11.135949710364656,2.8876412967173906
162.84697327494632,216.56839817706467,10.234760505017363,2.75240016950832
185.61916150267825,218.1589463476031,9.22090224735939,3.622004755908762
205.86585188660112,219.7576670903815,11.434903201905428,3.8598266189605397
228.79740117402264,221.2832430042039,9.869801343504378,2.695668100993231
247.1559672355571,222.827752425089,11.875417069550167,3.704258535456006
266.3054613012322,224.6530976182267,8.933799997276253,2.178975609091765
281.2816922497652,224.5059288981451,8.433205324304197,3.1563958209768828
285.8189869331651,224.34960707274323,8.260951237759855,4.190337584370951
288.67056775107784,224.47654724446767,8.52944448174128,4.637332789595064
290.4393142090765,224.3367490278865,8.810589143573281,5.098873522081732
290.3857390395833,224.48617218725093,8.661165984208878,5.323008261128393
290.73816052780535,224.48617218725093,8.661165984208878,4.800027203352897
290.73816052780535,224.48617218725093,8.661165984208878,5.323008261128393
290.78043334818346,224.6177369567843,8.661165984208878,5.323008261128393
290.78419186046966,224.68445896962257,8.661165984208878,5.323008261128393
290.7334686659389,224.48617218725093,8.661165984208878,5.323008261128393
290.73816052780535,224.63559534661536,8.661165984208878,5.323008261128393
290.8128721074875,224.93444166534422,8.661165984208878,5.323008261128393
290.64473741371074,224.59512096770553,8.661165984208878,5.323008261128393
290.8291122478573,224.60589611823295,8.661165984208878,5.323008261128393
290.8932495210049,224.84705410325964,8.300284068200142,5.052346824121855
290.9834700000071,224.48617218725093,8.661165984208878,5.323008261128393
290.73890764471963,224.21422203680132,8.661165984208878,5.323008261128393
290.97625241235187,224.40407154713688,8.661165984208878,5.323008261128393
301.166147251936,225.20599344171967,9.616908945024079,3.470018691503526
316.87303514386514,226.1111822157282,11.300156462821747,3.352270067496761
340.7329134198156,227.25218986533955,7.784897870083739,3.495260268200866
361.5700952092155,227.8519911883619,8.661165984208878,3.6088191600870516
383.0885110936498,228.8045966825822,10.470080792310455,2.5835264292714157
423.5531844602476,228.43108565204878,12.889800497907515,3.858730085360861
444.8095474873284,228.62197674265698,8.10726907879689,3.546930221973639
449.955624563199,228.84654951872722,9.111009937647736,3.671327031069893
453.1703903799741,227.72467388134203,8.27617051793851,5.630047971386745
454.74916761437476,228.25093295947556,7.355217131204768,5.366918432319977
454.65754124776134,228.2203908372711,7.5821667796378165,5.035187624271856
454.66230803264676,228.19147663304514,7.827901039845244,5.256490072975652
454.66230803264676,227.81791873463405,7.947767957482256,5.630047971386745
454.66230803264676,227.81791873463405,7.664282679426833,5.630047971386745
454.49810675241866,227.81791873463405,8.27617051793851,5.630047971386745
454.15560371522196,227.81791873463405,8.27617051793851,5.630047971386745
454.06461539518904,227.81791873463405,8.27617051793851,5.630047971386745
454.06461539518904,227.66849557526962,8.27617051793851,5.630047971386745
453.9824326565227,227.81791873463405,8.27617051793851,5.630047971386745
453.9304017963665,227.81791873463405,8.27617051793851,5.630047971386745
453.919884097691,228.00352471837297,8.27617051793851,5.630047971386745
453.84130163150616,228.06422065497622,8.27617051793851,5.630047971386745
453.6163459170957,228.0420534736807,8.27617051793851,5.630047971386745
453.34534479184447,227.93764266561607,8.27617051793851,5.630047971386745
453.37054481801107,228.22584396030848,8.27617051793851,5.630047971386745
453.26659715070775,228.06422065497622,8.27617051793851,5.630047971386745
452.9519660287127,228.21261304323423,8.27617051793851,5.630047971386745
452.63823486297997,228.54080200951503,8.27617051793851,5.630047971386745
452.9481189316054,228.53968256665146,8.27617051793851,5.630047971386745
452.8822579692676,228.63892513577466,8.27617051793851,5.630047971386745
452.7550019911987,228.41561137209177,8.27617051793851,5.630047971386745
452.68029041151647,228.490322951774,8.27617051793851,5.630047971386745
452.38965412858323,228.47472385554653,8.27617051793851,5.630047971386745
452.58465958871057,228.56578164837052,8.27617051793851,5.630047971386745
452.53086725215206,228.78916927050287,8.27617051793851,5.630047971386745
453.1285598896098,227.81791873463405,8.27617051793851,5.630047971386745
452.05265770592285,228.48395341977357,8.27617051793851,5.630047971386745
452.061251568127,228.47472385554653,8.27617051793851,5.630047971386745
451.93132057978954,228.65598625150824,8.27617051793851,5.630047971386745
452.061251568127,228.5568244956606,8.27617051793851,5.630047971386745
451.8115966488075,228.65598625150824,8.27617051793851,5.630047971386745
451.8911866646836,228.31286802460454,8.27617051793851,5.630047971386745
451.8584630350121,228.5650345314562,8.27617051793851,5.630047971386745
452.0459141415837,228.81034400365797,8.27617051793851,5.630047971386745
451.8396958041942,228.51192247293477,8.27617051793851,5.630047971386745
452.13613462058584,228.62990304565363,8.27617051793851,5.630047971386745
452.2904923727356,228.41653838954417,8.27617051793851,5.630047971386745
451.82313194352116,228.5638775609704,8.27617051793851,5.630047971386745
451.8367966749741,228.4977941107581,8.27617051793851,5.630047971386745
451.81494964778483,228.5568244956606,8.27617051793851,5.630047971386745
451.8911866646836,228.6222113308361,8.27617051793851,5.630047971386745
451.93317461469434,228.5650345314562,8.27617051793851,5.630047971386745
451.8367966749741,228.6337691859829,8.27617051793851,5.630047971386745
451.8970502878989,228.7210257758887,8.27617051793851,5.630047971386745
451.81494964778483,228.9673276962309,8.27617051793851,5.630047971386745
451.73141598157974,229.4550586161125,8.27617051793851,5.630047971386745
451.8970502878989,229.04942833634496,8.27617051793851,5.630047971386745
451.77525270457716,229.35166687767105,8.27617051793851,5.630047971386745
452.07604173334266,229.7913902776349,8.27617051793851,5.630047971386745
451.9530553259299,229.42650392703817,8.27617051793851,5.630047971386745
451.7328490076708,229.6241328171434,8.27617051793851,5.630047971386745
451.8584630350121,229.31215032827836,8.27617051793851,5.630047971386745
451.93132057978954,229.61377769936445,8.27617051793851,5.630047971386745
451.93132057978954,229.61377769936445,8.27617051793851,5.630047971386745
451.93132057978954,229.61377769936445,8.27617051793851,5.630047971386745
451.93132057978954,229.61377769936445,8.27617051793851,5.630047971386745
451.93132057978954,229.61377769936445,8.27617051793851,5.630047971386745
451.93132057978954,229.61377769936445,6.828958053071233,5.366918432319977
451.93132057978954,229.61377769936445,7.1250381586294225,5.438192578168554
451.93132057978954,229.61377769936445,6.974980623152703,5.485471316410553
451.93132057978954,229.61377769936445,6.689876258965455,5.630047971386745
451.93132057978954,229.61377769936445,7.208862196455698,5.630047971386745
451.93132057978954,229.61377769936445,7.719352566721682,5.630047971386745
451.93132057978954,229.61377769936445,7.619365397026002,5.630047971386745
451.93132057978954,229.61377769936445,7.3739657279167545,5.539827492384575
451.93132057978954,229.61377769936445,7.290962836569804,5.383746051044568
451.93132057978954,229.61377769936445,7.155496822705288,5.480624812022313
451.0282135385349,229.6958783394785,8.27617051793851,5.630047971386745
451.2095567477721,229.61377769936445,8.27617051793851,5.630047971386745
451.11031417864893,229.61377769936445,8.27617051793851,5.630047971386745
450.94611289842084,229.61377769936445,8.27617051793851,5.630047971386745
451.0597303361528,229.61377769936445,8.27617051793851,5.630047971386745
450.8706603612299,229.61377769936445,8.27617051793851,5.630047971386745
450.6939473548633,229.55190903811814,8.27617051793851,5.630047971386745
451.0474825908283,229.68176523697684,8.27617051793851,5.630047971386745
450.75845435276125,229.61377769936445,8.27617051793851,5.630047971386745
450.91791194493993,229.72637865879219,8.27617051793851,5.630047971386745
450.84867483176345,229.7942186573688,8.27617051793851,5.630047971386745
450.7819116181927,229.61377769936445,8.27617051793851,5.630047971386745
450.8853584642385,229.61377769936445,8.27617051793851,5.630047971386745
450.8538052009513,229.61377769936445,8.27617051793851,5.630047971386745
450.8554183961026,229.46007738740917,8.27617051793851,5.630047971386745
450.94611289842084,229.61377769936445,8.27617051793851,5.630047971386745
450.57156982754145,229.61377769936445,8.27617051793851,5.630047971386745
450.7359353048741,229.53906611968222,8.27617051793851,5.630047971386745
450.84074327674557,229.8120644817361,7.879596953195232,5.630047971386745
450.9398866679314,230.30778143766514,7.5821667796378165,5.233474406643495
450.63955736515385,230.08969046265128,7.800257754651682,5.222122745712312
450.75581601610963,230.47993895681282,6.7294539867806975,4.763886713938376
450.8853584642385,230.2861819165044,6.781938924294195,5.032355333929019
451.0390300591172,230.30778143766514,6.491589476593845,4.836900841900217
451.0474825908283,230.4976156883257,7.052394840915213,4.678222444813059
450.94611289842084,230.43478410050506,7.290962836569804,4.726940930132088
450.9794950532159,230.4296281507133,7.324344991364853,4.678222444813059
451.1094932032852,230.43560507586884,7.155496822705288,4.658797435517926
451.03051290436764,230.79608777335565,7.487963801944375,4.616639336537133
451.0291157897678,230.5159824893862,7.464186206918953,4.818063660367159
450.99793958745704,230.46230587421218,7.385215934348423,4.951225431508561
450.75581601610963,230.47993895681282,7.719352566721682,4.702018052692068
450.9600700439207,230.43560507586884,7.379631561751921,4.882932174564587
450.91150751560343,230.56560322593813,7.460320066589645,4.7462099824254835
450.755136294647,229.97241176059342,7.435142151661182,5.121990750793344
450.81768467735594,229.67564636061076,7.348140599243834,5.506310648894129
450.81768467735594,229.61377769936445,7.719352566721682,5.506310648894129
450.84074327674557,229.61377769936445,7.284736606080344,5.431761189015106
450.8106468845563,229.53906611968222,7.379631561751921,5.704759551068946
450.69271002608446,229.5011767399367,7.656865241085995,5.967850849669958
450.84867483176345,229.52355722036228,7.405202083525296,5.834981720660437
450.80418495878416,229.56254426204603,7.405202083525296,5.578814534068329
450.94611289842084,229.6958783394785,7.290962836569804,5.630047971386745
450.8282339524875,229.52892488187968,7.1730838906364625,5.630047971386745
450.8282339524875,229.7410569255916,7.470068751833196,5.630047971386745
450.8889037107975,229.69099376373424,7.31096971331624,5.591439939201848
451.0474825908283,229.68176523697684,7.120382378527609,5.494072896161924
450.78580754374514,229.61377769936445,7.342789525606008,5.587621562644358
450.6511892709024,229.67196548613205,7.723386543646313,5.6591418647705325
450.8282339524875,229.61377769936445,7.767053613029873,5.630047971386745
450.9388953107656,229.61377769936445,7.644627164923293,5.630047971386745
450.8616114652261,229.72637865879219,7.600564761372084,5.57374749167289
450.7359353048741,229.76320085872888,7.454343141434151,5.405913232340112
450.94611289842084,229.61377769936445,7.290962836569804,5.547947331272695
450.29953564717874,229.56715527271842,7.85656867812429,5.536803118094696
450.58651214550963,229.53906611968222,7.827901039845244,5.630047971386745
450.58010906665675,229.61377769936445,7.544264281658229,5.517447011959007
450.90562719357706,229.56715527271842,7.4835892649561515,5.630047971386745
450.18938371096306,229.61377769936445,8.122470205983234,5.630047971386745
450.2608667261391,229.49004037687183,8.090564534199586,5.568179310140437
450.6035978752491,229.52355722036228,7.889704121437603,5.559781353841117
450.6035978752491,229.52355722036228,7.889704121437603,5.559781353841117
450.6035978752491,229.52355722036228,7.889704121437603,5.559781353841117
450.6035978752491,229.52355722036228,7.889704121437603,5.559781353841117
450.6035978752491,229.52355722036228,7.889704121437603,5.559781353841117
450.6035978752491,229.52355722036228,7.889704121437603,5.559781353841117
450.6035978752491,229.52355722036228,7.889704121437603,5.559781353841117
450.6035978752491,229.52355722036228,7.889704121437603,5.559781353841117
450.6035978752491,229.52355722036228,7.889704121437603,5.559781353841117
450.6035978752491,229.52355722036228,7.889704121437603,5.559781353841117
450.6035978752491,229.52355722036228,7.889704121437603,5.559781353841117
450.6035978752491,229.52355722036228,7.889704121437603,5.559781353841117
450.6035978752491,229.52355722036228,7.889704121437603,5.559781353841117
450.6035978752491,229.52355722036228,7.889704121437603,5.559781353841117
450.6035978752491,229.52355722036228,7.889704121437603,5.559781353841117
450.6035978752491,229.52355722036228,7.889704121437603,5.559781353841117
450.6035978752491,229.52355722036228,7.889704121437603,5.559781353841117
451.18190449515384,229.52355722036228,7.889704121437603,5.559781353841117
451.68111325408734,229.52355722036228,7.889704121437603,5.559781353841117
451.46975913269745,229.7091632041012,7.889704121437603,5.559781353841117
451.4246042763897,229.52355722036228,7.889704121437603,5.559781353841117
451.5748484111179,229.52355722036228,7.889704121437603,5.559781353841117
451.91720811707404,229.60565786047633,7.889704121437603,5.559781353841117
452.1288808016133,229.52355722036228,7.889704121437603,5.559781353841117
451.9993087571881,229.52355722036228,7.889704121437603,5.559781353841117
451.9993087571881,229.52355722036228,7.889704121437603,5.559781353841117
451.9993087571881,229.52355722036228,7.889704121437603,5.559781353841117
451.9993087571881,229.52355722036228,7.889704121437603,5.559781353841117
451.9993087571881,229.52355722036228,7.889704121437603,5.559781353841117
451.9993087571881,229.52355722036228,7.889704121437603,5.559781353841117
451.9993087571881,229.52355722036228,7.889704121437603,5.559781353841117
451.9993087571881,229.52355722036228,7.889704121437603,5.559781353841117
451.9993087571881,229.52355722036228,7.889704121437603,5.559781353841117
451.9993087571881,229.52355722036228,7.889704121437603,5.559781353841117
451.9993087571881,229.52355722036228,7.889704121437603,5.559781353841117
451.9993087571881,229.52355722036228,7.889704121437603,5.559781353841117
451.9993087571881,229.52355722036228,7.889704121437603,5.559781353841117
451.9993087571881,229.52355722036228,7.889704121437603,5.559781353841117
451.9993087571881,229.52355722036228,7.889704121437603,5.559781353841117
451.9993087571881,229.52355722036228,7.889704121437603,5.559781353841117
451.9993087571881,229.52355722036228,7.889704121437603,5.559781353841117
451.9993087571881,229.52355722036228,7.889704121437603,5.559781353841117
453.1816188311793,229.46725674064842,7.889704121437603,5.559781353841117
453.1816188311793,229.46725674064842,7.889704121437603,5.559781353841117
453.1816188311793,229.46725674064842,7.889704121437603,5.559781353841117
453.6449817664538,229.46725674064842,7.889704121437603,5.559781353841117
453.83944267884624,229.07256243204824,7.889704121437603,5.559781353841117
454.29374709833417,229.14950580717561,7.889704121437603,5.559781353841117
454.4037377164602,228.76890309191646,7.889704121437603,5.559781353841117
455.06993355380274,228.15364649882346,7.889704121437603,5.559781353841117
455.06993355380274,228.15364649882346,7.889704121437603,5.559781353841117
456.267172863623,227.79447470587738,7.889704121437603,5.559781353841117
457.0547840918506,227.52210314580825,7.889704121437603,4.482265975002861
457.0547840918506,227.52210314580825,8.547527969104522,4.507263197574019
458.0353231159419,226.86841046308072,8.107601682346797,4.797139890658997
459.0719967432704,226.25200629121056,7.9718047615516525,5.067177513156764
459.6838845817821,226.04804367837335,8.093666734274848,4.9478935153294685
460.291602184725,225.46261767401023,7.889704121437603,5.559781353841117
460.65077397767107,225.46261767401023,8.652345584619752,4.361344768840638
461.9138606837015,224.4701924049863,7.889704121437603,5.080885629913013
462.34965580551983,224.3612436245317,7.889704121437603,5.559781353841117
463.5026153510655,223.6435156576196,7.889704121437603,4.638827967107403
464.3406828679397,223.44090585677804,7.889704121437603,4.841437767948946
464.8636639257152,222.72256227088587,8.48739675889533,4.140261339879004
466.24620315351586,221.9996789960049,8.15283366050437,5.033522275707554
466.7272302534918,221.67283265464113,8.434448023710559,4.361344768840638
467.521369277416,220.9876424111715,8.979191925983514,4.6881911102044
468.4926198132848,220.6140845127604,7.964415701119833,4.663242397654528
469.6926968134783,219.51183147941825,8.350805057303432,4.535112607472598
470.5952311756065,219.2398813289686,8.433604422336828,5.083868590554289
471.2348620677713,217.84255050404798,8.79281116269226,4.985076873042686
472.38427102936816,217.67834922381985,7.889704121437603,5.559781353841117
473.1573451090833,216.8018712500238,7.889704121437603,5.559781353841117
475.0233466781935,215.73917030425008,7.889704121437603,5.559781353841117
475.77928611304355,214.20808764060214,7.889704121437603,5.559781353841117
476.857998767062,213.96863977863808,8.248875914383689,5.559781353841117
477.7295890106987,213.20599831545596,7.889704121437603,5.559781353841117
479.072576763226,213.01414292223777,7.889704121437603,5.559781353841117
479.65088338313075,212.29125964735678,7.889704121437603,5.559781353841117
480.1450434429076,211.52083708871228,7.889704121437603,5.559781353841117
481.0157900851706,210.7852219203004,7.889704121437603,5.559781353841117
482.0180305079773,210.15562427763675,7.889704121437603,5.559781353841117
482.1822317882054,209.99142299740862,8.325499243255933,5.559781353841117
483.5270402224853,209.31901878026866,7.889704121437603,5.559781353841117
483.5270402224853,209.31901878026866,8.43102699545068,5.559781353841117
485.2986924350342,209.03928422039252,7.889704121437603,5.559781353841117
484.7573695610211,208.4077408673773,8.43102699545068,6.191324706856335
485.2986924350342,207.9617688415543,8.368599845365736,6.038677077769222
485.86023395869915,207.88349608098162,8.415963199571138,5.9544756624412685
485.86023395869915,207.88349608098162,8.415963199571138,5.559781353841117
486.3864930368327,207.35723700284805,8.679092738637905,6.086040431974681
486.70424397030547,207.10730956308151,8.434448023710559,5.995576475659476
486.89609936352366,207.02918306000853,7.889704121437603,5.559781353841117
487.747778115881,206.8873468452826,8.434448023710559,5.668730134295714
488.15361265917386,206.8873468452826,8.464408602236006,5.806083274183294
487.73589187094836,206.8873468452826,9.423452264474577,5.920663269849825
487.9812013431501,206.66321210623593,9.234512555717458,5.933339252252182
488.09677378695704,206.34602397126955,9.062570348465897,6.281545185858533
488.6380966609701,205.98514205526084,8.972349869463699,6.010883748851995
488.67201666025835,205.98653916986072,8.56530987800403,6.122786150979806
488.79630467758466,205.9355213187089,8.297629347112036,5.96770657951555
489.08919905598094,206.25580349226738,7.889704121437603,5.559781353841117
489.055163481336,206.23365416255507,7.889704121437603,5.559781353841117
489.12489070471554,206.3916298893535,7.889704121437603,5.559781353841117
488.72831713997226,205.98514205526084,8.882129390461557,6.101104227854165
488.72831713997226,205.82003852379978,8.87491180280631,6.2986871148676755
489.4500809719897,205.80470109725647,7.889704121437603,5.559781353841117
488.72831713997226,205.92955539742638,9.08694343125785,6.158401008751241
488.99144667903903,205.96639345854888,8.679092738637962,6.086040431974681
488.9266039223439,205.89591293342443,9.178568206853186,5.758068136212756
488.9989785769788,205.8047010972565,9.243011306470237,6.101104227854165
489.4039228965387,205.6487362915775,8.790511796859505,6.122786150979778
489.2730610422452,205.38382676341578,9.010377816670825,6.082762411616642
489.5441675913211,205.25564594258486,8.569579497561676,6.10368165474037
489.21732124995737,205.0377483816757,8.979191925983514,6.322422817023238
489.18499579837504,205.13592201160284,8.847495569293812,6.038677077769222
489.18499579837504,204.77675021865676,8.847495569293812,6.397848870715308
489.28103805225436,204.8609516339847,8.79281116269226,6.134485834639548
489.21732124995737,204.9287996012211,8.870243145528889,6.431371597477835
489.2157650308649,204.7630421019005,8.628609882464161,6.216586474753598
489.5441675913211,205.25564594258486,7.889704121437603,5.559781353841117
489.5441675913211,205.25564594258486,7.889704121437603,5.559781353841117
489.5441675913211,205.25564594258486,7.889704121437603,5.559781353841117
489.1104376263925,204.96649263263248,8.323434086366206,5.8489346637935
488.75477897412077,204.07156301678435,8.547527969104522,5.9544756624412685
489.21732124995737,204.38405569894815,7.889704121437603,5.559781353841117
489.0682548280343,204.30382041601118,7.889704121437603,5.559781353841117
489.2157650308649,204.106236980988,7.889704121437603,5.559781353841117
489.21732124995737,204.27510691849358,7.889704121437603,5.559781353841117
489.43521881086656,204.16615813803898,7.889704121437603,5.559781353841117
489.28103805225436,204.20312778631776,7.889704121437603,5.559781353841117
489.21732124995737,204.27510691849358,7.889704121437603,5.559781353841117
489.21732124995737,203.83931179667522,8.107601682346797,6.322422817023238
489.3458808089495,203.570208292426,8.187134294995076,6.551215265699284
489.5441675913211,203.73036301622062,8.216550462801365,6.213474036568641
489.5441675913211,203.62141423576603,7.889704121437603,5.995576475659476
489.6343880703233,203.36101588353918,7.889704121437603,5.559781353841117
489.5441675913211,203.76849507479764,7.889704121437603,5.559781353841117
489.5441675913211,203.45978697785446,7.889704121437603,5.559781353841117
489.3458808089495,203.76849507479764,7.889704121437603,5.559781353841117
489.4620669512071,204.02413634087395,7.889704121437603,5.559781353841117
489.4244436603391,203.93868270178257,7.889704121437603,5.559781353841117
489.5612103423929,203.7684950747976,7.889704121437603,5.559781353841117
489.64331098250693,203.7684950747976,7.889704121437603,5.559781353841117
488.9896182997794,203.65954629434302,7.889704121437603,5.559781353841117
489.192907144796,203.7684950747976,7.889704121437603,5.559781353841117
489.10198810849386,203.67827459579544,7.889704121437603,5.559781353841117
488.9865058615944,203.6042937945695,7.889704121437603,5.559781353841117
489.06860650170853,203.7684950747976,7.889704121437603,5.559781353841117
489.0117676294917,203.31739267978674,7.889704121437603,5.559781353841117
488.75947299354567,203.15660723628596,7.889704121437603,5.559781353841117
488.5555103807084,203.22459477389836,7.889704121437603,5.559781353841117
488.47044475547864,203.22717220078457,7.889704121437603,5.559781353841117
489.0446913275968,203.2895993508695,7.889704121437603,5.559781353841117
488.92042770762595,203.04561179991663,7.889704121437603,5.559781353841117
488.98548713484,203.11067122713067,7.889704121437603,5.559781353841117
488.89544806877046,203.02063216106114,7.889704121437603,5.559781353841117
488.8223045813663,202.70118675331483,8.218106681893858,6.134485834639548
488.650885713483,202.6858493267715,8.340806516448481,6.461986143862873
488.9215471504895,202.86629028477586,8.160365558444141,6.281545185858533
489.04845063539204,202.77706116293945,7.889704121437603,6.055498309770201
488.9215471504895,202.6858493267715,8.43102699545068,6.371765664860703
488.9865058615944,202.78328739342888,8.053905401665702,5.970284554411421
488.59154374131964,202.90233381734924,8.693996717639664,5.869124660072686
488.92496739661476,202.57125576497734,8.368599845365736,6.637296732679374
488.71528106381226,202.40738452737875,8.632128056393356,6.487811272535794
488.89619518568475,202.49839822019993,8.56210833857756,6.232185570981073
488.29209946937414,202.52988452109253,8.959413236001069,5.897584232124331
488.467806418827,202.40738452737875,8.879602701378587,5.745387337580041
488.5891603169689,201.87102387682918,7.889704121437603,5.559781353841117
488.5891603169689,201.87102387682918,7.889704121437603,5.559781353841117
488.5891603169689,201.87102387682918,8.472443724051914,6.336767490660208
488.5891603169689,201.87102387682918,8.530077348030659,5.559781353841117
488.4427817448011,201.87102387682918,8.47521841010871,5.559781353841117
488.455955819026,201.87102387682918,8.955340104980962,5.559781353841117
488.5891603169689,201.87102387682918,8.666690258256722,5.365534819636338
488.5891603169689,201.87102387682918,8.822135607038035,5.692985851784044
488.5891603169689,201.87102387682918,8.530077348030659,5.346323611643413
488.5891603169689,201.87102387682918,8.47521841010871,5.706159926008894
488.5891603169689,201.87102387682918,8.76797555444432,5.267024209505564
488.5891603169689,201.87102387682918,8.76797555444432,5.852538498176671
488.5891603169689,201.87102387682918,8.661850549521318,5.670087986424505
488.5891603169689,201.87102387682918,8.711808423454613,5.742471198733796
488.5891603169689,201.87102387682918,8.822135607038035,5.559781353841117
488.5891603169689,201.87102387682918,9.07718811323997,5.468436431394792
488.66480304757766,201.49281022378528,8.873059619351693,5.862352276276226
488.5891603169689,201.56988675293564,9.295010699607417,6.061676560330341
488.5891603169689,201.87102387682918,9.08854460292389,5.559781353841117
488.5891603169689,201.87102387682918,8.914354126612068,5.559781353841117
488.5891603169689,201.62165223103366,9.385933996210667,5.642905235772957
488.5891603169689,201.87102387682918,9.63530564200613,5.476657471909277
488.5891603169689,201.87102387682918,9.696526864798784,5.459402312543261
488.5891603169689,201.87102387682918,9.385933996210667,5.642905235772957
488.5891603169689,201.87102387682918,9.55218176007429,5.642905235772957
488.5891603169689,201.87102387682918,9.371760522575983,5.502779184566549
489.3210665532492,201.42062003911823,9.047945086984328,5.714213482580675
489.3630097241565,201.2481659865529,8.791829983183618,6.083693562543203
489.5743679983376,201.46052067625888,8.71071052257821,6.0523851945254705
489.4856992731555,201.79631229714695,8.711531497941962,5.709204513205549
489.3785489341692,201.7394591072958,8.547527969104522,5.559781353841117
489.671806064995,201.60036243982265,8.43102699545068,5.379340395836778
489.5866469001509,201.62165223103366,8.305323531096803,5.559781353841117
489.59295072994735,201.2687496290421,8.592357410522538,5.961297519032485
489.59395446387856,201.4142992645975,8.529118578561963,5.559781353841117
489.62168363117325,201.45801455114744,8.23387855950574,5.766286016681988
489.5287564973225,201.62046489540157,8.390822084292836,5.434501863127309
489.6933297712452,201.36912867033996,8.190841245331114,5.559781353841117
489.8750867373181,201.41716749317652,7.889704121437603,5.559781353841117
489.5035230182191,201.37228058523817,7.889704121437603,5.559781353841117
489.80132119980993,201.38615952369278,7.889704121437603,5.559781353841117
489.5866469001509,201.28915670330633,7.889704121437603,5.559781353841117
489.69051851878686,201.3891796635338,7.889704121437603,5.559781353841117
489.9212052963981,201.3382058850575,7.889704121437603,5.559781353841117
489.76018889431117,201.28550958815805,7.889704121437603,5.559781353841117
489.83601854594644,201.37228058523817,7.889704121437603,5.559781353841117
490.2333689210029,201.23160941970485,7.889704121437603,5.559781353841117
490.3247138434492,201.6883340319365,7.889704121437603,5.559781353841117
490.3158588559325,201.679168483611,7.889704121437603,5.559781353841117
490.3158588559325,201.679168483611,7.889704121437603,5.559781353841117
490.3158588559325,201.679168483611,7.889704121437603,5.559781353841117
490.3158588559325,201.679168483611,7.889704121437603,5.559781353841117
490.3158588559325,201.679168483611,7.889704121437603,5.559781353841117
490.3158588559325,201.679168483611,7.889704121437603,5.559781353841117
490.3158588559325,201.679168483611,7.889704121437603,5.559781353841117
490.3158588559325,201.679168483611,7.889704121437603,5.559781353841117
490.3158588559325,201.679168483611,7.889704121437603,5.559781353841117
490.3158588559325,201.679168483611,7.889704121437603,5.559781353841117
490.3158588559325,201.679168483611,7.889704121437603,5.559781353841117
490.3158588559325,201.679168483611,7.889704121437603,5.559781353841117
490.3158588559325,201.679168483611,7.889704121437603,5.559781353841117
490.3158588559325,201.679168483611,7.889704121437603,5.559781353841117
490.3158588559325,201.679168483611,7.889704121437603,5.559781353841117
490.3158588559325,201.679168483611,7.889704121437603,5.559781353841117
490.3158588559325,201.679168483611,7.889704121437603,5.559781353841117
490.3158588559325,201.679168483611,7.889704121437603,5.559781353841117
490.3158588559325,201.679168483611,7.889704121437603,5.559781353841117
490.3158588559325,201.679168483611,7.889704121437603,5.559781353841117
490.3158588559325,201.679168483611,7.889704121437603,5.559781353841117
490.3158588559325,201.679168483611,7.889704121437603,5.559781353841117
490.3158588559325,201.679168483611,7.889704121437603,5.559781353841117
490.3158588559325,201.679168483611,7.889704121437603,5.559781353841117
490.3158588559325,201.679168483611,7.889704121437603,5.559781353841117
490.3158588559325,201.679168483611,7.889704121437603,5.559781353841117
490.3158588559325,201.679168483611,7.889704121437603,5.559781353841117
490.3158588559325,201.679168483611,7.889704121437603,5.559781353841117
490.3158588559325,201.679168483611,7.889704121437603,5.559781353841117
490.3158588559325,201.679168483611,7.889704121437603,5.559781353841117
490.3158588559325,201.679168483611,7.889704121437603,5.559781353841117
490.3158588559325,201.679168483611,7.889704121437603,5.559781353841117
490.3158588559325,201.679168483611,7.889704121437603,5.559781353841117
490.3158588559325,201.679168483611,7.889704121437603,5.559781353841117
490.3158588559325,201.679168483611,7.889704121437603,5.559781353841117
490.3158588559325,201.679168483611,7.889704121437603,5.559781353841117
490.3158588559325,201.679168483611,7.889704121437603,5.559781353841117
490.3158588559325,201.679168483611,7.889704121437603,5.559781353841117
490.3158588559325,201.679168483611,7.889704121437603,5.559781353841117
490.3158588559325,201.679168483611,7.889704121437603,5.559781353841117
490.3158588559325,201.679168483611,7.889704121437603,5.559781353841117
490.3158588559325,201.679168483611,7.889704121437603,5.559781353841117
490.3158588559325,201.679168483611,7.889704121437603,5.559781353841117
490.3158588559325,201.679168483611,7.889704121437603,5.559781353841117
490.1024011137348,200.82533751482023,7.889704121437603,5.559781353841117
490.3158588559325,201.679168483611,7.889704121437603,5.559781353841117
490.3158588559325,201.679168483611,7.889704121437603,5.559781353841117
490.3158588559325,201.679168483611,7.889704121437603,5.559781353841117
490.3158588559325,201.679168483611,7.889704121437603,5.559781353841117
490.3158588559325,201.679168483611,7.889704121437603,5.559781353841117
490.3158588559325,201.679168483611,7.889704121437603,5.559781353841117
490.3158588559325,201.679168483611,7.889704121437603,5.559781353841117
490.3158588559325,201.679168483611,7.889704121437603,5.559781353841117
490.3158588559325,201.679168483611,7.889704121437603,5.559781353841117
490.3158588559325,201.679168483611,7.889704121437603,5.559781353841117
490.3158588559325,201.679168483611,7.889704121437603,5.559781353841117
490.3158588559325,201.679168483611,7.889704121437603,5.559781353841117
490.3158588559325,201.679168483611,7.889704121437603,5.559781353841117
490.3158588559325,201.679168483611,7.889704121437603,5.559781353841117
490.3158588559325,201.679168483611,7.889704121437603,5.559781353841117
490.3158588559325,201.679168483611,7.889704121437603,5.559781353841117
490.3158588559325,201.679168483611,7.889704121437603,5.559781353841117
490.3158588559325,201.679168483611,7.889704121437603,5.559781353841117
490.3158588559325,201.679168483611,7.889704121437603,5.559781353841117
489.9162453621037,200.6135325000676,8.156113117323457,5.026963362069438
489.6833684566097,199.57086715253496,7.889704121437603,5.559781353841117
489.6833684566097,199.57086715253496,7.889704121437603,5.559781353841117
489.6833684566097,199.57086715253496,7.889704121437603,5.559781353841117
489.6833684566097,198.98812754992062,7.889704121437603,5.559781353841117
489.39061131227413,198.54621714736047,7.3416345867595965,5.377091508948439
488.8612641545927,197.7067288950996,7.889704121437603,5.559781353841117
488.24668128482534,196.6974928089663,7.889704121437603,5.559781353841117
488.24668128482534,196.6974928089663,7.889704121437603,5.559781353841117
488.67359676922075,196.6974928089663,7.462788637042195,4.7059503850503575
488.5394384291609,195.52646423162403,7.743325549269798,4.535131348666624
488.6879078151589,194.9325866876321,7.338170958520664,5.339168088674342
487.6480616299152,193.5846706034336,7.889704121437603,5.559781353841117
487.6480616299152,193.5846706034336,7.889704121437603,5.559781353841117
487.6480616299152,192.5240844422093,7.889704121437603,5.559781353841117
487.25336732131507,191.74276382996618,7.889704121437603,5.559781353841117
486.9869583254292,191.3431503361374,7.889704121437603,5.559781353841117
486.3872060638667,188.8349367513895,7.889704121437603,5.559781353841117
486.216199556043,188.66393024356586,7.547691105790307,4.704748814722819
485.6307787577789,187.47336760043152,7.889704121437603,5.181567700797217
486.05471053613934,186.4243441753663,7.889704121437603,5.559781353841117
485.34124394831565,185.547627245372,7.889704121437603,5.559781353841117
485.34124394831565,184.8816047556574,7.889704121437603,5.559781353841117
485.2080394503727,183.94917327005695,7.889704121437603,5.559781353841117
484.8911937850241,182.89646990360984,7.889704121437603,5.559781353841117
483.9448192521131,182.39669517775891,8.471571294960427,4.977914180318265
483.6808324788623,181.40834311187822,7.9810490438839565,4.737677051824107
483.8945618079512,180.19514058720077,7.889704121437603,5.559781353841117
482.8970752247692,179.53014953174608,8.388447413028643,4.894790298386425
482.82605720200553,178.1905675578991,8.132136298005832,4.832484824136515
482.70484111372144,177.2208388516263,7.889704121437603,5.559781353841117
482.70484111372144,177.2208388516263,7.889704121437603,5.559781353841117
482.0388186240068,174.9563623865966,7.889704121437603,5.559781353841117
481.48272222844054,173.72907060796652,7.889704121437603,5.559781353841117
481.48272222844054,172.92603827758376,7.889704121437603,5.559781353841117
481.08614866369726,171.34962921950694,7.889704121437603,5.559781353841117
480.6470129471939,170.7641149308358,7.889704121437603,5.559781353841117
479.687735981103,168.37089657011686,7.889704121437603,5.559781353841117
479.0793412245084,166.74318118043954,7.889704121437603,5.559781353841117
478.64020550800507,165.4257740309295,7.889704121437603,5.559781353841117
479.0793412245084,165.12141090697895,7.889704121437603,5.559781353841117
477.96414130356993,163.01017335425414,7.889704121437603,5.559781353841117
477.57652066425186,162.2060608761854,7.889704121437603,5.559781353841117
477.5561135899876,160.91523658378122,7.889704121437603,5.559781353841117
476.622126877274,159.29004477360985,7.889704121437603,5.559781353841117
476.75139521999444,158.6127068962114,7.889704121437603,5.559781353841117
476.23815185832234,156.79467681978457,8.374568474574005,6.165861795261634
475.4761579824812,155.63094247273887,7.889704121437603,5.559781353841117
474.81382809135084,153.739156081219,8.404181232611165,6.449720480841137
474.42276928261236,152.845307774809,7.889704121437603,5.559781353841117
473.8580415613975,151.56095049174172,8.014983612151411,5.6850608445549256
473.7771929892875,149.98303076695896,7.889704121437603,5.559781353841117
472.8947399286204,148.7696578085417,8.330930651771155,5.559781353841117
472.81791602319663,146.7214890822499,7.889704121437603,5.559781353841117
471.9354629625295,145.7287293889994,8.305323531096803,5.975400763500289
471.5105306577416,144.54251347315812,7.889704121437603,5.559781353841117
470.7624157203551,142.8800358345214,8.222199649164963,5.975400763500289
470.1251819649356,139.40510445042852,8.302713447119345,6.041625567136492
469.9488270060353,138.43390615034033,8.2317171370849,5.958796538762982
469.4310185799739,136.49463066994653,7.846748940744249,5.903422799387755
468.6437883815525,135.00231131932674,8.267917774481475,6.240565929320127
468.08387763108124,133.43390525620512,8.01856966351761,6.032288341467762
467.4841335919585,131.85455149950025,8.222199649164963,5.7260291177047975
466.9889508539855,130.16653441117887,8.222199649164963,5.7260291177047975
466.3637662304325,128.52656042172373,7.84118404319986,5.962166459386282
465.69805718473924,126.83048948424698,8.259541819958258,6.382685658565492
464.8376989687997,125.12049470943946,8.495053437864954,6.859831250821699
464.1132542048347,123.36735908308002,8.292740868001374,6.319419504757562
463.9017180258792,121.60523512978926,8.480660104072115,6.319419504757562
462.7087411866144,119.96594199520095,8.598367806949682,6.444010672681628
462.0862774992007,118.33996465608945,8.846664160825014,6.533741405812492
461.81248904063364,116.63021149738138,8.371115407404716,7.0025200255229265
460.94883196388844,114.86715402203211,8.273860440204942,6.512089102633183
460.43824022897155,113.20310528127108,8.934713546324872,6.669111021008732
459.695586379735,110.98909311946665,8.444866593106667,7.2423156447810015
459.01480180425597,109.09802485424719,8.142295670671558,7.01538745295467
457.95228306468834,107.61109053109477,9.382300635396689,6.69309583883539
457.2015909527669,105.6762848386635,9.177241157176297,7.071309491879276
456.12605065917757,101.81083808914322,9.27886572550159,7.393020634843367
455.5687593656298,100.1466980157501,8.625873329308945,7.1469522224880535
455.18567545036404,98.04230565110865,8.474587868091362,7.071309491879276
454.82202718551173,96.51711412544239,8.474587868091362,7.071309491879276
453.6639810047499,94.2794215108741,8.474587868091362,7.071309491879276
453.0770029603845,92.25350071897114,8.474587868091362,7.071309491879276
452.0481323259203,90.59864032769487,8.474587868091362,7.071309491879276
451.18514826744524,88.90612852976386,8.474587868091362,7.071309491879276
450.35910488397764,86.67348041944196,9.206480728930273,7.364066636214844
449.9199691674743,84.77055898126078,8.474587868091362,7.071309491879276
449.07742713099105,82.68485042501808,8.474587868091362,7.071309491879276
447.50756609222833,80.32632662476303,9.686748750932395,7.313741668447477
446.6590534742396,78.62930138878562,9.807964839216481,7.677389933299779
446.9324929369327,76.94431761719308,8.474587868091362,7.071309491879276
445.88013123158794,74.36438594723448,8.90150335248677,7.498224976274656
445.0809042439304,72.7659319719194,9.140610357805997,7.204513989822203
444.21765359295125,70.70499654840567,9.388950569341546,7.237557255742942
442.98240411528207,67.97984521616905,9.938373589769185,7.364066636214844
443.00230033331525,66.1495162929205,9.00740585986307,7.470922985708043
441.7011754889831,63.90215667304547,9.08066830951185,7.798606021583879
439.9865321609474,59.77534987030955,9.686748750932395,7.434957756731585
438.9462049884176,57.825236039800984,9.540223851634721,7.337718487765116
438.25507172282414,54.78592372291513,9.939837345463502,8.136945475422664
437.0958598835545,52.77332377684032,10.349800622008956,8.394989082879931
435.79571520510274,50.659150858633076,10.953621126727171,8.030689516902797
434.57436165999314,48.52976706549876,10.711188950158942,7.378880438849237
434.1586508669804,45.67787614418965,10.178370958387234,8.271789701775113
432.94214546858774,43.70389728194086,10.418431805823388,7.818016155352588
432.278596747432,41.20477876553605,10.22632459702254,8.515553870039206
430.94521977630694,39.50775352955863,10.347540685306626,7.667041252050495
429.8409582137934,36.21566620451657,10.468756773590712,8.757986046607407
429.045780798732,34.439850627481654,10.380269052408778,7.491277885262825
428.50253628643185,32.185047920665504,10.272053233655583,7.671637583184804
427.1663603219467,29.546065481186698,10.589972861874855,8.515553870039202
425.85897495649164,26.882225518958517,10.468756773590712,8.273121693471001
425.01497577654936,24.44794575083658,10.711188950158942,8.273121693470998
424.5737492462158,21.91858519260274,10.81171245068316,9.180611130056157
422.79142904293997,19.040899199505773,11.068397655434353,9.33535295754475
421.73622098122695,16.880490976690112,11.082874654748593,8.693539250641741
420.41978693054864,14.285511400686262,11.164451259834777,8.521195485708331
419.59082105743556,11.823195852726514,10.52050291807518,8.636799301539934
417.08884222155785,6.6943225402212665,11.629076524082734,9.708166729962015
