5.310122380106478,91.25089213577209,12.492067289412745,11.599776768740412
6.753567936516882,91.61503394999039,12.64799115821098,11.69939182134516
8.461446548189123,91.6623330101748,12.914412180948165,11.842096368089656
10.325141805269677,92.43766710200481,13.152186710139592,11.709688812898477
10.29627509561248,92.60816298831308,14.284971908409702,11.543801623282434
13.26456625970895,92.83490096534341,12.402057996801322,11.34805873361708
14.705633093783225,92.90760424802173,12.588055194426007,11.748851514797607
16.50506224653347,93.74995825002091,12.044871860892552,10.735646658621619
17.67430317094065,94.53470713517777,12.416982609155404,10.907882377339078
18.48332503558015,94.3966057580409,11.928496287357362,11.084773379227201
19.45253625590762,94.51895213789795,12.946491462424287,12.046326411867184
20.55665499881072,94.79439857955825,12.753391084529405,11.769658438890772
21.371801324232088,94.49428968190917,12.948381262112932,12.053184532880437
22.511690821979272,94.7166777262713,12.893540577097404,11.781571985232745
24.70984747864901,95.46066664835412,10.910210018924417,11.462993993216585
24.718723196971624,95.61158884200435,12.2776159264006,11.904902585777734
25.368473670812634,96.15551652866858,12.073965754276351,10.822928338773025
26.097471778778598,95.92600415551019,12.335438147776138,11.395824695113504
27.18077504994273,96.54201811004938,12.311080838501624,11.463866673271411
28.72935149736625,96.86987235088144,12.69682793726177,11.70902917933438
29.197972144838552,96.73079708122732,13.31714765971251,12.23165451051129
30.607257958202954,96.65618067213835,11.775449816391781,13.319771103787431
31.63745749253756,97.01068255229913,11.981963648027719,12.448187914487946
31.32879837444049,96.81585368396621,13.203947007232749,13.281163071602535
32.48294936570518,98.0831091389123,12.226391452937278,12.507457923119745
32.596809927470076,98.061477536786,13.067333892654823,12.727922622715738
32.992643872972586,98.23916806222404,13.423160577427481,12.654659017651099
33.83081204804287,98.58382757097706,12.961034607594186,12.774544901010103
34.58175274675355,99.01091975470955,12.104603138481501,12.667607935620183
34.74148586351588,99.85504352024293,13.12159475919426,12.713669533519834
35.82547508571605,100.33136903840557,12.555006976192445,12.442406016764707
36.131491761921225,100.39480500656087,12.217204097909239,12.104603138481494
36.819382577418025,100.29283093323994,12.985619683969446,13.529519984868699
36.98618328444834,100.83291182258837,12.713669533519827,13.257569834419073
37.046441388127604,102.23799045544926,12.551545386612254,12.40212222724783
38.4251469554988,102.35254433149765,12.188126265523465,12.74494421674028
39.27618530716086,102.97387965990269,11.953852749154528,12.40212222724783
39.3229044788305,104.26871132101377,12.188126265523465,12.064388943030849
39.47614760486121,105.02840714650036,12.435600910508711,11.940651620538219
39.711237680562405,105.28059153215496,12.991748976313332,12.721087539306794
41.49265547005561,106.46495244480295,11.057313792967939,12.402122227247816
41.6210631396099,106.95137174368438,11.999323707289399,12.901528497311162
41.6970653286925,107.64676678358803,11.58029485074345,12.925103285023326
41.95591615549584,108.83051183990594,11.539983177928931,12.430937761519033
42.501738204220885,108.98133495095239,11.879141169472312,12.700968545976693
42.70150800080978,109.65398087001073,11.996350333483669,12.69035407178437
42.659700594335234,110.91703178367129,11.897819082170962,11.965806619783365
42.60429947281651,111.41696454777548,12.232995376995056,11.904592816538809
43.69309626285541,112.8653528763038,11.097118917267643,11.638441791280698
43.45238851829945,113.53990090660979,11.049515115107276,12.121830927965789
43.65383272646699,114.2251013088493,11.316396422487358,11.823100739912164
43.54133388442979,115.56148257209593,11.327851134217006,11.92182085661041
43.66295594571217,116.24359284865298,12.150894736880993,11.411988975854456
43.60571196919355,116.5582505366718,11.897819082170962,12.03379415739576
43.66001045336553,118.39584027071179,11.953852749154528,10.982602213285716
44.46723782701865,118.68321741873427,11.383833669321412,12.435600910508725
44.56496585388455,119.63830851940668,10.950753040597228,12.559338233001341
44.40109545676485,120.72745639342138,11.818882749285045,11.909103228287236
44.576332743644365,122.69252239392499,11.165687055512265,11.411988975854442
44.518920273883694,124.39729696020609,11.165687055512265,11.986693456652887
44.57712641862025,125.78861316038186,11.27755987527199,11.638441791280684
44.357468159257365,126.41564548590878,11.247787695626329,11.658290896196633
44.35952211305836,126.97517723676133,11.818882749285045,12.269985144295916
44.7759323026923,128.39270854681268,11.548221312278521,11.638441791280684
44.42788415998118,129.5656646274117,11.709264488471568,11.314570179871396
44.66313983745465,130.53928838194037,11.638441791280698,11.187339396269806
45.071978026203055,131.6153479312023,11.097118917267636,11.097118917267636
45.641113963184296,132.77799264089236,10.646016522256758,10.736237001258928
45.573755323799645,133.68228014819334,11.006898438265466,11.277559875272004
45.135128265709696,133.885363048722,11.112775606368054,12.747007313186884
45.060933683887704,135.5794587408739,11.367780354274167,11.187339396269806
45.50237386083298,136.75357425217163,11.003826825913471,10.894878045458881
45.80986961366865,137.64189665053328,10.755183854941961,10.673083214827898
45.6920775348853,138.53827020219612,10.502854650277229,11.11765589809832
45.394984957729164,140.26251893192799,11.196329333618415,10.231128528996152
45.10913924643418,141.5262907358639,11.260096346828789,10.084591783148852
45.63104954926643,142.60186871448977,10.656554962232505,9.939286839774553
45.35236221169889,143.6602753612028,10.861488711506205,10.041753714411385
45.64190876747098,144.74554419503278,10.606055867535261,11.217943706046896
45.46770929397286,146.03226404592175,11.081968630822097,9.858192953798806
45.433069230775864,146.40753335598475,10.919385135170081,9.93417745380134
44.45213778418004,146.9736001568186,11.879401219626033,10.359288267351616
45.442663427027654,148.7857191773821,10.956270261815234,9.79070959566468
45.463473470578066,148.58666661024768,11.040259590656298,10.140094540099199
44.662226303808524,149.59379393393255,11.781307137231508,10.263470021391868
44.92331110906874,150.45784160420627,11.375712313065186,9.368233669583105
44.72922732488648,150.53753351264913,11.550275673367977,10.008299324026666
45.175969076414376,151.25285792103162,11.115719090505074,9.248957105840105
44.833172448404625,151.53892510115824,11.597898821056695,9.627382031071335
45.66594403968423,151.91086241425847,10.919385135170081,10.344680654371643
45.35509790460821,152.30197015376,11.002892688461252,10.256933862124896
45.500525698212954,152.62728599897756,10.978593544204152,9.627382031071335
45.581361232399054,152.64797428407024,10.964681140509065,9.5361839496681
45.58753135209491,152.506539873175,10.861160638050762,9.92777964571826
45.42893792711791,152.56216600295912,10.922293064490283,10.021485389068403
44.694565714544545,152.87488169199702,11.278538574627298,10.219520868089518
45.047534284287835,152.888928677874,11.117655898098334,10.246687463685106
44.50527945891176,153.35663377902327,11.002892688461252,10.490045995355018
44.9170449966075,153.28261305520672,10.528189706493208,10.753391625348684
44.32936909204008,153.2889183701668,11.03489402391802,10.753391625348684
44.40650468976038,153.67785803464878,11.861356662330607,10.326733697932042
44.691392179960815,153.1878438047151,10.77052933750474,10.718995704310942
44.608137139790166,153.06468007585275,10.926675908227175,11.348736351034233
45.229944275586156,152.74411253745785,10.692197884445477,11.442527560546921
45.69224484789846,153.47825021919454,10.370609512283757,11.648148365246243
45.60868472817016,153.1098158113157,10.873596603892345,11.646601101799376
45.606559977302744,154.17784732523154,10.838289944246633,11.319991719546493
45.717800221476914,154.5552624471128,10.889894005939162,10.345399305642218
46.60066544154607,153.28879492238923,9.857925108190727,11.564925126925061
46.28059846230263,152.7581397979813,10.698672468238676,12.43359232795305
46.67033667711653,153.9455197250125,10.415981995436361,12.211840960166768
47.45656427232406,153.81569340601862,10.459621155510213,11.953852749154521
47.608710652199846,153.73121823634725,10.68375589455686,11.655006430425658
48.49135728128696,154.30690634861315,10.91667795926329,10.646016522256758
49.295929157093745,154.49689961642503,10.673083214827905,11.083586415398202
49.84825361798717,154.36377002583748,10.41005607451062,10.806629639253885
50.7638340470643,154.66523591755958,10.707486248068065,11.599776768740412
51.60914878445783,154.52853897029885,10.982602213285723,11.281448532014593
54.07862376848652,154.7852952896974,10.465575564252404,11.548221312278514
55.612645045937015,154.41777242922504,10.568031704095105,11.548570728186405
56.34244017274016,154.38972672903944,10.91667795926329,12.540646581302468
57.35789020489621,154.93098325001625,11.08196863082209,11.421906318884112
59.51227322452814,154.85917602419357,10.674043405147664,11.1499561684345
60.53148260970407,154.80988883301333,10.865992584776421,11.203795463059635
61.57674994667167,155.4502934745664,11.78369058323787,11.015189023461488
63.481674052831835,154.7929242748598,10.827015718104605,11.260096346828789
64.76897556989498,155.06970157369338,11.580294850743442,11.057313792967932
66.66389633394587,155.6184665437577,10.988439864277922,10.139911689430193
68.06849568663125,155.90339681077927,11.285424725474613,9.503515558294424
69.61211553748647,156.5108202365706,10.92229306449029,9.627382031071335
71.26338006350753,156.71468191090693,11.117655898098334,9.273252154635003
72.74416965559587,156.2262892462331,10.888884379350912,9.898985799409928
73.53748939628107,156.55296702049077,11.729718010107874,9.93664009773471
75.49750617064157,156.63564157171817,11.260096346828789,10.332066428134112
76.65984368403642,156.37583136941836,11.507570991814035,9.898985799409928
77.62434116579226,156.4491248477073,11.795473941443632,10.023821728894774
78.97092395270853,156.69263076274598,11.236004821691367,10.023821728894774
79.70383964414296,156.65353776428776,11.814057848576667,9.729224110592554
82.05669951931822,156.51836396484447,11.273545397988201,10.115304432441462
82.2020850789058,156.6909159947796,11.968489977316239,9.5361839496681
83.05542282535993,156.53293723978763,12.133952900322328,10.436896550626898
84.62598192828418,156.7977465823336,10.887465076139279,10.462776722105474
84.55031335328454,156.72525694366982,11.65962571983711,9.729224110592554
85.30540749205255,156.9714090629889,11.200571907989854,10.139911689430193
85.15378502092913,156.7045874104133,11.775449816391784,10.03808836807167
86.55678624947777,156.77200379574919,10.997491699075809,9.688266496804886
86.64939364081725,156.9940800294335,11.702145657242411,9.557634801503411
87.26800206555524,156.60383742166783,10.643127950704638,10.11361909743573
87.46269075189969,156.51681416831326,10.589443736520522,10.150957453434785
87.5326301311348,156.48970621833146,11.030102556614722,10.774332062548297
87.18526238392808,156.62302586456408,12.046326411867184,10.378373524070184
87.04093398202286,156.63159801631534,12.390507166491957,10.325422638743305
88.06010639114915,156.61129066442012,11.54038061090776,9.926172884538602
88.70407362144256,156.67087570087872,11.199112246636957,9.61058568683029
88.29398607812253,156.53421111663997,12.168453354611813,10.117066582186823
88.23998485473116,156.57435100619026,12.176379309064714,10.691455003081217
89.47473083793598,156.57702801349427,11.117655898098334,10.144220589048246
89.63307578931865,156.7204368934739,10.887465076139293,10.03808836807167
89.77366564039951,156.20513257196833,10.579541073119358,10.888884379350912
89.5523939160222,156.63313850688772,11.24299831673224,10.267190915657352
89.84015362330143,156.42362811090112,11.558858586253919,10.36432608797844
89.84298388565996,156.50472705889416,11.769658438890772,10.785925793252147
90.05334203654137,156.0253289837006,11.412703951701772,10.479322959369284
90.16795835111196,155.9054297935829,11.664258512572346,10.821059102024947
90.28901691606984,155.60941942154477,11.42249452827545,11.002892688461259
90.57011948397974,155.6230518243886,11.147494983345752,11.034894023918014
90.57370270836313,155.6667756701749,10.810018480372477,10.674043405147671
90.52726364380071,155.5853529182804,10.945993555597283,10.198130641860814
90.57261655346827,155.55767602608535,10.92229306449029,10.584490186207091
90.67580551049907,155.47317173999275,10.579541073119358,10.703278395611989
90.50581530226617,155.62012876114528,10.92229306449029,9.965184909354548
90.6943955400517,155.53656483707715,11.1499561684345,10.606055867535247
90.44443709040269,155.46813127301454,11.99200217905377,10.584490186207091
90.57518516679144,155.4154952576691,12.007098009501135,10.192520496811255
90.96405398305976,155.48709709554228,11.425056522008887,9.836819965137693
90.72945723914285,155.60307393782406,11.629990271282594,10.400387775640382
90.75940554518144,154.8203950569436,11.608984234859548,11.096137541753308
91.65322415642484,154.64512052490272,10.848857043954396,10.578600818660163
91.47405078166932,154.6085783384034,11.002892688461259,10.163689008832847
91.70274962133547,154.57173632373159,10.678418127273375,10.262791074415446
91.6869313483794,154.57748210399478,10.903587046793149,9.970206054460647
91.60156826322982,154.9317563098304,10.982602213285716,9.637793779005847
91.60667527083629,154.52770996076796,10.956270261815234,9.883954448956729
91.57646192416867,154.5429228381671,10.861488711506212,9.734353090500832
91.5897767282373,154.4641040570552,10.77630782056599,9.418662740809651
91.47955776120476,153.34291831962784,11.013981093209694,10.606055867535247
91.69706924675694,153.31761810385865,10.832884698714494,11.114258327252543
91.72787978555192,153.5194172342783,10.795921968629386,10.485247955143649
91.59583630453737,153.58532175502262,11.037414849605497,9.813265202649234
91.54093879349014,153.33397122546688,10.974136973383352,9.920619823938551
91.80050691864258,153.32196827143434,10.926675908227182,10.50461546542013
91.45180122042778,153.3768260712895,10.998256068922913,10.29076591244251
91.43768836036735,153.3020481449858,11.442527560546921,10.457719860663786
91.46922995660817,153.0818880162563,11.48942316530325,10.457719860663786
91.36812809565015,152.86785600647443,11.263842313177506,11.823922870186323
91.66857516138131,153.4385268483504,10.596057545159496,9.919713446532285
91.82180681157874,152.27809422193823,10.88989400593917,11.071392239371477
91.57401466495023,153.13210172880505,11.010130208808832,10.873358404972691
91.55045107848048,152.78483180698208,11.122102955202877,11.197252299494778
91.74740134847148,153.08724039716552,11.06594718190378,10.240130228030353
91.45546784786515,153.13113228469518,11.537072353061305,9.707149222875387
91.59858637424013,152.64757352272343,10.816399768698929,10.986290864542383
91.08832827562077,152.9724428976986,11.308875124114905,10.839450118962958
91.49671351450765,153.54485476302537,10.668200699218488,9.642412170447471
90.69940606031508,153.5002183379026,11.817692398597629,10.317033046394755
90.69182234357741,152.7809347057013,11.77911597847843,11.156181960385823
90.76649313819732,153.11667599749745,11.625603326071428,10.052727581955878
90.7879708558255,152.68427972961402,11.45053583218045,11.139379967175557
90.66370193675597,153.56424653293863,11.60922488263499,10.136835385325185
90.7606341700294,152.57066517557263,11.067362722496199,11.395631955790577
90.41888485461175,152.77008024739374,11.886154043187318,10.703761756168689
90.5952066798033,152.60631248705903,11.440466569024167,11.028197503473763
90.99122492900176,152.74834475705615,10.986290864542383,10.87303013398008
90.30608228848824,152.4227082379202,11.3827034215104,11.722485613197279
90.5881733980479,152.62793656017496,11.095500121773114,11.266200123646541
90.21026958547674,152.65926977694454,11.30184074627789,11.254945141521546
90.08092221722653,152.76669919494418,11.479575125988333,11.35155012458327
90.44131989232531,152.94759316299337,10.990481253737556,11.5912471100512
89.62074825155624,152.73618569445293,11.822803565991663,11.70574610494225
89.71643687245866,153.44618154655925,11.55953237935283,10.953686866808141
89.18266922828613,153.16721519855167,12.14232464446684,11.373823084690457
89.42031037752291,153.30524066123968,11.20057190798984,11.200571907989854
89.4257207254457,153.39122706141694,12.160903618195363,11.147494983345752
89.41721678351377,154.45068697956523,11.049515115107269,10.070444155540798
89.35769532986211,154.11980166316295,11.655606661505558,10.956270261815234
89.53078721027812,154.44210047761126,10.95075304059722,10.95075304059722
89.72157765769818,154.147057394008,10.861488711506212,10.554088087595659
88.93828204451515,154.24664195871202,11.42249452827545,10.350178715416945
89.2544110132632,154.42479536118557,11.20379546305962,10.359288267351616
88.90555556035787,153.7319770558413,11.312153430173083,11.46658555891264
88.7023107186018,154.03496197453256,12.160903618195363,10.640790665920946
89.08078260714794,154.67236160722092,11.168889335416765,9.683119653182416
88.53122546968602,154.19828243333149,11.766800260198295,11.372696902201227
88.28707687548878,154.83136327156777,11.897819082170955,10.810018480372463
88.25316710609125,154.12819778775082,12.40212222724783,11.281448532014593
88.22842095251376,154.58557626587728,11.321965008075097,11.816914298045589
88.59002100817088,154.2551127259522,11.066422460779904,11.834924020556286
88.14669118717788,154.67682586884445,11.083586415398202,10.673083214827898
88.68297197884306,155.09279465289927,10.707486248068065,11.203203203997134
88.10189427335871,155.06600587131518,11.54159834134282,11.316396422487344
88.11722940087643,155.49878967518507,10.47188922677934,12.160903618195363
87.4286596202981,155.52221979147455,11.236004821691367,11.842096368089642
87.52066571446636,156.25962047376433,11.002892688461259,10.90964783516921
87.39456281703426,156.66667355368224,11.080505237063747,9.999480335886801
87.18808859386989,156.24255352047473,11.260096346828789,11.260096346828789
86.80467536601407,156.73470935177625,11.096137541753293,11.096137541753308
86.65231258985409,157.31886315375283,11.383833669321405,10.888884379350912
86.32256475272365,157.38822856802045,11.28593124365932,10.674043405147671
86.31476163319165,157.11546729645815,11.132025372650148,11.132025372650162
86.17353893731011,157.37231245770215,11.147494983345752,12.160903618195363
86.41083584343096,157.49463847965637,11.247787695626329,11.083586415398202
86.71493545356168,157.49814992520712,10.609044314874637,10.9078906336035
86.48236725510314,158.30768714301166,10.865992584776421,10.528189706493208
85.5964428222261,158.59778679664956,12.002520281784527,11.445702330567713
85.7620077527163,158.49557702417766,11.654199300770557,11.597898821056702
85.1478190751282,158.26228529448616,11.576190256082569,12.315096017109113
85.12318716623585,158.6267886203188,11.505583271061226,11.430871691379025
85.72835171468537,159.5206974489107,10.733881411823603,10.903587046793149
85.56211306157101,159.82382073918308,10.786762563909107,11.312946103611978
85.27127413876283,160.31308950160334,10.964681140509072,11.427977526727773
84.59531204055881,160.71993822303887,11.455130360444159,11.3702775429594
84.41970856916008,160.18413982750872,11.07449036308985,11.383833669321405
84.35606307478675,160.42536912489408,12.091526491579955,11.115719090505081
84.044103397958,160.84394968272608,11.247787695626329,12.39719665722319
84.30789083262408,161.71402976841856,11.049515115107269,11.049515115107283
84.2711373720631,162.276157091688,10.92229306449029,10.753391625348684
83.9027810875393,162.45083878962777,10.827015718104605,10.827015718104605
83.64645054099951,162.4283873381587,11.375872101629426,11.608984234859548
83.15768178574184,162.33744080612456,11.428997381915096,11.879401219626033
83.41412695861446,162.78776250199155,10.963955586143058,11.527523396645734
83.56031853842131,163.5750785379714,11.034894023918014,11.147494983345752
83.56864256396302,164.22256671731475,10.785925793252147,10.504859323069667
83.54489872883715,164.44735547075882,10.528189706493208,10.753391625348684
82.97709581623455,164.12341902936456,11.823100739912164,11.597898821056702
81.9959043889844,164.33202391167026,11.729718010107874,11.057313792967932
82.20202071064202,164.42525875965296,11.206736952332363,11.80442958979009
82.6332452829947,165.04967245840623,11.206736952332363,11.430871691379025
82.47063654968036,165.483816325047,10.753391625348684,10.584490186207091
82.69022406191067,166.5209530249566,10.674043405147671,10.334105717085635
82.44246452360939,166.18973543975176,11.260096346828789,10.084591783148852
82.17064078090219,166.80129151739325,11.322589647372041,10.502854650277214
81.59488592697082,166.72222646608358,12.160903618195363,10.809692105062538
81.45777158850765,166.12077194595324,11.132025372650148,11.87914116947232
81.42944836139529,168.20752494807135,11.142961165994805,10.153768790945634
81.35222020338989,168.4059435978118,11.080505237063747,10.424168689920606
81.42420490914424,168.4142942347564,11.04189720487885,10.539992786475267
80.39227627392013,168.94427635862235,12.217204097909232,10.640790665920946
80.43679105961826,168.89114371320312,11.002892688461259,11.096137541753308
79.70408371761434,168.49240115833516,11.710499780484426,11.316396422487344
80.09642635201777,170.35005242498235,11.372696902201227,11.147494983345752
80.35271484581212,170.7314060263095,11.206736952332363,10.758467474239069
80.16304578622987,170.56389536873507,11.20379546305962,10.021485389068403
80.53683842892184,170.73190538245277,10.818734229308376,10.394470141884511
80.5513900274118,170.9957487131989,10.861160638050762,11.200571907989854
80.30461085850538,171.81996596223541,10.945993555597283,10.334105717085635
80.08022335966386,172.19069047982603,10.434592705524054,10.083259617795989
79.53061249398507,172.56865319773442,10.641409734365666,10.39393508938042
79.64859813730621,172.379647049689,10.827015718104605,10.703278395611989
79.42890123807567,172.98771228781374,11.012621701843543,10.517672411873036
79.25988981145257,173.22229605950542,11.08196863082209,10.40209325469803
79.67449216452628,173.6672615128798,10.769780555231137,10.30355628877092
79.90547243786213,174.3606289291714,9.815195727395732,10.50919946569644
79.53682699918468,174.78373678258984,10.021485389068403,9.85258394992681
78.6003883276633,174.65035554843928,10.818734229308376,10.479322959369284
78.69789897820962,175.50623488661893,10.827015718104605,10.455803750626728
78.51244594167073,175.6245261811735,10.946013455535535,10.012632463203033
78.5743938357023,176.3210346151042,10.982602213285716,10.384909575828004
78.40633710702444,176.4782174861645,11.057313792967932,10.459621155510206
78.40858298249053,176.44953474835677,10.810018480372477,10.674043405147671
78.4284088622977,176.71357058157867,10.579541073119358,10.888884379350912
78.43426171292107,177.18806476477255,10.733881411823603,10.352043733142125
78.58968712693056,177.45509067264715,10.451621212958798,10.297920901003522
78.43153566358556,177.18952249056477,9.898985799409914,10.517672411873036
77.6980809964664,178.50795486616948,10.697091145634815,10.584490186207091
77.42484825512538,178.46826570441632,11.091194503631883,10.13408634849614
77.40957322020215,178.2518993791749,11.013981093209694,11.625868931721328
77.4235647194154,178.9291213979144,11.034894023918014,10.865992584776421
77.85649355868117,179.79572883902412,9.965184909354534,9.85258394992681
77.66195546171838,180.3610700443047,10.350178715416945,9.557597462434558
77.52966900308694,180.75247210769155,9.936640097734696,10.086063257099141
77.72133187371293,180.94080857888153,9.58624280334918,10.062155566635994
76.92793729478056,180.12278718346198,10.375355085250234,11.458000833276344
76.42685105588491,181.4828911599858,10.916677959263282,10.37535508525022
76.437232501555,181.9061369017291,10.517672411873036,9.898985799409928
76.61760390722449,182.46718700506437,10.878006017984887,9.858192953798806
76.53270828146216,182.44224509520697,10.344680654371658,10.180479374143545
76.44318098462206,182.85267280449352,9.936640097734696,10.384909575828004
76.62600819969067,183.43949629039614,9.858192953798792,10.40209325469803
76.68024985108207,183.62663070076508,9.83733202231069,10.256933862124896
76.60968179404097,183.42067285668782,9.999480335886787,11.041897204878865
76.28930273676542,184.26012784400834,10.256933862124896,9.79070959566468
76.4361681296641,184.65995060405857,9.977859691477548,10.04812630902316
76.02819215947487,184.41864426251018,10.554088087595659,10.502854650277214
75.64957117080702,185.0955639330352,10.674043405147657,10.674043405147671
75.80195837309249,184.6631689040346,10.10469364824371,11.728662270282882
75.74125055978048,185.48417906206234,10.084591783148852,11.012621701843528
75.4761864933535,186.513688797811,10.528189706493208,10.021485389068403
75.66624167678545,186.29143481367277,9.965184909354534,9.965184909354548
75.53403314060276,186.85797801717936,10.375355085250234,11.006898438265466
75.49218465663255,187.55704979323755,9.926180491411202,9.586242803349165
75.63067719276557,188.04197073318684,9.898985799409928,9.898985799409928
75.66167025035898,188.11713311104532,9.885353236975888,10.05505887194542
75.39230504826537,188.32984464910095,9.965184909354534,10.13408634849614
75.57065656281782,188.6506620867353,9.545941967036796,9.80050041949113
74.43695104124825,188.50544497000624,10.848857043954396,10.462776722105474
74.42545367030208,188.9345478183118,11.07449036308985,10.517672411873036
74.28833816014024,188.89219005112875,11.260096346828789,10.888884379350912
73.95300100140877,189.77936010221475,11.43087169137901,9.86192851805248
74.46390617008369,190.38065031357587,10.863025408523185,10.163689008832847
74.40471507548754,190.62177567356068,10.99813124485641,10.070963203865603
74.42179508614787,191.57980760158424,10.946013455535535,10.139911689430193
74.51827975051961,191.55799020524418,9.883954448956715,10.39680114206297
74.37773770924476,191.65562940966944,10.415588747065485,10.246687307923878
73.75046948069556,192.56143331809236,10.676535701939102,9.464352609142509
73.41147225727121,192.28474037489408,11.07449036308985,10.455803750626728
73.56659458653766,192.44131695004563,10.863025408523185,10.676535701939088
73.52793718105495,193.02957874263646,10.436896550626898,9.92777964571826
73.63079146375821,193.52256344290188,11.42249452827545,9.930576875602753
73.56524633986453,194.0588465019594,10.946013455535535,9.92777964571826
73.58576029423435,194.33696475109747,9.898985799409928,10.022723121902544
73.65070207458774,193.97264838858385,9.858192953798792,10.53806832992285
73.63778530445425,193.99681560379153,10.023821728894788,10.956270261815234
73.45621643329125,195.33970722880053,9.858192953798792,10.470080792310455
73.45257739712457,195.62284069393786,10.19038682821001,10.359288267351616
72.89244592018238,195.80272606139107,10.47008079231044,10.130143104248418
72.7000279220987,195.61935792015493,10.988439864277922,10.77630782056599
72.86623445359098,196.33660092704213,10.455803750626728,10.517672411873036
72.29596148021457,196.9366285953282,10.878006017984887,10.266118179473239
72.59876639180597,197.47204943447966,10.402093254698045,9.790205416186382
72.50639891705175,198.74803559960714,9.990520277092969,9.580652778545556
72.68157195154257,198.5501733917398,9.744087169018655,9.557597462434558
72.6331303182386,199.51718081157182,9.767059838840694,8.994127045838923
72.51243430598281,199.7563763755352,9.999480335886787,8.879847402524945
72.63135993404899,199.4896790454526,9.683119653182416,9.785586527819277
72.56734195775273,200.2902186490196,9.833735963723868,9.950111537259062
72.62634154718853,200.48142500333492,9.717360390188674,9.65917260342107
72.50311591950852,200.7769688121257,9.975049268590695,9.495479592216157
72.39604151052964,201.01542333373527,9.627382031071335,9.68368251078519
72.04659706813993,201.53185998898215,10.451621212958798,8.96585153072445
71.59444973930906,202.4320755722844,10.554088087595659,9.06831840536131
71.5919856383396,202.48803040579404,10.656554962232505,10.041753714411385
71.31979595957031,202.69608906641176,11.015189023461488,9.52941934122714
71.39478241687128,202.62181683204653,10.332066428134098,9.713379815670976
71.64577037771457,203.88139944216704,9.885353236975888,9.206530697097719
71.68494877438772,204.5388582050949,9.734353090500846,8.914618093406034
71.51933753555647,204.61985299162225,9.990520277092969,8.812151218769174
71.33999993850952,205.00709812059236,10.13408634849614,8.613973396221724
70.9711178825248,204.4633975864819,9.687875533459177,9.85207681368729
70.63561812486833,205.7267102250145,10.578600818660163,8.80263133815518
70.82376624405853,205.70059383144815,10.077785868782271,10.13408634849614
70.47616833184584,206.3377492999006,9.86192851805248,10.384909575828004
70.66933116564641,206.58566169936938,9.734353090500846,9.52941934122714
70.44504145791664,206.43304523320617,9.787216938370264,11.132025372650162
70.71578790440512,206.50669953302219,9.58964249317836,10.270197766887804
70.27200444179721,207.41578840957948,10.077785868782271,9.85258394992681
70.54495196865756,207.3745924824568,9.965184909354534,10.302987787637733
69.71068694955773,208.05864582384132,10.865992584776421,9.796283470212927
70.51540809877342,208.36727176925478,10.09748528068782,9.970206054460647
70.44177005892024,208.68842407753047,10.09748528068782,9.758074010748743
69.82048336733591,208.57498552441052,11.445702330567727,9.83711713816362
69.42688902360032,208.76686452348616,10.769780555231137,10.210311435478872
69.37205651819818,208.79840728834802,10.919385135170089,10.50888193459977
69.66868985752498,209.8800221968711,10.555796043254588,9.653591253232833
69.57075193701189,210.48528634175537,10.609044314874637,9.114812721230322
70.51745020859828,210.62976071161563,9.936640097734696,10.235486416463573
69.29929930264493,210.54225442762805,10.888884379350912,10.14646044439516
69.46157531253235,210.39445931212734,10.402093254698045,11.28593124365932
69.89055444263148,210.51872277628257,9.76783214277745,10.308344593365916
69.61044217334344,210.96104716011382,10.742030942760067,9.994168029023598
69.74214625300658,211.0174916271804,9.936640097734696,10.011351677416911
69.36567552797086,211.83955548327756,10.076696400256566,9.381751820928542
69.48653334657867,211.99243681845414,10.022723121902544,9.651511154424668
69.73449317637242,212.69742637096215,9.822389228137851,8.816322406926986
69.56691296816697,212.33499525801966,9.977859691477548,9.134660280930149
69.58926354808628,212.45252488376616,9.79070959566468,9.510975035788533
69.54754879541262,212.26604174257702,9.852583949926796,10.359288267351616
69.32315646706505,212.8121623613641,10.084591783148852,9.651511154424668
69.65647391616251,213.04869107164927,9.926180491411202,9.246305115287157
69.469061734283,213.20568178765433,10.016278093915417,9.441573613116987
69.74769697713907,213.47209634282666,9.834032211237172,9.022047900217586
69.65915701669215,213.13376763702433,9.743811732235002,9.473150295228464
69.52508888735424,213.43389815663878,9.936640097734696,9.189524300912552
69.6335779109821,213.410996056739,10.310197996145774,9.413659039959185
69.19639435491983,213.76390900073383,10.554088087595659,9.478185903908724
68.96868173992556,213.6420049427518,9.514781071643597,9.627382031071335
68.76488347903864,214.35426601396773,9.588368375779183,8.782266609673854
68.75656852357017,214.6201199912426,9.744087169018655,8.951505916036268
68.43726353099514,214.26730710275126,9.908884429640665,9.40218011221586
68.3581671185887,214.58633984092612,10.0417537144114,9.324485591953447
68.5743771256529,214.39502014270823,10.011351677416911,10.011351677416911
68.58555442239171,214.75064237835267,9.688266496804886,9.368233669583105
68.55772031251118,215.49622680135167,9.883954448956715,8.765016209452199
68.5756478693419,215.37247734585407,9.785586527819277,9.222018717316587
68.58714557844893,215.80225763016102,9.683119653182416,8.50475059485862
68.48708469909504,215.55911393772584,9.888053402456123,9.222018717316587
68.64363030923761,215.56905632565233,10.021485389068403,8.951776274504937
68.42099498441718,216.25047734741298,9.979205430642864,8.088102360695956
68.37650254900537,216.37124242731386,10.021485389068403,8.27617051793851
68.54875903846813,216.49319954171668,9.950111537259062,8.844543588674725
68.64889476657908,216.66527888832448,9.806440174962333,9.034279531264502
68.60403983175213,216.45584873830998,9.800168426966195,9.010893117411882
68.65768253395682,216.6448104639449,9.86282985710767,8.960919162209905
68.51353904899591,216.35356522884985,10.055058871945434,10.097485280687806
68.64244561162013,216.54789404567975,9.836819965137693,9.580652778545556
68.5078666241231,216.54406968457417,9.939286839774553,9.990520277092969
68.57277240008199,216.97042948235622,10.182338098172593,9.970206054460647
68.37037854318935,217.1168902256758,9.936640097734696,9.712505358688048
68.43488574029286,216.67215816556518,10.09298715172983,10.861488711506212
68.40910584024479,217.47150593870273,10.182338098172593,9.842926828233516
68.33099393631106,217.7524598078495,10.095581004178058,9.804642070340066
68.60836325684902,217.04899570474095,10.192520496811241,10.153912464626359
68.0550318422304,216.80193971141378,10.92229306449029,11.654199300770557
67.88319725017882,218.3340338531955,11.24299831673224,9.036825062128173
69.10150792483567,218.1047651172167,9.472663406403967,9.867357715004118
69.13370558647512,217.6534008592,9.36959511909464,9.805390240912999
68.83568510658822,218.20801905918083,9.418622162652468,9.022048597909219
69.10323942407143,218.61449155406882,9.333809923324878,8.82469301841624
69.02912993689523,218.30770601222792,9.418622162652468,10.013482509767357
68.12326529112612,218.47919123016825,10.490045995355004,9.79070959566468
68.69846319205506,218.95367536349212,9.837117138163606,9.280299186946792
68.73763807201466,218.63164692354383,9.631886215863986,9.631886215864
68.73970868647854,218.66402555607843,9.683119653182416,9.888053402456109
68.57115874475294,218.6665310228903,9.785586527819262,10.400387775640382
68.70795816982033,218.64885154804972,9.654230340961576,10.674043405147671
69.08319105353661,219.86380014866606,9.314292652899553,9.178317577674733
68.66266041548622,219.54181334384594,9.683119653182416,9.42695246659028
68.77715148527056,219.92763881904415,9.994168029023612,9.51825526573677
68.59537392548414,219.86447183409626,9.965184909354534,9.233278673074267
68.64803815025742,220.15987799166106,9.631886215863986,9.375719029271863
68.59954945858978,220.19177747579883,9.650842315726607,8.998128342682293
68.63062868317134,220.12457362208613,9.883954448956715,9.930576875602753
68.80536551616153,220.60064565290435,9.34587963250199,8.388771477366248
68.83251943936015,220.21390368388558,9.65533615100766,9.303651721666313
68.49788456290648,220.64865322970795,9.872459765159121,9.521126677431056
68.15445592676906,220.83069927089662,10.153912464626359,9.227319692188956
68.44631562778189,221.60375957998468,9.885353236975888,9.121677879612946
68.7699422479374,221.53095645940047,9.58964249317836,9.218430525700484
68.03365785017861,221.28703757353097,10.517672411873036,9.465905170685744
68.19711744437463,221.68286349436852,10.143006758229987,9.155208000302594
68.37686827383251,221.43687446247603,10.38556065773571,9.458967885298307
68.44292698374583,221.62273998353496,9.164576415896505,9.048200842361325
68.56763504369096,221.5414036184272,8.9519722446434,9.67322119326397
68.58397248552036,221.66326773883947,8.858261062744234,9.697464742372631
68.61506525752517,221.83928137794285,9.156561864454176,9.898985799409928
68.13550455550019,222.4396639364414,9.333809923324878,9.206530697097719
67.60610195661653,222.05385528093163,9.795913785474411,9.398782145522745
68.09954587566057,222.78557494752454,9.461089149552038,8.697413792189082
67.79302490011683,222.8460330575272,9.458967885298321,8.918455434709841
67.41359158623604,223.31993133457053,9.800500419491115,8.739840200931468
67.68564335382362,223.55232573057947,9.829802274009111,7.9987606739485955
67.62921351876271,223.44862237560838,9.848864670801305,7.730829257725759
67.55108530049752,223.71001689322,9.758074010748729,8.48528174847715
67.63435757299709,223.6408415753277,9.901815556128184,8.604518865619411
67.58420499159735,223.46528572417427,9.879135333315787,8.600282862983647
67.46516097268095,223.40119330072383,9.58624280334918,8.7703923520003
67.53635760112826,223.63978990917883,10.087143654772305,7.889681913706426
67.53674337703949,223.6749213343362,9.887865683583343,7.914677409697532
67.58679217069641,223.71519120084835,9.5361839496681,8.146294791012025
67.52696559701477,223.58360739239959,9.758074010748729,8.35800252224999
67.57427714913672,223.5916423372433,9.739982990499072,8.895475794791054
67.58140467596013,223.56815887894075,9.921017643875274,8.873637482058513
67.52542179964566,223.53087114546742,9.942726382704748,8.642793958110843
67.61021982020577,223.68869736774613,9.478185903908724,8.709684344132341
67.6130625411938,223.65153305733926,9.76783214277745,8.841239370340048
67.64676419366208,223.69214509098032,9.2312404759124,8.298791942991954
67.70088040961794,223.6714073875615,9.380593442339816,8.572527340565216
67.58646281192992,223.72218794691068,9.715647602006342,8.315576113507603
67.6017582830139,223.53052948260608,9.310045882815501,9.630078710037282
67.57103383803265,223.52304343863472,10.008299324026666,9.135482522512717
67.53424613135505,223.63558368899416,9.631886215864,8.914618093406034
67.48391379487596,223.40192122526156,9.03282454196156,8.970955880715252
67.65497374687581,223.52906490491446,8.858261062744234,8.531904076222077
67.5943478150993,223.42203184528134,9.156561864454176,8.970955880715252
67.4291097141637,223.68859675492206,9.342167848193114,8.414137929498423
67.55756582267774,223.622660261429,9.029260354611722,8.43199410547399
67.88163250118654,223.49822219374468,9.017084968042894,8.812151218769174
67.59888113396035,223.49122525318842,8.853593810747682,8.502260723019617
67.3834500177035,223.55120713622404,9.150103627819192,8.57098314504583
67.52351135556665,223.75606697804625,9.121677879612946,8.35800252224999
67.565378710876,223.65403159292205,8.958993737066109,8.361727487928363
67.45257536180316,223.52616249133152,9.028125948234532,8.472141652302184
67.56844714777387,222.49131887027224,8.914618093406034,9.017084968042894
67.50045636791045,222.7362700230228,9.019106948977523,8.902731375442329
67.63501739883345,222.2889596980057,8.867119427158627,9.206530697097719
67.61565590254745,222.59428975884927,9.01590991584159,9.0798525393582
67.50516945964165,222.9728627006067,9.495479592216157,8.536340239467052
67.49008200421859,222.59023879653398,9.064393663384536,9.134660280930149
67.51180520283924,222.0441295111804,9.29976391609685,9.540690442420612
67.72091653863664,222.23516879775312,9.134660280930149,9.626526603749454
67.66145927546664,222.4964221370153,8.696196798258555,9.367594345182937
67.42215561543678,221.73251691665047,9.277862902558425,9.883954448956729
67.42517744619506,221.80282155256512,9.072887563449413,9.806440174962347
67.60315105137721,221.54627600359836,9.036825062128173,9.842926828233516
67.52370308712455,222.3267816676184,8.902731375442329,9.193670309280293
67.53342087963588,222.25909592055217,8.869273292253865,9.319355817532426
67.5840935386235,222.5907868103073,8.765016209452185,8.392036796284003
67.57684252553173,222.22432593745268,9.347949221361603,9.131115347670232
67.59508089352737,222.20559031779084,9.426421456350695,8.990013055593721
67.43123495857085,221.55038589318573,9.545941967036796,10.182338098172579
67.64206782730918,222.08585815940313,9.047881227599902,9.303651721666313
67.56391210065317,222.1588121005954,9.01590991584159,8.919995980566682
67.45612251397353,221.7832441961937,9.426952466590294,9.273252154635003
67.56197385016763,221.73472868410678,8.994127045838923,9.06439366338455
67.49120453006051,221.89717397982463,8.951505916036268,8.811638636098195
67.61377935232933,221.4955541063912,8.782266609673854,9.07925147087056
67.4881344197694,221.21192581599257,9.156561864454176,9.280299186946792
67.62669158052681,221.56943824286793,8.863384656087604,8.709684344132341
67.47432842473731,221.51491600944814,10.192520496811241,9.343143788743646
67.51144296776144,221.432695988146,9.273252154635017,9.375719029271863
66.930412147423,221.74508358618,9.930576875602739,8.998128342682293
67.54076360894642,221.74538445699557,9.164104288355333,9.291383514582492
67.0775213477341,221.494823971223,9.497575917483204,9.343143788743646
67.46007126105062,221.49215889651293,9.111495595634295,9.034279531264502
67.44664615230396,221.6087304560975,9.0798525393582,8.728168110016867
67.01665119199886,221.6621581242846,10.454618944965247,8.792110733533463
66.95125541407796,221.59881435468313,9.715647602006342,8.82469301841624
66.63406969364385,221.64617995662041,9.922264271517008,8.918455434709841
66.05428669867379,221.59917120096551,10.424168689920592,9.111495595634295
66.06185551508143,221.56595640632872,10.399459396751254,9.169793589702948
66.42901433064203,221.42663526212624,10.012993000250361,8.713060575656442
66.49901373759613,221.72488939899415,9.954766441455078,8.578043422955972
66.57534059086275,221.5600101778519,9.90208023190624,9.227485958199736
65.97363246594415,221.55988525379473,10.578600818660163,9.652008046222761
66.2944864594035,221.67264361340116,10.107108825126218,9.559000971269029
66.02176240846421,221.61971569216703,10.270144364480842,9.077294735745113
66.1990791787519,221.93497706767795,10.394470141884511,9.54594196703681
66.06902046215626,221.6407345311535,10.084591783148852,9.651511154424668
66.51901552690343,222.71064328289145,9.758074010748729,8.654987383446695
66.45493278436425,222.13954873579837,9.930576875602739,9.650842315726607
66.24998589563779,222.53341470737757,10.083259617795974,9.240060207248575
66.6774728487661,222.62996633738973,9.556259986203855,9.09952697215735
66.64929239737036,222.68412335434843,9.744087169018655,9.18461804926639
66.44790817675485,222.96886776988873,9.954766441455078,9.398782145522745
66.43323966419543,222.9605523929157,9.836819965137693,9.06831840536131
66.42075428029062,222.89925103599165,9.970206054460661,9.885353236975902
66.42942219051328,223.55016793189398,9.908884429640665,8.839175315077199
66.54807627491962,223.47940216998393,9.79070959566468,9.044750769328317
66.4954782030666,223.56711258951708,10.023821728894788,8.904883489390244
66.70129834963835,223.67703005449968,9.769438342810972,8.922224177580745
66.60521530568957,223.66584731578826,9.715647602006342,9.036825062128173
66.6831895743726,223.82590983191966,9.729224110592554,9.072887563449399
66.58855763185366,224.4177618726573,9.837326456386322,8.642793958110843
66.35070427859591,224.54761840955345,10.060668212108851,8.922224177580745
66.64837537006972,224.60618200183737,9.822389228137851,8.975175062907624
66.04626996841864,224.7484618971828,10.424168689920592,9.188711660004088
66.24509198735555,224.88757790028586,10.052066172028873,9.31937134225663
66.37365263321227,224.9323074346496,9.888053402456123,9.580652778545556
66.46901669845228,225.4067029458461,8.99567149907962,9.111495595634295
66.53509294900488,226.3841233294464,9.036825062128173,8.697413792189082
66.14588206296385,226.44286153083635,9.458967885298321,9.227319692188956
66.0465270772294,226.44520035473673,9.604219889080582,9.324485329204464
65.54991760311594,226.84118310776114,10.502854650277229,9.888053402456109
65.4751000868681,227.21331800274442,10.258926161660014,9.275193516021375
66.24005842693859,227.69679812617574,9.175766474633107,8.919995980566682
66.31561604798583,228.05753515392746,9.11955184267974,8.863384656087618
65.95180248795998,228.19796022314955,9.382929816226294,9.382929816226294
65.55550239791742,228.76668051889376,10.086063257099127,8.74125482281923
65.38185842777801,227.8384844547084,10.39393508938042,10.703278395611989
65.7163217489419,228.66631728259512,9.743811732235002,10.01447316924154
65.54153159532206,229.1791738325,10.014473169241526,10.19491412724588
65.62796949391378,230.3012480695088,9.907593073931935,8.818460501974869
65.54523710984458,230.8520903827374,9.769976173573227,8.948969772432633
65.88875733061332,230.5853243655601,9.510975035788533,9.044750769328317
65.51385326698298,231.4242329573891,10.198130641860828,9.178317577674733
65.49006804568106,231.48836580481185,9.9111066450741,8.919995980566682
65.409263530085,231.48355762709872,10.182338098172593,8.994398653385787
65.5009066563062,231.82233811319674,10.038088368071683,8.764023305970284
65.55720449332573,231.7652143801397,9.751250086282582,9.463508280457859
65.71751448277064,232.4103915323421,9.563082199323617,9.637793779005847
65.73010969728651,232.59852564377942,9.673221193263956,10.05505887194542
65.7012076380866,233.76836041630594,9.885353236975888,9.248957105840105
65.55957135093706,234.00869798205204,9.999480335886787,9.150103627819192
65.06264581273386,234.6108293000406,11.003289172693954,9.072887563449399
65.29263092310975,234.56939919702117,9.907593073931935,9.240060207248575
64.66133978931303,234.55623022473293,10.144220589048246,9.683119653182416
65.40134012600117,235.15885360129127,10.095581004178058,9.54279702988589
65.52498188105196,236.27736397244135,9.303651721666327,9.047881227599902
65.52790118601291,236.35824793776885,9.901815556128184,9.028125948234532
65.4560637752543,236.64438586997952,10.02254349506812,9.08293004240548
65.64904695574121,237.65127963840723,9.65533615100766,8.664225486500243
65.49725211482995,237.44858365369882,9.970206054460661,9.206530697097719
65.39917288834353,237.6621867238442,9.54279702988589,9.33913977619929
65.18252159608073,238.21517388621635,9.275671263464474,8.89018882134647
65.38183305830272,238.36912687446153,9.175766474633107,9.303651721666313
65.22150097668464,239.19712326594512,9.30453575655875,9.30453575655875
65.66216815667963,239.70462106288193,9.206530697097719,8.909545835901014
65.61501553882371,240.23230980849974,8.998128342682293,9.324485329204464
65.35279399637616,240.74837037842477,9.751250086282582,8.919995980566682
65.37587701965823,241.75884704872684,9.20339330556736,8.793818210816966
65.50512778801115,242.6813324190691,9.20773778639142,8.983938604083306
64.56058664193085,243.25392584589298,10.023821728894788,9.044750769328317
64.41561568129127,243.53053284997512,10.07669640025658,8.879847402524945
64.01653122447755,243.44420033458363,10.55053288024017,9.815192709799192
64.64428492072362,243.9258477418267,9.58065277854557,10.195454026366662
64.27578503253169,245.32325675828923,10.182338098172593,9.461089149552038
64.6292324823793,245.43254905511773,9.746454283572476,9.077294735745113
64.73542884879332,246.39620179156498,9.787216938370264,9.488370619641415
64.55957519690477,246.82856230516816,9.802193147613508,8.607660649338015
64.66837352910078,247.6452373226655,9.842926828233502,8.782266609673883
64.51827056163613,246.9437298967554,9.683682510785204,9.908884429640665
64.47501818587341,248.42235300863896,9.79070959566468,8.76501620945217
64.34398550614233,248.30279767529075,9.246305115287143,9.79020541618641
64.69441825121046,248.63432043007933,9.464352609142523,9.8839544489567
64.64582465331173,249.76418365590936,9.858192953798792,8.634417276775508
64.79986040880296,250.0755991031867,10.062155566636008,9.314292652899582
64.65545157005072,250.66231597008542,9.588368375779183,8.82469301841624
64.37788011392183,251.0098326655138,10.022723121902544,9.3421678481931
64.15348787263648,251.14070254360075,9.464352609142523,9.557597462434558
63.76076839682618,252.4750968690287,9.888053402456123,9.222018717316615
64.17243960410431,253.47745417890198,9.417730182496499,9.324485329204464
64.61196574489118,253.93788491677026,8.847218558222622,8.909087219468915
64.04439676374925,254.3630525620084,9.604219889080582,9.137995622620366
63.756921700452004,254.67171910966027,9.58836837577919,9.885353236975902
63.747566671338724,255.2147152044207,9.858192953798799,9.110330040062308
63.707988865675105,255.78319898757525,9.655336151007674,9.079852539358228
64.16311603947204,256.61326404841435,9.20773778639142,8.888024668808384
63.83438474373891,256.4052622859998,9.610585686830305,9.58411024416688
63.67308857074926,257.2800823061024,9.733431663479607,8.817910863449356
63.6931015804618,258.2353303706248,9.78322139804088,8.632254174741945
63.556811313368236,258.59210572940293,9.802193147613515,8.71306057565647
63.59142644624852,258.4235429031401,9.806440174962333,9.690616078407686
63.651748476838776,258.916432180276,9.746454283572476,9.54279702988589
63.6557440492726,260.14126814084966,9.758074010748729,8.782266609673854
63.555981825584794,260.4432323739891,9.930576875602739,9.510975035788533
63.54104677657306,260.43171518319707,10.034192769445418,9.557634801503411
63.642334663724476,261.36671404411373,9.942726382704741,9.521126677431027
63.571033471067736,261.3232393028159,9.651511154424668,9.651511154424668
63.766858610149015,262.7584509430006,9.478543899549223,9.042748777730878
63.681184820717185,262.3929425251106,9.55942221573276,8.919995980566682
63.53838294947106,262.4543410568799,10.007020580349007,9.719278774524298
63.322469582475584,263.86222721325237,10.223792852887208,9.34546013356703
63.53811937680267,264.3572515165026,9.930576875602739,9.277862902558411
63.70267959699386,264.3286645024962,9.715647602006342,9.54594196703681
63.65665082928858,265.4484606749951,10.0417537144114,9.017084968042866
63.670217772527685,266.1793992258549,9.697464742372624,8.158924663053881
63.54163916614751,266.3326486677068,9.842926828233495,8.739840200931496
63.65598434343469,266.56163106436463,9.630794784521576,8.612560974704309
63.471068586283785,266.6223553903506,10.30298778763774,8.613973396221695
63.49519635175598,266.6813714426073,9.837117138163606,8.970955880715223
63.208299698807,266.43807684238374,10.211769292138996,9.220335380280858
63.498075566387826,266.936421756704,9.936640097734696,8.143562185361532
63.43086631262638,266.7078271903073,9.934177453801354,9.113171052660732
63.715091899364474,267.11442825430856,9.888053402456116,9.324485591953419
63.45282168053064,266.8423241778094,10.246687463685099,9.375719029271863
63.61106770323346,267.6748813790482,9.927779645718275,8.739840200931496
63.551674592894166,267.8889865350282,9.858192953798799,8.430454663938292
63.71992941870569,267.61245815827726,9.769976173573227,9.359472973002937
63.700199266678865,267.5203473860009,9.769976173573227,9.031070412546683
63.531031955487734,267.71426083043207,9.790205416186396,8.498442201550688
63.64358551002009,267.44678576330614,9.637793779005833,9.189524300912524
63.88846753974079,267.3937585170633,9.58624280334918,8.838379889612725
63.515301013668804,267.7067067420223,10.038991892107305,8.344512368917208
63.55736593489007,267.7406671713016,9.999480335886787,8.91845543470987
63.509608045803006,267.485510286295,10.007020580349007,8.632254174741945
64.02911422832436,267.4160542716006,9.458967885298321,8.33933495193645
63.62554880747107,267.0211245081816,10.326733697932049,9.59139352749105
63.795857972586035,265.86979203424573,10.062155566636008,10.53806832992285
64.29531376769235,266.91984332313234,9.417730182496499,9.044750769328289
64.52058146791981,266.6407412878201,9.787216938370264,8.96538956186589
63.74554473434402,266.78470722426476,10.945993555597283,9.314292652899553
65.61999203267513,266.03503432487116,9.382929816226294,10.194914127245852
65.54316541351437,266.98587863549625,9.722217878573986,9.722217878573986
66.3887882122551,266.8505440541519,9.091373195974342,8.858261062744248
66.66902819470394,266.47754725473135,9.239709098149717,9.33562303342461
66.51216818072834,266.20223790241977,10.055058871945434,10.182338098172579
66.50224107113435,266.6321615916472,9.441573613116987,9.523674253231036
67.61861978750903,266.73887040302253,9.715647602006342,9.418662740809623
67.42799904498006,266.3243913547188,10.09748528068782,9.842926828233487
67.90879080443041,266.8296035105492,10.614475503756765,9.175766474633122
68.8295355800367,266.6832601418466,10.359288267351616,9.683682510785218
71.58882267860528,266.87915010820655,8.812151218769188,9.939286839774525
72.56750453419401,266.34320709128536,10.022723121902544,10.765147056858268
73.11757379075559,266.287168546857,9.697464742372631,10.583290848647039
73.6060679654108,266.68242845813506,10.19038682821001,9.683682510785218
75.22247015908427,266.87180856177935,10.346952625550813,10.076696400256594
76.37053948555281,266.9956425060537,10.852022232156813,10.357426044632234
78.29515685553525,266.391417377315,9.939286839774553,11.425056522008902
79.25183522785375,267.1144210344503,9.922264271517008,9.690616078407686
80.64214573942357,267.5964954557637,9.977199302248764,9.277862902558411
81.87128264617301,267.4706985743026,10.750792484479334,8.958993737066123
84.53031105146663,267.6402558970833,9.650842315726607,9.510975035788533
86.39507773906071,267.5654784627452,9.604219889080582,9.464352609142509
88.62863377583894,267.7576018021369,8.71839378280616,10.49004599535499
89.63835694107435,266.9864833436425,9.683119653182416,12.039857769830007
91.84049544430198,267.5377476080293,9.465905170685744,11.75504563679931
93.45637802310907,268.7104896848142,10.011351677416911,9.488370619641387
95.52624329328286,268.23684946064697,11.006898438265466,11.187339396269806
97.35144278631392,268.2751055039845,11.693856469333753,11.489893856496508
100.00116350740142,268.98391104652876,11.012621701843528,10.455803750626728
103.54282506975079,269.15799939414075,9.734353090500846,10.400387775640354
105.49851269587029,269.60833415280024,10.697091145634815,9.233278673074267
111.12072087776187,269.4825423960791,10.0417537144114,9.73435309050086
113.87952527171282,269.8763666013493,10.346952625550813,9.574791981852968
116.42980481878067,270.49741713239627,10.606055867535261,9.65423034096159
119.71340625737417,270.7164546730549,10.270197766887804,9.218430525700512
121.5735784238314,270.57555014680054,11.003289172693968,9.5361839496681
124.77691256352973,271.4202267151263,11.710499780484426,9.289579152788122
128.01276318367997,270.7134567648444,11.455130360444173,9.92777964571826
132.11503209903307,271.1383055877897,9.834032211237172,9.563370774230634
135.04427940898253,271.6830800011314,10.827015718104605,9.775248476917284
137.73307815251454,272.31105043512036,11.19822768558248,9.651511154424668
139.52479657622592,272.3463100075701,12.849644608744654,10.334105717085663
143.89110111791413,273.0093117755682,11.654199300770557,9.458480591929742
147.13094855981112,272.98714031047575,11.748851514797622,9.277862902558411
151.13418263288298,274.4666304992833,10.590177191702622,9.019106948977537
153.26884842374588,274.3433188484066,12.049100082837555,9.80050041949113
156.86539538575946,274.62984375736175,11.11911326924863,9.03427953126453
159.7513632355059,274.39382820017227,12.34608494403426,9.970206054460675
164.30081836149668,275.73143556792024,11.71049978048444,9.514781071643597
166.95095642934314,275.4033453659999,12.442406016764693,9.233278673074267
169.9144562549083,276.582486387731,12.54143276777998,8.998128342682321
178.01536700659221,277.6916740363665,11.527523396645734,9.478185903908695
180.66656966643203,277.5068431725079,11.580294850743456,10.086063257099113
184.99777524091135,278.8319840886715,11.795473941443618,8.531904076222077
188.3271262417105,278.6219852825888,12.064388943030849,9.527773831932052
191.53783873863688,279.63827681896385,11.879394447868009,8.612560974704309
195.98238259510936,280.00355363931754,12.126257604277157,9.032824541961531
199.11352778518483,280.2929220807548,12.70589245496953,9.73435309050086
202.90665738415447,280.81619810397643,12.249994926769773,9.218430525700512
205.5126642298949,281.5385709743763,12.626256966294477,9.189524300912524
209.7442616748596,281.77463286961734,12.498706496478576,9.289579152788122
213.93053542259236,282.74689181466476,12.47929729733724,9.113171052660732
217.60853987775153,282.61817977678544,12.31596226698025,8.879847402525002
220.97576589886862,283.35682904146677,12.261524761710092,9.064393663384521
223.94080612381634,283.8032496405575,13.371927140109051,8.965851530724478
228.92191301732498,284.52525513400593,12.522578798898905,8.426733300284923
231.7845863124501,284.1750306175278,12.586218492274497,10.03808836807167
235.79710351583338,285.12332003555383,12.34725839374056,8.40228372022176
240.61420919269526,286.09817903834454,11.200571907989854,8.315576113507632
244.38331049722484,286.7705429949191,10.99813124485641,7.609172198476244
246.80051886261555,286.7182880323315,12.774544901010074,8.811638636098223
250.54171390171572,287.3515143921276,12.753391084529397,8.572527340565216
257.4581140767126,288.35369206545136,12.66343455664429,8.262118887566714
261.32575306750675,288.7147598204666,12.889800497907515,7.96376209106387
266.0365269278515,289.2447093192585,11.329888335740407,8.866869132318584
269.88378921406996,290.25634324191657,11.372696902201199,7.769466200513705
273.0998694473937,290.15384340573445,12.161530138240721,8.493767080676037
276.75737070083113,289.8071218181915,11.69823375202202,8.68680724160049
280.95257460993207,290.66389928461444,11.37214166456431,8.818397571469177
284.4456953723601,292.1679636155647,11.251160059036067,7.186864354890872
287.251909451437,291.8293159168517,12.11860427408476,8.022853326580957
291.0027204453521,292.5797463447685,12.284605395838184,7.916157356369865
294.5349070570585,292.93308624774465,12.549359822472638,8.18091178300432
298.14451513179586,293.12339340703306,12.359530800408493,8.384243116066614
300.85421634113084,293.69462874936374,13.561457186303983,8.431994105473962
305.32085734913886,293.66929721550633,12.509002427904704,8.68680724160049
309.2817572910947,294.3495036767174,11.709688812898492,8.188296887280444
313.2983022148701,295.7883575208846,11.389369494542848,7.335526115129312
315.63499032134234,295.79297322695015,12.542591231892573,8.186060944064309
318.22164315567085,295.9157047021606,13.455814651614332,8.726574355649461
321.91872970109625,296.3952383275126,13.30030369847782,8.292164651520125
324.8461235118799,296.45853276837096,13.054279460886221,8.298791942991954
332.1329411846833,297.5167823469547,12.303658535291902,8.188296887280444
335.2651213530952,298.26060279599426,12.373731845457826,7.546616674977031
338.7706860929413,297.7596289579465,11.356160111696795,8.591831663454798
341.36516710407244,298.4514109038949,12.002520281784541,7.857319978281623
344.11795430053115,298.81180550069166,11.783690583237842,8.40228372022176
346.9504776328666,299.19000208687703,11.051440640804628,9.2095338673372
349.8735202776955,299.57758753068134,11.419062869027755,8.773336965296266
351.59479750355024,299.7189566692175,12.250309169934837,8.859570892670035
354.8038840806012,299.2243927147718,10.922293064490304,9.176978193360412
357.0068400366046,299.8064416304674,11.500633377554607,9.121191989094996
358.52609563771387,300.09092160105075,11.19822768558248,8.7853498969763
361.09484782820437,300.5227168503452,11.00382682591345,8.606953655912491
362.3578023248738,300.59923364740564,11.01398109320968,9.178317577674761
364.62791445519736,300.4869359130794,10.758467474239069,9.338947460276984
365.70665232182773,300.3961993878505,10.964681140509072,9.18871166000406
367.71720171803344,301.29615330966584,10.77630782056599,8.061017661053313
368.35609674780943,301.5493235007383,11.288430632913787,8.14629014746356
369.8656509961189,301.6622655213879,10.750792484479348,9.240060207248575
370.8192395485513,301.5997364243636,11.117655898098349,8.965851530724478
371.7832169362596,301.6055216927802,11.631308314306636,9.032824541961531
373.51574449275745,302.0610488880098,11.422494528275479,8.67177135616015
374.4398824153892,302.31570614033944,10.996725645889,8.502260723019617
374.4236825902009,302.3707805963636,12.168453354611813,8.065679809761832
375.71318256627256,302.4699177288165,10.655816883029956,8.262118887566714
375.66072707100045,302.30452655172644,11.795473941443618,8.158924663053881
376.7437154670125,302.44793317403276,10.697091145634829,7.882067159941471
376.61388043491075,302.58413913036225,11.073292681762666,8.061017661053313
377.0901062072827,302.88381520676745,11.383833669321405,7.857319978281623
377.5723512884504,302.55603875090526,11.271356210053625,8.04364965899282
377.6210243469727,302.20628837455735,11.515739381567471,8.67177135616015
377.62044685234247,302.42884180093915,11.489893856496508,8.278526029181023
378.6285339485137,302.33999737309824,11.0318589546618,8.502260723019617
378.4496677425051,302.46804429951874,11.96848997731621,8.184902823196921
379.0220626364797,302.1860416517385,11.748851514797593,8.25216951634593
379.50677685004126,302.2071630977906,11.54159834134282,8.219870038224656
379.62863232179336,302.6257017426725,11.75211522164085,8.188296887280444
379.80186352572713,302.68997676027834,11.629990271282566,7.889949347037543
379.6530787058183,302.2258258212511,11.732457145919454,8.197349970948096
380.69192992057873,301.500507333735,10.46557556425239,8.841606942213218
380.6382332353714,301.7234644917139,11.277559875272004,8.39050454720234
380.71542358470634,301.33407875576887,11.879401219626004,8.83917531507717
381.5743851811663,301.483459261191,10.865992584776393,9.064377233932646
381.68583360869,301.56481882618635,11.667262404156077,8.442855339734763
382.13262817135063,301.421770965894,11.312153430173112,9.03427953126453
382.49105448532475,301.55937915911295,10.84885704395441,8.609591177230698
382.53259279738677,301.4334241884312,10.912722148824628,8.453517157540205
382.5389052597278,300.666750725259,12.723908415334051,8.83917531507717
382.2905235741583,300.6391440814982,13.223949603752203,8.517120083772625
382.5625677253276,300.4737941069312,12.541432767780009,8.158924663053881
382.93008537959037,300.48848857343484,11.136359024336173,8.47600659074476
382.9584400020231,300.68035106553526,11.469116954921503,8.019057383115808
383.55714758186656,300.25675075764343,11.083586415398202,8.210064011406075
383.64320091860577,300.53812600053817,10.90358704679312,7.97616484356854
383.93315810307723,300.8119615861418,10.809692105062538,7.544264281658229
383.74599287411917,300.1227117787916,11.234937365803319,8.377942984121376
383.9159546435415,300.100891841403,11.316396422487344,8.27617051793851
384.35546551358715,299.3209712550538,11.01398109320968,9.382280190511949
384.4566268147282,299.436792551244,11.26009594277349,9.064377233932646
384.72611866775105,299.80649576809986,10.70327839561196,8.723481235729992
384.7212871210025,299.253097337311,11.693176975552944,8.909087219468915
384.3264193219609,299.39553525022035,12.002520281784541,8.847218558222607
385.47704051605353,299.7874663890997,11.206736952332392,8.218273765043762
385.72279283562,299.63984997668376,11.199516759714584,8.728528147475402
385.54040957378703,299.4522991452295,11.702145657242397,8.789846964263518
385.55352640700517,299.60507401792603,12.053184532880437,8.888024668808384
386.8764925804426,299.6916363027941,10.294059470432842,7.553661386153806
386.6799374788308,298.5826751051378,11.794541630383264,8.697413792189082
386.3361798013152,298.7960294129934,11.834924020556286,9.52941934122714
387.5061118370458,298.5973455643134,11.0669922634346,9.450860059885429
387.4881854096306,298.67937469468626,11.427977526727773,9.458967885298307
387.7472042732935,298.8033971523882,11.732457145919454,9.06831840536131
388.75608393243454,298.69172747003887,11.702229088151569,9.567731827103842
389.13723602922687,298.5689010928055,11.52957241358473,9.594485547813747
389.51883175409887,299.66409938760626,10.966159933098083,8.31254105715891
390.49856143264594,299.56430800138725,10.9380642950984,7.3241664002420634
391.111594628335,299.52652528219517,11.146143179852459,7.7926257447001035
390.8479555534743,298.9256411306718,12.43108612548059,8.769725661714745
392.20619936917103,299.73725906694665,10.239377368759506,7.878297410786729
392.6299885711837,299.1281883025314,10.583290848647039,8.298791942991954
393.11320694842374,299.25051941473623,11.143006291075267,7.844822978959996
393.580395970076,298.7295578698201,11.957270597605543,9.143795162874824
395.1968033647349,299.01775587665645,10.357426044632234,7.7098817467065714
395.53306685278676,298.47735247437555,11.81212071382214,9.22276420266411
396.40876108644665,298.6464099161026,12.075208501319764,8.298791942991954
396.5103165726311,298.59321890784344,11.98668407412498,8.902731375442329
397.68593956728466,299.38574402125596,11.769658438890758,8.186060944064309
398.5573783914174,299.55196971383737,12.14232464446684,8.04364965899282
399.661960153934,299.8378350188595,11.515739381567471,7.972434956469783
400.448744438734,299.9296794563263,10.646446815515048,7.705086133751138
401.04157513260066,300.1128415369849,10.87024599782319,7.065659898585068
401.860886776231,300.066118410297,11.013021401472827,7.900645788013094
402.7076619099071,300.3996888893246,11.316396422487344,7.600564761372084
403.83265400523663,300.342154111456,10.578600818660163,7.528566276053766
403.62265977725394,300.46205701718173,11.433900099832783,7.535318386403787
405.2106171969247,300.22243334411627,10.964681140509072,7.296918082944387
405.621564231907,300.34008291116254,10.55408808759563,7.889949347037543
406.85533808886964,300.14918286190607,10.23081976265712,7.353401704409805
407.34674877660376,300.10745188866497,10.697091145634829,7.71316572079985
408.6199985626994,300.74495400205996,10.23081976265712,7.161573833860018
408.4106032842476,300.5453905669828,10.984092238487904,7.679786804760965
408.774166768004,300.0942429198019,11.729718010107888,8.218273765043762
409.59853311036824,300.4068607444887,11.698920159926217,7.634041121307803
410.84936745696535,300.2212907301241,10.459621155510206,7.994139025997072
411.91725073505233,300.4893279002107,10.55408808759563,8.248583408266484
411.96300136044954,300.6846301100763,10.861488711506183,8.40228372022176
411.5843730690855,300.817250083605,11.81212071382214,8.611792441604337
412.2929422025857,301.1026286381829,10.649028594338859,7.509474347402261
411.59053863105936,300.7654343226315,11.887473755886504,8.498617094965653
411.6454547974749,301.11628533718357,11.532189245154825,8.133920551240408
411.3549882191799,300.55525273593344,11.888718794735667,9.184618049266362
411.54738550919757,301.0271497251997,11.685659444234886,8.484709577708998
412.3398445919095,300.94780832600145,10.294762386173716,8.024799251334173
411.54821025472376,300.8209872035048,11.85096868201964,8.638837439923407
411.9417805205429,301.49045417394535,10.818734229308347,7.848885617341352
411.4928204697844,301.012546882301,11.655606661505544,8.718393782806174
411.51257363066713,300.4425605010926,11.870308500589772,9.193670309280321
411.9137151582481,300.4825357136932,11.207525498525854,8.994127045838923
411.65596058744575,300.7857702234661,11.159475904531973,8.353163692783255
411.86271421763547,301.6547823514643,11.051440640804628,6.972932785269563
411.91725245042915,301.0792289700019,11.269097475303397,8.418936635246155
412.26364239029795,301.2532663406095,10.582504191998453,7.801000069026088
412.1707381535134,301.1031468534795,11.299454084584,8.384243116066614
411.52114069458895,301.14500633736867,11.709688812898492,8.485281748477178
412.1594622594121,301.23818822424886,10.946013455535535,7.848885617341352
411.74006862944043,301.0731742935901,10.750792484479348,8.607660649338015
411.40504941295484,300.65006799686665,11.701500103539104,8.824082045291789
412.01719831128395,301.16978539068054,11.030866273020308,8.061017661053313
411.9473117445049,300.8823139740576,10.809692105062538,8.613973396221695
411.58217337947144,300.52008127850576,11.775449816391756,9.111495595634324
412.1275170173205,300.5161008858153,10.539992786475239,8.455159048491169
411.6738017804211,300.9183666116835,11.641810815926306,8.22161780785757
412.0664560037108,300.8090177492389,10.697091145634829,7.71316572079985
412.57241450040465,300.98384267358637,10.502854650277243,7.889949347037543
412.629246390808,300.26933539229935,10.359288267351587,9.176978193360412
412.2507744511312,300.81266527271595,10.49004599535499,8.112302236407857
412.51965666886963,301.22865802159265,9.930576875602753,8.205547089699905
411.8780660565177,300.84694146802764,11.159475904531973,8.616255462634683
411.78759701642684,300.51945919777836,11.25404951231053,8.859570892670035
421.2243256317471,300.73525045787454,9.960872303701876,8.493767080676037
420.8586760281954,300.5281483148598,11.373823084690457,9.170785279998142
422.04716023403086,300.91298011764553,10.070963203865631,8.376483680675506
422.6923193631211,300.688447850409,10.309617324399767,8.82469301841627
422.6740977598648,300.6959171752499,10.223792852887186,8.853593810747668
423.9632730080161,300.57038964422674,11.322589647372013,8.658450906813925
424.82402011052164,300.4190233298647,11.157721301433526,8.57098314504583
425.2298656558766,300.5857613118882,11.322589647372013,8.351050282903373
425.68512427795184,300.94748467561834,11.935701699339916,7.9383676396553255
426.7408340510688,300.73314894460054,11.096137541753308,7.692700396593693
427.16397173294223,300.4356963130571,10.945993555597283,8.63441727677548
427.86662139978307,300.8485329335155,11.957590180741136,7.942632893776988
428.63571419435806,300.6772996484661,11.904902585777734,8.133920551240408
430.0652853218642,300.64293712664744,11.558858586253905,8.818460501974869
430.7281375447656,300.5038733547784,10.96615993309814,8.408454992433803
431.37224000432127,300.5857631225499,10.891325719570546,8.888727119520468
432.69521641790817,300.47492608000323,11.55788139410896,9.178317577674761
433.76314324879274,301.1497970286801,11.316396422487344,8.895475794791082
434.64548522251334,301.3648669812144,11.629990271282566,8.351050282903373
435.82336914632134,301.2485418210462,11.271356210053625,8.04364965899282
437.44145672774573,301.40606422846304,10.691455003081217,7.424621529917488
437.881570087382,300.8741870151289,11.761844006946149,9.858192953798778
439.64271871924103,301.1057769089355,10.998131244856438,8.216627121884017
440.06706228515225,301.31036937991064,11.010342252995486,8.67335494765507
441.36490775686343,301.5588991449619,10.912722148824628,8.658450906813925
442.56704294644766,301.88220507137476,10.750792484479348,8.221194252837108
445.7710461833965,302.6585351595912,10.539992631842495,7.448261459835351
446.12880338444864,302.71251582075195,10.611368050674798,6.752688759520311
447.0559074461192,302.86883483256617,11.093210475983199,7.439599388427837
447.7589092524067,302.4113308463153,11.00328917269394,7.644390372608427
448.8236511874467,302.82559968261745,11.317844362439473,7.896914004300982
449.6976673742401,302.7487822547656,10.648952463509886,7.492814968668711
449.4932405586853,302.7732948740419,11.957270597605543,7.801000069026088
450.9649970775397,303.18907163784695,11.485297861628965,7.769466200513705
452.20951942904355,303.53613319221023,10.775505164021865,7.280746732447199
452.734402347008,303.69517882643913,11.372696902201199,7.9383676396553255
453.8389560516405,303.54867222867,10.303556288770892,7.646077969947669
454.2534959170395,303.6291683436693,11.14749498334578,7.2064614033750445
454.6566378838803,303.45031340736034,10.584490186207063,8.332470997652365
455.1543901369775,303.57995556933435,11.096137541753308,7.646077969947669
456.1503191218659,303.6716913272785,10.16656998276261,7.17484496179344
456.4099347388494,303.56823664400326,10.70327839561196,7.981057300774239
456.59147881967414,303.37993618442925,10.97859354420416,8.83917531507717
456.6241413864024,303.2645461528691,11.569439653060329,8.166663284513163
457.2198239492486,303.65724384200706,11.485297861628965,8.219870038224656
457.21800199292676,303.7045644819166,11.066422460779904,7.685015597763822
457.9179074565854,303.7204458285378,11.189382395045357,7.646077969947669
457.6968880914612,303.65176851171964,10.964681140509072,8.107686758827128
458.17498239000315,303.6912407496506,11.285873050681175,8.024799251334173
459.15163315295973,303.66013230130795,10.33574797928901,8.143316589742824
458.8911044315853,303.6674573798956,11.375872101629454,7.785945249885742
458.8474790124429,303.85676041330464,11.00328917269394,7.37413414731418
459.06356436123815,303.8307238066445,11.203083474054495,7.7578341476248625
459.6940314711643,303.79508273096445,10.50138475429037,8.377942984121376
460.11586543456843,304.0559771461095,10.117066582186851,7.273098556779473
460.06321017642586,303.94779470272334,9.999480335886801,6.949445793280404
460.32822329251195,303.9348060597369,10.50289551155123,6.866158838576439
460.27422170211605,303.330251420716,11.165687055512251,7.881661450949821
460.36588059445063,304.1236820616898,10.750792484479348,7.377994842289752
460.6618938200399,303.79347901954304,10.912722148824628,7.018980912624272
460.98960826316295,303.34705127550615,10.539992786475295,7.914646597902674
461.0748806164903,303.24961370353674,10.26611817947321,7.614604212589427
460.7977446592724,302.82491156603635,11.066422460779904,7.941182784355931
461.1442019654222,303.0311284369722,10.007020580348978,7.801000069026088
461.42966500082815,303.3153797419658,9.655336151007646,7.545229574959649
460.8513909199065,302.8182642694442,10.964681140509015,7.798822501347956
460.89348231216445,302.7315139267808,11.371732042481142,7.926482716051453
460.7944681957207,302.88006761526924,10.771640979584618,7.876038565717806
460.8622947061163,302.86793959868726,10.378373524070184,7.75730470038917
460.6810398775634,302.6973293706183,11.24104053940755,8.222612987159266
