279.45744581769327,278.63939402023635,13.553306870478764,8.995014581914177
280.36843507813353,278.48706359530695,12.666722806833207,8.913619752956663
280.99054059145243,278.1712340352239,13.133072801130481,9.573155858851862
281.7648595051796,278.6505649091308,12.442178634261552,8.9290929022348
282.69378865384925,278.52451931239057,12.65886815525198,9.504295963323045
283.3676079514176,278.75729112498334,12.588557206429357,9.221850046570353
284.3619106734093,278.84212588027907,12.730630811912647,8.805819264046022
285.645708368835,278.6968179097014,12.628133102986624,9.41486845225063
286.3975805978278,278.58138415521177,13.091244499380252,9.760533741900304
287.91529119047783,278.5672421271913,12.644162477198392,9.653611160135938
289.30797268993945,278.6766184808049,12.033056243801752,9.057905860118751
290.29582855903715,279.07512300889977,12.734935778597162,8.489957185731441
291.5789507282042,279.152013044574,12.442178634261552,8.197200041395831
293.33986039921854,279.56015753369104,12.606473181546562,8.000261826750716
293.99658575251794,279.6065509783614,13.511868004491703,8.20363414558426
296.2206707461224,279.69248993852375,12.734935778597162,7.904442897060278
297.4370435841732,279.6109120412015,13.029301290045623,7.560211859656079
301.129960242992,279.6267135349628,12.546734575599487,8.20363414558426
302.1724385914256,279.4644174439423,14.141148816323948,8.838218010202468
303.975143349223,279.68416448328315,13.257327015303702,7.954396209182221
306.21832020746047,279.5344634711497,12.90129174770044,8.209912930354847
306.79485886624633,279.6433386059104,14.141148816324005,8.131160569386282
310.2352019771375,279.6606268230342,12.594006789663865,8.111394203512305
311.78803069426016,279.2190757663324,12.820271257515174,8.935340573419637
313.54176603503555,279.8692072293353,12.432153865965915,7.740775048620264
314.45621803016127,280.0457921543718,13.788329072923489,7.500851015670378
317.4083712961077,279.7344480035302,12.626024723310366,8.158354436600575
319.25076252295855,280.3572142741078,12.546734575599487,7.399356288174033
320.3805097185671,279.92867324526287,13.080562655099698,7.247338768366035
322.00609364252597,279.3478037291561,13.146173071688395,8.764115381125578
324.3488961081216,279.6658218057038,12.903798294895637,8.131160569386282
325.29332279016666,279.423288498674,13.208764325924733,9.712326710238756
326.8578053133908,279.62085263229085,13.720063288121082,8.258678872461246
328.446264983021,279.5526235766365,13.343233920556258,9.474657084955538
329.81497394318933,279.71241315501476,13.208764325924733,9.129587107624445
331.3628183023188,279.8716828206601,12.90129174770044,8.679050812089429
332.10929163102696,279.51649655158946,13.466828639436073,9.221850046570353
334.8952527791198,280.1405630565208,12.626024723310366,8.352600970805327
336.36948282781077,280.24452746637206,12.594006789663865,8.538309687907713
337.1986154500872,280.77961768347626,13.020922274059274,8.111394203512305
337.2627056605825,280.8592394961485,14.491478644610538,8.050821469228083
338.7983962180009,280.9764557786394,13.014517791719925,8.158354436600575
339.66945638907913,280.98906571351097,13.257327015303702,8.131160569386282
339.74857035632334,280.9180202857557,14.30870539290413,8.444481871222138
340.5222192677039,281.154799838783,15.024970617344252,8.661453649998407
341.37816883624066,280.6078913951029,14.543274333771421,9.148188693823954
344.3787292461453,281.0632131106858,12.734935778597162,7.611685752724725
344.29226895853645,280.99091440607197,13.874753242850034,9.605598398896177
345.2338362375003,281.2806861305248,13.613207211603822,8.489957185731441
346.28588952021136,281.50112268476977,12.80746453186157,8.111394203512305
346.56529297093266,281.922326828688,13.818634064387538,8.485126179887118
347.1005643871862,280.85337224027967,13.87982058207433,9.06437262502817
348.9021983716385,281.29624224114787,13.434091375507762,8.661453649998407
349.69428515489517,281.6393694685129,13.351012433009714,8.20363414558426
350.8083935083498,281.9844931809247,13.146173071688395,7.9908110827909695
352.2336057095734,281.6921987369918,12.594006789663865,8.111394203512305
352.7067127849714,281.3199765630806,13.146173071688395,9.537419679460243
353.34471047059924,281.9172046068476,13.672723575973748,8.364489717066306
355.19400060726093,281.49454227720497,12.848905358114735,7.515397473614314
356.1040545912216,281.147163767866,13.027692922932715,8.63633575789919
357.54188305745294,280.7094396523286,12.149421489925999,8.489957185731441
358.2322357019064,280.4159445407279,12.36330012882081,9.193415391546239
359.14445117381615,280.80429434390686,12.626024723310366,8.741094039214886
359.5539468117552,280.4024537952889,13.447837758454625,8.324851945710009
360.668255609865,280.3736790085475,13.208764325924733,8.935340573419637
361.63067832575285,279.95222075692175,13.146173071688395,10.31072397779485
362.5665158383072,280.40788356549865,12.550269574487515,8.307924929590342
363.17832832277634,281.03848255197573,13.434091375507762,7.77763184897816
364.0258108095801,280.83425742100525,13.187245296349374,8.125474374518319
365.33454579399665,279.97405805335336,12.820271257515174,9.129587107624445
366.32714943450105,280.026546966674,13.080562655099698,8.307924929590342
368.19639360032465,280.3083426222655,12.115100673908898,7.9908110827909695
367.8127301002504,280.335640080193,13.370429629435023,7.506206107752973
369.31504395146817,279.9934009248719,12.594006789663865,8.751767430105417
369.8114466383616,279.24985299373134,13.020922274059274,8.965225172303064
371.2397071736057,279.3260431497598,12.550269574487515,8.661453649998407
372.1245146609177,279.12044769322796,12.903798294895637,9.54527545101871
372.6346790237886,279.4273434126706,13.234380016256921,8.751767430105417
375.2955965818059,279.75104695920606,12.868445718563578,7.721067431138124
377.1806049780967,279.2498826173331,12.432153865965915,7.506206107752973
377.6724695672267,279.33606229322373,12.594006789663865,9.178682914500769
379.83237241738954,278.422078542947,12.180250714881595,9.347634269560274
380.21483088219213,279.05345030388224,13.014517791719925,7.575614833986208
381.08856835376673,279.9215988629219,13.384889020593448,7.159359243573249
382.8504511058984,279.61424682019924,12.385879004117442,7.721067431138124
383.6476680583434,278.9523242794459,13.027692922932715,8.343578613563636
384.61750269791605,278.23608253573707,13.604998570302314,9.382757634691245
386.1843740708477,278.0718579126259,12.926902550147645,9.485027351593033
387.6620202730684,278.68754530897996,12.431778189105614,8.546847505010078
388.6447877416682,278.21138573997655,12.90129174770044,9.382757634691245
390.2179384458165,278.34982428894097,12.88131435076491,8.343578613563636
391.2770285438654,278.7753501432096,13.234380016256921,7.8979364613146
393.77874956812707,278.56852709145556,11.849038586491304,8.158354436600575
395.1832214823723,278.3710356638403,12.06416786115335,7.721067431138124
395.67800051119525,278.69581025120635,12.373505214283455,8.131160569386282
397.0668133117033,278.07303541619063,12.903798294895637,9.54527545101871
398.4663808853584,277.5933638966373,12.666722806833207,9.148188693823954
399.7032333988206,278.4018154514325,12.372868773353787,8.248579182235858
401.66268117496895,278.738661325613,13.787620095915884,7.77763184897816
404.2255285872641,277.8395480152736,11.917970487875039,8.751767430105417
405.36808301470944,278.47989739141224,12.139783065189363,6.848082754722213
406.0024082029503,277.8427279359585,13.250033451315517,8.43183946901894
407.73352675578025,277.80747196524794,12.388018308691812,8.791496864232897
408.7159230954847,277.36896647771744,12.237531654900806,8.546847505010078
408.73781701940845,277.4463369813489,14.30870539290413,9.148188693823954
411.58440163343346,277.64836440419447,12.388018308691812,8.791496864232897
412.33371260309707,277.35028744721524,13.257327015303702,9.191746730610589
414.2163096696076,277.5275770909433,12.388018308691812,8.525087868347043
415.2472329342795,277.25542017634035,13.029301290045623,9.329623145958578
416.1643245795168,277.4682820620711,13.080562655099698,9.014982370406528
418.25078495472064,277.9530977133172,12.547380162230581,8.130702345125428
419.3952043726873,277.78894440781744,12.734935778597162,8.197200041395831
420.3510167913492,277.41481455670805,13.174071495100463,8.63633575789919
421.58647854000634,277.4937277953781,12.727689269830648,8.242694003318888
422.8705837467089,277.4568325287931,12.734935778597162,8.343578613563636
424.40221079873817,277.61493979065705,12.606473181546562,7.757829650182487
425.52869293238024,277.4323303100637,12.92083630046352,8.525087868347043
427.35609687474675,277.2141978261288,12.14347930513378,8.525087868347043
427.93956507271145,277.36759311066896,13.234380016256921,8.324851945710009
431.29898187717794,277.8216233807334,12.244036216756058,7.9420775460039295
430.37520219669216,277.7267193677658,14.008942338090264,8.603917341504257
432.3772721821003,277.5521082328715,13.75192865780474,8.532218510316795
434.36486925352517,277.5344519117267,12.905876012256385,8.603917341504257
436.0301599445314,277.26531604542504,12.364041004978333,8.848774444739377
437.35355770398786,277.70737990350136,12.665619320906671,8.67319583931652
438.40845626972435,277.4481616864301,13.054040798406447,8.791496864232897
439.0007987222307,277.4855755680046,13.434091375507762,9.014982370406528
441.10512949874413,277.369471733918,12.52122280663474,8.924701362175824
442.57310583513055,277.61968488682703,12.606473181546562,8.485126179887118
443.13224242649653,277.7040034317168,13.453654292235228,9.057905860118751
444.61460255527567,277.90264036778836,13.054040798406447,8.391883370404173
446.630121030001,277.8014669358934,12.546734575599487,8.20363414558426
447.76752986074024,277.2463186598051,12.707590147081532,9.168767574476533
448.82067689002344,277.2599461370066,12.654427304577666,8.924701362175824
450.1939915827208,277.4556992547115,12.88131435076491,8.63633575789919
451.14502967088856,277.3795985969908,13.080562655099698,9.014982370406528
452.84900201113334,277.2556892852791,12.385879004117442,9.007912002994487
455.66309002329285,277.54182251819265,12.68526274708961,8.824530606671033
457.0661027913782,277.92525932967715,12.373505214283455,7.77763184897816
457.258311863208,277.2637367432998,13.466828639436073,8.9290929022348
459.14416938833966,277.00607658745423,13.054040798406447,9.191110358061678
460.1684458067805,277.4023544055788,12.68526274708961,8.603917341504257
460.3304310332227,277.73729987513684,13.88442821184276,8.40373286506275
463.1792071406839,277.697268823862,12.605599297594097,8.129698097723747
463.64219371473456,277.02939259567887,13.466828639436073,8.9290929022348
465.9480580814291,276.92309182045994,12.346622079634926,8.231081386423284
467.40562352244973,276.8279890931569,12.727689269830648,8.606342268171204
468.2379936157612,276.276521601167,13.320450067268268,8.63633575789919
470.21193769392795,276.861763106806,12.52122280663474,8.258678872461246
471.250010047905,276.4365714937927,13.016182644839773,8.052384178587317
472.380988691159,276.38303354430997,12.654427304577666,8.65829236628997
472.9584127084758,276.43276400362765,13.453654292235228,8.391883370404116
474.3104180175416,276.56856068820525,12.88131435076491,8.489957185731441
475.8783240973019,276.4679922814164,12.654427304577666,8.258678872461246
477.350975624211,276.7456182535443,12.795569379672997,8.493610708920869
479.3458635939283,276.6311551003512,11.856664345590445,8.343578613563636
480.3077182864123,275.8833914493462,11.988404814863088,8.258678872461246
482.3889299401112,276.26771411979746,12.788289142486747,8.129698097723747
484.1836199126043,275.11493238144766,12.13372958417267,9.045143871837809
485.56670262754693,275.78449577501425,11.744347831847847,8.33146042772114
486.7158142561342,275.63130413606774,12.654427304577666,8.125474374518319
487.0917872301632,275.757417529115,13.257327015303702,8.838218010202468
489.00249109513766,275.56741306366996,12.254813810748885,8.791496864232897
490.1683174001613,275.2865903151679,12.4591146580658,8.67319583931652
490.5581251938569,275.1383892775667,13.174071495100463,8.9290929022348
492.1965391752379,275.4305677840046,12.588557206429357,9.075471474402548
493.1297801676092,275.455288778264,12.707590147081532,8.847056431512442
494.64204444589467,276.11776213228677,12.654427304577666,8.391883370404116
495.26875416981693,275.87898075022446,13.190156861527669,8.042778574102215
496.82582611589453,276.0392566770653,12.588557206429357,8.489957185731441
498.1479988795184,276.01306802288445,12.043285120696055,8.352600970805327
499.0130556156992,276.05553609555756,12.242824916694246,8.000261826750716
500.0900035530985,275.7648122154614,12.295800062093747,8.050821469228083
501.3781434780231,276.1225603926066,12.442178634261552,8.197200041395831
502.4141540326203,275.9510169320132,12.121609312806015,8.258678872461246
503.28210253366314,276.0987540055267,12.588557206429357,8.197200041395888
504.6117641611153,276.1180957164667,13.054040798406504,8.258678872461246
505.68842299717124,275.9382912360635,12.820271257515117,7.575614833986208
507.5843741853679,275.9978192823332,12.485257093262476,8.72755835645529
509.1339984456311,276.10628889546126,12.254813810748885,7.992269876575392
509.4005225873599,276.31652689621893,12.715868307452183,7.82996816961338
511.6136392227955,276.3683065324987,11.60080515068438,7.855663330384743
511.97219864432407,275.9232491370744,12.295800062093804,8.63633575789919
513.188795479898,275.6966916005096,12.161277197817867,8.208600760378829
514.7827658962254,275.24502059995507,11.74245671818926,9.490478717440624
514.1212333137936,275.8510843745932,13.661295500652272,8.538309687907713
515.8867787867963,276.33500817782453,12.36404100497839,8.242694003318888
515.9761985615045,275.1690722190896,13.403010860129484,9.129587107624445
517.598717519009,276.3474354870317,12.92083630046352,8.125474374518319
518.6968535133769,275.59113068917014,12.626024723310366,8.546847505010078
519.9634228297297,276.12626866355396,12.003042917758194,8.489957185731441
520.3260302497508,275.4971766763966,12.905876012256385,8.824530606671033
521.011235900515,274.7556654080468,13.434091375507819,9.36851109081465
522.9373429239798,274.96552331478097,12.727689269830648,8.848774444739377
523.4648270693884,275.1642944374457,12.24282491669419,8.242694003318888
524.5088196550454,274.8715463705176,11.87483991802344,8.76911255484805
525.3695683022853,275.14820467022855,12.023422951589282,8.603917341504257
526.001779570164,275.23337710874546,12.295800062093804,8.343578613563636
527.1024770702155,274.65156700945516,12.80746453186157,9.392140656698473
529.2102262447662,275.37012786738075,12.003042917758194,7.611685752724725
529.5210589552789,275.17859426861605,12.727689269830648,8.242694003318888
530.7878836646431,274.8095002350962,12.521222806634796,9.191110358061678
532.2376502682564,274.4217158465602,11.322382325148396,8.65829236628997
532.2729478735757,275.1220712408755,12.121609312805958,8.391883370404173
533.2854802182819,274.77833020246743,12.550269574487515,8.661453649998407
534.2587538939472,274.22855699784833,11.740175820873105,8.538309687907713
534.8748119310019,274.403032419316,12.588557206429414,9.221850046570353
534.8473283391007,274.56237171481075,12.237531654900863,8.741094039214886
536.0474257908786,273.96060282151495,11.963015984231333,9.148188693823954
537.0716788369969,274.0790350500271,11.87917665184193,9.212422709591692
537.2628135347387,274.3852979980222,13.208764325924676,8.546847505010078
538.3864345866735,273.8359838762039,12.167091305268514,9.819056141093881
538.9889201566637,273.9473401746338,12.380549047466161,9.178682914500769
539.4961773351655,273.34969986557246,13.014517791719982,9.712326710238756
540.9075174558836,273.20641435831067,11.072052449672128,9.323833641829196
541.4801380239763,273.3218823794467,11.953633563070753,8.965225172303064
541.8309553720063,273.0607363514518,12.385879004117442,8.525345288548351
542.0274595164618,272.8359608323445,12.66672280683315,9.617326575558536
543.4514916022584,273.1652431568104,11.857332574464067,9.279651580015354
544.2726725865411,272.943122700389,12.380549047466161,8.538309687907713
545.4717979060086,272.84996837747184,11.692150073130733,8.76911255484805
546.2685331075554,273.0170820328814,11.740175820873105,7.684478719116953
546.4008371174232,272.9527235968175,12.746774003945802,8.497849335963906
547.674450036277,272.6656710425213,11.515528386989672,8.72755835645529
548.634635421452,272.9059082598242,11.34179637557429,7.47527488390125
548.9203452851646,272.4872394629567,11.58879132103425,8.258678872461246
549.3305537702602,272.857552362817,12.115100673908955,7.733042983346138
549.7289714163447,271.8857957930921,12.431778189105557,8.741094039214886
550.9053854241889,272.4264331432803,12.432153865965915,8.209912930354847
551.2911608439016,271.65587965751337,11.918062377694469,8.893807132092263
552.4875061605367,272.0805860830487,12.196740854079394,8.131160569386282
553.0470448556874,271.9797794898703,12.380549047466161,7.8979364613146
553.0470448556874,271.9797794898703,12.380549047466161,7.8979364613146
554.0730839026294,271.92277732059574,12.380549047466161,7.8979364613146
554.6519636864456,271.8853724998257,12.380549047466161,7.8979364613146
555.1066425555705,272.193237232068,12.380549047466161,7.8979364613146
555.8836286923896,271.59215830053455,12.468918543659242,8.693261927052788
556.6606148292087,271.5666102505293,12.224192187324547,8.718809977058015
557.1909079098209,271.592107564899,12.410005546197226,8.339783942280235
558.4030687926619,270.65288451687377,12.782630251947012,9.157790902021361
559.571994964387,270.6260791032417,12.0856894975135,9.184596315653437
560.2937087388555,270.56103391328054,12.914116828110878,8.716073724969874
560.6501074936391,271.09659052440725,12.509414589546168,8.671129713794528
561.4150572123292,270.7033186547858,12.451691418218843,9.10735676410934
562.1221146531454,270.8270585720677,12.427752542488406,8.983616846827431
562.8691095460481,270.70550178814085,12.665118530476661,8.822787281098783
563.1667212342676,270.738336721429,12.380549047466161,8.718809977058015
564.1714146634944,270.74107297351713,12.487262603595127,8.716073724969874
564.1714146634944,270.14509535554004,13.087606488282404,9.312051342946972
565.3808349662891,270.72783495815435,11.87818618548772,9.454336084452223
566.3903829393998,270.7319287888169,11.916577910940191,9.165672770779167
566.5134718181788,271.02059210248996,11.916577910940191,9.165672770779167
567.4740021489893,270.6303052780194,11.916577910940191,9.165672770779167
568.4579259309669,270.59373787797415,11.916577910940191,9.165672770779167
568.2772800333554,271.02059210248996,11.916577910940191,9.165672770779167
569.3588528697355,270.69194152937,11.916577910940191,9.165672770779167
569.8279234501603,270.7310307444054,11.916577910940191,9.165672770779167
570.5007705200162,270.88738760454703,11.916577910940191,9.165672770779167
571.2999975076738,270.88738760454703,11.916577910940191,9.165672770779167
572.6387359028173,270.88738760454703,11.916577910940191,9.165672770779167
573.3047583925319,270.7541831066041,11.916577910940191,9.165672770779167
574.2698918214242,271.0758942495682,11.916577910940191,9.165672770779167
574.2698918214242,271.0758942495682,11.916577910940191,9.165672770779167
575.476518807252,270.7127904319102,11.916577910940191,9.165672770779167
576.4609928398756,270.88164771536344,11.916577910940191,9.165672770779167
577.0157963652977,270.6540362273759,11.916577910940191,9.165672770779167
577.3934243254761,270.7484432174205,11.916577910940191,9.165672770779167
577.9995047668966,270.7484432174205,11.916577910940191,9.165672770779167
578.7040141036842,270.46387373441,11.916577910940191,9.165672770779167
579.5639333016982,270.7484432174205,11.916577910940191,9.165672770779167
580.3669656320809,270.3334674258114,11.916577910940191,9.165672770779167
580.8424948308566,269.9391987452158,11.916577910940191,9.165672770779167
581.4712645416636,269.93412652778073,11.916577910940191,9.165672770779167
582.3135950356775,269.7724508095987,11.916577910940191,9.165672770779167
583.029528762602,269.68380000407967,11.916577910940191,9.165672770779167
583.7549671282575,269.79924306662025,11.791298420226326,9.103033025422235
584.4350601629399,269.43191492681933,11.791298420226326,9.103033025422235
585.2435187342071,269.8292542141808,11.791298420226326,9.103033025422235
585.5704695267997,269.8292542141809,11.891677461524182,8.601137818933012
587.0651795542125,269.99318330768443,11.891677461524182,8.601137818933012
587.5219041664442,270.26721807502344,11.891677461524182,8.601137818933012
588.4001755994509,270.12083950285563,11.891677461524182,8.601137818933012
588.6665845953368,270.12083950285563,11.891677461524182,8.601137818933012
589.5357479360229,270.12083950285563,11.891677461524182,8.601137818933012
589.9483782974404,270.5204529966844,11.891677461524182,8.601137818933012
590.4353541151052,270.2783942221939,11.891677461524182,8.601137818933012
591.0454132991862,270.3451204258881,11.891677461524182,8.601137818933012
591.5969464621031,270.89665358880507,11.891677461524182,8.601137818933012
592.0031829448868,270.0894260863251,11.891677461524182,8.601137818933012
593.2150696055219,269.79080090624666,11.278032026234314,9.073172769155974
593.7240306562297,270.2041512783186,11.278032026234314,9.073172769155974
593.7631198712651,269.7800134402454,11.608115577355989,9.490008234369384
594.6537428082792,269.66689994212845,11.390747801253042,9.522705491590159
594.7877698764395,270.7123110737788,11.363942387621023,8.557710600836003
595.8534058599829,269.94644210677166,11.599594377469316,9.323579567843126
595.8534058599829,269.84660612835495,11.54152288924638,9.423415546259832
596.2946323903165,269.94016464569506,11.584555652787799,9.440163661503107
596.8461655532334,269.94016464569506,11.584555652787799,9.440163661503107
596.9673816415175,270.06138073397915,11.584555652787799,9.440163661503107
597.6744390823337,270.06138073397915,11.584555652787799,9.440163661503107
598.558260883354,270.06138073397915,11.584555652787799,9.440163661503107
598.558260883354,270.06138073397915,11.584555652787799,9.440163661503107
598.558260883354,270.06138073397915,11.584555652787799,9.440163661503107
599.5990724948555,270.1092795521032,11.584555652787799,9.440163661503107
599.8027800791303,269.6111212321631,11.584555652787799,9.440163661503107
599.7331708659876,269.9717743417451,11.584555652787799,9.440163661503107
600.333632470983,269.9468170841895,11.584555652787799,9.440163661503107
600.785876545396,269.80264983728995,11.584555652787799,9.440163661503107
600.6250440636037,270.04389855997846,11.584555652787799,9.440163661503107
600.6250440636037,270.04389855997846,11.584555652787799,9.440163661503107
600.6250440636037,270.04389855997846,11.584555652787799,9.440163661503107
600.6250440636037,270.04389855997846,11.584555652787799,9.440163661503107
601.2684663495319,269.76627591396215,11.584555652787799,9.440163661503107
601.7353141150921,269.5822904440468,11.584555652787799,9.440163661503107
601.7709637564905,269.634732438715,11.584555652787799,9.440163661503107
601.6569594179414,270.2047541314605,11.584555652787799,9.440163661503107
601.6569594179414,270.2047541314605,11.584555652787799,9.440163661503107
601.6569594179414,270.93205066116514,11.584555652787799,9.440163661503107
601.6569594179414,270.93205066116514,11.584555652787799,9.440163661503107
601.7672660505248,271.0423572937485,11.584555652787799,9.440163661503107
601.7672660505248,271.59042682842653,11.584555652787799,9.440163661503107
602.3179451514337,271.865766378881,11.033876551878848,9.646668324343977
602.3179451514337,272.4680406266681,11.033876551878848,9.646668324343977
602.3179451514337,272.4680406266681,11.033876551878848,9.646668324343977
602.6107022957693,273.199933487507,11.033876551878848,9.646668324343977
602.5182105586237,273.57542413724104,11.033876551878848,9.646668324343977
602.225453414288,274.8928312867511,11.033876551878848,9.646668324343977
602.4144666107213,274.3535037465081,11.033876551878848,9.646668324343977
602.7009004035164,275.1472700799659,11.033876551878848,9.646668324343977
601.8217976567394,276.11609564684676,11.581601146707158,9.97304543188676
601.8217976567394,276.4696243672549,11.581601146707158,9.97304543188676
602.3373338556291,277.5006967650344,11.581601146707158,9.97304543188676
602.3373338556291,278.3845185660546,11.581601146707158,9.97304543188676
602.595101955074,279.15782286438923,11.581601146707158,9.97304543188676
602.3816442128764,279.7981960909823,11.581601146707158,9.97304543188676
602.4957688277235,280.751523003383,11.404836786503097,9.7962810716827
602.3975530015985,281.8875508359869,11.404836786503097,9.7962810716827
602.3975530015985,283.0135398363612,11.404836786503097,9.7962810716827
602.3975530015985,283.0135398363612,11.404836786503097,9.7962810716827
602.3975530015985,285.42637340859187,11.404836786503097,9.7962810716827
602.009059933189,285.81486647700143,11.404836786503097,9.7962810716827
602.009059933189,287.40574571883786,11.404836786503097,9.7962810716827
602.2225176753866,288.68649217202403,11.404836786503097,9.7962810716827
601.4906248145477,289.41838503286294,11.404836786503097,9.7962810716827
601.6238293124906,290.75043001229216,11.404836786503097,9.7962810716827
601.0410897098762,291.721662683316,11.404836786503097,9.7962810716827
601.0410897098762,293.05370766274524,11.404836786503097,9.7962810716827
600.8468431756714,294.0249403337691,11.404836786503097,9.7962810716827
600.0108991319798,294.4296152779795,11.404836786503097,9.7962810716827
600.0735388773368,295.3777238745127,11.404836786503097,9.7962810716827
599.5432457967246,295.7312525949208,11.404836786503097,9.7962810716827
599.5432457967246,295.7312525949208,11.404836786503097,9.7962810716827
598.6649743637179,296.7559026000953,11.404836786503097,9.7962810716827
597.1830985915493,297.53521126760563,12.886712558671661,9.01697240417235
598.2380588793225,297.60973356888604,11.404836786503097,9.7962810716827
597.7989231628192,298.34162642972495,11.404836786503097,9.7962810716827
597.445394442411,298.34162642972495,11.404836786503097,9.7962810716827
596.6461674547535,298.4748309276679,11.404836786503097,9.7962810716827
596.6461674547535,298.828359648076,11.404836786503097,9.7962810716827
596.6461674547535,299.3586527286881,11.404836786503097,9.7962810716827
595.713735969153,299.3586527286881,11.67124578238895,8.997054084025137
595.1834428885409,299.71218144909625,11.67124578238895,8.997054084025137
594.6531498079287,299.88894580930025,11.67124578238895,8.997054084025137
594.81328287826,300.64612957305013,10.523515988061376,7.918881678461958
594.81328287826,300.64612957305013,10.523515988061376,7.918881678461958
594.81328287826,300.9786251007775,10.523515988061376,7.918881678461958
594.81328287826,300.9786251007775,10.523515988061376,7.918881678461958
594.0140558906024,300.84542060283457,10.523515988061376,7.918881678461958
594.0140558906024,300.55266345849896,10.523515988061376,7.918881678461958
593.4812378988307,300.83492246884305,10.523515988061376,7.918881678461958
592.8378156129025,301.1141917810641,10.826086910496542,8.37273806211465
592.8378156129025,301.1141917810641,10.826086910496542,8.37273806211465
592.8378156129025,301.1141917810641,10.826086910496542,8.37273806211465
592.8378156129025,301.1141917810641,10.826086910496542,8.37273806211465
592.8378156129025,301.1141917810641,10.826086910496542,8.37273806211465
592.8378156129025,301.1141917810641,10.826086910496542,8.37273806211465
592.8378156129025,301.1141917810641,10.826086910496542,8.37273806211465
592.2153519254889,301.2179357289664,10.826086910496542,8.37273806211465
592.0679981504313,301.48442403789636,10.826086910496542,8.37273806211465
592.0679981504313,302.0550157513589,10.826086910496542,8.37273806211465
592.0679981504313,302.0550157513589,10.826086910496542,8.37273806211465
592.0679981504313,302.0550157513589,10.826086910496542,8.37273806211465
592.0679981504313,302.0550157513589,10.826086910496542,8.37273806211465
591.6267716200978,302.8271621794426,10.826086910496542,8.37273806211465
591.6267716200978,302.8271621794426,10.826086910496542,8.37273806211465
591.6267716200978,302.8271621794426,10.826086910496542,8.37273806211465
591.5014921293839,302.7645224340857,10.826086910496542,8.37273806211465
591.6267716200978,302.8271621794426,10.826086910496542,8.37273806211465
591.2942760923704,302.8271621794426,10.826086910496542,8.37273806211465
591.2636678024398,302.67154625758917,10.826086910496542,8.37273806211465
591.3340144757622,303.11991932377816,10.826086910496542,8.37273806211465
590.8514477613161,302.9581583278243,10.826086910496542,8.37273806211465
590.8514477613161,303.6024860382243,10.826086910496542,8.37273806211465
590.8514477613161,303.6024860382243,10.826086910496542,8.37273806211465
590.8514477613161,303.0894665147533,10.826086910496542,8.37273806211465
590.8514477613161,303.6024860382243,10.826086910496542,8.37273806211465
590.8514477613161,303.6024860382243,10.826086910496542,8.37273806211465
590.8514477613161,303.6024860382243,10.826086910496542,8.37273806211465
590.8514477613161,303.6024860382243,10.826086910496542,8.37273806211465
590.8514477613161,303.6024860382243,10.826086910496542,8.37273806211465
590.8514477613161,303.6024860382243,10.826086910496542,8.37273806211465
590.4494382022472,304.4943820224719,11.228096469565457,7.480842077867067
590.8514477613161,303.6024860382243,10.826086910496542,8.37273806211465
590.8514477613161,303.6024860382243,10.826086910496542,8.37273806211465
590.1854252716015,304.8013265197106,10.826086910496542,8.37273806211465
590.1854252716015,304.8013265197106,10.826086910496542,8.37273806211465
590.1854252716015,304.8013265197106,10.826086910496542,8.37273806211465
590.1854252716015,304.8013265197106,10.826086910496542,8.37273806211465
590.1854252716015,304.8013265197106,10.826086910496542,8.37273806211465
590.1854252716015,305.3493960543886,10.826086910496542,8.37273806211465
590.1854252716015,305.3493960543886,10.826086910496542,8.37273806211465
590.1854252716015,305.3493960543886,10.826086910496542,8.37273806211465
590.1854252716015,305.3493960543886,10.826086910496542,8.37273806211465
590.1854252716015,305.3493960543886,10.826086910496542,8.37273806211465
590.657123384809,306.29279228080367,10.826086910496542,8.37273806211465
590.1854252716015,306.42082462581715,10.826086910496542,8.37273806211465
590.1854252716015,306.9754123145512,10.826086910496542,8.37273806211465
590.1854252716015,305.3493960543886,10.826086910496542,8.37273806211465
590.0522207736586,306.81464553176073,10.826086910496542,8.37273806211465
590.0522207736586,306.81464553176073,10.826086910496542,8.37273806211465
590.0522207736586,306.81464553176073,10.826086910496542,8.37273806211465
590.0522207736586,306.81464553176073,10.826086910496542,8.37273806211465
590.0522207736586,306.81464553176073,10.826086910496542,8.37273806211465
590.0522207736586,306.81464553176073,10.826086910496542,8.37273806211465
590.0522207736586,306.81464553176073,10.826086910496542,8.37273806211465
590.0522207736586,306.81464553176073,10.826086910496542,8.37273806211465
590.0522207736586,306.81464553176073,10.826086910496542,8.37273806211465
590.0522207736586,306.81464553176073,10.826086910496542,8.37273806211465
590.0522207736586,306.81464553176073,10.826086910496542,8.37273806211465
589.429757086245,307.48898119312554,10.826086910496542,8.37273806211465
589.5335010341472,307.644597114979,10.826086910496542,8.37273806211465
589.3441683483242,307.80591892722896,10.826086910496542,8.37273806211465
589.2704364729506,307.75278669261036,10.826086910496542,8.37273806211465
589.1777532549785,308.15992552577956,10.826086910496542,8.37273806211465
589.5219276930466,308.22876041339316,10.826086910496542,8.37273806211465
589.5219276930466,308.22876041339316,10.826086910496542,8.37273806211465
589.5219276930466,308.22876041339316,10.826086910496542,8.37273806211465
589.5219276930466,308.22876041339316,10.826086910496542,8.37273806211465
589.5219276930466,308.22876041339316,10.826086910496542,8.37273806211465
589.5219276930466,308.22876041339316,10.826086910496542,8.37273806211465
588.7655003869588,308.22876041339316,11.582514216584286,8.37273806211465
589.1069519014375,308.2806323873443,10.826086910496542,8.37273806211465
589.0032079535351,308.64373620500226,10.826086910496542,8.37273806211465
589.1223141992178,309.0279874010507,10.826086910496542,8.37273806211465
589.1223141992178,309.0279874010507,10.826086910496542,8.37273806211465
589.1223141992178,309.0279874010507,10.826086910496542,8.37273806211465
589.1223141992178,309.0279874010507,10.826086910496542,8.37273806211465
589.1223141992178,309.0279874010507,10.826086910496542,8.37273806211465
589.1223141992178,309.0279874010507,10.826086910496542,8.37273806211465
588.723299014296,308.9709852317762,10.826086910496542,8.37273806211465
588.8953860073915,308.7254164786156,10.826086910496542,8.37273806211465
589.1223141992178,309.0279874010507,10.826086910496542,8.37273806211465
589.1223141992178,309.0279874010507,10.826086910496542,8.37273806211465
588.9514753237024,309.26054377556943,10.826086910496542,8.37273806211465
589.0819842055943,309.3257417421255,10.826086910496542,8.37273806211465
588.9064552540369,309.7146588215701,10.826086910496542,8.37273806211465
588.8940649695236,309.3883814874824,10.826086910496542,8.37273806211465
588.7687854788097,309.66062777108175,10.826086910496542,8.37273806211465
588.9575994588989,309.79330297225613,10.826086910496542,8.37273806211465
589.0281453485654,309.38351436530974,10.826086910496542,8.37273806211465
588.7687854788097,310.2653379224791,10.826086910496542,8.37273806211465
588.9967941559079,309.8663227375572,10.826086910496542,8.37273806211465
588.7687854788097,310.2653379224791,10.826086910496542,8.37273806211465
588.8314252241667,309.95213919569454,10.826086910496542,8.37273806211465
588.8631924688543,309.84050646727843,10.826086910496542,8.37273806211465
589.0281453485654,309.9022341048211,10.826086910496542,8.37273806211465
588.7687854788097,310.2653379224791,10.826086910496542,8.37273806211465
589.0281453485654,309.487258313212,10.826086910496542,8.37273806211465
588.9567047148804,309.95213919569454,10.826086910496542,8.37273806211465
588.9567047148804,308.88726352462714,10.826086910496542,8.37273806211465
589.3882994673323,308.6133006197521,10.826086910496542,8.37273806211465
588.8940649695236,308.88726352462714,10.826086910496542,8.37273806211465
589.0537963251825,308.3842663364188,10.826086910496542,8.37273806211465
588.580866242739,307.44654938141827,10.826086910496542,8.37273806211465
589.2379233605443,307.5200350199775,10.826086910496542,8.37273806211465
589.2379233605443,307.3868305220346,10.826086910496542,8.37273806211465
589.0033544196771,305.5752978781541,10.826086910496542,8.37273806211465
588.970528963032,305.02228423530573,10.826086910496542,8.37273806211465
589.0981585988324,304.92440617427735,10.826086910496542,8.37273806211465
589.2306442198027,303.7983202849936,10.826086910496542,8.37273806211465
589.064396455939,303.50899574335733,10.826086910496542,8.37273806211465
589.2913246477654,302.80665241837823,10.826086910496542,8.37273806211465
588.7223834402917,302.4943571284962,10.826086910496542,8.37273806211465
589.0129115864488,301.68474083151534,10.826086910496542,8.37273806211465
588.887632095735,300.3836355685266,10.826086910496542,8.37273806211465
588.887632095735,299.7402132825984,10.826086910496542,8.37273806211465
588.9122600313908,299.1624452918901,10.826086910496542,8.37273806211465
588.7412535235671,298.84518189047577,10.826086910496542,8.37273806211465
589.011473546077,297.5489228210239,10.826086910496542,8.37273806211465
589.1824800539007,296.6345440738397,10.826086910496542,8.37273806211465
589.011473546077,296.12152455036875,10.826086910496542,8.37273806211465
589.0721734213173,296.41393080867294,10.826086910496542,8.37273806211465
588.9618667887339,295.64178438058923,10.826086910496542,8.37273806211465
589.0475604565866,294.4213883901703,10.826086910496542,8.37273806211465
589.0893592583689,293.93313936022747,10.826086910496542,8.37273806211465
588.9526580339478,293.96426221729797,10.826086910496542,8.37273806211465
588.9526580339478,293.08180915663087,10.826086910496542,8.37273806211465
589.1795862257742,292.17409638932554,10.826086910496542,8.37273806211465
588.9042466753197,291.55458240080293,10.826086910496542,8.37273806211465
589.0758422778719,290.93043306001823,10.826086910496542,8.37273806211465
589.0283007645567,290.20735160783795,10.826086910496542,8.37273806211465
588.9788281431785,289.43484216036387,10.826086910496542,8.37273806211465
588.5055017007136,288.7511300269993,10.826086910496542,8.37273806211465
588.1318641484559,286.8369634265769,11.008776755389249,8.829462674346303
586.8517530715975,285.7441570179373,12.88131435076491,9.80736433524146
587.5624899224784,285.1141909117106,11.857797826858587,9.423262268459553
587.7065885590677,283.88464113382986,11.573337783143074,10.589982285228928
587.6253782718738,283.2758754596904,11.78349499557703,10.321976236435717
587.9172917597616,282.39090113038463,11.692150073130733,9.77390670175771
587.3405297112636,281.461625805801,13.38294499102551,10.224237477615759
587.7575446864807,280.9181385692496,11.266298983876936,8.935340573419637
587.948001723696,280.49415413807117,11.45558682309138,8.525087868347043
588.2409344099792,279.42055820757145,10.826260176684514,8.764115381125578
588.0129936904415,278.1933461828204,11.460545518081744,9.323833641829196
588.2669736203643,277.68542177774583,10.683559381262626,8.741094039214886
588.0558061533543,276.75206029292616,11.740175820873105,9.392140656698473
588.5406956176112,275.5317147474,10.4290972520389,9.54527545101871
588.8634878859508,275.086718486322,10.25233289183484,9.54527545101871
588.0859535649123,274.2189478914634,12.432153865965915,9.382757634691245
588.540773397985,273.198412986993,10.763942492220963,9.06437262502817
588.7685300137758,272.1548651059142,10.877805915467434,9.518080176034005
588.0414983390643,271.62452432821266,11.654792052286552,9.323833641829196
588.6461072046922,270.5568750008269,11.313260336477697,9.605598398896177
588.502438598734,268.9967866372698,11.20595359863637,9.33829466553027
588.4144214488573,268.1010944405716,11.538099395713516,8.949639838101916
587.9976761977902,267.2577813717813,11.857332574464067,9.021883480570466
588.2405924898676,266.66935337839374,11.828506576338327,9.027018176679292
588.6771857881793,265.7705869151744,11.156974868734324,9.478775313754113
588.3331511962717,264.75159714729483,11.56500107149759,9.719252141345635
588.537365558117,264.321743670172,11.666447773467326,9.54527545101871
588.4541735435434,263.3848028295237,11.640470726408694,9.872415118150457
588.7557087394456,262.6608634378526,11.642371594572978,9.838031913743748
588.4226881203666,262.77678419524904,11.843212133671273,8.661453649998464
587.6057614096692,261.7063734774759,13.384889020593391,9.33829466553027
588.119609541639,261.2822821975143,11.613727425817274,9.347634269560274
588.1655468391618,261.0540723242585,12.392059994093074,9.913647995274516
588.0641377103016,261.015225742772,12.351118149020408,9.755388776593804
587.8845471145758,260.782586085928,12.61839205064507,9.94147218872888
588.1826939253194,260.5181798461264,12.451059554040398,9.649571154381306
588.0141176991813,260.4892062748559,12.139783065189363,9.960847643232341
588.4103106321161,261.2810440391011,12.180250714881595,8.497849335963906
588.7979103184691,260.67577102558363,11.599564475019179,9.795187778905074
588.4533757783018,260.861536841663,11.849038586491247,9.906573244443507
588.7616374674928,260.0032031408618,11.313260336477697,9.819056141093881
589.0053961651176,260.05090969600985,11.526718078675458,10.459429367686937
587.6739548038728,260.55245781563207,13.403941171133283,10.052955878349962
588.9687482301322,260.23614452524095,11.526718078675458,10.032513883291529
588.0482734099736,260.7649311787617,13.020922274059217,9.392140656698473
588.5204078037181,260.61078534608293,11.847654552643462,9.829477592058367
589.1188887039847,261.0894186529256,11.460545518081744,8.741094039214886
588.4503758157075,260.6405966373629,11.828506576338327,9.027018176679292
588.7350345733377,260.94255682496845,12.167091305268514,9.178682914500769
589.1070300363515,260.4572575478418,12.115100673908955,10.052955878349962
589.4315503757824,261.5408116177408,10.826260176684514,8.764115381125578
589.030651241363,261.40838012999603,11.58219642125573,9.48637040217136
589.2629008996726,261.6203600548594,11.136154692855143,9.014982370406528
589.6031077087929,260.80322791377506,10.959390332651083,9.54527545101871
588.7327077661568,261.0338224524374,12.372868773353844,10.568492077239682
588.8148358073994,261.67218867696846,12.451059554040398,9.338294665530327
589.6931798360608,261.59189869575806,10.672887109884641,9.178682914500769
589.4843755282226,261.2028153162563,11.09980259428005,9.178682914500769
589.1737460667955,261.52437839185296,11.963015984231333,8.913619752956663
588.7655875154608,261.0480019603686,12.626024723310366,11.072052449672185
589.3728612904293,261.58648736719726,11.666447773467326,10.429097252038957
588.7992863342919,262.08023439351126,12.442178634261609,9.80736433524146
589.5982069950318,261.9029638334303,12.121609312805958,9.191110358061678
589.6772529997056,262.4368428358758,11.903312289671248,9.168767574476533
589.6551298826051,262.49038863549015,11.740175820873105,8.965225172303064
589.2297593183569,262.27831044321726,12.903798294895637,9.36851109081465
590.0748818066393,262.04595946804034,12.237531654900863,9.906573244443507
590.2723585129055,262.76861658885724,11.849038586491247,9.129587107624445
590.3442787391558,262.2666913373183,12.043285120696055,9.129587107624445
590.6577460449395,262.7866302694808,11.849038586491247,9.129587107624445
590.5319041295976,263.15567950517095,11.849038586491247,9.129587107624445
590.3505900327721,262.39998469804266,12.167091305268514,10.245971625489233
590.0153180216885,262.3919065268718,13.014517791719982,10.877805915467434
590.5390962369327,262.818923794739,12.888404972243507,9.795187778905074
591.3376704403989,263.3773997736175,12.197584925098568,10.086464457293062
591.7609157368106,264.1013183970138,11.271150056919282,8.782714330066995
590.8137164019308,263.5953139890336,11.857332574464067,9.537419679460243
590.7184163306276,263.76703690730557,13.313297293010123,10.480680847688802
591.7164127140799,264.23257756290684,12.180250714881595,9.630895914092434
592.763268440558,264.7517407088173,11.047204136753066,10.480680847688802
593.265024619261,264.68367972673013,10.583400620934299,9.649571154381306
592.8117011218869,265.1620012447926,11.276775293337096,10.149097764003386
593.1201707119602,265.1021694558995,11.517230087487405,10.27212413208332
593.7109401280977,266.96143963808913,10.60392427292993,8.893613906328369
593.9383314181795,266.55589441574534,11.084028276129402,10.052955878349962
593.9230054481098,267.01568723642174,11.517230087487405,10.27212413208332
594.1906154742326,267.4033477035518,11.259309161629517,10.086464457293062
594.0862736022259,267.8044300860293,11.953633563070753,10.032513883291529
594.5844431535164,268.57908543895746,11.828506576338327,9.33829466553027
594.1465964588463,267.96879092267824,12.197584925098568,11.259309161629517
594.6152924227397,269.94073830802563,11.654792052286552,9.518080176034005
595.4681198543853,268.761870151944,11.33046578128517,11.33046578128517
595.327618245894,270.2200219898583,12.197584925098568,9.382757634691245
595.48160333372,269.96293095941024,12.372868773353844,10.052955878349962
595.7098762034846,270.9522678675002,11.599564475019179,9.795187778905074
595.7797999537395,271.4583489977865,12.115100673908955,10.31072397779485
596.5998939396458,271.9242032388162,12.115100673908955,10.052955878349962
596.3960198344857,272.3166024868206,11.599564475019179,9.795187778905074
597.2185006087872,273.2012805847697,11.828506576338327,8.715741687828256
597.4142390756637,273.40097851333417,11.259309161629517,9.617326575558536
597.89288121835,274.0760281309401,10.826260176684514,8.764115381125578
598.4644417986135,274.60994848510836,10.886344852082289,9.392140656698473
598.7335933218505,274.93183956334906,11.024740220762169,8.913619752956663
599.102008014381,275.40397049150386,10.763942492220963,9.914157558624538
599.7819914296452,276.5018651017828,11.34179637557429,9.795187778905074
599.6131371702584,277.4753413419054,11.828506576338327,9.649571154381306
600.3330721224528,278.1255146605619,10.790171279894935,8.913619752956663
600.0453017365725,278.25232364487476,11.20595359863637,9.027018176679292
601.0861574646616,279.68405831717143,11.09980259428005,8.965225172303064
601.1658636782041,279.83892965492026,11.09980259428005,9.178682914500769
601.5697719337745,279.82866261231464,11.34179637557429,9.021883480570466
601.6527792135007,280.64959895960374,12.139783065189363,9.027018176679292
603.4429660718496,282.1415215371098,9.795187778905074,7.47527488390125
602.1188021644967,281.62796948830623,11.613727425817274,9.347634269560274
602.8979327682779,282.88827674189366,10.894677109785334,8.404465198977277
602.8802309125633,283.1193167118452,11.33046578128517,8.497849335963906
603.5805270066518,283.41350322132695,11.20595359863637,9.649571154381306
604.3683679962954,284.9972182608848,10.605861612242961,8.661453649998407
604.7142940771528,285.43363002110914,10.321033398160353,8.209912930354847
605.3611543032547,285.7548480978155,10.480680847688745,9.347634269560274
605.5381676734207,285.93113535023747,10.455612146332896,9.490478717440624
605.2970418027764,286.5716982367315,10.763942492220963,9.06437262502817
606.3684910385787,287.6288900190104,9.382757634691188,7.506206107752973
606.9572013554939,288.9524478553586,10.032513883291585,9.178682914500769
607.1013718951386,288.57341798239946,10.583400620934299,9.960847643232341
607.1129940885507,290.3996931861144,10.763942492220963,7.931326046899642
607.5505319092771,290.93168620963996,10.133901003368806,8.364489717066306
607.8926327501797,290.98557066765505,10.31072397779485,7.9908110827909695
609.3805131976434,291.89447378887365,9.027018176679235,9.027018176679292
608.7174873547757,292.2962772150146,10.782625972447022,7.954396209182221
608.8847053746857,293.5197210622755,11.2880484195706,8.209489759687699
609.578610275145,293.95768537805264,10.245971625489233,7.8979364613146
609.5963131431597,295.23463161792176,10.877805915467434,7.575614833986208
609.8268456952164,295.32704414550096,10.583400620934299,8.715741687828256
610.530660830235,296.0788045756192,10.480680847688745,8.497849335963906
611.534343152964,296.7577451514149,9.649571154381306,7.159359243573249
611.0926753105682,297.1788417400594,11.084028276129402,6.701970585566642
612.1819761575782,298.3664553429543,10.086464457293118,6.567930344283866
611.9556097541682,298.67105718535834,10.672887109884641,8.538309687907713
612.8555515163516,300.1974318251748,9.518080176034005,6.992875231371897
613.8054078576794,300.4447877307627,8.352600970805383,7.1871217655767055
613.7545491259082,301.8790661112698,9.397312744447618,7.1419576857801985
613.8655984218335,302.16446671312593,9.960847643232341,7.781912221275263
614.335978044363,303.67103554332556,10.894677109785334,7.781912221275263
613.7142761313125,304.5610754265135,10.945986346250265,7.525365613047086
616.0283670519512,304.39049626270645,8.877307225237928,7.298206558016432
615.9931592144379,306.0589033574494,8.674441995865209,6.196029997046537
616.1776603105772,306.9691197586062,8.248579182235858,6.444202486121753
616.9752917285389,307.6223711659607,8.78111098049601,5.948494535174746
617.6208086471715,308.1172116261398,8.715741687828313,8.093188710126242
618.1256317353832,308.5039797332332,8.093188710126242,7.470635732424228
617.0807641550538,309.6002068332715,10.272124132083377,7.470635732424228
618.0137949220293,310.50570707757396,9.617326575558536,5.8642235216820495
619.0289954434974,310.15086762684274,8.764115381125634,7.217506784456361
619.5447387558919,311.3317717170729,9.027018176679235,8.093188710126242
618.923613688783,311.63480967132256,10.272124132083377,7.781912221275263
619.3729861279462,313.2739167515865,8.91361975295672,5.8642235216820495
619.6811532405607,314.73086595807774,9.382757634691188,5.160516699080176
620.5670136504782,314.54489227596275,8.838218010202468,7.600867488774156
620.4738390247232,316.0605728615892,8.93483723925442,5.184411731419232
621.1200878118354,315.98258552874364,9.457519353947532,5.994202407431544
622.0829971972719,316.5317616494234,8.391883370404116,6.527020399203252
621.8886251641825,317.70145328436325,8.935340573419694,5.633149491938468
621.9070016955404,318.33518969213037,9.712326710238699,5.438902957733717
623.0463469426044,318.9408570264234,7.964107902395767,6.798628697167146
623.6554254873299,319.8905851585255,8.343578613563636,7.318928608389172
623.6941728395283,320.2869806452114,9.075471474402548,7.75806432489253
623.7327381214005,321.96220922239655,8.606342268171147,5.818372237636879
624.1222207274933,322.6556405773258,7.777631848978217,5.302930806121481
624.1707203378111,322.5202651137759,9.191110358061678,7.059838390974903
624.6737158533608,322.9973388445054,8.65829236628997,7.059838390974903
624.6901322745971,323.56611133115894,8.96999053302352,7.030533120477855
625.2084287975285,324.46792103643287,8.532218510316852,6.82577480825347
625.4163725847351,324.59120325091504,8.929092902234743,7.75806432489253
625.5165043772288,325.4106247964867,9.014982370406528,6.540281327549849
625.5520485338526,325.5987871946783,9.178682914500769,7.471020976919249
626.9281105154581,326.7211517844169,8.125474374518262,6.393815901260325
626.5610632421241,327.7924168750204,8.686200860030453,6.273367287799715
626.9480361307085,328.18566403193364,8.65829236628997,6.393815901260325
627.1744150593487,327.88565256403666,8.489957185731441,7.904442897060278
627.0701853031919,328.3451543942218,8.632597551614595,6.725395766955614
627.1608944017729,329.2994787938355,8.924701362175824,6.793429395089049
628.6752238300211,330.8681686030935,7.628807138636148,5.119331106190089
628.4788567271959,331.17801628941703,7.571837637498561,5.506791009089852
628.8812346904408,331.72848690790505,7.9420775460039295,6.508091322419887
629.3212805966073,333.29349833822147,7.528428097338406,5.018952064892233
628.7249610201462,333.3522613313799,8.525345288548351,6.916789573727897
629.4653428449091,334.87123803613673,6.928788874858014,5.1477900433411605
629.1930539075837,335.03331441829965,8.924701362175824,5.194975419773982
628.9050085622597,334.3321958939852,10.922768831319672,6.793429395089049
629.2283654114076,334.1667362864684,9.651334288922612,7.721067431138124
630.8154663660908,336.92935856850954,8.121477915034802,5.454723972784564
630.7943995963169,336.50589547238445,8.197200041395831,6.001521458879097
631.1493457640985,337.40483090001055,7.979892665456191,6.2342911448876634
631.4625496974087,337.67777212753975,8.050821469228026,6.147900031046902
632.6658163023128,339.2104588978693,7.026532890849126,5.4204682300836
631.9923814861303,339.4808622511438,8.007618513869716,5.5153316291693955
632.9228004231945,340.5742303036204,7.077199576805469,5.206660579441063
632.3226271801472,340.0574297548889,7.677372819852849,6.733414319718008
632.2957229296077,340.5712971960235,7.7042770703923225,6.7170456877539095
632.5757282933954,340.941880997096,7.4242717066046,6.604382162962338
632.9856183153594,341.8360168722085,7.014381684640625,5.763359039337672
633.4802452726651,341.73374723882984,6.519754727334885,6.617190008128489
634.3271187648184,342.28780325836817,5.672881235181649,6.410135628757587
634.1619306820651,344.61115289845094,5.838069317934924,4.467670286709847
635.0641169213332,343.4863272791132,4.935883078666848,5.763359039337729
635.1979133495986,344.05950568795765,4.802086650401407,5.413130088342257
635.9144103537208,345.13252288339567,4.085589646279232,5.864223521681993
635.2322554835357,345.04633419909896,4.76774451646429,6.444202486121753
636.5148063100086,346.67967080087476,3.4851936899914335,3.9059920664529386
635.3876569976629,345.95927115199333,4.61234300233707,5.602976799318185
635.9296268123735,347.20561112506147,4.070373187626501,5.43890295773366
636.2993651352824,346.753523303703,3.7006348647175855,6.333361403416575
637.1135589267581,347.02571970019363,2.88644107324194,5.9286662872320335
0,0,0,0
0,0,0,0
0,0,0,0
0,0,0,0
0,0,0,0
0,0,0,0
0,0,0,0
0,0,0,0
0,0,0,0
0,0,0,0
0,0,0,0
0,0,0,0
0,0,0,0
0,0,0,0
0,0,0,0
0,0,0,0
0,0,0,0
0,0,0,0
0,0,0,0
0,0,0,0
0,0,0,0
0,0,0,0
0,0,0,0
0,0,0,0
0,0,0,0
0,0,0,0
0,0,0,0
0,0,0,0
0,0,0,0
0,0,0,0
0,0,0,0
0,0,0,0
0,0,0,0
0,0,0,0
0,0,0,0
0,0,0,0
0,0,0,0
0,0,0,0
0,0,0,0
0,0,0,0
0,0,0,0
0,0,0,0
0,0,0,0
0,0,0,0
0,0,0,0
0,0,0,0
0,0,0,0
0,0,0,0
0,0,0,0
0,0,0,0
0,0,0,0
0,0,0,0
0,0,0,0
0,0,0,0
0,0,0,0
0,0,0,0
0,0,0,0
0,0,0,0
0,0,0,0
0,0,0,0
0,0,0,0
0,0,0,0
0,0,0,0
0,0,0,0
0,0,0,0
0,0,0,0
0,0,0,0
0,0,0,0
0,0,0,0
0,0,0,0
0,0,0,0
0,0,0,0
0,0,0,0
0,0,0,0
0,0,0,0
0,0,0,0
0,0,0,0
0,0,0,0
0,0,0,0
0,0,0,0
0,0,0,0
0,0,0,0
0,0,0,0
0,0,0,0
0,0,0,0
0,0,0,0
0,0,0,0
0,0,0,0
0,0,0,0
0,0,0,0
0,0,0,0
0,0,0,0
0,0,0,0
0,0,0,0
0,0,0,0
0,0,0,0
0,0,0,0
0,0,0,0
0,0,0,0
0,0,0,0
0,0,0,0
0,0,0,0
0,0,0,0
0,0,0,0
0,0,0,0
0,0,0,0
0,0,0,0
0,0,0,0
0,0,0,0
0,0,0,0
0,0,0,0
0,0,0,0
0,0,0,0
0,0,0,0
0,0,0,0
0,0,0,0
0,0,0,0
0,0,0,0
0,0,0,0
0,0,0,0
0,0,0,0
0,0,0,0
0,0,0,0
0,0,0,0
0,0,0,0
0,0,0,0
0,0,0,0
0,0,0,0
0,0,0,0
0,0,0,0
0,0,0,0
0,0,0,0
0,0,0,0
0,0,0,0
0,0,0,0
0,0,0,0
0,0,0,0
0,0,0,0
0,0,0,0
0,0,0,0
0,0,0,0
0,0,0,0
0,0,0,0
0,0,0,0
0,0,0,0
0,0,0,0
0,0,0,0
0,0,0,0
0,0,0,0
0,0,0,0
0,0,0,0
0,0,0,0
0,0,0,0
0,0,0,0
0,0,0,0
0,0,0,0
0,0,0,0
0,0,0,0
0,0,0,0
0,0,0,0
0,0,0,0
0,0,0,0
0,0,0,0
0,0,0,0
0,0,0,0
0,0,0,0
0,0,0,0
0,0,0,0
0,0,0,0
0,0,0,0
0,0,0,0
0,0,0,0
0,0,0,0
0,0,0,0
0,0,0,0
0,0,0,0
0,0,0,0
0,0,0,0
0,0,0,0
0,0,0,0
0,0,0,0
0,0,0,0
0,0,0,0
0,0,0,0
0,0,0,0
0,0,0,0
0,0,0,0
0,0,0,0
0,0,0,0
0,0,0,0
0,0,0,0
0,0,0,0
0,0,0,0
0,0,0,0
0,0,0,0
0,0,0,0
0,0,0,0
0,0,0,0
0,0,0,0
0,0,0,0
0,0,0,0
0,0,0,0
0,0,0,0
0,0,0,0
0,0,0,0
0,0,0,0
0,0,0,0
0,0,0,0
0,0,0,0
0,0,0,0
0,0,0,0
0,0,0,0
0,0,0,0
0,0,0,0
0,0,0,0
0,0,0,0
0,0,0,0
0,0,0,0
0,0,0,0
0,0,0,0
0,0,0,0
0,0,0,0
0,0,0,0
0,0,0,0
0,0,0,0
0,0,0,0
0,0,0,0
0,0,0,0
0,0,0,0
0,0,0,0
0,0,0,0
0,0,0,0
0,0,0,0
0,0,0,0
0,0,0,0
0,0,0,0
0,0,0,0
0,0,0,0
0,0,0,0
0,0,0,0
0,0,0,0
0,0,0,0
0,0,0,0
0,0,0,0
0,0,0,0
0,0,0,0
0,0,0,0
0,0,0,0
0,0,0,0
0,0,0,0
0,0,0,0
0,0,0,0
0,0,0,0
0,0,0,0
0,0,0,0
0,0,0,0
0,0,0,0
0,0,0,0
0,0,0,0
0,0,0,0
0,0,0,0
0,0,0,0
0,0,0,0
0,0,0,0
0,0,0,0
0,0,0,0
0,0,0,0
0,0,0,0
0,0,0,0
0,0,0,0
0,0,0,0
0,0,0,0
0,0,0,0
0,0,0,0
0,0,0,0
0,0,0,0
0,0,0,0
0,0,0,0
0,0,0,0
0,0,0,0
0,0,0,0
0,0,0,0
0,0,0,0
0,0,0,0
0,0,0,0
0,0,0,0
0,0,0,0
0,0,0,0
0,0,0,0
0,0,0,0
0,0,0,0
0,0,0,0
0,0,0,0
0,0,0,0
0,0,0,0
0,0,0,0
0,0,0,0
0,0,0,0
0,0,0,0
0,0,0,0
0,0,0,0
0,0,0,0
0,0,0,0
0,0,0,0
0,0,0,0
0,0,0,0
0,0,0,0
0,0,0,0
0,0,0,0
0,0,0,0
0,0,0,0
0,0,0,0
0,0,0,0
0,0,0,0
0,0,0,0
0,0,0,0
0,0,0,0
0,0,0,0
0,0,0,0
0,0,0,0
0,0,0,0
0,0,0,0
0,0,0,0
636.3538996855889,214.60028809406612,3.6461003144111146,4.459630273770614
635.5508673552062,214.60028809406612,4.449132644793849,4.459630273770614
635.0941427429744,214.5089431716198,4.905857257025559,4.550975196216939
633.0309279193655,213.82125272515296,6.9690720806345325,5.41600717020799
633.5290931327462,213.98176782875876,6.470906867253802,5.8138742468713644
632.0199430998056,213.7353565544474,7.980056900194427,6.215889094552807
631.7784532563527,213.63700152462502,7.070574408161974,6.363516967345788
629.3833562373242,213.62909538770666,6.798628697167146,6.798628697167118
627.9190114116185,213.51833907138695,7.187121765576649,6.6043821629623665
627.4492238631336,214.2283987466423,6.92615384955127,5.8219843952749954
625.9511845960875,214.28417260041144,7.721067431138181,5.469089430389516
624.6454204467644,214.10417896044274,7.82956522123186,5.721605353977139
623.5476460193338,213.87719117560363,7.777631848978217,5.833223886733634
622.3396647091821,214.2469674224492,7.030533120477912,5.454723972784564
620.359551657604,214.58510902036699,8.050821469228026,6.147900031046902
619.6830254436993,214.61416888119055,7.575614833986265,6.798628697167118
618.1225405016284,215.25539908897773,8.258678872461246,5.994202407431544
616.6323585049005,215.57600807547064,8.636335757899246,5.562385742375767
615.9542547468351,215.07281412080548,7.75806432489253,6.587035747550232
614.3484634752592,214.35601325104398,8.042778574102272,6.434222859281789
613.1723955532407,214.98885429638014,7.326247386860814,6.527020399203224
611.5440563499067,214.99154845085056,7.881923002620169,6.2733672877997435
610.0662461784142,215.91888843178188,7.75806432489253,5.123250025872409
608.1025508044498,215.480447533231,8.352600970805383,6.215889094552807
607.0543263419598,215.68498328129112,8.20363414558426,5.629945001871562
604.9855313361022,215.80644975544197,8.935340573419694,5.633149491938468
604.3555906056363,215.9575724629273,7.859065378632408,5.860997909488617
602.6624077154466,215.66394383407285,8.197200041395831,6.733414319718037
599.6329739181907,215.99442188515528,7.87904573846663,7.030533120477884
597.7204556813653,215.9631330061558,8.686200860030453,6.595078430763834
596.4806886860109,216.56997295581073,8.050821469228026,5.85514288671132
594.894782174411,217.02772972307687,8.525345288548351,6.2733672877997435
593.1410065868337,216.4497733143672,8.364489717066363,7.399356288174033
591.5931653566131,217.02441423216678,8.782714330066938,6.001521458879125
590.2060576795055,217.14388014801747,8.258678872461246,6.26061140331737
