307.1990418311744,186.3087279645968,13.239893506710757,10.517672411873036
307.30337078651684,186.79775280898875,13.135564551368304,10.028647567481102
308.1395348837209,187.7906976744186,13.759689922480618,9.689922480620169
308.47414974722363,188.54702960815314,12.7058924549695,9.52941934122714
308.2203683322161,189.68043206062595,13.034457554711878,9.661659912522282
308.57712069265284,190.4677862566298,12.01559160030041,9.41572675111263
309.1783430013118,190.83187992436189,11.317844362439416,9.0798525393582
309.1523081323537,191.40855946248485,12.132153541043976,9.280951989431713
308.8247703250789,192.2431167689244,13.491893562004066,9.783221398040894
309.0653338247691,192.07526122624176,12.238746202610457,10.38556065773571
309.69267139479905,193.3806146572104,12.056737588652481,9.69267139479902
310.0956776724924,193.76222970856446,11.608984234859577,9.277862902558411
308.6056108126594,194.8989880359267,12.897628257685255,9.121677879612946
308.69488011249587,195.0964148135217,13.875549303103753,9.111823851116498
309.72897677014265,195.89062624223016,12.64799115821097,9.169793589702948
309.5470133061336,197.13858902628877,12.20013817042559,9.381751820928542
309.5470133061336,197.13858902628877,12.20013817042559,9.381751820928542
309.5470133061336,197.13858902628877,12.20013817042559,9.381751820928542
309.5470133061336,197.13858902628877,13.430504023954768,10.86667612691204
309.5470133061336,197.13858902628877,13.430504023954768,10.86667612691204
309.5470133061336,197.13858902628877,13.430504023954768,10.86667612691204
310.0229260694204,198.97425254182372,13.430504023954768,10.86667612691204
311.49003129244625,198.97425254182372,10.920981931936865,11.059716287836494
311.49003129244625,198.97425254182372,10.920981931936865,11.059716287836494
311.49003129244625,198.97425254182372,10.920981931936865,11.059716287836494
312.25853285222263,200.5624890986949,10.920981931936865,11.059716287836494
312.25853285222263,200.5624890986949,10.920981931936865,11.059716287836494
311.57024793388433,202.31404958677686,12.331962334329319,9.501195960678984
311.6577344650056,203.07837594483058,12.120991526618866,8.572527340565216
312.6055241751916,203.74302752143598,12.133952900322356,8.697413792189082
311.9461014664128,203.24563655195388,13.140209132662733,9.047881227599902
311.46381076468793,203.88664213384632,13.884261513293325,8.607217469495481
312.22741543718814,204.1502163226688,12.084314073870928,9.574791981852997
312.5109098245594,204.97271273294928,12.685496213973352,8.654987383446695
311.9070540108912,204.76926375127613,12.64799115821097,9.310326824794203
313.45641138295235,205.86978045326458,10.707788399550907,8.914618093406034
313.4384423160598,206.2168488908338,11.733471415297402,8.536340239467052
312.381311448399,206.64449476736362,12.753391084529426,8.572527340565216
313.25843613224896,207.10390559957554,12.02858607467374,8.298791942991954
312.98584343851417,207.36214332590123,12.133952900322356,8.867119427158627
313.22595634247045,207.31863126951916,12.53275420925496,9.0798525393582
312.8235269266095,208.01834768394548,12.238746202610457,8.262118887566686
313.26034548618907,207.867673691059,12.494810341133984,8.67177135616015
313.26034548618907,207.867673691059,12.494810341133984,8.67177135616015
313.7086149642824,208.98834738629225,12.494810341133984,8.67177135616015
313.7086149642824,208.98834738629225,12.494810341133984,8.67177135616015
313.7766025018948,209.8041978376411,12.494810341133984,8.67177135616015
313.7766025018948,209.8041978376411,12.494810341133984,8.67177135616015
313.7766025018948,209.8041978376411,12.494810341133984,8.67177135616015
313.7766025018948,209.8041978376411,12.494810341133984,8.67177135616015
314.72842802846844,210.62004828898998,12.494810341133984,8.67177135616015
314.72842802846844,210.62004828898998,12.494810341133984,8.67177135616015
314.67719459115,211.74718390999533,12.494810341133984,8.67177135616015
314.67719459115,211.74718390999533,12.494810341133984,8.67177135616015
314.67719459115,211.74718390999533,12.494810341133984,8.67177135616015
314.5645936317223,212.36648918684787,12.494810341133984,8.67177135616015
314.5645936317223,212.36648918684787,12.494810341133984,8.67177135616015
314.4286185564975,213.7942274767084,12.494810341133984,8.67177135616015
314.4286185564975,213.7942274767084,12.494810341133984,8.67177135616015
314.4286185564975,213.7942274767084,12.494810341133984,8.67177135616015
314.4286185564975,214.2604517431686,12.494810341133984,8.67177135616015
314.4286185564975,214.2604517431686,12.494810341133984,8.67177135616015
314.4286185564975,214.2604517431686,12.541432767780009,9.510975035788562
314.4286185564975,214.2604517431686,12.541432767780009,9.510975035788562
314.4286185564975,214.2604517431686,12.541432767780009,9.510975035788562
315.21682527249163,215.8368651751569,12.541432767780009,8.666467840080543
315.21682527249163,215.8368651751569,12.541432767780009,8.666467840080543
315.21682527249163,215.8368651751569,12.541432767780009,8.666467840080543
315.21682527249163,215.8368651751569,12.717099311644063,9.544800559400755
315.21682527249163,215.8368651751569,12.717099311644063,9.544800559400755
315.21682527249163,215.8368651751569,12.717099311644063,9.544800559400755
315.21682527249163,215.8368651751569,12.717099311644063,9.544800559400755
316.05602895212,216.86255856136938,11.318426512263386,9.824535119276902
316.05602895212,216.86255856136938,11.318426512263386,9.824535119276902
316.56514585702865,218.13535082364095,10.724456789869976,8.891154126944429
316.56514585702865,218.13535082364095,10.724456789869976,8.891154126944429
316.56514585702865,218.13535082364095,11.149145143903752,8.813938062574636
316.56514585702865,218.13535082364095,12.081593676824184,10.119366008663263
316.56514585702865,218.13535082364095,12.081593676824184,10.119366008663263
316.56514585702865,218.13535082364095,12.081593676824184,10.119366008663263
317.24396839690684,219.4929959033973,12.081593676824184,10.119366008663263
317.24396839690684,219.4929959033973,12.081593676824184,10.119366008663263
317.24396839690684,219.4929959033973,12.081593676824184,10.119366008663263
317.5155279503105,220.7453416149068,11.810034123420508,8.867020297153744
318.01822579648706,221.50619135607482,11.539296327406703,8.405313068703919
317.54987077140333,221.6515609495868,11.89332797408889,9.303651721666341
319.0520750866093,222.65437138434805,10.517672411873036,9.156561864454176
317.6968008184768,222.39200931848185,12.261698207903862,8.904883489390244
318.25141996832605,222.8273778123893,11.96848997731621,8.841239370340048
318.02391812406375,223.0750166618511,11.189959115406225,8.152684498367393
319.19541911631643,223.47067609385562,10.194806081743366,8.002374666314665
318.9144457381224,223.1914771605647,10.578600818660163,9.034279531264502
318.4404168489628,224.14080625144473,12.62674972856854,7.651693959938996
318.6299419543275,223.93087499645378,12.40486896222177,8.632254174741945
318.9672193420537,223.45919237310503,13.004970342557897,9.33913977619929
319.6073170320424,224.6068269098814,11.669528791780806,8.152684498367393
318.91020192476964,223.26422193315054,12.369697950929606,10.23492749810788
319.0446244380445,225.68151459909905,13.332037003212577,8.120713186609095
320.45149651371787,225.2541550180858,12.070418968820036,8.962466779243613
320.38992698374216,225.6958940919461,12.085155844638734,8.983938604083306
320.5593793573434,226.7889706557485,12.20013817042559,8.764023305970284
320.5593793573434,226.7889706557485,12.20013817042559,8.764023305970284
320.5593793573434,226.7889706557485,12.20013817042559,8.764023305970284
320.90850607794897,227.37084852342446,12.20013817042559,8.764023305970284
320.90850607794897,227.37084852342446,12.20013817042559,8.764023305970284
320.90850607794897,227.37084852342446,12.20013817042559,8.764023305970284
320.90850607794897,227.37084852342446,12.20013817042559,8.764023305970284
322.6029344084094,228.03273459001056,10.849890594589965,8.41984255134551
322.6029344084094,228.03273459001056,10.849890594589965,8.41984255134551
322.6029344084094,228.03273459001056,10.849890594589965,8.41984255134551
322.4566502282469,228.80053068142377,11.157721301433526,7.991862662272467
322.05636467062453,228.36052455342278,12.80835932960639,8.197349970948068
323.15779908088973,228.67278298059253,11.50757099181402,8.2285319457595
323.2127823385724,229.3328813936936,11.75211522164085,8.273149704765217
323.48869801065484,229.5149293672558,10.774332062548297,7.960856627817577
323.44810622690915,229.45459165777228,12.494810341133984,8.951505916036268
323.4712120128578,229.25581218385796,12.509002427904704,8.262118887566686
323.8558272266209,229.61541750556478,12.277623007962916,8.02991457392838
323.2196043865232,229.56617067833244,12.779258653198951,9.5361839496681
323.5919111789015,229.79433042950478,12.820496015079698,8.120713186609095
323.45295786275466,229.2750407158405,12.468811585738365,9.751250086282568
323.6235243601416,229.49667880334297,12.437191305574117,9.380593442339801
324.8092814827246,229.18046784020612,11.146161361310078,9.663536572157199
324.6481106861068,228.63092893370933,11.288430632913787,11.37571231306518
325.4721558621612,229.69497286549432,10.940232762989126,9.471303714651896
325.4721558621612,229.69497286549432,10.940232762989126,9.471303714651896
325.4721558621612,229.69497286549432,10.940232762989126,9.471303714651896
325.4721558621612,229.69497286549432,10.940232762989126,9.471303714651896
325.4721558621612,229.69497286549432,10.940232762989126,9.471303714651896
325.4721558621612,229.69497286549432,10.940232762989126,9.471303714651896
325.4721558621612,229.69497286549432,10.940232762989126,9.471303714651896
326.6550943972184,230.52622697121024,9.75729422793188,9.215533220585456
326.6550943972184,230.52622697121024,9.75729422793188,9.215533220585456
326.6550943972184,230.52622697121024,9.75729422793188,9.215533220585456
326.6550943972184,230.52622697121024,9.75729422793188,9.215533220585456
326.6550943972184,230.52622697121024,9.75729422793188,9.215533220585456
327.05558398992866,230.42720488165577,10.07504516140466,9.374408687321846
327.05558398992866,230.42720488165577,10.07504516140466,9.374408687321846
327.05558398992866,230.42720488165577,10.07504516140466,9.374408687321846
327.52108628406944,229.961702587515,11.384270363675569,9.578065941008447
327.9873105505296,229.72859045428487,10.59168911069321,8.226015568273795
327.9873105505296,229.72859045428487,10.59168911069321,8.226015568273795
328.4988515386625,229.18507815439372,10.59168911069321,8.226015568273795
328.4988515386625,229.18507815439372,10.59168911069321,8.226015568273795
328.8366544169457,227.43976328326383,10.59168911069321,8.226015568273795
328.8366544169457,227.43976328326383,10.59168911069321,8.226015568273795
328.1373180172553,226.22758019046725,11.104535803799479,7.992903435043672
328.1373180172553,226.22758019046725,11.104535803799479,7.992903435043672
328.8033527023949,224.94674425750662,11.104535803799479,7.992903435043672
328.8033527023949,223.81960863650127,10.899602054525758,8.863871869456887
328.8033527023949,223.81960863650127,10.899602054525758,8.863871869456887
328.8033527023949,223.81960863650127,10.899602054525758,8.863871869456887
329.1525295267609,221.54995927812243,10.899602054525758,8.863871869456887
329.1525295267609,221.54995927812243,10.899602054525758,8.863871869456887
329.1525295267609,221.54995927812243,10.899602054525758,8.863871869456887
329.3152362843751,219.3026440462277,10.269736561181048,8.725415273785387
328.77160022594154,218.78409505401046,12.028564328836751,9.114812721230322
328.6106900248427,217.88489506725327,11.783690583237842,9.17078527999817
329.31769366222676,216.89313127651397,10.961592337116201,7.342861533516924
329.9955157695115,215.71397123292738,9.802193147613536,7.659061312472204
328.9362636355032,214.47884088062264,11.69823375202202,8.68680724160049
328.96143752342823,213.22037469799153,11.404806206448995,9.164576415896505
329.7902171223093,211.99175134684725,11.7654427270557,9.431536968699533
329.7902171223093,211.99175134684725,11.7654427270557,9.431536968699533
329.7902171223093,209.84304369935262,11.7654427270557,9.431536968699533
329.7902171223093,209.84304369935262,11.7654427270557,9.431536968699533
330.2668435225185,208.7309154321978,11.7654427270557,9.431536968699533
330.2668435225185,208.7309154321978,11.7654427270557,9.431536968699533
330.15789474206395,207.31458128628816,11.7654427270557,9.431536968699533
330.3830966609194,205.73816785429986,11.7654427270557,9.431536968699533
330.3830966609194,205.73816785429986,11.7654427270557,9.431536968699533
330.3830966609194,203.6630968372498,11.7654427270557,9.431536968699533
330.3830966609194,203.6630968372498,11.7654427270557,9.431536968699533
330.492045441374,201.9199163499764,11.7654427270557,9.431536968699533
330.492045441374,201.9199163499764,11.7654427270557,9.431536968699533
330.80979637484677,200.01341074913958,11.7654427270557,9.431536968699533
330.80979637484677,200.01341074913958,11.7654427270557,9.431536968699533
331.3845008556452,198.20719666663024,11.7654427270557,9.431536968699533
331.3845008556452,198.20719666663024,11.7654427270557,9.431536968699533
331.3845008556452,195.5799761829803,11.7654427270557,9.431536968699533
331.3845008556452,195.5799761829803,11.7654427270557,9.431536968699533
331.3845008556452,194.0462280399433,11.7654427270557,9.431536968699533
332.37593476750334,192.75736395452768,11.7654427270557,9.431536968699533
332.37593476750334,192.75736395452768,11.7654427270557,9.431536968699533
332.37593476750334,191.46560073989198,11.7654427270557,9.431536968699533
332.37593476750334,191.46560073989198,11.7654427270557,9.431536968699533
332.37593476750334,191.46560073989198,11.7654427270557,9.431536968699533
332.37593476750334,191.46560073989198,11.7654427270557,9.431536968699533
332.62340941248857,190.10449019247312,11.146756114592563,8.503507050004856
332.62340941248857,190.10449019247312,11.146756114592563,8.503507050004856
332.62340941248857,190.10449019247312,11.146756114592563,8.503507050004856
332.62340941248857,190.10449019247312,11.146756114592563,8.503507050004856
332.62340941248857,190.10449019247312,11.146756114592563,8.503507050004856
332.62340941248857,190.10449019247312,11.146756114592563,8.503507050004856
332.62340941248857,190.10449019247312,11.146756114592563,8.503507050004856
332.1649662284955,189.60440408113814,11.573614856505856,8.120713186609095
332.33814129236305,189.27993524057507,11.389369494542848,8.45515904849114
333.0389256049435,189.53825006416204,10.352043733142125,8.188296887280444
333.00272606840554,189.45569831115728,10.504859323069695,8.326594179155563
332.8218739267638,189.39600316507222,10.066487110794242,8.931825268826117
333.1008820538555,189.3792413980205,10.649028594338859,9.418662740809651
332.5586861660915,189.88011626600402,11.34661841968142,9.106388629128901
332.53758827565304,189.7258642056861,11.637557353519355,8.960919162209905
332.6257459345894,189.49549678178033,11.794541630383264,9.376236332067265
333.7933809229028,189.8051172488522,10.424168689920577,9.42035985311341
332.9694570285742,189.72856400599824,11.6666512469032,9.164576415896505
332.98012886540175,190.006394887331,11.445729609472664,8.760139421775165
332.59313821322627,189.9932892202775,11.608463460135567,8.640886334988124
333.56222168024385,190.05389455471524,11.221930427164523,8.024799251334201
333.4684229370599,190.3798440058283,11.945324982754812,8.46712741424679
333.4684229370599,190.3798440058283,11.945324982754812,8.46712741424679
333.4684229370599,190.3798440058283,11.945324982754812,8.46712741424679
333.4684229370599,190.3798440058283,11.945324982754812,8.46712741424679
333.4684229370599,190.3798440058283,11.945324982754812,8.46712741424679
333.4684229370599,190.3798440058283,11.945324982754812,8.46712741424679
333.4684229370599,190.3798440058283,11.945324982754812,8.46712741424679
333.4684229370599,190.3798440058283,11.945324982754812,8.46712741424679
333.4684229370599,190.3798440058283,11.945324982754812,8.46712741424679
333.4684229370599,190.3798440058283,11.945324982754812,8.46712741424679
333.4684229370599,190.3798440058283,11.945324982754812,8.46712741424679
333.4684229370599,190.3798440058283,12.20149216934692,9.184395536704756
333.4684229370599,190.3798440058283,12.20149216934692,9.184395536704756
333.4684229370599,190.3798440058283,12.20149216934692,9.184395536704756
333.4684229370599,190.3798440058283,11.125589985659985,9.645496472570585
333.4684229370599,190.3798440058283,11.125589985659985,9.645496472570585
333.4684229370599,190.3798440058283,11.125589985659985,9.645496472570585
333.4684229370599,190.3798440058283,11.125589985659985,9.645496472570585
333.4684229370599,190.3798440058283,11.125589985659985,9.645496472570585
333.4684229370599,190.3798440058283,11.125589985659985,9.645496472570585
333.4684229370599,190.3798440058283,11.125589985659985,9.645496472570585
333.4684229370599,190.3798440058283,11.125589985659985,9.645496472570585
333.4684229370599,190.3798440058283,11.125589985659985,9.645496472570585
333.4684229370599,190.3798440058283,11.125589985659985,9.645496472570585
333.4684229370599,190.3798440058283,11.125589985659985,9.645496472570585
333.4684229370599,190.3798440058283,11.125589985659985,9.645496472570585
333.4684229370599,190.3798440058283,11.125589985659985,9.645496472570585
333.4684229370599,190.3798440058283,11.125589985659985,9.645496472570585
333.4684229370599,190.3798440058283,11.125589985659985,9.645496472570585
333.4684229370599,190.3798440058283,11.125589985659985,9.645496472570585
332.85653509854825,190.3798440058283,10.853639835210402,8.353733257934891
332.85653509854825,190.3798440058283,10.853639835210402,8.353733257934891
332.85653509854825,190.3798440058283,10.853639835210402,8.353733257934891
332.2378484860851,190.3798440058283,10.853639835210402,8.353733257934891
332.2378484860851,190.3798440058283,10.853639835210402,8.353733257934891
332.2378484860851,190.3798440058283,10.853639835210402,8.353733257934891
332.2378484860851,190.3798440058283,10.853639835210402,8.353733257934891
330.15473073667204,189.02863249269546,12.204851348343198,9.367141892784502
330.15473073667204,189.02863249269546,11.224579608155523,9.114603581575096
328.9251282410298,189.23356624196916,12.153617911024753,8.393706583734428
327.3978469093901,189.03833623989382,12.153617911024753,8.393706583734428
326.2417775452283,189.35730356446177,12.153617911024753,8.393706583734428
326.81981222730917,189.35730356446177,12.153617911024753,8.393706583734428
325.81274598842475,188.58514292076396,11.712608981149288,8.169420973759372
324.73747717122046,188.22671998169585,11.91557771099724,9.553585402935454
324.46774461876504,189.4818105005371,10.370405670252296,8.656917823162303
324.46774461876504,189.4818105005371,9.214336306090445,8.078883141081377
322.22954663672436,189.20203575278202,11.452534288131119,7.780623206755564
322.22954663672436,189.20203575278202,10.874499606050222,7.780623206755564
319.8486280734166,187.64212359061486,12.004538931798834,10.874389795056032
319.8486280734166,187.64212359061486,12.004538931798834,10.874389795056032
317.7961120705651,187.7242242307289,12.004538931798834,8.657672511976386
315.721041053515,187.90466518873325,12.004538931798834,8.657672511976386
313.63792330410195,187.67946326987777,12.004538931798834,8.657672511976386
313.63792330410195,187.67946326987777,12.004538931798834,8.657672511976386
312.104175161065,187.67946326987777,12.004538931798834,8.657672511976386
309.79203643274127,187.67946326987777,12.004538931798834,8.657672511976386
308.69259382184873,187.49902231187343,12.004538931798834,8.657672511976386
307.8245900163438,187.49902231187343,12.004538931798834,8.657672511976386
306.634869322114,186.50758840001527,12.004538931798834,8.657672511976386
304.70253733960953,186.71838825265212,12.180205475662888,9.254938761114119
303.17882316712337,187.54574509266212,12.893924319620623,7.553661386153777
302.64262209854536,186.65103839060384,11.910191673982013,9.310326824794203
300.21156377447534,186.8820580835537,12.073965754276344,8.524510761452945
298.750616361533,186.30402340147276,12.073965754276344,8.524510761452945
297.6973612238528,186.8820580835537,12.073965754276344,8.524510761452945
295.4914788709116,186.51441102473015,12.073965754276344,8.524510761452945
295.6448452210013,186.79995744343964,11.006657432793531,8.688712041681072
293.479553724949,185.98797313242005,11.006657432793531,8.688712041681072
291.1000542254948,186.16745310608576,13.499566530082461,8.66998022837194
289.5236809955363,186.25253906887306,12.084314073870928,8.184902823196921
288.2543050353379,186.36874465558216,11.3702775429594,7.806459208598994
285.52925882799144,186.43006674493103,13.661303615048212,8.188296887280444
283.64292195038456,185.74231677106977,11.488591968708306,8.43199410547399
281.41315831623666,186.19600622717456,11.60558616826421,8.248598433642314
279.7232404874078,185.86521202897197,11.25933673953,8.553604654836732
278.3037038842773,186.01012580989732,11.637557480022508,9.175766474633122
276.00684252751216,186.075620399677,12.014524156549157,9.27398488726331
274.09663987302696,185.27452533568348,12.500782897496663,9.431536968699533
271.4004045866903,185.75080508304913,13.877656965259291,8.78332719320207
271.4004045866903,185.75080508304913,10.836589632962898,7.763645784002904
269.08358991031804,186.44584948596082,10.841265581011442,6.490566699010287
267.45087599861586,186.6710514048163,11.231534418707554,8.332923355491118
265.632601359421,186.6710514048163,11.231534418707554,8.332923355491118
264.9332649597307,186.6710514048163,11.231534418707554,8.332923355491118
262.61720598958203,186.52162824545186,11.231534418707554,8.332923355491118
261.4348959155908,186.74683016430734,11.231534418707554,8.332923355491118
259.01052972999764,186.56034045772324,11.231534418707554,8.332923355491118
257.5849289541915,186.12393205696625,11.231534418707554,8.332923355491118
255.99863469521847,186.12393205696625,11.231534418707554,8.332923355491118
253.87731425809918,186.42091691816296,11.231534418707525,8.332923355491118
252.04165074256423,186.35292938055056,11.231534418707497,8.332923355491118
250.1217882971396,185.21052932516545,11.937390895193147,9.734353090500832
247.6988988929677,186.2612204188722,10.092987151729801,8.453517157540205
245.4375451503354,185.75834951444747,11.200571907989826,9.54594196703681
243.4341733124096,185.75383332038217,11.062073868373034,9.71927877452427
241.97565827294235,185.920613915425,11.573614856505884,8.696196798258569
239.91854388565258,184.76454766485176,12.20013817042559,10.38556065773571
238.9286434463081,186.24040305062013,11.669528791780778,9.591393527491078
237.55878043260947,185.89793729719548,11.669528791780778,9.591393527491078
236.13089596875722,186.7999525461303,11.669528791780778,9.591393527491078
233.79746288795886,186.351683068037,10.847701415276418,8.022450354164562
232.78542630312546,186.06252975808462,10.847701415276418,8.022450354164562
231.3953374973021,186.29421122572185,10.847701415276418,8.022450354164562
230.52239543638717,186.99256487445382,10.847701415276418,8.022450354164562
228.02827532455083,187.184420267672,10.847701415276418,8.022450354164562
226.29665733439862,186.93082627767348,10.847701415276418,8.022450354164562
225.60603186650326,186.95864787208401,10.847701415276418,8.022450354164562
224.1691377418915,186.95864787208401,10.847701415276418,8.022450354164562
221.6511650120957,186.67887312432893,10.847701415276418,8.022450354164562
219.91706096585293,186.64925756767715,10.847701415276418,8.022450354164562
219.01583430248346,186.32694944682873,10.847701415276418,8.022450354164562
217.42707963511944,186.32694944682873,10.847701415276418,8.022450354164562
214.53265470538489,186.32694944682873,10.847701415276418,8.022450354164562
213.06372734508562,186.56836409046352,10.847701415276418,8.022450354164562
211.5765764772984,185.8743603521628,10.847701415276418,8.022450354164562
210.49432539504733,186.52371100151345,10.847701415276418,8.022450354164562
209.780717512568,186.11380821412686,10.847701415276418,8.022450354164562
207.92280168201037,186.11380821412686,10.847701415276418,8.022450354164562
205.71428571428572,186.23376623376623,10.289611767806093,7.6975585852515
205.1561960668154,185.90887446485317,10.847701415276418,8.022450354164562
203.81391418762075,185.90887446485317,10.847701415276418,8.022450354164562
201.62968237577562,186.0326117873458,10.847701415276418,8.022450354164562
199.7775531080476,186.0326117873458,10.847701415276418,8.022450354164562
198.79234542667888,186.0326117873458,10.847701415276418,8.022450354164562
199.06260165197313,186.14843588390045,7.990707033594475,8.17688248290412
196.88362604288133,185.93053832299128,9.733887520867881,6.5426507760852814
197.0100856491216,186.2305365240145,7.990707033594475,8.17688248290412
193.43865707769305,185.93291747639546,10.132771493735532,7.221844428366467
194.3087566604852,186.16333706818048,8.924499690554057,7.370150229741
194.4170209007483,185.17717942263258,7.815121956394563,7.382344386891248
192.4876615594189,185.81784466085605,9.182982831989193,6.544923835563964
191.42364148511126,185.74425249433332,9.218756801826657,5.690437013161301
190.0,186.8421052631579,9.4736842105263,6.578947368421041
187.91921500935302,186.59439152082828,12.080784990646947,6.440434349818474
0,0,0,0
0,0,0,0
0,0,0,0
0,0,0,0
0,0,0,0
0,0,0,0
0,0,0,0
0,0,0,0
0,0,0,0
0,0,0,0
0,0,0,0
0,0,0,0
0,0,0,0
0,0,0,0
0,0,0,0
0,0,0,0
0,0,0,0
0,0,0,0
0,0,0,0
0,0,0,0
0,0,0,0
0,0,0,0
0,0,0,0
0,0,0,0
0,0,0,0
0,0,0,0
0,0,0,0
0,0,0,0
0,0,0,0
0,0,0,0
0,0,0,0
0,0,0,0
0,0,0,0
0,0,0,0
0,0,0,0
0,0,0,0
0,0,0,0
0,0,0,0
0,0,0,0
0,0,0,0
0,0,0,0
0,0,0,0
0,0,0,0
0,0,0,0
0,0,0,0
0,0,0,0
0,0,0,0
0,0,0,0
0,0,0,0
0,0,0,0
0,0,0,0
0,0,0,0
0,0,0,0
134.25953305727842,184.91183315181985,9.518080176033976,4.467670286709819
131.501231941598,183.9264397887881,12.432153865965915,4.4568098764783315
131.10235996022246,183.67595346428018,12.90129174770047,4.691378817345623
131.88243246022643,183.03218341830774,9.148188693823954,4.925947758212914
130.5311184753798,183.5709696420048,9.953742907409264,4.6841143093690505
130.43932884553453,183.97628886168508,9.36822861873813,4.6841143093690505
129.34283962288436,183.74418578278883,11.259890003743124,5.469089430389516
128.84892181183542,183.8619765515418,7.881923002620169,7.881923002620169
128.05251073869277,183.37983798068592,9.85258394992681,8.219870038224656
128.05251073869277,183.37983798068592,9.85258394992681,8.219870038224656
127.25322794473519,183.92335028057707,9.85258394992681,8.219870038224656
127.25322794473519,183.92335028057707,9.85258394992681,8.219870038224656
126.35012090348052,184.41595412126142,9.852583949926824,8.219870038224656
125.2674751554544,184.41595412126142,9.852583949926839,8.219870038224656
125.2674751554544,184.41595412126142,9.852583949926839,8.219870038224656
124.09460892842611,184.32573364225925,9.852583949926839,8.219870038224656
124.09460892842611,184.32573364225925,9.852583949926839,8.219870038224656
124.09460892842611,184.32573364225925,9.852583949926839,8.219870038224656
122.53006431861235,184.16130601182908,10.945993555597283,8.294479588713472
121.74345066340886,184.42574675841908,11.242658807298639,8.572527340565216
121.04926441416197,184.60485336154133,11.523725277481105,9.169793589702948
120.73300612461667,184.41466196210837,11.322589647372027,8.658450906813897
119.3243816866785,184.64336960252606,12.628668144529897,8.216627121884017
119.3243816866785,184.64336960252606,12.628668144529897,8.216627121884017
119.3243816866785,184.64336960252606,12.628668144529897,8.216627121884017
118.23380438363453,184.74251299371187,11.63723423267173,8.51405729544146
118.23380438363453,184.74251299371187,11.63723423267173,8.51405729544146
116.78659191876726,184.87407776324525,11.63723423267173,8.51405729544146
116.78659191876726,184.87407776324525,11.63723423267173,8.51405729544146
116.78659191876726,184.87407776324525,11.63723423267173,8.51405729544146
114.8161765560298,184.46357456267495,11.63723423267173,8.51405729544146
114.8161765560298,184.46357456267495,11.63723423267173,8.51405729544146
114.8161765560298,184.46357456267495,10.905341371832819,7.782164434602549
114.23066226735867,184.0244388461716,10.173448510993893,8.221300151105908
113.14004152228142,183.98467883874685,11.63723423267173,8.51405729544146
113.14004152228142,183.98467883874685,11.63723423267173,8.51405729544146
113.14004152228142,183.98467883874685,11.63723423267173,8.51405729544146
111.25172679965803,184.0667794788609,11.63723423267173,8.51405729544146
111.25172679965803,184.0667794788609,11.63723423267173,8.51405729544146
111.25172679965803,184.0667794788609,11.63723423267173,8.51405729544146
109.94434143420297,183.84888191795173,11.63723423267173,8.51405729544146
109.94434143420297,183.84888191795173,11.63723423267173,8.51405729544146
109.94434143420297,183.84888191795173,11.63723423267173,8.51405729544146
107.8367277682184,183.4409566922773,11.63723423267173,8.51405729544146
107.8367277682184,183.4409566922773,11.63723423267173,8.51405729544146
107.8367277682184,183.4409566922773,11.63723423267173,8.51405729544146
107.8367277682184,183.4409566922773,11.63723423267173,8.51405729544146
106.78420961195128,183.4409566922773,11.63723423267173,8.51405729544146
106.78420961195128,183.4409566922773,11.63723423267173,8.51405729544146
105.3063980898982,183.11255413182104,11.63723423267173,8.51405729544146
105.3063980898982,183.11255413182104,11.63723423267173,8.51405729544146
105.3063980898982,183.11255413182104,11.63723423267173,8.51405729544146
103.72123558393344,183.43891111834319,10.984520259627416,8.09445545562727
103.72123558393344,183.43891111834319,10.984520259627416,8.09445545562727
103.72123558393344,183.43891111834319,10.984520259627416,8.09445545562727
103.72123558393344,183.43891111834319,10.984520259627416,8.09445545562727
101.86910631620543,183.65680867925235,10.984520259627416,8.09445545562727
101.86910631620543,183.65680867925235,10.984520259627416,8.09445545562727
101.86910631620543,183.65680867925235,10.984520259627416,8.09445545562727
100.3001631428789,182.9844044621124,10.984520259627416,8.09445545562727
100.3001631428789,182.9844044621124,10.984520259627416,8.09445545562727
100.3001631428789,182.9844044621124,10.984520259627416,8.09445545562727
100.3001631428789,182.9844044621124,10.984520259627416,8.09445545562727
98.24764714002738,182.9844044621124,10.984520259627416,8.09445545562727
98.24764714002738,182.9844044621124,10.984520259627416,8.09445545562727
98.24764714002738,182.9844044621124,10.984520259627416,8.09445545562727
96.44143305751804,182.82020318188427,10.984520259627416,8.09445545562727
96.44143305751804,182.82020318188427,10.984520259627416,8.09445545562727
94.86501962552975,182.4260998238872,10.984520259627416,8.09445545562727
94.86501962552975,182.4260998238872,10.984520259627416,8.09445545562727
94.86501962552975,182.4260998238872,10.984520259627416,8.09445545562727
93.70677865998302,182.503315888257,10.984520259627416,8.09445545562727
93.70677865998302,182.503315888257,10.984520259627416,8.09445545562727
92.58076906570567,182.503315888257,10.984520259627416,8.09445545562727
92.58076906570567,182.503315888257,10.984520259627416,8.09445545562727
92.58076906570567,182.503315888257,10.984520259627416,8.09445545562727
91.09499938347133,182.34961557630172,10.984520259627416,8.09445545562727
91.09499938347133,182.34961557630172,10.984520259627416,8.09445545562727
91.09499938347133,182.34961557630172,10.984520259627416,8.09445545562727
89.96786376246597,182.65701620021227,10.984520259627416,8.09445545562727
89.96786376246597,182.65701620021227,10.984520259627416,8.09445545562727
88.59766472032645,182.90294936162192,10.984520259627416,8.09445545562727
88.59766472032645,182.90294936162192,10.984520259627416,8.09445545562727
87.67546284859479,183.0566496735772,10.984520259627416,8.09445545562727
87.67546284859479,183.0566496735772,10.984520259627416,8.09445545562727
87.67546284859479,183.0566496735772,10.984520259627416,8.09445545562727
85.99681436206427,183.0566496735772,10.984520259627416,8.09445545562727
85.99681436206427,183.0566496735772,10.984520259627416,8.09445545562727
85.99681436206427,183.0566496735772,10.984520259627416,8.09445545562727
84.02334281906344,183.18821444311058,10.984520259627416,8.09445545562727
82.76025611303298,183.18821444311058,10.984520259627416,8.09445545562727
83.66106378845485,183.18821444311058,10.984520259627416,8.09445545562727
83.66106378845485,183.18821444311058,10.984520259627416,8.09445545562727
81.37313939890849,183.40611200401975,10.984520259627416,8.09445545562727
81.37313939890849,183.40611200401975,10.984520259627416,8.09445545562727
81.37313939890849,183.40611200401975,10.984520259627416,8.09445545562727
81.37313939890849,183.40611200401975,10.984520259627416,8.09445545562727
81.37313939890849,183.40611200401975,10.984520259627416,8.09445545562727
79.63365664047068,182.8969950991111,10.984520259627416,8.09445545562727
79.63365664047068,182.8969950991111,10.984520259627416,8.09445545562727
79.63365664047068,182.8969950991111,10.984520259627416,8.09445545562727
77.8917197716442,182.4871276005637,10.984520259627416,8.09445545562727
77.8917197716442,182.4871276005637,10.984520259627416,8.09445545562727
76.76458415063884,182.4871276005637,10.984520259627416,8.09445545562727
76.76458415063884,182.4871276005637,10.984520259627416,8.09445545562727
76.76458415063884,182.4871276005637,10.984520259627416,8.09445545562727
76.76458415063884,182.4871276005637,10.984520259627416,8.09445545562727
75.56614756563836,181.94238369829074,10.984520259627416,8.09445545562727
75.56614756563836,181.94238369829074,10.984520259627416,8.09445545562727
74.07899669785112,182.14067048066238,10.984520259627416,8.09445545562727
74.07899669785112,182.14067048066238,10.984520259627416,8.09445545562727
72.51908453568397,182.3048717608905,10.984520259627416,8.09445545562727
72.51908453568397,182.3048717608905,10.984520259627416,8.09445545562727
72.51908453568397,182.3048717608905,10.984520259627416,8.09445545562727
72.51908453568397,182.3048717608905,10.984520259627416,8.09445545562727
71.28757493397306,181.73016728009208,10.984520259627416,8.09445545562727
71.28757493397306,181.73016728009208,10.984520259627416,8.09445545562727
71.28757493397306,181.73016728009208,10.984520259627416,8.09445545562727
69.1209391231888,182.55199465659646,10.984520259627416,8.09445545562727
69.1209391231888,182.55199465659646,10.984520259627416,8.09445545562727
68.30126699204126,182.55199465659646,10.984520259627416,8.09445545562727
67.73205023429992,182.55199465659646,10.984520259627416,8.09445545562727
66.81867440457064,182.36013926337827,10.984520259627416,8.09445545562727
66.81867440457064,182.36013926337827,10.469461188649689,8.148335312892897
65.28962241680307,182.36013926337827,10.984520259627416,8.09445545562727
64.66812198439763,181.7131701579695,10.984520259627416,8.09445545562727
64.95669569349077,182.01709353243993,10.984520259627416,8.09445545562727
64.22657525560126,182.16786934251724,10.984520259627416,8.09445545562727
63.88511130292673,182.39211755852452,10.685673940898553,7.19791649944068
62.88176682132138,182.13226750071098,10.685673940898553,7.19791649944068
61.73383369093339,181.91062857375752,11.521980262554983,7.856813286707592
61.268717411863626,182.1431867132924,11.056005835368843,7.52470996567439
60.29784362545585,181.65774982008853,11.94876064692901,8.551223684473314
59.19869058322644,181.2715964696557,11.948760646929003,8.551223684473314
59.19869058322644,181.2715964696557,11.948760646929003,8.551223684473314
59.19869058322644,181.2715964696557,11.948760646929003,8.551223684473314
59.19869058322644,181.2715964696557,11.948760646929003,8.551223684473314
56.51271507817191,180.88788568321934,11.948760646929003,8.551223684473314
56.51271507817191,180.88788568321934,11.948760646929003,8.551223684473314
56.51271507817191,180.88788568321934,11.948760646929003,8.551223684473314
56.51271507817191,180.88788568321934,11.948760646929003,8.551223684473314
54.966106481502685,180.88788568321934,11.94876064692901,8.551223684473314
54.16467991399729,180.67442794102163,11.948760646929003,8.551223684473314
53.910335288600336,181.32161564814794,11.948760646929003,8.551223684473314
53.185697607440915,181.32161564814794,11.948760646929003,8.551223684473314
52.26835270252937,180.6179088255461,11.948760646929003,8.551223684473314
51.927467464884025,181.0241854745905,11.948760646929003,8.551223684473314
51.22376064228218,180.7896165337232,11.948760646929003,8.551223684473314
50.12309076876993,180.76641737514564,11.948760646929003,8.551223684473314
49.42773684374964,181.0241854745905,11.948760646929003,8.551223684473314
49.16996874430477,180.2508811762559,10.659920149704647,8.808991783918174
47.28223922809099,180.26634240117303,11.948760646929003,8.551223684473314
47.68185272191975,181.35962945825554,10.501060503590601,6.9426679696528595
47.68185272191975,180.9642049459062,10.775915942592597,8.785792625340605
47.68185272191975,180.85671181345316,10.238450280327399,7.525037464512366
45.51320289727678,181.0541972317973,11.948760646929003,8.551223684473314
45.51320289727678,181.0541972317973,11.948760646929003,8.551223684473314
44.50649148788081,180.71862676199865,9.855924619501742,8.207547734645658
43.43119168237465,181.0541972317973,11.568808317625347,7.140247212647125
42.17596155685164,180.4265821690358,11.948760646929003,8.551223684473314
41.33328958447256,180.58799676559684,11.948760646929003,8.551223684473314
40.81236549962982,180.35584358306534,11.948760646929003,8.551223684473314
40.81236549962982,180.35584358306534,11.948760646929003,8.551223684473314
40.81236549962982,180.35584358306534,10.788790569734346,6.800225781096515
39.85911269921141,180.19696811632895,11.164008688071831,7.5371359299138305
39.19021637814118,180.19696811632895,10.308111381056143,7.428449943871698
37.984762392177394,179.95483736572362,11.948760646929003,8.551223684473314
36.802357226721384,180.19696811632895,11.05478563042147,8.61255569319485
35.35620168785534,179.8061638774527,11.948760646929003,8.551223684473314
35.35620168785534,179.8088009155315,11.08731295649612,8.68492293384088
34.89430792342116,179.97452221385882,10.602227873345583,8.247186793069574
32.23637736352103,179.86171149749458,11.948760646929003,8.551223684473314
32.23637736352103,179.86171149749458,11.948760646929003,8.551223684473314
32.23637736352103,179.86171149749458,11.948760646929003,8.551223684473314
32.23637736352103,179.86171149749458,11.948760646929003,8.551223684473314
32.23637736352103,179.86171149749458,10.718949096960067,8.11079709357071
30.721225848369514,179.64526128104438,11.270116142972476,8.666427030643916
30.144453132418988,179.56286517876572,11.948760646929003,8.551223684473314
30.144453132418988,179.56286517876572,11.948760646929003,8.551223684473314
30.144453132418988,179.56286517876572,11.948760646929003,8.551223684473314
30.144453132418988,179.56286517876572,11.948760646929003,8.551223684473314
28.8135593220339,179.1767554479419,11.18773022621205,8.937333415297132
28.052528901316947,179.56286517876572,11.948760646929003,8.551223684473314
28.052528901316947,179.56286517876572,11.948760646929003,8.551223684473314
28.052528901316947,179.56286517876572,11.948760646929003,8.551223684473314
28.052528901316947,179.56286517876572,11.948760646929003,8.551223684473314
28.052528901316947,179.56286517876572,11.085711673189337,7.869809866117578
28.052528901316947,179.56286517876572,11.948760646929003,8.551223684473314
28.052528901316947,179.56286517876572,11.948760646929003,8.551223684473314
28.052528901316947,179.56286517876572,11.948760646929003,8.551223684473314
28.052528901316947,179.56286517876572,11.948760646929003,8.551223684473314
28.052528901316947,179.56286517876572,10.47206126261748,8.14205285402116
28.052528901316947,179.56286517876572,10.337563977940022,8.362831415661532
26.653927502715547,179.56286517876572,11.10831025952222,8.549022933122387
26.091450853134347,179.99866030058408,11.948760646929003,8.551223684473314
26.091450853134347,179.99866030058408,11.948760646929003,8.551223684473314
26.091450853134347,179.99866030058408,11.948760646929003,8.551223684473314
26.091450853134347,179.99866030058408,11.948760646929003,8.551223684473314
26.091450853134347,179.99866030058408,11.948760646929003,8.551223684473314
26.091450853134347,179.99866030058408,11.948760646929003,8.551223684473314
26.091450853134347,179.99866030058408,11.948760646929003,8.551223684473314
26.091450853134347,179.99866030058408,11.948760646929003,8.551223684473314
26.091450853134347,179.99866030058408,11.948760646929003,8.551223684473314
25.516746372335923,179.42395581978565,11.948760646929003,8.551223684473314
25.492831198224213,179.639488507638,11.948760646929006,8.551223684473314
25.189246063112588,179.45733742657103,10.234571545887665,7.558798415449388
25.10624317176562,179.50605645989972,11.209854885902452,7.976519203674883
24.419198841294726,179.23123872771134,11.948760646929,8.551223684473314
24.172896920952542,179.23123872771134,11.948760646929,8.551223684473314
24.172896920952542,179.23123872771134,11.948760646929,8.551223684473314
24.172896920952542,179.23123872771134,11.948760646929,8.551223684473314
24.172896920952542,179.23123872771134,11.948760646929,8.551223684473314
24.172896920952542,179.23123872771134,11.948760646929,8.551223684473314
24.172896920952542,179.23123872771134,11.948760646929,8.551223684473314
24.172896920952542,178.14175092316546,11.948760646929,8.551223684473314
24.281845701407132,178.25069970362006,11.948760646929,8.551223684473314
24.64491550669298,178.06086649323896,11.948760646928992,8.551223684473314
24.34748533313553,178.3582966667964,11.948760646928996,8.551223684473314
24.34748533313553,178.3582966667964,11.948760646928996,8.551223684473314
24.34748533313553,178.3582966667964,11.948760646928996,8.551223684473314
24.34748533313553,178.3582966667964,11.948760646928996,8.551223684473314
24.34748533313553,178.3582966667964,11.948760646928996,8.551223684473314
24.34748533313553,178.3582966667964,11.948760646928996,8.551223684473314
24.34748533313553,178.3582966667964,11.948760646928996,8.551223684473314
24.34748533313553,178.3582966667964,11.948760646928996,8.551223684473314
24.34748533313553,176.67285901663755,11.948760646928996,8.551223684473314
22.852478956517096,176.48238341733466,13.378639847556613,9.50447648489174
22.765725075036162,176.74944126195425,11.948760646929,8.551223684473314
22.09759575501539,175.78829760198013,13.344471528868027,9.208028805385794
21.772694253959948,175.559204857795,11.948760646928996,8.551223684473314
21.174074599049813,175.31975699583097,11.948760646928992,8.551223684473314
20.496437064906992,176.396075099489,11.948760646928996,8.551223684473314
18.315282458819052,175.50378457881666,11.948760646928996,8.551223684473314
18.616940550216412,175.8177684795842,11.948760646928996,8.551223684473314
17.060529447450058,174.5008052387819,11.948760646928996,8.551223684473314
15.731327059757852,175.0272546455921,11.948760646928996,8.551223684473314
14.43475933467328,174.93903385744008,11.948760646928996,8.551223684473314
13.972512907700205,175.09488520470322,10.561203017694345,8.118888109500517
12.997854038304494,175.09488520470322,10.393958827192582,8.3359140155697
11.3903359744939,174.47856687299,11.948760646928998,8.551223684473314
10.470866130970782,174.5356278168615,11.94876064692899,8.551223684473314
9.214649500775604,174.61951119998082,11.948760646929,8.551223684473314
8.267619468049489,174.34051866230718,11.948760646928996,8.551223684473314
7.5891247254464425,174.2411024435915,11.948760646929,8.551223684473314
5.529513250512322,173.4629055948885,11.948760646929005,8.551223684473314
6.21679847388002,173.80654820657233,11.948760646929001,8.551223684473314
3.7589953392846485,173.66197155159614,11.948760646929001,8.551223684473314
2.024891293041873,173.66197155159614,11.948760646929001,8.551223684473314
1.1922602263483042,173.2512939335263,11.436076529298512,7.241519208157456
-0.1473844915288547,173.23278700223992,9.804036852043875,7.668500551408158
0.0,173.27826076515979,9.404624277456648,8.097461778192809
0.0,173.27826076515979,8.571428571428571,8.040420553521528
0,173.27826076515979,6.459536144048696,8.987018806291672
0,0,0,0
0,0,0,0
0,0,0,0
0,0,0,0
0,0,0,0
0,0,0,0
0,0,0,0
0,0,0,0
0,0,0,0
0,0,0,0
0,0,0,0
0,0,0,0
0,0,0,0
0,0,0,0
0,0,0,0
0,0,0,0
0,0,0,0
0,0,0,0
0,0,0,0
0,0,0,0
0,0,0,0
0,0,0,0
0,0,0,0
0,0,0,0
0,0,0,0
0,0,0,0
0,0,0,0
0,0,0,0
0,0,0,0
0,0,0,0
0,0,0,0
0,0,0,0
0,0,0,0
0,0,0,0
0,0,0,0
0,0,0,0
0,0,0,0
0,0,0,0
0,0,0,0
0,0,0,0
0,0,0,0
0,0,0,0
0,0,0,0
0,0,0,0
0,0,0,0
0,0,0,0
0,0,0,0
0,0,0,0
0,0,0,0
0,0,0,0
0,0,0,0
0,0,0,0
0,0,0,0
0,0,0,0
0,0,0,0
0,0,0,0
0,0,0,0
0,0,0,0
0,0,0,0
0,0,0,0
0,0,0,0
0,0,0,0
0,0,0,0
0,0,0,0
0,0,0,0
0,0,0,0
0,0,0,0
0,0,0,0
0,0,0,0
0,0,0,0
0,0,0,0
0,0,0,0
0,0,0,0
0,0,0,0
0,0,0,0
0,0,0,0
0,0,0,0
0,0,0,0
0,0,0,0
0,0,0,0
0,0,0,0
0,0,0,0
0,0,0,0
0,0,0,0
0,0,0,0
0,0,0,0
0,0,0,0
0,0,0,0
0,0,0,0
0,0,0,0
0,0,0,0
0,0,0,0
0,0,0,0
0,0,0,0
0,0,0,0
0,0,0,0
0,0,0,0
0,0,0,0
0,0,0,0
0,0,0,0
0,0,0,0
0,0,0,0
0,0,0,0
0,0,0,0
0,0,0,0
0,0,0,0
0,0,0,0
0,0,0,0
0,0,0,0
0,0,0,0
0,0,0,0
0,0,0,0
0,0,0,0
0,0,0,0
0,0,0,0
0,0,0,0
0,0,0,0
0,0,0,0
0,0,0,0
0,0,0,0
0,0,0,0
0,0,0,0
0,0,0,0
0,0,0,0
0,0,0,0
0,0,0,0
0,0,0,0
0,0,0,0
0,0,0,0
0,0,0,0
0,0,0,0
0,0,0,0
0,0,0,0
0,0,0,0
0,0,0,0
0,0,0,0
0,0,0,0
0,0,0,0
0,0,0,0
0,0,0,0
0,0,0,0
0,0,0,0
0,0,0,0
0,0,0,0
0,0,0,0
0,0,0,0
0.0,169.0,5.544147843942505,10.568788501026688
-0.10266940451745388,169.7723948600721,7.186858316221766,8.359021977710228
0.4761904761904763,169.91222081098635,7.945675136462183,9.909016256057413
0,170.38841128717684,7.945675136462183,9.909016256057413
0.40000000000000036,168.98841128717683,9.799999999999999,8.611588712823163
0.3187597367472428,168.91761977243905,11.16888933541676,8.914618093406034
1.0191483821215428,168.68797564943168,12.40156548784192,9.510975035788533
0.73004499939778,167.56050172207932,13.380636447408387,10.070444155540798
3.0720602325668835,168.56341981579536,12.7611406124942,9.062319649630552
5.961538461538462,168.46153846153845,10.961538461538462,9.423076923076934
6.093189964157706,168.45878136200716,12.186379928315414,8.60215053763443
7.636363636363637,168.0,11.09090909090909,9.454545454545467
8.928571428571427,168.74999999999997,10.97282200479884,8.18943905808979
10.87297847286364,168.30488915846303,11.141073049384602,9.446867281817987
11.585985299020367,167.35230624543092,11.16079581685946,10.115504913367346
11.585985299020367,167.35230624543092,11.604527372684613,10.508086199392551
13.76471918624341,168.64083241752044,10.864360932450952,8.362134941530002
16.090375709706116,168.06743653802528,11.804361132399144,8.906247672501024
17.391565604491902,167.92285988304909,11.411023392271854,8.452544647695248
19.134993446920053,167.88990825688074,11.140235910878111,7.994757536041931
20.522437146035887,167.82209700320976,10.297234985111654,8.571345619741038
20.98063354467783,168.1651757359685,11.267887165381346,8.462043198942752
21.85453167061933,167.50508731449338,13.373372763116627,10.160774836781343
22.5,166.875,11.5625,10.3125
24.921594305144424,167.89778859855636,10.013482509767357,9.517765553838274
24.17510129011694,167.63721379078535,11.356160111696802,9.563082199323617
27.769169829797804,168.82749447403094,9.653591253232825,7.8491816731892925
27.932742328739,168.28095611637735,11.001485775284149,8.292164651520125
30.021227416830516,168.05406614419698,10.297920901003526,8.709684344132341
30.02627189857531,167.69659446169405,11.282627248337384,9.231240475912415
30.793211040191725,168.09338659375797,11.733471415297398,8.44042630419213
33.503063854418556,168.5655317357217,11.733471415297394,8.44042630419213
33.503063854418556,168.5655317357217,11.733471415297394,8.44042630419213
35.578134871468606,168.65575221472386,11.733471415297394,8.44042630419213
35.578134871468606,168.65575221472386,11.733471415297394,8.44042630419213
36.87932476625439,168.51117555974767,11.733471415297394,8.44042630419213
39.01054209061744,167.30726000737113,12.232995376995056,9.27737233288886
38.983050847457626,167.1186440677966,12.54237288135593,9.491525423728831
42.24977926511498,168.23102978075315,10.528189706493208,8.613973396221724
41.83144019798741,167.85199291510307,12.31509601710912,8.456365931748252
44.27278315020706,167.6993735259838,11.083586415398202,9.27737233288886
45.77078485767735,167.99649523192983,10.471889226779346,8.726574355649461
46.97137745896243,168.65035505774972,10.646016522256758,7.8491816731892925
47.09178527609839,168.1201790442702,13.325557372031476,8.634417276775508
48.81498920012418,168.1601793129879,11.485297861628958,7.99466811936918
50.48541531343791,168.54115644569384,11.08050523706374,7.296918082944416
51.06591710630602,168.1055288150441,12.261232126549494,8.061017661053285
52.332371363325855,167.80088704161102,11.466585558912655,8.841239370340048
52.332371363325855,167.80088704161102,11.466585558912655,8.841239370340048
54.08000149742628,167.80088704161102,11.466585558912655,8.841239370340048
56.4108792188609,167.80088704161102,11.466585558912655,8.841239370340048
56.4108792188609,167.80088704161102,11.466585558912655,8.841239370340048
58.158509352961325,167.80088704161102,11.466585558912662,8.841239370340048
58.158509352961325,167.80088704161102,11.466585558912662,8.841239370340048
60.760889142532896,168.3791936615158,11.466585558912662,8.841239370340048
60.760889142532896,168.3791936615158,11.466585558912662,8.841239370340048
62.47507824357424,168.10853222450928,11.466585558912662,8.841239370340048
64.49783622786319,168.0201434227568,11.46658555891267,8.841239370340048
64.49783622786319,168.0201434227568,11.46658555891267,8.841239370340048
67.83422102932764,168.1790188894932,11.46658555891267,8.841239370340048
69.23309476810307,168.1790188894932,11.46658555891267,8.841239370340048
69.23309476810307,168.1790188894932,11.46658555891267,8.841239370340048
71.54632124772225,168.1790188894932,11.46658555891267,8.841239370340048
71.54632124772225,168.1790188894932,11.46658555891267,8.841239370340048
72.86196894305613,168.70527796762676,11.46658555891267,8.841239370340048
74.97237826845611,168.70527796762676,11.46658555891267,8.841239370340048
74.97237826845611,168.70527796762676,11.46658555891267,8.841239370340048
75.9844148532895,168.70527796762676,11.46658555891267,8.841239370340048
79.16510126276586,168.84985462260295,11.46658555891267,8.841239370340048
79.16510126276586,168.84985462260295,11.46658555891267,8.841239370340048
79.95448987996619,168.98141939213633,11.46658555891267,8.841239370340048
79.95448987996619,168.98141939213633,11.46658555891267,8.841239370340048
79.95448987996619,168.98141939213633,11.46658555891267,8.841239370340048
81.5257855896131,169.15600780431933,11.46658555891267,8.841239370340048
84.27274203416086,169.01143114934314,11.46658555891267,8.841239370340048
84.70329492434114,169.63263420452853,11.46658555891267,8.841239370340048
84.70329492434114,169.63263420452853,11.46658555891267,8.841239370340048
86.28958918331418,169.83092098690017,11.46658555891267,8.841239370340048
87.91135945677476,169.13587658398848,11.46658555891267,8.841239370340048
88.93141670210345,168.6680451585883,11.46658555891267,8.841239370340048
90.82888790007189,170.35468622344914,11.46658555891267,8.841239370340048
91.51670951156812,169.9228791773779,10.778763947416437,9.27304641641129
93.60490285327472,169.85896926752005,11.46658555891267,8.841239370340048
93.60490285327472,169.85896926752005,11.46658555891267,8.841239370340048
94.96601340069358,169.6114946225348,11.46658555891267,8.841239370340048
94.96601340069358,169.6114946225348,11.46658555891267,8.841239370340048
97.25393779023995,169.6114946225348,11.46658555891267,8.841239370340048
97.25393779023995,169.6114946225348,11.46658555891267,8.841239370340048
98.60724497527258,170.3332584545522,11.46658555891267,8.841239370340048
99.58778399936388,170.2243096740976,11.46658555891267,8.841239370340048
99.58778399936388,170.2243096740976,11.46658555891267,8.841239370340048
101.53465461746404,170.07060936214233,11.46658555891267,8.841239370340048
101.53465461746404,170.07060936214233,11.46658555891267,8.841239370340048
103.16888632428288,170.07060936214233,11.46658555891267,8.841239370340048
103.16888632428288,170.07060936214233,11.46658555891267,8.841239370340048
105.07253737743024,170.27457197497955,11.46658555891267,8.841239370340048
105.86074409342439,170.27457197497955,11.46658555891267,8.841239370340048
105.86074409342439,170.27457197497955,11.46658555891267,8.841239370340048
108.98817082359504,170.27457197497955,11.46658555891267,8.841239370340048
108.98817082359504,170.27457197497955,11.46658555891267,8.841239370340048
110.33938233672787,170.44347341412114,11.46658555891267,8.841239370340048
110.33938233672787,170.44347341412114,11.46658555891267,8.841239370340048
112.44291681910248,170.56721073661376,11.46658555891267,8.841239370340048
112.44291681910248,170.56721073661376,11.46658555891267,8.841239370340048
113.68152737280757,170.6235112163276,11.46658555891267,8.841239370340048
113.68152737280757,170.6235112163276,11.46658555891267,8.841239370340048
115.3157590796264,169.8608697531455,11.46658555891267,8.841239370340048
116.83435423678414,170.96131409461083,11.466585558912683,8.841239370340048
116.83435423678414,170.96131409461083,11.466585558912683,8.841239370340048
119.35196527566934,171.24104865448697,11.466585558912683,8.841239370340048
119.35196527566934,171.24104865448697,11.466585558912683,8.841239370340048
119.35196527566934,171.24104865448697,11.466585558912683,8.841239370340048
121.33176243555133,171.61226062196485,11.46658555891267,8.841239370340048
121.33176243555133,171.61226062196485,11.46658555891267,8.841239370340048
121.33176243555133,171.61226062196485,11.46658555891267,8.841239370340048
123.07707730668122,171.6685611016787,11.46658555891267,8.841239370340048
123.07707730668122,171.6685611016787,11.46658555891267,8.841239370340048
123.07707730668122,171.6685611016787,11.46658555891267,8.841239370340048
125.76669417524099,171.59384952199648,11.46658555891267,8.841239370340048
125.76669417524099,171.59384952199648,11.46658555891267,8.841239370340048
125.76669417524099,171.59384952199648,11.46658555891267,8.841239370340048
129.23133920503446,171.7794555057354,11.46658555891267,8.841239370340048
129.23133920503446,171.7794555057354,11.46658555891267,8.841239370340048
129.23133920503446,171.7794555057354,11.46658555891267,8.841239370340048
131.1636711875389,172.34158844610033,11.46658555891267,8.841239370340048
131.1636711875389,172.34158844610033,11.46658555891267,8.841239370340048
131.81736387026643,172.23263966564573,11.46658555891267,8.841239370340048
132.63435152842086,172.27764582258374,11.46658555891267,8.841239370340048
132.63435152842086,172.27764582258374,11.46658555891267,8.841239370340048
132.63435152842086,172.27764582258374,11.46658555891267,8.841239370340048
134.73236072749188,172.27764582258374,11.46658555891267,8.841239370340048
134.73236072749188,172.27764582258374,11.46658555891267,8.841239370340048
134.73236072749188,172.27764582258374,11.46658555891267,8.841239370340048
137.35400829167276,172.34158844610033,11.46658555891267,8.841239370340048
137.35400829167276,172.34158844610033,11.46658555891267,8.841239370340048
137.86319827987737,172.34158844610033,10.957395570708059,7.059074411623897
140.32201129878356,172.34158844610033,8.49858255180186,7.968297309425111
139.83259307131814,172.34158844610033,11.46658555891267,8.841239370340048
139.83259307131814,172.34158844610033,11.46658555891267,8.841239370340048
143.19461415701787,172.6404347648292,11.46658555891267,8.841239370340048
143.19461415701787,172.6404347648292,11.46658555891267,8.841239370340048
144.46561789090907,172.3226838313564,10.884935614625988,7.751116906650992
145.78443622385578,172.69673524454305,11.46658555891267,8.841239370340048
145.78443622385578,172.69673524454305,11.46658555891267,8.841239370340048
145.78443622385578,172.69673524454305,12.548897109477565,8.692153644345836
146.66666666666666,172.22222222222223,11.666666666666686,8.611111111111114
147.17741935483872,172.17741935483872,11.664044059795401,8.00550747442955
149.09129882690215,172.17993937890998,10.340225720901458,7.406623928583571
148.34834834834834,173.27327327327328,12.91291291291293,6.906906906906897
148.3168902098253,171.87706311339554,12.612071538808578,7.904357651631784
150.84169968402892,172.69673524454305,12.034554496573065,7.570823283885034
151.16694284931995,172.69673524454305,11.994906861662713,6.944883252566768
152.13675213675214,172.64957264957263,11.396011396011374,6.837606837606842
151.4606327128241,172.69673524454305,13.478391677419808,7.486191584725219
154.06291012051983,172.65001295977098,10.583554525944805,8.158067848309827
153.5578596154693,172.65001295977098,12.373732249262417,8.847218558222607
153.5578596154693,172.65001295977098,12.373732249262417,8.847218558222607
155.73901422155726,172.74915635095678,12.373732249262417,8.847218558222607
155.73901422155726,172.74915635095678,12.373732249262417,8.847218558222607
155.73901422155726,172.74915635095678,12.373732249262417,8.847218558222607
157.86033465867655,172.664303533472,12.373732249262417,8.847218558222607
157.86033465867655,172.664303533472,12.373732249262417,8.847218558222607
157.86033465867655,172.664303533472,12.373732249262417,8.847218558222607
160.7559370725434,172.78012763002667,11.654467551734058,7.439525549164074
160.7559370725434,172.78012763002667,12.232502233814984,7.439525549164074
160.7559370725434,172.78012763002667,12.373732249262417,8.847218558222607
160.95617529880477,172.90836653386452,12.17349402300104,8.718979654384754
161.88235294117646,172.94117647058823,12.840190411424686,7.856511390683437
162.48825958744013,172.59452164628775,12.373732249262417,8.847218558222607
162.48825958744013,172.59452164628775,12.373732249262417,8.847218558222607
163.3986928104575,172.54901960784312,11.46329902624504,8.892720596667232
163.75661375661375,172.48677248677248,12.43386243386243,8.994708994708986
165.3500897666068,173.07001795332135,11.906380689736295,7.533654734314808
166.87076769216623,173.15399076604,10.344422181251474,8.17512315801062
166.87076769216623,173.15399076604,11.184787863389317,7.679342567293332
166.87076769216623,173.15399076604,11.544532854281869,8.266774261282393
167.7254685468671,172.94031555236478,11.54803572663721,8.683616071566831
168.76796636589788,172.59185782567508,11.156889125431604,8.783864717677517
168.76796636589788,172.59185782567508,12.373732249262417,8.847218558222607
168.76796636589788,172.59185782567508,12.373732249262417,8.847218558222607
171.14093959731542,173.15436241610738,11.073825503355721,7.382550335570471
172.16207906528874,173.1858275480685,11.852790823187092,8.22681185713597
172.16207906528874,173.1858275480685,12.373732249262417,8.847218558222607
172.16207906528874,173.1858275480685,12.373732249262417,8.847218558222607
172.16207906528874,173.1858275480685,12.373732249262417,8.847218558222607
172.16207906528874,173.1858275480685,12.373732249262417,8.847218558222607
172.57525083612038,173.2441471571906,11.960560478430779,8.788898949100485
174.48766046063758,173.1858275480685,11.558851167269381,8.632354270113325
175.30018349000773,172.36001059419507,11.116001481090535,8.853862238174884
175.88497881164517,172.71088778717754,11.132565048003926,8.341743791769801
175.30018349000773,172.36001059419507,12.373732249262417,8.847218558222607
175.30018349000773,172.36001059419507,12.373732249262417,8.847218558222607
177.48697124640177,172.61727974200613,11.37613780232212,8.821235339200342
177.48697124640177,172.61727974200613,12.373732249262417,8.847218558222607
177.48697124640177,172.61727974200613,12.373732249262417,8.847218558222607
179.4073462674779,172.40390473966434,12.373732249262417,8.847218558222607
179.4073462674779,172.40390473966434,12.373732249262417,8.847218558222607
180.9188025108679,172.50038067009348,12.373732249262417,8.847218558222607
180.9188025108679,172.50038067009348,12.373732249262417,8.847218558222607
180.9188025108679,172.50038067009348,12.373732249262417,8.847218558222607
180.9188025108679,172.50038067009348,12.373732249262417,8.847218558222607
183.8732256105173,172.03142462253007,11.261603982107601,6.940712957385784
183.8732256105173,172.03142462253007,12.822066039148979,4.812214449243413
183.8732256105173,172.03142462253007,11.897105849053219,6.305211090440167
