503.9011995740193,429.90850403881285,8.14361142409075,6.180419384354593
503.97114522433145,429.98942834414174,8.138017503973458,5.221382084070399
503.8849972190153,428.7316807164371,8.324540655244391,5.238231364694627
503.83442995483415,429.09813331316656,8.528690152944364,4.921389181910513
503.96225069748306,427.72614616111696,8.432199052171029,5.756298245946994
503.92347280143497,427.5306991993757,8.494429303478569,6.129679753792232
503.26192329663314,426.1799735893659,9.331593638000129,6.606437973805498
502.9130827281207,426.4271844987347,9.521228450052945,6.409715884676132
503.8938001622402,426.01319130962963,8.836695685670009,6.191910005099771
503.73243838885804,424.8363077852639,8.725747656962255,8.177272089953192
503.202102689899,424.10419434421544,9.1971916937581,8.99869115360508
503.140880379271,424.39256696802744,9.210899098094217,5.943979220937592
503.11912611115076,424.68667576621533,9.324084639153966,5.534617085273169
503.2101497235643,423.71762522400473,8.787458593802853,5.368214004774472
502.74479026900724,422.62702942812194,9.121318169614256,5.642849376117283
502.95425779433145,422.7936277145622,8.502923717437,5.153287101476963
502.70407896239,421.7105099268967,8.513536886381473,5.675691257587687
502.11927163409615,421.36468278821303,9.117354050981987,5.57800853429643
502.93437054327075,420.6864015726886,8.477157281929635,5.823214424669004
502.8632861379487,420.6395987449406,8.406850960486963,4.886215405968301
502.2463650242489,420.0710092193866,9.172851040629041,4.715257697851428
502.2784106761855,419.3135192751187,8.933480739673428,4.455016641831946
501.9401744384461,418.73155392432284,8.825142969115348,5.536566121438796
501.8335057773002,418.2522645031991,8.587586709133461,6.3039037856106575
501.8641009066794,417.9048418792392,9.331593638000243,5.615472277734625
501.8270846746539,417.5548989060093,9.431103086615906,5.899136193620336
501.8333654937797,416.8228171924428,9.62062529935423,5.698052752407193
501.9413952764245,416.4153035687605,9.272307444822786,6.129679753792232
501.71057021694963,416.00629981318593,9.06978529859947,6.544674618875774
501.85824021926436,415.625861028549,8.112819779336007,4.595701377889725
501.79389820828175,415.188019500718,8.610291695006367,4.997581892905771
501.8381491393366,414.7871010718129,9.393528970732973,5.14765387596168
502.0072842050962,413.7266040338253,9.369562674292354,5.31489812518339
501.71849980792126,413.06147984337247,9.300306792991819,5.918498358455281
500.48548128823865,412.509076328084,9.994714824859898,5.41067268714221
501.87874809534577,412.4762400093244,8.45417607365971,4.959783296547016
501.38693226424186,411.58953868717765,8.753530315292267,5.491601565725773
501.8820726637409,411.22580203534136,8.513919026680583,5.128866883542514
501.7733157050868,410.58745501825274,8.715291399686294,5.4801313487774905
501.61359661869653,409.94635750643374,8.712240077955983,5.574182040398341
501.7017310554109,409.7268112985834,8.688607704056551,5.552306230778299
501.09097250526065,409.43479182588095,9.303422570476528,5.071765481564114
500.61017463460126,409.0251074372962,9.533581137732426,5.359418585536048
500.7264595524283,408.6280795023282,8.982954960317329,5.270284739188526
500.79164252874216,407.9491552236842,8.906616354180528,6.043775383193918
500.92496736833255,407.7947227865292,9.347020759642362,5.217997026013961
500.7908545660795,407.5317852350363,9.15178353761786,5.262770468524309
500.63929322739665,406.6480555209995,9.543825434264704,5.41067268714221
500.7500089106339,406.545472212114,9.552343575706686,4.791729350680214
500.97065743887043,406.1494642317849,8.71282986856221,4.996118717690365
500.69834652919633,405.5434400816991,9.083852213982539,5.491601565725773
500.32163237471354,405.1415185736113,10.761200810405683,5.4533112214893436
500.6190473550656,404.2981055848457,8.529324305425575,4.8846350647811505
500.67319202769363,403.67092999473215,8.530290790353206,5.717109785023979
500.8523405322858,402.8949618696832,8.43808568328086,6.629924465434954
500.7527685108472,402.5224487695757,9.430515395702855,5.565550069595133
500.73266982175164,401.5812342411106,9.573391715067146,6.581706804108649
500.61027148795756,401.5592823610438,8.99248599207732,5.848980860176368
500.8649339606388,401.0162563646862,8.534282859175562,5.053426289284118
500.4230951656544,400.6397186471703,10.163750728931518,5.535614236293043
500.723874510021,400.30812629670737,8.754769000723172,4.8846350647811505
500.6590778040822,399.16584115256103,8.76058807251087,5.9520466022059395
500.7773173973327,399.1905683321392,8.46331417782477,5.974104125523411
500.76257312963287,398.55927498693774,8.725747656962255,6.083092652282232
500.62194774010027,397.862915331588,8.666412451901408,5.535614236293043
500.7346382976954,397.6338689060264,8.775609072144903,6.033231237099585
501.03746843802065,396.98642671869135,8.403189533145905,5.7565156644385524
500.65259734700646,396.1125977323151,8.604830365427802,6.146307403877017
499.9885933170683,396.29387484040507,9.42435543846949,5.369690889360527
499.58111126487915,395.6449635697372,10.143530963128285,5.756298245946994
499.9849716359592,394.7781483916378,9.483142421190564,5.580988123475777
500.35289123550547,393.8937608143172,8.82547048732755,6.083092652282232
499.8989524502716,393.66281681624554,9.231960390376514,5.573368680116175
500.56844081308464,393.4839673999412,9.303422570476528,5.694067994639511
500.50923766449574,392.4264530177937,8.992613269144556,5.915293139019013
499.52419211244444,392.11114176203273,10.052579091743326,5.060481991761947
500.17276905179483,391.67227871868266,9.174500393606024,5.285310009359989
499.7675270005789,390.3368443745009,9.961381831253902,5.307889588916339
500.022653685282,390.22962715552825,9.483142421190564,5.490240349110309
499.93844005776816,389.6873974841271,9.581399550147637,6.124580888917933
500.32755966129866,389.056154193043,9.301646872459628,6.261596431216731
499.80633525256746,388.312730678398,9.197191693758157,6.418184131615362
499.69169065204915,388.1984592898279,9.334537696130326,5.974104125523411
499.80028648381165,387.75777822464016,9.561710488911274,5.8391174730460875
499.749986659188,387.2762313557013,8.942639580137836,6.1997291206837986
499.7502662344978,386.8181727207036,8.71719488484024,5.6361173824398065
499.72040082526524,386.6870800746207,8.87203917387194,5.894202130114877
499.736676033599,386.0845065789166,8.692632588979734,5.238231364694627
499.821798612578,385.66173405895444,9.272621825391468,5.900759343430934
499.7878628562437,385.3661113098176,9.66035187597231,5.111545410101826
499.7979868515652,384.60463930029056,9.301683218165977,5.307885714521319
499.8449176237529,383.72552688269155,9.566562051933772,6.002548738468249
499.6082060096734,383.43256236653656,9.872560206162973,5.933508406734347
499.7178096881437,382.5201806183633,9.676462186950232,5.641753571896743
499.51637628015783,382.473475274137,10.112415837474487,5.818528497254533
499.66918046957187,381.30227141421256,9.63664687976194,5.823214424669004
499.6319009034472,380.35061626793714,9.943128293367863,6.081097775986791
499.7201635586476,379.59937156609345,9.79124549280624,6.853871844964374
499.5756193623418,379.58697936666067,10.145011288391629,5.786413845971538
499.7293626679673,379.67948807208376,9.739034329629305,5.787413371600792
499.96544463231544,378.47004286952256,9.388361478716433,7.31865451636304
499.5338479660752,377.95117170916126,9.658738960124936,6.427055623842534
499.7978875575392,378.55966312763974,9.564783095052974,5.9026998949319704
499.51264716622313,377.6813798836782,9.68161497003689,6.806869228080529
499.61570173914737,377.56479089870635,10.41448762965365,6.903089501647798
499.6667544733983,377.4713123347958,10.808522336144506,5.953016878387359
499.68479792200117,377.5664071030544,9.75862463794033,6.244702352646698
499.63568873184516,377.14847590284467,10.773607892745133,6.164897849737486
499.6117195244646,377.3942586122201,10.457799852060532,6.22172902590944
499.71112889691494,376.5558926737891,10.238654710051946,6.906158958600315
499.6696777995661,376.6836171470683,10.144217733110338,6.344266465007081
499.5365209748508,376.62570276991937,10.554145509744785,6.643724867192816
499.7151609753003,376.5078585129566,9.383606458034762,5.985337764120288
499.7840960469087,376.6284246044876,9.840294203736278,5.809767795563857
499.76386444826136,376.639707367551,8.885442559988917,5.773282475525775
499.70875373693747,376.61209451473616,8.810269611088813,5.773282475525775
499.65498798474465,375.778645243051,8.932517985679453,6.245500380231135
499.44061968342373,375.411757843101,9.065857637349097,6.660323272546691
499.60338304695057,375.49767336200034,8.725415273785359,6.40893334269191
499.67459883200405,375.665445436616,9.05161744444058,6.373112797120825
499.73269216754846,375.7514134449226,8.783508074294502,6.649197701101457
499.692674959442,375.68161179331264,8.720062072408723,6.735496221446738
499.51214137638294,375.5201759390276,9.111863516324206,6.936508712877469
499.70277858315774,375.5526418240236,8.735096662188766,6.8708075294669015
499.62498229288843,375.555778412155,9.084500562821745,6.868101329121259
499.5428085824203,375.5122329424342,8.900477149768903,5.8935591937658955
499.55940480726235,375.4638997148509,9.070819086070514,6.977553143131161
499.5930396162961,375.38175673259747,9.064377233932646,7.487963801944375
499.57989034659386,375.4950174179303,8.971734506239557,6.98188837534525
499.49285991064534,375.4655258254919,9.235533734216062,7.087735191375145
499.6056002638571,375.46147717190286,8.855538607405776,6.905998391596256
499.5062015728286,375.2424488171223,10.058160496069945,7.044343452121211
499.68096820470623,375.185186965113,8.934351445908248,7.142465835323492
499.50498049620563,375.3910469526381,8.967044489103273,6.204580905663136
499.51643605937284,375.2456899344403,9.001650505571092,6.3011553538997305
499.6875177187761,375.1478546869932,8.815449695290908,6.342468757668087
499.58209443902126,374.92245272511065,8.851915458050712,6.594471794096535
499.6084846564349,374.8361482172059,8.815060865537532,6.601176213686074
499.64195856600384,375.15858805277975,8.938374126611222,6.67366477916795
499.56267176499136,375.1861466055227,8.89820207437839,6.244702352646698
499.5866286557389,374.81448939022204,9.054895696409574,6.772010586704141
499.4961049170415,374.1332899991131,9.34925444390683,7.955240604759183
499.6032195282465,374.64875098339155,9.137615583106083,6.903089501647855
499.71735861412134,373.69819645759276,8.922224177580745,7.783780143052638
499.62711862358907,374.0102464179239,9.204926898475776,7.659061312472204
499.5136088117846,374.58954337984517,9.858449728097412,7.352987366260493
499.5945788144347,374.4166061330479,9.840294203736278,7.171432122649151
499.6023992154069,374.5163499575907,9.822138679375144,7.044343452121154
499.7338219058372,374.6320190192624,9.99748725435478,6.884234644446053
499.5601047982178,374.3229208163352,10.037393217410454,7.360755026101003
499.56088699043573,373.689239222987,9.802193147613536,7.904994473881857
499.49947385211107,373.7585111595175,9.86282985710767,7.59350617317142
499.7607079190934,374.68239182755724,9.652008046222761,6.679189567986157
499.9080837681021,374.71658173030977,9.420359853113439,6.949445793280404
499.84288482984357,375.0023453035583,9.757524316111983,6.505016210741303
499.4386818996233,374.7407733413786,9.999480335886801,7.142485954204858
499.6170633460621,374.5862902305112,9.695050008847204,7.407453939343895
499.6506501440996,374.61419282993234,9.85585610928905,7.222307513284704
499.6350517102023,374.4504923991893,9.931714311891938,7.1692507284518
499.6813301832018,374.6055680047364,9.716198229197914,6.464164735647103
499.9111944984719,374.53357493984583,9.64669822788619,6.664991502903206
499.845597259649,374.5272907467169,9.661659912522282,6.921261828243246
499.71366425150063,374.49552830009407,9.612968400317754,7.035054568653607
499.6755728775697,374.7320032895632,9.85585610928905,6.424262484192468
499.64556273019866,374.5928388528645,9.690546856194771,6.4676726755146206
499.7022836173155,374.7145495836521,9.549805813958073,6.245500380231135
499.4902309025503,374.13938994812054,9.985538398625351,6.644921916176145
499.4194947342465,373.9828294897011,10.060668212108851,6.936565977822397
499.64794353818917,374.4076286273985,9.781616968744345,5.999070505461418
499.62389748937125,374.0620802910593,9.999480335886801,6.486149407061703
499.86178535661753,374.5640924684175,9.345831260195837,5.718695615304
500.113552979466,374.5883668622155,10.29418231276469,6.154722758425464
500.38462576207985,374.53761202939705,9.536638097652201,6.184848975464831
500.45469986962297,374.5667405744082,9.111823851116526,5.722864804736332
500.0314749015233,374.67840020328657,10.19545402636669,5.943078728937337
500.00539969154795,374.59581820028177,9.613400014037893,5.6753807311789615
499.91128859638894,374.678482415797,9.829802274009126,5.734051326505323
500.28415287277096,374.6392159216709,9.09952697215732,5.902395873831779
500.43806752189533,373.7660803288154,9.656344852015991,7.082649633193569
500.7599672173796,374.57928916614895,9.35707796610643,5.925484341009792
500.8654029589548,374.5907313903955,9.690546856194771,7.191175042606062
501.6588117835324,374.5155186381099,8.990684688448994,6.961015068146992
501.6156907468699,374.54586227150963,8.938374126611222,7.3241664002420634
501.7624051652508,374.661095160987,8.591967399777218,7.237501201404655
501.5493171844089,374.6953925935945,8.923195860794749,7.388493869994647
501.6943595339744,375.1304857252375,8.957063466894738,6.601973503616364
501.61437034214634,375.20410566287404,8.968829034401722,6.354433526397941
501.4508934130163,374.828141009313,9.001650505571092,6.539434337870773
501.52549766263763,374.4678699949022,8.835498604177587,7.1034777859889005
501.3897959352524,374.8200891182916,9.203393305567374,7.0591472212859685
501.72259279111483,374.80008142736665,7.623928003699405,6.780728593151991
501.50333313606933,375.2820650332251,8.669980228371912,6.458844331203238
501.4970433761324,375.3691311578795,8.336057810801833,5.565402758078676
501.5230578571438,375.4260002102737,7.9585260380060845,5.875716193348865
501.6426210406089,375.3737263730287,7.836731028379518,6.883615092495518
501.5051400228384,375.52427457687025,8.02035254237694,6.404311358465179
501.28855665102844,375.6486503046778,8.259766051104634,7.06269850746628
500.33500446374825,375.4140646534696,9.010893117411854,7.05962915768032
500.39516748998193,375.46914761370556,8.960919162209905,6.9534405187278026
500.57145698612334,375.50612885176827,8.962466779243584,6.818220694962179
500.12639883123177,375.5664341559245,9.295806998282501,7.2208751978126315
500.31260428232406,375.75096394921746,9.054741745720435,6.7746130736746295
500.3575706576803,375.48777101424014,9.463508280457859,7.417344327926401
499.7446703716908,375.6632507766124,10.038991892107333,6.841860716276983
499.8945406637837,375.5661963424993,9.616442600561413,6.823284998738586
499.96039439345003,375.7140013358345,9.342080727439395,6.044772093145809
500.07927839247594,375.4573234841158,9.455515349734469,6.9534405187278026
499.5702363301767,375.5381083850748,9.837326456386336,7.5185280773809495
499.7927991108063,375.9739791577771,9.712471170349033,7.432342498303228
499.7444487887902,375.90135247977554,9.780744133552616,6.658175482806939
499.68984809840504,376.54445857729195,9.719278774524298,6.362291039902402
499.5208311346769,376.32945090809324,10.11361909743573,6.062876369928745
499.6430772417535,375.798234149115,9.77554817695625,7.011628305495435
499.7535979835114,376.6165204349534,9.902080231906211,6.071348463358561
499.50203898657395,376.669734284735,9.901815556128213,6.115827255255624
499.46061716710653,376.73736733281106,9.712471170349033,5.831867565040284
499.71628779762267,376.54077807572236,9.778244112811933,5.963413449966026
499.6221582925022,376.6841824111578,9.92617288453863,5.782236631770047
499.6563213263756,376.73039218505335,9.713205533208338,6.299966953314538
499.47393496828295,376.5865250568573,9.979205430642878,6.720689371657443
499.66374785304043,376.756501526082,10.037393217410454,6.895252731960227
499.60781293408576,376.7460025268446,8.922224177580745,6.751237879178291
499.6432086063464,376.7981924525547,8.752301405075457,6.894289436737154
498.5854263664351,376.28092197411394,9.875340113464745,7.201320404456851
497.888739585659,377.4603111027534,10.351898081406716,6.22172902590944
499.123371958931,377.6707346584884,9.301619843226547,5.914706756438932
499.5837223988236,377.5656466769134,8.392935844332328,6.294701883249218
498.9712493105527,377.69615781253566,8.817910863449356,6.408645600211798
498.8878844493769,377.57261751051703,8.582698548220549,6.691595478273655
498.8560272193523,377.63121590180924,8.72336638938475,6.2781803559965965
499.6080278423802,377.6464630440648,7.948937992469041,6.512382933589095
499.2920384137643,377.94923793975283,8.162986998853057,6.2847267214564795
499.5441221593147,378.1621161043914,7.896914004300982,6.362291039902402
499.43043926501997,378.5341302003235,8.217094951408171,5.7270661782541765
499.6347433345911,378.4716275057528,6.988606027859419,5.617319265891695
499.58340946937494,378.3186489075186,7.096326376167099,6.073974271126076
499.52412879377226,378.4583930876549,7.36196539337584,5.865630963827925
498.44580751835537,378.44823775763365,8.194677517300875,5.997314392702037
498.40815232168546,378.43694829578124,8.19991267392271,6.244702352646698
498.4904934153204,378.4684105284687,8.060254793831575,5.84567983810058
498.49186517358504,378.215943029672,8.021414872689832,6.09923326932028
497.8491751972977,378.6171978523099,8.658788565650752,5.865630963827925
497.5561862872774,378.77055330171936,8.922224177580745,5.877548271284638
497.48728952183905,378.5264255379955,9.010652084508365,5.926792547564332
496.80227851283587,378.74760296046895,10.18286268432945,6.458844331203238
497.7301807574377,379.2248142473665,8.440860949400417,5.590700109343118
497.6307974215495,379.33771537648533,8.967044489103273,6.182656591508874
497.6296353238444,379.3948359612251,8.857422918331906,6.138807963200293
497.5455738681662,379.4097361615193,8.747801347560426,5.6345487376516985
497.65519186018827,379.59972797941566,8.895748734917277,5.904023713948106
497.3245390236907,379.35972940357635,9.248957105840077,6.236682085130724
497.64566150378386,379.50302104947576,7.914677409697504,6.533445617977463
497.48229741839253,379.43943129303574,8.291460870382764,6.85099521069759
497.34585850537076,379.57236511828404,8.74819388442927,6.6050620492879375
497.5009296001602,379.47236192135097,8.495416868069128,6.895252731960227
497.1500525298545,379.40669796471013,9.036825062128173,6.788225398781719
497.6151056691638,379.2469383225233,7.832567676531767,7.179853703487424
496.6631936229303,379.3829846579341,8.998128342682321,6.760251863673204
496.8797981838898,379.35631493551807,8.909087219468915,6.372472108370118
496.69458468261485,379.2622456010227,8.948969772432633,7.224856330037369
496.596249660237,379.9113316281575,8.68680724160049,6.40893334269191
496.22743298331875,379.3029323799638,8.416551016306244,6.872229728910611
496.64610075441254,379.6951155312978,7.798822501348013,6.138677117397663
496.62399064206096,379.45117919634424,8.22161780785757,6.884234644446053
496.53857135282067,379.5796055031144,9.170785279998142,7.070214349942717
496.4013236362908,379.0233383357958,8.345414369637979,7.692700396593693
496.7727990714294,379.6239354795664,8.326594179155563,6.569928740515138
496.5578935467804,379.64414417649886,8.19991267392271,6.783382747283952
496.46261088141597,379.51657723718614,8.278919108678508,7.389298414982761
496.52658868079965,379.28060017502247,8.869273292253865,7.624927487072
496.5012724917511,379.55765479200466,8.101485455013972,7.783780143052638
496.51956165015525,379.6201370343155,7.979897663016743,7.00512755511204
496.52116419182175,379.4660876406187,8.04694597921332,7.348259052874482
495.54186502170694,379.1229220430726,9.034744737140727,8.191501895007605
495.71589445469783,380.23802095421223,8.824082045291789,7.257487769134912
495.60823478905957,380.9699458589308,8.816322406926986,6.407057124553546
495.5759369830698,381.5503358766824,8.787273790790323,5.7371456981193205
495.9402626485164,381.5286809738512,8.379472805468424,5.765875335191367
495.7065028223859,381.5816193012101,8.678739691378041,5.706021958009444
495.59963798935604,381.470887929134,8.870407970208873,5.758247885745789
495.7421013785363,381.60476526166605,8.725877033406164,5.788018936731703
495.6465099746206,381.4844053598605,8.789452498395235,5.815577592923205
495.62017522093487,381.600293829207,8.91436246131832,4.9383026262293015
495.63598486971614,381.5913824020655,8.86609616871408,5.179920315960658
495.5937212657064,381.66121793254956,8.92774911991711,4.894400532746431
495.6942352786528,380.61344994357546,8.915511739548947,6.058939681346089
495.82482026194333,380.3039902096239,9.004232352679367,6.079922028965143
495.70291308019137,380.59442707309574,8.869273292253865,6.115827255255624
495.51306227751377,380.5836244331787,8.782266609673854,6.321534902615497
495.6118339333192,380.52100557300923,9.032817431566173,5.064516569640261
495.84143137772935,379.749430470201,8.625169642390347,5.517217452813952
495.4957156753684,379.6548870466265,8.739840200931496,5.769991588964444
495.3435126994626,379.5436744879091,9.22276420266411,4.800492408326761
495.7188855935199,379.4290250029497,8.770392352000329,4.419189944806362
495.85990009380924,379.6518881251618,8.957063466894738,4.864612055296277
496.6857302067307,378.737962803014,7.795451317035315,5.691916834660731
495.9930471683633,378.5489375981719,8.789846964263518,4.897956892737227
496.3241368910034,377.62896425351,8.895748734917333,5.374514860679199
496.78453549379765,377.4240787070783,8.57098314504583,5.212084344960317
496.22701101031515,376.56609526575204,9.495479592216157,5.786807428252928
497.4986455245464,376.51742323351596,7.992827939575875,5.019495946053667
497.6473862101437,375.920242494663,8.654987383446723,5.854844406449217
497.3016302084793,375.24670199864016,8.909087219468915,5.815654157153347
497.44023653509504,375.29795613005314,9.120352844585398,5.01902647223767
497.59427064317003,374.6167295619399,8.923860428293324,5.19972969837562
498.30875651801523,372.0781710806936,8.146294791011996,7.682998404793352
497.77403586760624,372.0531204361919,8.640886334988124,7.448036706252424
498.4507105463528,371.7583760114244,8.960919162209905,7.971726787160776
498.75178073718,371.8276769059594,8.760139421775193,7.161573833860018
498.59526291159534,372.3642161857592,8.918455434709813,6.254501213952381
497.88950474590337,371.5284157442935,9.994168029023626,6.798753761240562
498.6895844956132,371.560415653021,8.699074121755757,5.731496996608314
499.5812479884536,371.5408118569665,8.120713186609123,5.594979557703141
499.68403279257456,370.4141340931532,8.736896078936638,5.586318401986773
499.59682718555285,370.5223112047986,8.725415273785359,5.250692377145185
499.4602106735732,369.51082288089134,9.137995622620338,6.200782743920968
499.6173096245535,369.52386303417677,9.591393294976683,5.761862638740581
499.847405084286,368.5698550086731,9.673221193263942,6.279108493873082
499.53277033515974,367.67599122218,10.219520868089546,6.407057124553546
501.3067128535725,367.45938111402194,9.184618049266362,5.827803330752772
501.9001467676872,366.9168748010672,8.683945193609759,6.512958895207305
501.5675601856987,366.3539641842443,8.994127045838923,6.078062417695833
502.8309859568424,365.4810904661688,7.855351213625568,6.546126011354659
502.57935155136875,365.5049521542394,9.058837389773089,6.1436264212557035
502.60982566414975,365.50747277733274,9.310045882815473,5.236900809083693
502.566286221019,364.5290845150026,9.853894926641487,6.26408968441757
503.66082510831336,363.59012217371674,9.019106948977537,6.633407691506022
503.6882191586723,363.6599729827126,8.842003516081775,6.1195337686233415
503.6390665554319,363.5549259142466,9.064393663384521,5.7969959475133805
503.6664444208552,362.4814436536909,9.064377233932646,6.418254687380909
504.1945165573497,362.58690351318035,9.032824541961588,6.0631288021385785
504.2123578475418,361.4216446416078,9.815195727395746,6.940037383007052
504.56834555944323,361.71745598321525,9.289579152788122,5.686348451100628
504.58957758229644,360.6169744191725,9.610585686830404,6.380581681890078
505.3052005377182,360.3465569440022,9.30365172166637,6.586090222210544
505.5939943680341,359.62424165307124,9.591393294976626,7.202328298425698
505.63766345861086,359.5715674568398,9.767059838840737,6.078062417695833
505.98794976889326,358.7719114444509,9.559422215732752,6.1704631693525585
506.5650833825974,358.365248811739,9.26640493220549,5.824597385957759
506.6298033286208,357.8148907908948,9.516597789788193,5.830421937034828
507.1242897295357,357.3833136058096,9.484609243118257,6.4006565444356625
507.6816392505988,356.4909068393812,8.760139421775193,6.713975469243735
507.44468656050066,356.5238128822143,9.233278673074267,6.418254687380909
507.7379944770635,355.3991719094583,9.999480335886744,7.489958243868898
508.36731835184463,355.544087621992,9.054601390897972,5.983450041938397
508.6328818130799,354.57484784057783,9.73435309050086,7.070214349942717
508.5233768216417,354.49342835696035,10.038088368071726,6.215893181767456
508.7614860756403,353.6629093179437,9.751250086282539,7.1296025221016635
509.6598015461896,353.64657450959965,8.873637482058541,6.866158838576439
509.73906351278526,352.5257702791916,8.696196798258597,7.257487769134912
509.636765912923,352.49874690781337,9.188711660003946,7.103877922019933
509.5263220972533,351.61058863206665,9.942726382704734,6.956395137016045
509.65531516742243,351.5101384897243,9.907593073931878,6.253728961559887
510.3522778497729,350.4694842261383,9.12167787961289,6.745798990039361
510.74804812226495,350.3015820419083,8.69619679825854,7.001717275068472
510.63197265832804,349.5343221694512,9.613400014037836,6.872229728910611
510.8124402871544,349.64032081116704,10.742360750789942,6.8098894045186285
511.6561181835417,348.5493318486223,9.029260354611779,7.202328298425698
511.6195111575114,347.6532101337626,9.815192709799135,6.713975469243735
512.0873410377407,347.5955014996411,9.345879632502033,6.0241513293838125
512.4878188424959,346.6885274120203,9.248957105840077,6.194255676388309
512.6554978577697,345.80998267727904,9.744087169018599,6.527139730443139
512.5929350160075,345.67982562658426,10.46557556425239,7.127417841171905
513.169187382231,344.88045731663766,8.841606942213275,7.398079278178443
513.6066910448997,344.4655543639771,9.623364839249348,7.001717275068472
513.5056654449174,344.02634610328664,9.921017643875302,7.186191665798219
513.9529209835733,343.505351436485,9.687307462765943,7.481286951443053
514.6314895314787,343.04117002730374,9.795913785474454,6.486483452543894
514.5708642016954,342.455521308486,9.975049268590624,6.937774651551877
514.574404323818,341.71662448230893,9.73192653006788,6.85099521069759
514.8520963689256,341.5028714863237,10.486590256723616,6.873832028035281
515.6060116230183,340.60749634711624,9.687307462765943,6.969745963310174
515.5895749059027,340.74212915799916,10.022543495068135,7.444629663403987
515.6478840194447,340.3449242738631,9.883954448956729,6.806874290319229
516.7186010249842,339.55424055975107,9.71648745748405,6.963041420485865
516.6818640077402,339.6465455350556,9.618078156119964,6.060894200798259
516.815358590236,338.8473996801578,9.668622542040453,6.664991502903206
516.6561255946232,338.6039694664442,9.981241884118504,6.3011553538997305
517.5928371922997,337.5860472449005,9.380593442339773,7.272594915971297
517.7182889599079,336.52525971022277,9.922264271517065,6.795013664540818
517.6423732762511,336.2903210650016,9.687307462765943,6.777918092760331
517.9635181384749,335.5629690300818,9.769438342810986,7.042467748476213
518.4599256704456,335.6058669526495,8.888727119520468,6.921261828243246
518.6621416439177,334.51940611538356,9.804642070340037,7.1280038790306435
518.6254962224845,334.651356498476,9.848864670801277,6.910090535158986
518.8093962200168,333.6357257983852,10.39945939675124,7.869861165109057
519.5522476037568,333.61985281227885,10.09558100417803,6.837064945192651
519.5189430588434,333.3086264722782,10.53722618005088,7.148369519129972
519.8535395750094,332.6164644788964,11.115719090505081,6.5760933550698155
520.6943264020898,331.67433876699465,9.77524847691734,7.919188639527931
520.6801204209327,331.7136613248565,9.631886215864029,7.4800818484901015
520.4252064881001,330.65498504488653,10.211956577713295,7.738975640090359
520.9622161459674,330.6280223324794,9.478185903908752,6.91651403798744
521.4665546302741,330.29239725431944,9.75752431611204,6.866406000226959
521.5408433484307,329.6505141645127,9.836819965137693,8.04364965899282
522.4196188468999,329.6749339258588,9.345831260195837,6.883615092495518
522.8851313514773,328.77641139280854,9.837332022310648,7.366343410071522
522.8272349485537,328.6408759163062,9.485993368658228,6.956395137016045
523.1896345638585,327.55562931774386,10.241050471097083,7.942632893776988
523.583761075136,326.818161367193,9.715647602006356,7.6791799823718065
523.5899049013465,326.3238830415657,10.564175776854086,7.806459208598994
524.0808302745755,325.5648294051464,10.076696400256537,7.914646597902674
524.695892745791,325.1331483873581,10.578600818660107,7.181093986389726
524.5934922440792,324.735758504633,10.434592705524096,7.834727856336258
524.6499331036783,324.6578595320216,10.996725645889,7.3428615335169525
525.4527784166183,323.6060124167899,9.891923750491515,7.244379452565795
525.6951452443598,323.7310980995332,9.862974359438567,6.98916797899966
525.6233413965473,322.61148741461574,10.934188621339786,8.152684498367421
525.7028545648747,322.4651966797173,10.619271085086439,7.9135390003932
526.539887651228,321.69619727135233,10.070728800332859,7.468722316036349
526.7975014485779,321.67460170841616,10.473801618167386,6.749783265041231
527.5299646038684,320.6506229044256,10.262791074415418,7.992827939575875
527.4586149187537,320.5749261107783,10.135171869471378,7.701134530740035
527.7579290881919,319.57580180243076,9.8878656835833,7.45426681245749
527.622094643271,318.24126488410303,10.473801618167386,9.193670309280321
527.6734243636623,318.1913852349623,10.764740552005378,9.251858096047897
528.5365195112252,317.5345476287329,9.928290998791681,8.842797849590397
528.4318558626408,317.5194701196435,10.083259617795989,8.958993737066123
528.6181064331894,316.5496294773863,11.608984234859577,9.510975035788533
528.420058619967,316.4008833001984,10.521749368111728,8.909545835901042
529.2613912104785,316.0710523798077,10.641409734365652,8.847218558222607
530.0112532251335,316.2807738236182,9.721192324559638,7.612473564287939
529.7396243124805,315.3362537551826,10.87800601798483,9.110330040062308
530.3777888673293,315.62962220993785,10.30298778763779,8.388771477366276
530.5132836567584,315.6157971009905,10.961592337116144,7.869861165109057
530.8113237856546,314.7497630904581,10.769780555231137,8.718393782806174
530.9151662018686,313.99554420873824,10.759021836869351,9.580652778545584
531.9031565720175,314.51613744858207,10.38556065773571,8.377942984121319
531.5740571697237,313.63255150627754,10.856192410797803,9.521126677431027
531.7397036329089,313.44365250414097,10.809692105062595,9.1206777136465
532.5039634907979,313.6035179282889,11.034894023918014,8.445071957080131
533.2806770828857,313.8203280390133,10.964681140509015,8.184902823196921
533.7381165085408,312.60118252939236,10.856192410797803,9.41572675111263
535.0724467886404,312.661206499922,9.53115935884,9.13402771888832
535.493598773365,312.76961556474595,10.926459028343402,9.556259986203827
536.5111929859062,312.8493079799278,10.645392558160893,8.431994105473962
537.7437612079934,312.40933282300927,10.146460444395188,8.909087219468915
538.6854286447353,312.3560947595589,9.879135333315844,8.024799251334173
540.4817834936142,312.62378410441863,9.960872303701876,7.181093986389726
541.8609840103217,312.46854794635726,11.136359024336116,8.723481235729992
542.5657311286527,312.5767139294882,11.136359024336116,7.4242393495574674
544.1960764276104,312.83063298683095,10.194914127245852,6.946976883167565
544.5673006124194,312.24145739754965,11.543801623282434,8.107686758827128
545.6568668557098,311.8405724388288,11.102125572207456,8.11579432651871
546.6477208697872,311.523752075969,11.15814549924744,8.442855339734763
547.4298744281225,311.56033968623257,11.11968591864661,8.366239881648426
547.990292634248,311.38815531564217,10.412090613741611,8.767194372615165
549.6721237894454,311.6966965798172,9.883954448956729,8.205547089699905
549.4670369440536,310.82766566845413,10.909647835169153,8.951505916036297
550.7868423057287,311.1030797408386,10.310912683324773,8.82376181553758
551.1628807055167,310.58732333324326,10.963955586143015,9.375719029271863
550.8235614325301,310.4912805637005,12.558216987746164,9.54594196703681
552.7862582570001,310.67871373815285,10.806629639253856,9.319478771466663
552.7862582570001,310.67871373815285,10.806629639253856,9.319478771466663
553.0337329019853,310.55497641566024,10.930366961746472,9.319478771466663
553.4031327742688,310.55497641566024,10.78510182850971,9.08796675159482
554.2139014501515,310.78662460876956,10.78510182850971,9.08796675159482
554.8644030712256,310.8589025666667,10.78510182850971,9.08796675159482
555.4462809389016,310.9752781402019,10.78510182850971,9.08796675159482
555.6061374976931,311.0072494519602,10.78510182850971,9.08796675159482
555.6061374976931,311.0072494519602,10.78510182850971,9.08796675159482
555.6061374976931,311.0072494519602,10.78510182850971,9.08796675159482
555.6061374976931,311.0072494519602,10.78510182850971,9.08796675159482
555.6061374976931,311.0072494519602,10.78510182850971,9.08796675159482
555.6061374976931,311.0072494519602,10.78510182850971,9.08796675159482
555.6061374976931,311.0072494519602,10.78510182850971,9.08796675159482
555.6061374976931,311.0072494519602,10.78510182850971,9.08796675159482
555.6061374976931,311.0072494519602,10.78510182850971,9.08796675159482
555.6061374976931,311.0072494519602,10.78510182850971,9.08796675159482
554.6789694567024,310.9433068284436,10.78510182850971,9.08796675159482
554.6789694567024,310.9433068284436,10.78510182850971,9.08796675159482
553.6558874804366,310.9433068284436,10.78510182850971,9.08796675159482
552.6376536706193,310.9433068284436,10.657822602282522,9.342525204049139
551.8268849947366,310.67305060314936,11.429983245980338,9.651389461528254
550.8697768396008,310.67305060314936,12.387091401116095,9.651389461528254
549.5748658061818,310.4478486842939,12.387091401116095,9.651389461528254
547.7816955000369,310.39661524697544,12.387091401116095,9.651389461528254
544.8141183748895,310.51299082051065,11.266417705882873,10.024947359939347
543.0721815060631,310.51299082051065,12.387091401116095,9.651389461528254
541.4813648636668,310.31039399379523,12.387091401116095,9.651389461528254
539.6590000934435,310.3423653055535,12.387091401116095,9.651389461528254
537.3255476126124,310.5120709405231,12.387091401116095,9.651389461528254
535.744548717836,310.7580041019327,12.387091401116095,9.651389461528254
533.122197516237,310.5991514459521,12.387091401116095,9.651389461528254
531.655092293211,310.5605434137672,12.387091401116095,9.651389461528254
529.247120739245,310.81671060035933,10.542687657652777,9.497689149572977
526.9310617690963,311.1155569190882,10.542687657652777,9.497689149572977
524.0623373580445,311.23528085007024,10.924525336334227,8.903719427179624
521.9177057323275,311.23528085007024,13.069156962051238,8.903719427179624
518.4400970467086,311.6613620815895,12.548214018471981,8.491436124712322
516.058487937683,311.6613620815895,11.777249134235944,8.515528777344741
513.291882322488,311.6613620815895,11.777249134235944,8.515528777344741
510.6810264303108,311.6147396549435,11.777249134235944,8.515528777344741
507.41762462491533,311.6147396549435,11.777249134235944,8.515528777344741
504.7661106580315,311.6147396549435,11.777249134235944,8.515528777344741
501.12956137964176,311.56811722829747,11.777249134235888,8.515528777344741
499.0995481148243,311.6502178684115,12.00104831654403,8.579471400861337
495.5862171859992,311.88186606152084,12.00104831654403,8.579471400861337
489.6033138761075,311.81387852390844,12.00104831654403,8.579471400861337
486.44379924292446,312.03177608481764,12.00104831654403,8.579471400861337
483.8368013389378,312.25591082386427,12.291987250382022,8.579471400861337
480.55786135055854,311.8460433253169,12.291987250382022,8.579471400861337
477.3406909657503,311.8460433253169,12.291987250382022,8.579471400861337
475.6805455818,311.7302192287622,12.021731025087774,8.540863368676469
472.9651734039235,311.3715851675332,12.021731025087774,8.540863368676469
470.6411961035691,311.43735810999607,12.26001000905876,8.38201071269583
467.48589438000715,311.6848327549813,12.26001000905876,8.38201071269583
465.92598221784,311.4385308346391,12.26001000905876,8.38201071269583
463.6350780621933,312.3059907644963,11.783452041116789,8.408486155359299
461.3937306717268,312.60483708322516,11.783452041116789,8.408486155359299
459.78199336922216,312.8379492164553,11.783452041116789,8.408486155359299
458.222081207055,312.75584857634124,11.783452041116789,8.408486155359299
456.14006999215286,312.85499196752704,11.783452041116789,8.408486155359299
454.5161013701137,313.6669762785466,11.783452041116789,8.408486155359299
453.4024654676801,313.29576431106875,11.783452041116789,8.408486155359299
452.360048598688,313.2571562788839,11.783452041116789,8.408486155359299
450.50491434599513,313.329434236781,11.783452041116789,8.408486155359299
449.66571066636675,313.9355257831793,11.783452041116789,8.408486155359299
448.265639177868,314.1476578268912,11.783452041116789,8.408486155359299
446.2715979669759,314.9537595929965,11.868304858601562,8.663044607813617
445.7587512738696,315.0936268729346,11.868304858601562,8.663044607813617
444.96617002088726,315.6530959926869,11.868304858601562,8.663044607813617
444.96617002088726,315.6530959926869,10.889233899035105,8.523177327875544
444.499945754427,315.7463408459789,10.889233899035105,8.523177327875544
444.2184433558577,316.140444203976,10.889233899035105,8.523177327875544
443.7937550018239,316.44930846145513,10.889233899035105,8.523177327875544
442.618250438144,316.69678310644036,12.002869801468705,8.838742520918004
442.618250438144,316.69678310644036,12.002869801468705,8.838742520918004
442.618250438144,316.69678310644036,12.002869801468705,8.838742520918004
441.923305858816,317.3531196535835,11.964261769283837,8.529878263438889
441.5137307640656,317.3531196535835,11.964261769283837,8.529878263438889
440.59152889233394,317.7117537148125,12.47659614246811,8.581111700757333
440.59152889233394,317.7117537148125,12.47659614246811,8.581111700757333
439.856188721893,317.7437250265708,12.47659614246811,8.581111700757333
439.32667986862407,317.71724958390735,12.07946450251643,8.687013471411092
439.32667986862407,317.71724958390735,12.07946450251643,8.687013471411092
439.32667986862407,318.36996355695163,12.07946450251643,8.687013471411092
438.9982773081678,318.53416483717973,12.07946450251643,8.687013471411092
438.38638946965614,318.6701399124045,12.07946450251643,8.687013471411092
437.6528368581432,318.863180073329,12.07946450251643,8.687013471411092
437.17098380549567,318.98364333649084,12.07946450251643,8.687013471411092
435.98304436070885,319.2806281976876,12.07946450251643,8.687013471411092
435.98304436070885,319.2806281976876,12.07946450251643,8.687013471411092
435.98304436070885,319.2806281976876,12.07946450251643,8.687013471411092
435.98304436070885,319.2806281976876,12.07946450251643,8.687013471411092
435.5168200942486,319.5137403309177,12.07946450251643,8.687013471411092
435.5168200942486,319.5137403309177,12.07946450251643,8.687013471411092
435.5168200942486,319.5137403309177,12.07946450251643,8.687013471411092
435.22907828842386,319.4817690191594,12.07946450251643,8.687013471411092
434.35074556910365,319.30610247529535,12.07946450251643,8.687013471411092
434.35074556910365,319.30610247529535,12.07946450251643,8.687013471411092
434.35074556910365,319.30610247529535,12.07946450251643,8.687013471411092
433.7183460111931,319.30610247529535,12.07946450251643,8.687013471411092
433.7183460111931,319.30610247529535,12.07946450251643,8.687013471411092
433.3597119499641,319.30610247529535,12.07946450251643,8.687013471411092
433.0010778887351,319.4085693499322,12.07946450251643,8.687013471411092
432.8884769293074,319.4085693499322,12.07946450251643,8.687013471411092
432.63391847685307,319.5358485761593,12.07946450251643,8.687013471411092
432.3265178529425,319.4333817015225,12.07946450251643,8.687013471411092
432.15681221797297,319.3485288840377,12.07946450251643,8.687013471411092
431.53750694112045,319.4611298434654,12.07946450251643,8.687013471411092
431.53750694112045,319.4611298434654,12.07946450251643,8.687013471411092
431.50553562936216,319.4611298434654,12.07946450251643,8.687013471411092
431.50553562936216,319.4611298434654,11.41193163583307,8.827546706502346
431.0259659529876,319.3971872199488,10.676591465392107,8.891489330018942
431.0259659529876,319.3971872199488,10.676591465392107,8.891489330018942
431.0259659529876,319.3971872199488,10.676591465392107,8.891489330018942
430.73265061509863,319.3971872199488,10.240183064635119,8.135048102040173
430.73265061509863,318.71836468007064,10.240183064635119,8.135048102040173
430.2822467773877,318.71836468007064,10.240183064635119,8.135048102040173
429.8881434193906,318.6620642003568,10.240183064635119,8.135048102040173
429.8881434193906,318.6620642003568,10.240183064635119,8.135048102040173
430.03756657875505,318.21379472226346,10.240183064635119,8.135048102040173
429.7900919337698,317.9663200772782,10.240183064635119,8.135048102040173
429.6663546112772,317.53323944855407,10.240183064635119,8.135048102040173
428.91849169754073,317.53323944855407,10.240183064635119,8.135048102040173
429.0679148569052,316.8608352314141,10.240183064635119,8.135048102040173
428.8427129380497,316.5793328328448,10.240183064635119,8.135048102040173
428.65088506749987,316.41947627405324,10.240183064635119,8.135048102040173
428.65088506749987,315.99787656877953,10.486116226044828,8.064781484494574
428.65088506749987,315.53458018256083,10.486116226044828,8.064781484494574
428.2779056543317,314.6487540762864,10.486116226044828,8.064781484494574
427.99640325576235,314.45975507082295,10.45964078338136,7.747076172533241
427.6127475146627,314.45975507082295,10.84329652448099,7.683133549016645
427.6807350522751,313.5759170818617,10.84329652448099,7.683133549016645
427.7510016698207,313.25971730290644,10.84329652448099,7.683133549016645
427.6807350522751,312.6273177449959,11.124362994663443,7.964200019199097
427.6807350522751,312.6273177449959,11.124362994663443,7.964200019199097
427.5263029235355,312.1254133265923,11.124362994663443,7.964200019199097
426.71553424765284,311.62350890818874,11.124362994663443,7.964200019199097
426.71553424765284,311.62350890818874,11.124362994663443,7.964200019199097
426.7718347273667,310.77900171248075,11.124362994663443,7.964200019199097
426.7718347273667,310.77900171248075,11.124362994663443,7.964200019199097
426.6816142483645,309.60613548545246,11.124362994663443,7.964200019199097
426.99095755459604,309.2349235179746,11.124362994663443,7.964200019199097
426.99095755459604,309.0493175342357,11.124362994663443,7.964200019199097
426.3969878322026,308.6250534468118,11.124362994663443,7.964200019199097
426.0881235747235,307.6212446100046,11.124362994663443,7.964200019199097
426.17540525487493,307.3593995695505,11.124362994663443,7.964200019199097
426.2279908546616,306.78204093037624,11.124362994663443,7.964200019199097
425.8181233561142,306.1155200433742,11.204167497572655,8.323320282290581
425.7141433125655,305.2788751514003,11.204167497572655,8.323320282290581
425.6717169038231,304.85461106397645,11.204167497572655,8.323320282290581
425.4595848601112,304.17578852409827,11.204167497572655,8.323320282290581
425.2474528163993,303.62424521044727,11.204167497572655,8.323320282290581
425.3711901388919,303.50050788795465,11.204167497572655,8.323320282290581
425.4391776765043,302.6846574366058,11.204167497572655,8.323320282290581
425.3925552498583,302.4981677300217,11.204167497572655,8.323320282290581
425.2646700028251,301.73085624782243,11.204167497572655,8.323320282290581
425.29114544548855,301.57200359184174,11.204167497572655,8.323320282290581
425.29114544548855,300.75615314049287,11.204167497572655,8.323320282290581
425.41488276798117,300.384941173015,11.204167497572655,8.323320282290581
425.50510324698337,299.84361829900195,11.204167497572655,8.323320282290581
425.1957599407518,299.5342749927704,11.204167497572655,8.323320282290581
425.1957599407518,298.78641207903394,11.204167497572655,8.323320282290581
425.3994171944384,298.0008769576714,11.204167497572655,8.497883642593365
425.3994171944384,297.6278975445032,11.204167497572655,8.497883642593365
425.3035032591635,296.7327008152707,11.204167497572655,8.497883642593365
425.3937237381657,296.10115746225546,11.204167497572655,8.497883642593365
425.30887092068093,295.63446696608924,11.204167497572655,8.497883642593365
425.0625690003387,294.4850580044924,11.204167497572655,8.497883642593365
424.29889364297577,293.76380905587183,11.204167497572655,8.497883642593365
424.29889364297577,293.08498651599365,11.204167497572655,8.497883642593365
424.4114946024035,292.18417884057175,11.204167497572655,8.497883642593365
424.56592673114307,291.64366638998325,11.204167497572655,8.497883642593365
424.4380414841099,291.16409671360867,11.204167497572655,8.497883642593365
424.52289430159465,290.65497980870003,11.204167497572655,8.497883642593365
424.228623720892,289.6541453308943,11.147491957738168,9.27747294854106
424.6154731997335,289.0779766448427,11.836567055483215,8.533016951366164
424.5028722403058,288.28976992884856,11.836567055483215,8.533016951366164
424.84280992836784,287.74586962794933,11.836567055483215,8.533016951366164
424.381708992502,287.2847686920835,11.836567055483215,8.533016951366164
424.42413540124437,286.56351974346296,11.836567055483215,8.533016951366164
423.9150184963358,285.71499156861523,11.836567055483215,9.29669230872912
423.9150184963358,285.71499156861523,12.101321482117669,8.661281684806454
424.2544297662749,284.82403698502515,12.101321482117669,8.661281684806454
424.1485279956211,284.47985623040034,12.101321482117669,8.661281684806454
423.8391846893896,283.613694972952,12.101321482117669,8.661281684806454
424.4368773268473,282.7918675964476,12.101321482117669,8.661281684806454
424.53012218013936,281.9060414901732,12.101321482117669,8.661281684806454
424.66998946007743,280.7871032506687,12.101321482117669,8.661281684806454
424.49432291621343,280.5060367804862,12.101321482117669,8.661281684806454
424.29066566252686,279.77868944589125,12.101321482117669,8.661281684806454
424.4505222213184,278.78757878138384,12.101321482117669,8.661281684806454
424.4505222213184,278.78757878138384,12.101321482117669,8.661281684806454
424.82173418879626,277.5502055564576,12.101321482117669,8.661281684806454
424.91764812407115,277.166549815358,12.101321482117669,8.661281684806454
424.34294364327275,276.83814725490174,12.101321482117669,8.661281684806454
424.34294364327275,275.66528102787345,13.093746751141623,9.834147911834748
424.34294364327275,274.7991197704251,13.093746751141623,9.834147911834748
424.34294364327275,274.7991197704251,13.339679912551276,8.990948501287335
424.65180790075186,273.94974306235747,13.339679912551276,9.068164565657128
424.931542460628,272.87742724949896,13.339679912551276,9.068164565657128
425.0552797831206,272.5680839432674,13.339679912551276,9.068164565657128
424.5626759424363,271.9112788223549,13.339679912551276,9.068164565657128
424.6559207957283,271.6781666891248,13.339679912551276,9.068164565657128
424.78320002195545,270.6599328793075,13.339679912551276,9.068164565657128
424.7268995422416,269.59022376474405,13.339679912551276,9.068164565657128
424.6244326676047,269.2315897035151,13.339679912551276,9.068164565657128
425.11938195757523,268.55103442980567,13.339679912551276,9.068164565657128
424.87190731259,267.9942164785889,13.339679912551276,9.068164565657128
425.3330082484558,266.8158474202651,13.032279288640723,9.324331752249293
425.612742808332,265.8367764606986,13.358636275162894,9.464199032187366
426.0232460089023,264.6052668589877,13.358636275162894,9.464199032187366
426.38412792491096,263.9737235059725,13.358636275162894,9.464199032187366
425.8884109689819,263.5771499412292,13.358636275162894,9.464199032187366
425.9586775865275,262.48801736927214,13.358636275162894,9.464199032187366
426.1275790256691,261.75611113299186,13.358636275162894,9.464199032187366
425.78764133760706,260.46434791835617,13.358636275162894,9.464199032187366
425.21293685680865,259.64334151721556,13.358636275162894,9.464199032187366
425.53483880344805,259.63108097695203,13.358636275162894,9.464199032187366
426.0494889538596,258.5255007388999,13.358636275162894,9.464199032187366
426.57325419040853,257.5542502030311,13.358636275162894,9.464199032187366
426.3170870038164,256.8882155178915,13.358636275162894,9.464199032187366
426.16766384445197,256.8135039382093,13.358636275162894,9.464199032187366
426.2423754241342,255.5434070836116,13.358636275162894,9.464199032187366
426.2423754241342,255.5434070836116,13.358636275162894,9.464199032187366
426.0440886417626,254.55197317175345,13.358636275162894,9.464199032187366
426.4923581198559,253.73014579524906,13.358636275162894,9.464199032187395
426.4923581198559,253.00838196323164,13.358636275162894,9.464199032187395
426.97125384378404,251.5584266078459,13.358636275162894,9.464199032187366
426.6000418763062,250.56172925395333,13.358636275162894,9.464199032187366
426.6680294139186,249.13399096409282,13.358636275162894,9.464199032187395
426.87199202675583,248.45411558796877,13.358636275162894,9.464199032187366
426.87199202675583,247.7392786360558,13.385111717826362,10.179035984100352
427.07692577602955,246.560909577732,13.385111717826362,10.179035984100324
427.11205908480235,245.92851001982143,13.385111717826362,10.179035984100324
427.2393383110295,244.8678498012618,13.385111717826362,10.179035984100324
427.34828709148405,244.54100345989804,13.385111717826362,10.179035984100324
427.50716255822044,243.56609032301333,13.385111717826362,10.179035984100324
427.50716255822044,242.74426294650894,13.385111717826362,10.179035984100324
427.4509043412143,241.7136003671738,14.792892777078748,10.758467474239069
427.4509043412143,241.16970006627454,14.792892777078748,10.758467474239069
426.62907696470995,240.34787268977016,14.120488559938792,10.9078906336035
427.1729772656092,239.7359848512585,14.188476097551188,10.160027719867031
427.7476817464076,238.99707909023195,14.188476097551188,10.160027719867031
427.64521487177075,237.8699434692266,14.188476097551188,10.160027719867031
427.54607148058494,236.97765294855427,14.188476097551188,10.160027719867031
427.47808394297255,236.84167787332944,14.188476097551188,10.160027719867031
427.9111645716967,235.29496134217163,14.188476097551188,10.160027719867031
427.9111645716967,234.75106104127238,14.188476097551188,10.160027719867031
428.0103079628825,234.05705730297166,14.188476097551188,10.160027719867031
428.0422792746408,233.00200401494763,14.188476097551188,10.160027719867031
429.40019787198514,231.84621587553673,12.24031160098616,10.286891118365105
429.1211005922087,230.53349506046726,12.558016912947494,11.213531611585665
429.0157006658903,230.42809513414883,12.558016912947494,11.213531611585665
429.15623390098153,229.58489572360145,12.558016912947494,11.213531611585665
428.94410185726963,228.5666619137842,12.558016912947494,11.213531611585665
428.9953352945881,227.64446004205254,13.019117848813323,11.213531611585665
428.9953352945881,227.64446004205254,13.019117848813323,11.213531611585665
429.36831470775627,226.85187878907016,13.019117848813323,11.213531611585665
429.50428978298106,225.56011557443446,13.019117848813323,11.213531611585665
429.5605902626949,224.77190885844033,13.019117848813323,11.213531611585665
429.1500870621246,223.70460053695754,13.019117848813323,11.213531611585665
428.81004894964605,222.54588052265836,13.019117848813323,11.213531611585665
429.4199380757065,221.92701020960337,13.559630299401817,11.174923579400769
429.9156550316356,221.13386308011684,13.559630299401817,11.174923579400769
429.79593110065355,220.41551949422467,13.559630299401817,11.174923579400769
429.4012367920534,219.8892604160911,13.559630299401817,11.174923579400769
429.4012367920534,219.0176701724544,13.559630299401817,11.174923579400769
429.48333743216745,218.44296569165596,13.559630299401817,11.174923579400769
429.48333743216745,217.25324499742618,13.559630299401817,11.174923579400769
429.8188648145381,216.57018677834856,13.559630299401817,11.174923579400769
430.05009158942994,215.2584750261742,14.088456817896144,11.312925424844252
429.77477665104317,214.86120776541043,13.857645202958281,10.923934311481645
429.5865734367981,213.29040679529223,13.857645202958281,10.923934311481645
429.5865734367981,213.29040679529223,13.857645202958281,10.923934311481645
429.5865734367981,212.3694534085585,13.857645202958281,10.923934311481645
430.03484291489144,211.17406813364306,13.857645202958281,10.923934311481645
430.03484291489144,210.38092100415653,13.857645202958281,10.923934311481645
430.1959877053468,209.66257741826436,13.857645202958281,10.923934311481645
430.1171650740763,209.06771707114947,13.857645202958281,10.923934311481645
430.4479566583714,207.90947610560275,13.857645202958281,10.923934311481645
430.52925422519,207.63881466859624,13.857645202958281,10.923934311481645
430.7223711655967,206.73756897305108,13.857645202958281,10.923934311481645
430.8865724458248,205.39309152843046,13.857645202958281,10.923934311481645
430.8865724458248,205.39309152843046,13.857645202958281,10.923934311481645
431.0225475210496,204.37327846424438,13.857645202958281,10.923934311481645
431.0225475210496,204.10132831379477,13.857645202958281,10.923934311481645
431.0225475210496,203.72777041538367,13.857645202958281,10.923934311481645
430.84210656304526,202.55490418835538,13.857645202958281,10.923934311481645
430.7331577825907,201.13857004244574,13.857645202958281,10.923934311481645
430.8973590628188,201.22067068255978,13.857645202958281,10.923934311481645
431.22576162327505,198.34714827856766,13.857645202958281,10.923934311481645
431.22576162327505,198.44961515320452,14.472446450779387,10.821467436844785
431.45887375650517,197.7969011801602,14.472446450779387,10.821467436844785
431.45887375650517,196.9059465965701,14.472446450779387,11.373010750495808
431.45887375650517,195.86352972757803,15.128782997922542,11.681875007974952
430.5017656013694,194.73752013330068,15.128782997922542,11.681875007974952
430.5017656013694,194.5838198213454,15.128782997922542,11.681875007974952
430.84170328943145,193.97193198283375,15.128782997922542,11.681875007974952
431.343607707835,192.73647495291723,15.128782997922542,11.681875007974952
431.5078089880631,191.66916663143445,15.128782997922542,11.681875007974952
431.5078089880631,191.66916663143445,15.128782997922542,11.681875007974952
431.6720102682912,190.7660595901798,15.128782997922542,11.681875007974952
432.0455681667023,189.8695206339932,15.128782997922542,11.681875007974952
432.35296879061286,189.10101907421682,15.128782997922542,11.681875007974952
432.42095632822526,188.48913123570517,15.128782997922542,11.681875007974952
432.3120075477707,188.05333611388681,15.128782997922542,11.681875007974952
432.0941099868615,186.96384830934093,15.128782997922542,11.681875007974952
432.1995099131799,186.64764853038565,15.128782997922542,11.681875007974952
432.23811794536476,185.21915133954468,15.669295448511036,11.990739265454067
432.55431772432,184.58675178163412,15.669295448511036,11.990739265454067
432.4305804018274,183.34937855670788,15.669295448511036,11.990739265454067
432.72801057538487,181.96137108010646,15.669295448511036,11.990739265454067
432.72801057538487,181.12330356323227,15.669295448511036,11.990739265454067
432.72801057538487,180.95910228300414,15.669295448511036,11.990739265454067
432.8271539665707,179.86852497996017,15.669295448511036,11.990739265454067
432.5808520462285,179.04751857881956,16.135367731691474,11.990739265454067
432.5808520462285,178.53840167391093,16.135367731691474,11.990739265454067
433.46469003518973,177.65456368494966,16.135367731691474,11.990739265454067
433.37983721770496,176.84846191884432,16.135367731691474,11.990739265454067
433.4823040923418,176.4385944202969,16.135367731691474,11.990739265454067
433.4823040923418,175.72132629783894,16.135367731691474,11.990739265454067
433.27834147950455,174.83748830887768,16.135367731691474,11.990739265454067
433.8351594307214,173.909458390183,16.135367731691474,11.990739265454067
433.6807273019818,173.561986100519,16.135367731691474,11.990739265454067
434.1756765919523,172.572087520578,16.135367731691474,11.990739265454067
434.5617569138012,171.51585581352896,16.135367731691474,11.990739265454067
434.5617569138012,170.89655053667641,16.135367731691474,11.990739265454067
435.3254322711642,169.92074313560153,16.220220549176247,12.330150535393159
435.3254322711642,168.9494925997327,16.44435528822288,13.301401071261978
435.46140734638897,167.7937044603218,16.44435528822288,13.301401071261978
435.70720111628293,166.7791358627584,16.44435528822288,13.301401071261978
435.8431761915077,165.48737264812272,16.44435528822288,13.301401071261978
436.1809790697909,164.9806683306979,16.311978074905653,12.665990447339311
436.52091675785294,163.34896742800018,16.311978074905653,12.665990447339311
436.52091675785294,163.34896742800018,16.311978074905653,12.665990447339311
436.7915781948595,162.26632167997406,16.311978074905653,12.665990447339311
437.2398476729528,161.1456479847408,16.311978074905653,12.665990447339311
437.6497151715002,159.967278926417,16.158277762950377,12.973391071249864
437.6497151715002,159.80307764618888,16.158277762950377,12.973391071249864
438.0438185294973,158.5644670924838,16.158277762950377,12.973391071249864
438.09505196681573,157.84719897002583,16.158277762950377,12.973391071249864
438.3202538856712,157.0589922540317,16.158277762950377,12.973391071249864
438.79616664895804,156.17515426507043,16.158277762950377,12.973391071249864
438.7398661692442,155.16174563022082,16.158277762950377,12.973391071249864
438.9577637301534,154.2901553865841,16.158277762950377,12.973391071249864
438.71146180981117,153.30494770521537,16.158277762950377,12.973391071249864
438.810605200997,152.41265718454304,16.158277762950377,12.973391071249864
439.4642978837245,151.65001572136092,16.158277762950377,12.973391071249864
439.4642978837245,151.65001572136092,16.158277762950377,12.973391071249864
440.33383451691765,149.58075881566452,15.218344396952489,12.852467326838024
440.28975519038124,148.9329233637686,15.24785600739881,12.858791010847824
440.41295274498844,147.33672969379745,16.15823767787998,13.174312253044974
441.12639264714227,145.721005025112,14.957258274729213,13.733482597705915
441.11212722226657,144.23106663259728,16.577879602764597,13.020013497895889
441.5740237975692,144.13614525668314,16.577879602764597,13.020013497895889
441.58833307597706,142.55887117599255,16.577879602764597,13.020013497895889
442.27437910229935,141.80534496226105,16.577879602764597,13.020013497895889
442.70810906722795,141.22703834235625,16.577879602764597,13.020013497895889
442.4839743281813,139.55332977309672,17.27282418209262,13.946606270333263
442.1104164297702,139.17977187468563,17.27282418209262,13.946606270333263
442.1104164297702,137.90967502008795,17.27282418209262,13.946606270333263
442.8332997046512,136.75306178027836,17.27282418209262,13.946606270333263
442.932443095837,135.0676241301195,17.27282418209262,13.946606270333263
443.16555522906714,133.76219618403087,17.27282418209262,13.946606270333263
443.0630883544303,132.9936946242545,17.27282418209262,13.946606270333263
442.666514789687,132.00226071239632,17.27282418209262,13.946606270333263
443.73382311116984,130.68865047057136,17.27282418209262,13.946606270333263
444.33151574862757,129.86682309406697,17.27282418209262,13.946606270333263
444.6408590548591,128.4438438854018,17.27282418209262,13.946606270333263
444.5942366282131,127.6046402057734,17.27282418209262,13.946606270333248
445.35687809139523,126.84199874259129,17.27282418209262,13.946606270333248
445.5063012507597,125.57190188799362,17.27282418209262,13.946606270333263
445.80373142431716,122.3001699788617,17.27282418209262,13.946606270333263
445.8784430039994,121.47834260235733,17.27282418209262,13.946606270333277
445.8784430039994,120.50709206648853,17.27282418209262,13.946606270333263
446.55831838012347,119.01136623901562,17.27282418209262,13.946606270333291
446.8745181590787,117.88710035828575,17.27282418209262,13.946606270333291
446.9169445678211,116.69916091349894,17.27282418209262,13.946606270333277
447.34120865524494,115.76577992116646,17.27282418209262,13.946606270333263
448.29834844014226,114.7475461113492,17.27282418209262,13.946606270333248
448.58928737398026,113.23466365539167,17.27282418209262,13.946606270333248
449.0559778701465,112.08915061934725,17.27282418209262,13.946606270333248
449.36337849405703,110.70584781174976,17.27282418209262,13.946606270333248
448.7656858565993,109.58517411651653,17.27282418209262,13.946606270333248
449.0288153956661,108.40109119071603,17.27282418209262,13.946606270333248
449.45307948308994,107.67984224209548,17.27282418209262,13.946606270333248
449.7250296335396,106.45606656507218,17.27282418209262,13.946606270333248
450.400635390106,104.99225409251163,17.27282418209262,13.946606270333248
450.8609566442094,102.74245822236777,16.894603568103264,14.964892538766193
451.1873136307316,102.08974424932346,16.894603568103264,15.104759818704267
451.508736154281,100.6910714499428,16.24682405803162,14.845648014675618
451.78980262446345,99.60193887798575,16.527890528214073,14.986181249766858
451.6041966407245,98.05522234682795,17.022839818184593,15.171787233505796
452.3254455893451,95.67934345725433,17.362251088123685,15.256640050990569
452.63430984682424,94.5211024917076,17.362251088123685,15.044836509683009
452.3636484098177,93.16779530667496,18.174235399143242,15.315497946689533
452.3636484098177,91.92918475296987,18.174235399143242,15.315497946689533
452.3636484098177,90.29748385027214,18.65014816243007,16.335311010875614
452.3636484098177,88.94417666523951,18.65014816243007,16.335311010875614
452.2645050186319,88.15102953575298,18.749291553615876,15.343877099017462
452.3882423411245,87.28486827830461,18.749291553615876,15.343877099017462
452.53766550048897,85.86534826434251,18.749291553615876,15.343877099017462
453.1123699812874,85.04434186320191,18.749291553615876,15.343877099017462
453.1123699812874,85.04434186320191,18.749291553615876,15.343877099017462
454.421184088093,82.28128985994557,18.749291553615876,15.343877099017462
454.28898494065834,80.0513582030515,18.749291553615876,15.343877099017462
454.28898494065834,80.0513582030515,18.749291553615876,15.343877099017462
454.8337288429313,78.74397283759644,18.749291553615876,15.343877099017462
454.8337288429313,77.31409363696882,18.749291553615876,15.343877099017462
455.0812034879165,76.01485175079627,18.749291553615876,15.343877099017462
455.3886041118271,75.14388331638304,18.749291553615876,15.343877099017462
455.71700667228333,73.99447435478619,18.749291553615876,15.343877099017462
456.0144368458408,72.8047536605564,18.749291553615876,15.343877099017462
456.1733123125772,70.73937259298317,18.749291553615876,15.343877099017462
455.77861800397704,69.68685443671606,18.749291553615876,15.343877099017462
455.77861800397704,69.68685443671606,18.749291553615876,15.343877099017462
456.2144131257954,68.92421297353394,18.749291553615876,15.343877099017462
456.2144131257954,68.03192245286161,18.749291553615876,15.343877099017462
456.2144131257954,68.03192245286161,18.749291553615876,15.343877099017462
456.5543508138574,66.87613431345072,18.749291553615876,15.343877099017462
456.5543508138574,66.87613431345072,18.749291553615876,15.343877099017462
456.5543508138574,65.15202087105544,18.913492833843975,17.06799054141274
456.5543508138574,65.15202087105544,18.913492833843975,17.06799054141274
456.5543508138574,65.15202087105544,18.777517758619183,15.708239789164622
456.5543508138574,65.15202087105544,18.777517758619183,15.708239789164622
456.9035276382234,65.15202087105544,18.777517758619183,15.708239789164622
457.2872384246598,64.19274390496454,18.777517758619183,15.708239789164622
457.2872384246598,64.19274390496454,18.777517758619183,15.708239789164622
457.361950004342,63.669762847189034,18.777517758619183,15.708239789164622
457.361950004342,63.669762847189034,18.777517758619183,15.708239789164622
457.361950004342,63.669762847189034,18.777517758619183,15.708239789164622
457.361950004342,63.669762847189034,18.777517758619183,15.708239789164622
457.361950004342,63.669762847189034,18.777517758619183,15.708239789164622
457.4299375419544,63.057875008677385,18.777517758619183,15.708239789164622
457.4299375419544,63.057875008677385,18.777517758619183,15.708239789164622
457.4299375419544,63.057875008677385,18.777517758619183,15.708239789164622
457.4299375419544,63.057875008677385,18.777517758619183,15.708239789164622
457.4299375419544,63.057875008677385,18.777517758619183,15.708239789164622
457.4299375419544,63.057875008677385,18.777517758619183,15.708239789164622
457.4299375419544,63.057875008677385,18.777517758619183,15.708239789164622
457.4299375419544,63.057875008677385,18.777517758619183,15.708239789164622
457.4299375419544,63.057875008677385,18.777517758619183,15.708239789164622
457.4299375419544,63.057875008677385,18.777517758619183,15.708239789164622
457.4299375419544,63.057875008677385,18.777517758619183,15.708239789164622
458.1528208168354,63.057875008677385,18.777517758619183,15.708239789164622
458.1528208168354,63.057875008677385,18.777517758619183,15.708239789164622
458.1528208168354,63.057875008677385,18.777517758619183,15.708239789164622
457.82441825637915,62.97577436856332,19.59852415975979,15.87244106939275
457.82441825637915,62.97577436856332,19.59852415975979,15.87244106939275
457.82441825637915,62.97577436856332,19.59852415975979,15.87244106939275
457.82441825637915,62.97577436856332,19.59852415975979,15.87244106939275
457.82441825637915,62.97577436856332,19.59852415975979,15.87244106939275
457.82441825637915,62.97577436856332,19.59852415975979,16.96301837243672
457.82441825637915,62.97577436856332,20.724533754037168,16.737816453581246
456.9405802674179,62.36388653005167,21.472396667773637,18.16555474344176
457.1388670497895,62.85960348598075,21.472396667773637,18.165554743441767
457.1388670497895,62.85960348598075,21.472396667773637,18.165554743441767
457.1388670497895,62.85960348598075,21.472396667773637,18.165554743441767
457.1388670497895,62.85960348598075,21.472396667773637,18.165554743441767
457.1388670497895,62.85960348598075,21.472396667773637,18.165554743441767
457.1388670497895,62.85960348598075,21.472396667773637,18.165554743441767
456.9746657695614,63.43430796677917,21.472396667773637,18.165554743441774
456.9746657695614,63.43430796677917,21.472396667773637,18.165554743441774
457.17862838239864,63.70625811722879,21.472396667773637,18.165554743441767
456.6860245417143,65.01986835905376,21.472396667773637,18.16555474344176
457.04690645772297,63.84700213202547,21.472396667773637,18.165554743441753
456.374502240583,64.36998318980099,21.472396667773637,18.16555474344176
456.374502240583,64.36998318980099,21.472396667773637,18.16555474344176
456.374502240583,64.36998318980099,21.472396667773637,18.16555474344176
456.374502240583,64.36998318980099,21.472396667773637,18.16555474344176
456.374502240583,64.36998318980099,21.472396667773637,18.16555474344176
456.374502240583,64.36998318980099,21.472396667773637,18.16555474344176
456.374502240583,64.36998318980099,21.472396667773637,18.16555474344176
456.3065147029706,64.84589595308783,21.472396667773637,18.16555474344176
456.3065147029706,64.84589595308783,21.472396667773637,18.16555474344176
456.3065147029706,64.84589595308783,21.472396667773637,18.16555474344176
456.3065147029706,64.84589595308783,21.472396667773637,18.16555474344176
457.7410509478865,64.84589595308783,20.03786042285776,17.909387556849623
457.7410509478865,64.84589595308783,19.02445178800815,18.02198851627736
457.7410509478865,64.84589595308783,19.02445178800815,18.02198851627736
457.7410509478865,64.84589595308783,19.02445178800815,18.02198851627736
457.7410509478865,64.84589595308783,17.84214171401692,17.68418563799416
457.7410509478865,65.83832122211177,17.84214171401692,16.691760368970222
457.7410509478865,65.83832122211177,17.84214171401692,16.691760368970222
457.7410509478865,65.83832122211177,17.84214171401692,16.691760368970222
457.7410509478865,65.83832122211177,17.84214171401692,16.691760368970222
458.2849512487857,65.36240845882493,17.84214171401692,16.691760368970222
458.2849512487857,65.36240845882493,17.84214171401692,16.691760368970222
458.2849512487857,65.36240845882493,17.84214171401692,16.691760368970222
457.32784309364996,65.19350701968332,20.094160902571616,16.80436132839796
455.35437155064915,64.404118402483,22.725456293239347,17.330620406531523
455.35437155064915,64.404118402483,22.725456293239347,17.330620406531523
455.35437155064915,64.404118402483,22.725456293239347,17.330620406531523
455.35437155064915,64.404118402483,22.725456293239347,17.330620406531523
455.44459202965135,64.13345696547647,22.725456293239347,17.330620406531523
455.44459202965135,64.13345696547647,22.725456293239347,17.330620406531523
455.44459202965135,64.13345696547647,22.725456293239347,17.330620406531523
455.44459202965135,64.13345696547647,22.725456293239347,17.330620406531523
455.3000153746751,63.41057369059548,22.725456293239347,17.33062040653153
455.2008719834893,62.9148567346664,22.725456293239347,17.330620406531537
455.2008719834893,62.9148567346664,22.725456293239347,17.330620406531537
455.2008719834893,62.9148567346664,22.725456293239347,17.330620406531537
455.2008719834893,62.9148567346664,22.725456293239347,17.330620406531537
455.2008719834893,62.9148567346664,22.725456293239347,17.330620406531537
455.06489690826453,62.50693150899197,22.725456293239347,17.330620406531537
455.06489690826453,62.1122372003918,22.725456293239347,17.330620406531537
455.06489690826453,62.1122372003918,22.725456293239347,17.330620406531537
455.06489690826453,62.1122372003918,22.725456293239347,17.330620406531537
455.06489690826453,62.1122372003918,22.725456293239347,17.330620406531537
455.06489690826453,62.1122372003918,22.725456293239347,17.330620406531537
455.06489690826453,62.1122372003918,22.725456293239347,17.330620406531537
455.06489690826453,62.1122372003918,22.725456293239347,17.330620406531537
455.06489690826453,62.1122372003918,22.879156605194623,16.305951660163032
455.06489690826453,62.1122372003918,22.879156605194623,16.305951660163032
455.06489690826453,62.1122372003918,22.879156605194623,16.305951660163032
455.06489690826453,62.1122372003918,22.879156605194623,16.305951660163032
455.06489690826453,62.1122372003918,22.879156605194623,16.305951660163032
455.06489690826453,62.1122372003918,22.879156605194623,16.305951660163032
455.06489690826453,62.1122372003918,22.879156605194623,16.305951660163032
455.06489690826453,62.1122372003918,22.879156605194623,16.305951660163032
455.2827944691737,61.785390859028034,22.879156605194623,16.30595166016304
455.2827944691737,61.785390859028034,22.879156605194623,16.30595166016304
455.2827944691737,61.785390859028034,22.879156605194623,16.30595166016304
455.2827944691737,61.785390859028034,22.879156605194623,16.30595166016304
455.2827944691737,61.785390859028034,22.725456293239347,15.79361728697878
455.2827944691737,61.785390859028034,22.725456293239347,15.79361728697878
455.2827944691737,61.785390859028034,22.725456293239347,15.79361728697878
455.2827944691737,61.456988298571794,22.807556933353396,16.12201984743502
455.2827944691737,61.456988298571794,22.807556933353396,16.12201984743502
455.2827944691737,60.590827041123426,22.74568827210709,16.988181104883388
455.2827944691737,60.590827041123426,21.392381087074455,17.168622062887742
455.2827944691737,60.590827041123426,21.392381087074455,17.168622062887742
459.76548925010667,60.590827041123426,16.90968630614151,16.795064164476663
459.76548925010667,60.590827041123426,16.90968630614151,16.795064164476663
459.76548925010667,60.590827041123426,16.90968630614151,16.795064164476663
459.76548925010667,60.590827041123426,17.27056822215019,16.795064164476663
460.10542693816865,59.50302643932494,18.2903812863363,16.795064164476656
460.10542693816865,59.50302643932494,18.2903812863363,16.795064164476656
460.10542693816865,59.50302643932494,18.2903812863363,16.795064164476656
460.10542693816865,59.50302643932494,18.741483681347177,16.07330033245924
460.10542693816865,59.50302643932494,18.741483681347177,16.07330033245924
460.10542693816865,59.50302643932494,19.100655474293262,15.953576401477207
460.10542693816865,59.50302643932494,19.100655474293262,15.953576401477207
460.10542693816865,59.23236500231841,19.100655474293262,16.224237838483738
460.10542693816865,58.799284373594226,19.7193420867564,16.657318467207922
460.10542693816865,58.799284373594226,19.7193420867564,16.657318467207922
460.10542693816865,58.34818197858335,20.531326397775956,17.1084208622188
