80.6893095525648,327.8260685666947,7.9798926654562194,4.571813506250976
80.44515103338632,327.02702702702703,7.472178060413356,7.472178060413341
77.90783093252355,328.59394954903524,10.729868000183885,7.1513339056065774
77.74207407251777,327.19817413924784,11.79874225401285,10.046723819935835
77.56296886610141,330.49899392246084,11.271982590209277,6.556022258768962
78.27630323014294,330.3523627397254,11.355316279373838,7.514547537820931
78.28462753964754,330.5760351768691,11.292641442602672,8.166999614739439
77.46290405158061,332.49453006975205,11.394238805562253,7.505469930247955
76.75810189552628,334.12798549053514,12.350690807954251,7.792697771685425
76.83823327107162,333.9843684661159,12.203658774526232,8.821922005681586
78.2178217821782,336.3036303630363,10.231023102310232,8.250825082508243
77.09576868349173,337.01879514306194,11.540975968847178,7.457246010639722
77.12736532475613,337.8944963631162,10.733338440245959,8.380825905397558
76.5235461717168,337.87996028504887,12.073636398178579,9.765441204409171
76.81047039373814,338.6986783817305,11.956452016576819,9.694420553981217
80.83662076642392,340.88345255960826,7.427190701644264,7.427190701644292
76.86567164179104,343.2835820895522,11.147640455585531,6.7149211404424705
76.68083514111048,343.4778634964455,12.17572270607711,7.76035073574144
75.990675990676,344.2890442890443,12.899804931381624,7.949135164142547
75.23219814241486,345.5108359133127,13.528586100963565,7.9897308203566695
75.9825327510917,346.72489082969435,11.400906205805654,7.676584218801565
75.81033581498778,347.9226324996152,12.187898391928684,7.122595911783094
75.50335323362727,348.10738903607034,12.764320396075249,8.563404822683367
76.42015900615347,349.67007243826157,10.145210306533855,7.498633704829388
75.61056011922616,350.75101183336454,11.956452016576819,7.755536443184951
74.91638795986621,352.17391304347825,11.874013193242305,7.941943891707069
74.87684729064038,353.2019704433497,12.103893050767624,6.5878849744181025
73.98945518453426,352.72407732864673,13.181019332161682,7.908611599296989
74.37810945273631,355.2238805970149,12.258267425834475,7.254698376180954
75.5050505050505,356.8181818181818,12.154684091886196,7.014304669438445
77.83626095657566,358.70473669243586,7.966733198373078,4.836945156155082
74.39613526570048,359.7423510466989,11.862587224906065,6.763285024154527
75.86912065439674,360.7361963190184,10.02044989775051,5.7259713701431565
74.8608280859649,360.9552565574307,10.953125402407196,6.719162047220493
76.4303423297527,361.487151020538,9.901137145601169,7.492752434508986
73.92550143266475,362.4641833810888,13.0497376254813,8.20390060570378
75.1592356687898,364.755838641189,10.986785760395506,6.349769949110112
74.26778242677824,365.4811715481171,11.906143146065432,6.3914625652333825
74.22654219157552,366.0708892669942,12.29747968632904,7.3054334770271225
73.3198661693699,366.3703665214556,13.246115911006967,7.44259980226866
73.72093023255815,367.90697674418607,12.45597814674717,6.212909143248794
75.64659605663863,369.20002884535745,9.895878861248235,6.597252574165509
75.50836150611647,370.4223142795029,8.644762947815465,4.748531760067635
72.89360277496516,370.1073062755708,12.187898391928684,7.534337187737719
75.59563912010185,372.4967067637584,9.587887727965352,6.214371675533073
73.05664575034776,372.84661161130373,12.0539652370948,6.209618455473105
73.02160453586045,373.9357096542959,11.533369286129073,6.1690023875888755
73.92344497607657,375.59808612440196,11.221416416659437,5.229416799932551
72.55813953488372,376.27906976744185,12.770183395904027,6.364908822169582
72.54901960784314,376.96078431372547,12.611882541208914,6.883472316194798
73.42657342657343,378.4965034965035,12.689794310074006,8.205279872189294
74.03708987161198,380.5991440798859,10.476176406871787,6.222545506847098
75.3071169739423,381.16904952518513,9.085302201085568,7.236747576264122
73.98019174176326,380.8740206503041,11.598255167903929,9.617263026399542
72.56894049346879,383.3091436865021,10.835117877156634,6.885500032215987
72.0,384.2857142857143,11.679387194865228,7.412981450736993
72.8862973760933,384.2565597667638,11.824706627381502,6.7138845676196865
73.22834645669292,384.84251968503935,11.290762169067932,6.209626992718597
74.3732590529248,387.46518105849583,10.769537180540695,4.243540591650117
71.72011661807579,387.1720116618076,13.556851311953352,5.24781341107871
73.1280596072154,387.71469702755746,12.32440316483499,5.641545813221455
72.49999999999999,389.7368421052631,11.184210526315795,4.342105263157919
73.79389841757609,390.89649833470344,9.611584987907321,5.063097624892521
72.21006653556589,391.7116938282004,11.832486655923475,5.229795533501658
72.30608832309633,393.5040049886582,11.771804002218673,5.006877027378437
72.46702850246608,393.2503795288027,10.489030086082522,6.4833088866433854
72.95304314331709,394.7494992312493,9.622195219082982,5.829232881609073
72.02881313797197,395.056366479363,10.719724873723948,7.575212468005418
72.1401573786919,397.98064745800673,10.419842621308106,6.499352541993289
72.28422868815515,399.73305953449193,10.715771311844847,4.46694046550806
71.09816698693265,399.56206890645893,11.901833013067346,4.937931093541067
72.94457790945131,400.67703553770565,9.45542209054868,5.422964462294374
72.82687739611407,399.9875957951718,8.00754242135659,7.183199511216742
73.00142877234941,400.8781202308959,7.898571227650592,7.521879769104089
73.95648149011663,400.84093513822853,8.169414905748027,7.110416677225146
75.99104059430888,404.9570220839812,7.672973485492051,5.023970734548357
72.10075396036952,404.9770401171113,8.383304076337481,6.6183979550032745
71.95178000269848,406.8976788555141,8.256553330634858,5.155892573057372
70.8828665837448,406.969205834684,8.580167237917081,7.2036081087922526
70.47378253219775,407.9395374845024,10.215872640216048,6.715634929290729
70.98231692003628,409.4355243780559,10.865867898445558,6.73609278366024
71.2260374482079,411.6504144430209,9.469153515064633,4.878048780487802
0,0,0,0
0,0,0,0
0,0,0,0
0,0,0,0
0,0,0,0
0,0,0,0
0,0,0,0
0,0,0,0
0,0,0,0
0,0,0,0
0,0,0,0
0,0,0,0
0,0,0,0
0,0,0,0
0,0,0,0
0,0,0,0
0,0,0,0
0,0,0,0
68.52433959250115,431.33411825543425,13.152679041039207,4.690726465062596
67.56363836767966,430.4508149137807,13.744772847273609,6.6208361765620225
0,0,0,0
0,0,0,0
0,0,0,0
0,0,0,0
0,0,0,0
0,0,0,0
0,0,0,0
0,0,0,0
0,0,0,0
0,0,0,0
0,0,0,0
0,0,0,0
0,0,0,0
0,0,0,0
0,0,0,0
0,0,0,0
0,0,0,0
0,0,0,0
0,0,0,0
0,0,0,0
0,0,0,0
0,0,0,0
0,0,0,0
0,0,0,0
0,0,0,0
0,0,0,0
0,0,0,0
0,0,0,0
0,0,0,0
0,0,0,0
0,0,0,0
0,0,0,0
0,0,0,0
0,0,0,0
0,0,0,0
0,0,0,0
0,0,0,0
0,0,0,0
0,0,0,0
0,0,0,0
0,0,0,0
0,0,0,0
0,0,0,0
0,0,0,0
0,0,0,0
0,0,0,0
0,0,0,0
0,0,0,0
0,0,0,0
0,0,0,0
0,0,0,0
0,0,0,0
0,0,0,0
0,0,0,0
0,0,0,0
0,0,0,0
0,0,0,0
0,0,0,0
0,0,0,0
0,0,0,0
0,0,0,0
0,0,0,0
0,0,0,0
0,0,0,0
0,0,0,0
0,0,0,0
0,0,0,0
0,0,0,0
0,0,0,0
0,0,0,0
0,0,0,0
0,0,0,0
0,0,0,0
0,0,0,0
0,0,0,0
0,0,0,0
0,0,0,0
0,0,0,0
0,0,0,0
0,0,0,0
0,0,0,0
0,0,0,0
0,0,0,0
0,0,0,0
0,0,0,0
0,0,0,0
0,0,0,0
0,0,0,0
0,0,0,0
0,0,0,0
0,0,0,0
0,0,0,0
0,0,0,0
0,0,0,0
0,0,0,0
0,0,0,0
0,0,0,0
0,0,0,0
0,0,0,0
0,0,0,0
0,0,0,0
0,0,0,0
0,0,0,0
0,0,0,0
0,0,0,0
0,0,0,0
0,0,0,0
0,0,0,0
0,0,0,0
0,0,0,0
0,0,0,0
0,0,0,0
0,0,0,0
0,0,0,0
0,0,0,0
0,0,0,0
0,0,0,0
0,0,0,0
0,0,0,0
0,0,0,0
0,0,0,0
0,0,0,0
0,0,0,0
0,0,0,0
0,0,0,0
0,0,0,0
0,0,0,0
0,0,0,0
0,0,0,0
0,0,0,0
0,0,0,0
0,0,0,0
0,0,0,0
0,0,0,0
0,0,0,0
0,0,0,0
0,0,0,0
0,0,0,0
0,0,0,0
0,0,0,0
0,0,0,0
0,0,0,0
0,0,0,0
0,0,0,0
0,0,0,0
0,0,0,0
0,0,0,0
0,0,0,0
0,0,0,0
0,0,0,0
0,0,0,0
0,0,0,0
0,0,0,0
0,0,0,0
0,0,0,0
0,0,0,0
0,0,0,0
0,0,0,0
0,0,0,0
0,0,0,0
0,0,0,0
0,0,0,0
0,0,0,0
0,0,0,0
0,0,0,0
0,0,0,0
0,0,0,0
0,0,0,0
0,0,0,0
0,0,0,0
0,0,0,0
0,0,0,0
0,0,0,0
0,0,0,0
0,0,0,0
0,0,0,0
0,0,0,0
0,0,0,0
0,0,0,0
0,0,0,0
0,0,0,0
0,0,0,0
0,0,0,0
0,0,0,0
0,0,0,0
0,0,0,0
0,0,0,0
0,0,0,0
0,0,0,0
0,0,0,0
0,0,0,0
0,0,0,0
0,0,0,0
0,0,0,0
0,0,0,0
0,0,0,0
0,0,0,0
0,0,0,0
0,0,0,0
0,0,0,0
0,0,0,0
0,0,0,0
0,0,0,0
0,0,0,0
0,0,0,0
0,0,0,0
0,0,0,0
0,0,0,0
0,0,0,0
0,0,0,0
0,0,0,0
0,0,0,0
0,0,0,0
0,0,0,0
0,0,0,0
0,0,0,0
0,0,0,0
0,0,0,0
0,0,0,0
0,0,0,0
0,0,0,0
0,0,0,0
0,0,0,0
0,0,0,0
0,0,0,0
0,0,0,0
0,0,0,0
0,0,0,0
0,0,0,0
0,0,0,0
0,0,0,0
0,0,0,0
0,0,0,0
0,0,0,0
0,0,0,0
0,0,0,0
0,0,0,0
0,0,0,0
0,0,0,0
0,0,0,0
0,0,0,0
0,0,0,0
0,0,0,0
0,0,0,0
0,0,0,0
0,0,0,0
0,0,0,0
0,0,0,0
0,0,0,0
0,0,0,0
0,0,0,0
0,0,0,0
0,0,0,0
0,0,0,0
0,0,0,0
0,0,0,0
0,0,0,0
0,0,0,0
0,0,0,0
0,0,0,0
0,0,0,0
0,0,0,0
0,0,0,0
0,0,0,0
0,0,0,0
0,0,0,0
0,0,0,0
0,0,0,0
0,0,0,0
0,0,0,0
0,0,0,0
0,0,0,0
0,0,0,0
0,0,0,0
0,0,0,0
0,0,0,0
0,0,0,0
0,0,0,0
0,0,0,0
0,0,0,0
0,0,0,0
0,0,0,0
0,0,0,0
0,0,0,0
0,0,0,0
0,0,0,0
0,0,0,0
0,0,0,0
0,0,0,0
0,0,0,0
0,0,0,0
0,0,0,0
0,0,0,0
0,0,0,0
0,0,0,0
0,0,0,0
451.5011547344111,447.80600461893766,14.088198877756213,5.425934544560448
449.7686880364498,445.35512737542234,18.51883839061145,6.8647457746833425
451.37887580712953,445.70253937855045,13.85326778606401,6.393815901260325
451.37887580712953,445.70253937855045,13.85326778606401,6.393815901260325
452.0934417227419,445.5439872412923,13.720511765630249,5.153687177312349
450.8812412454531,443.8867602579136,9.36851109081465,5.833223886733663
450.66982475496684,444.7324262198586,9.36851109081465,5.833223886733663
450.8812412454531,443.8867602579136,9.36851109081465,5.833223886733663
0,0,0,0
0,0,0,0
0,0,0,0
0,0,0,0
0,0,0,0
0,0,0,0
0,0,0,0
0,0,0,0
0,0,0,0
0,0,0,0
453.1609351552923,426.56516383454556,12.388018308691812,2.93049895474428
451.7605633802817,424.6478873239437,14.301291552480222,4.957753862314291
452.05262412182196,423.4193088184645,13.320450067268268,6.001521458879097
453.680945820449,423.35593537936103,10.965518826015682,6.442044418618764
453.2631578947368,421.89473684210526,12.42105263157896,7.78947368421052
452.8138528138528,421.64502164502164,13.009820358036848,7.795704151253176
451.57384987893465,419.61259079903147,14.04358353510895,6.779661016949149
452.42649868347894,418.8337451482832,12.245315988335733,5.4905791760411375
452.605883066442,417.00490875986884,12.388018308691812,7.725860880689538
452.90355798717974,415.5569251802769,12.242824916694246,7.879045738466573
452.4838574776711,415.59839303732565,8.848774444739377,7.030533120477855
452.15920887105176,414.6785025140639,12.145863997039214,7.428049056040493
453.5375535515161,412.53613707721723,11.198391934003496,7.055004319716318
454.7945750351606,411.7039176577755,10.504666081328423,7.58162856304574
454.3617336556745,409.4894701805446,10.51715907788946,6.946515978624973
452.9557358014187,408.2070035465058,12.555529363225958,8.084157632003723
452.70283638913776,407.3853287187852,12.606473181546562,8.121477915034802
452.9824401745342,407.00156959565874,12.045484955741358,7.227290973444838
454.962169697474,405.6025454111573,8.333710452338778,6.757005150640509
453.9801567244618,405.2761902821886,10.738457994152952,6.628571622573247
454.76190476190476,401.42857142857144,10.23809523809524,7.380952380952351
454.81198851481,400.3693916635613,10.424583592432725,7.515397473614314
456.07583067206826,399.02458327666716,12.385879004117442,8.364489717066306
452.3290058890424,398.41438100610185,14.092562738408617,6.732677817427543
451.936958289549,396.0267549428395,16.540778654959524,8.343578613563636
452.76581925889366,394.0978552096868,13.552172372905488,9.458630145961706
453.3841564687769,392.51780244189433,11.158026333175428,7.731567129414202
0,0,0,0
453.7455912713511,390.70850532625917,10.94785481744384,6.331663806933193
453.0091325841139,389.82668077968805,12.719767671640568,8.127283414685337
452.5724513614065,388.9533183342732,14.661591191784964,6.7913625167906275
452.979477519341,387.307561066874,11.890087698050309,6.605482411386902
453.82545911472613,384.92872159601455,11.908806619539632,7.204145536852593
453.4206552178588,384.88840917474977,12.217204864445705,6.881138150353081
453.0091325841139,383.85265480566204,12.96489338991205,7.31617636316912
452.0775749108387,382.71786989385,13.07394024067645,7.938695762715668
451.85083142581277,380.9463718993792,13.593184018202692,8.242817289810034
451.93386376690955,380.79442271517195,13.012372792230224,7.377620295580698
451.3953488372093,377.90697674418607,13.023255813953483,7.209302325581405
0,0,0,0
0,0,0,0
0,0,0,0
453.4742488631837,370.5243551982927,11.874588346118685,6.219830848218919
451.20733078231206,369.40626035926766,14.2581346831534,7.7709168179094945
452.2371356162276,367.4542178001784,14.98694465133093,8.465514641293112
452.798947357779,367.2912200899763,11.988404814863088,3.996134938287696
452.50423144143275,365.6450247598641,12.464649481922834,4.632878568502292
452.33692191872905,363.7565885856544,12.795569379672997,7.280237750503602
452.73213727744,362.53075230911134,12.24624303833707,7.929944262529716
452.74095233521956,361.2392276000843,12.647759203528437,6.92615384955127
452.62121657117774,359.5025039156057,12.345529800371253,7.832668066622091
452.5300618251007,358.29383574056595,13.016708606788427,7.778753792044768
452.6312608353599,357.39304731286956,12.624213766394348,7.801116712053954
452.47574296401433,355.4641800756561,12.983482662355243,7.861231968165782
452.57706874703746,354.39879378353777,12.872489945465986,7.511407176416071
452.5106079008298,352.67558159516994,13.012651113052641,8.448512289817756
452.5570432243109,351.6459406443397,12.843599027305686,7.388291079252781
452.5572273255585,349.6176291054019,12.753692881947131,8.416142510929603
452.62621548365007,347.401659670166,12.805626735473652,8.145801451176283
452.58527349786385,345.4395002283981,12.901946444197051,8.100537151036974
452.6275794262856,344.40002163656624,12.876769106226277,8.039087895047373
452.62121850991247,343.523047784896,12.850802218611705,7.704007375389381
452.73205376920146,341.48382018949576,12.678960647964061,7.5591266442407345
452.6284235050399,340.4697562207892,12.784120449272848,7.747059166264421
452.4611127262649,339.4292416768684,12.973820197916723,7.9344024350895666
452.44512427114205,337.3930575873742,13.028859590585967,8.241511182882277
452.4444354933777,335.48957354915206,13.291456760628762,8.120312489016385
452.63764198699226,334.3566472127895,13.001429840174353,8.781453550586832
452.5133265955129,333.57156563158384,13.001429840174353,7.732557709822288
452.6336969973086,331.7903573378024,12.874586367841914,8.45727138990992
452.54265818646695,330.29588571712833,13.837582122531842,9.264143963389984
452.5247480070946,329.5242658207803,12.972464569385693,7.989663608959404
452.6627595080489,327.63183026830285,13.49345458373864,8.423309223681144
452.59888713551834,325.85494486010646,13.756184907397312,8.719123624388885
452.63299752899667,324.9080801261716,12.782173316576063,8.67780573785899
452.5741167914751,323.5201201704043,13.029969306764144,7.924529885033735
452.4705890413586,322.5210672716374,12.85238880513873,7.946727447736919
452.6916370575662,320.6878233698583,12.759376888860231,8.7653702576834
452.56613165478007,319.5296764106568,12.95264398711555,7.976486975116359
453.4848186025261,317.3415852307146,12.912340291602618,7.825660782789441
453.597396057837,315.58185388394884,12.920209370652572,8.872591912211647
453.6085474613685,314.68229057964646,12.947911555276278,7.5745282598365975
453.6290334083944,312.8813897354398,12.656583545282558,8.383772732041393
453.5120485511109,311.79276158513716,12.65322856209525,8.644284859253219
453.7545696977637,310.5118669630067,12.37109203967907,8.591036138666027
453.5298547833814,309.43269571282394,12.650536665975608,8.119001143835078
453.7252842576535,307.79892139802433,12.715868307452183,8.644284859253219
453.50273896483634,306.7310520552773,12.634830053639007,8.561759838979071
453.6035825381815,305.5533997100827,12.812987716124326,8.79217567131542
453.65426620719865,304.68479779609385,12.732571475228156,7.66634829876898
453.7979555630877,303.7281124181497,12.430370381257433,7.778753792044768
453.7101321791557,301.7608816239939,12.65322856209525,8.519005368539354
453.7408328938675,300.6884004449101,12.603333170953306,8.779850074147248
453.7366575462325,299.5891145574559,12.665619320906671,8.191351626021174
453.7080195851207,298.5885233413703,12.757688665919034,8.505125777279375
454.2023803426566,298.1712427194808,12.876769106226277,8.537084490315806
453.6874037467709,296.67438764308963,12.757688665919034,8.075573970346056
453.5439501015945,295.49388939863013,12.843599027305686,8.505125777279375
453.6769876611068,295.559576618673,12.664905671469853,7.778753792044768
453.701204886216,293.6238306058395,12.698913179344743,8.679369231821056
453.72322751762925,293.54560352515205,12.938530176717677,8.912341028071353
453.8287664480002,293.7504376904764,13.642329149149703,7.52143622291527
453.85206507670637,292.67152832667847,12.556129675931004,8.82705356916955
453.72649848209824,292.7494073548524,13.175481383589442,8.558875701938007
453.9996279118488,291.81812294308946,13.402016376319011,8.762856861439332
453.8842262876442,291.730766103359,13.573837099092316,8.97763276490599
453.7096335402794,291.4713625829788,12.920209370652572,8.792175671315476
453.7205212390907,291.6456550086336,12.70576606159608,8.122040330513983
453.9566220357779,290.8372757394284,13.498197796375507,8.707470520923266
453.65100221828885,290.81197819175645,13.8866351430338,8.54562162648233
453.69170708992476,290.8726295380038,13.281505440971046,9.234351422477744
453.53019853888156,290.51878834024626,12.947911555276278,8.934058973140623
453.6455875241733,290.7423370312919,12.86035174664687,8.638716522823586
453.6455875241733,290.7423370312919,12.86035174664687,8.638716522823586
453.6455875241733,290.7423370312919,12.86035174664687,8.638716522823586
453.6455875241733,290.7423370312919,12.86035174664687,8.638716522823586
453.6455875241733,290.7423370312919,12.86035174664687,8.638716522823586
453.60225296832573,290.65679532073045,12.95264398711555,8.586310138351564
453.6008170374912,290.54386128781834,12.830191242435546,7.968925010440046
453.6459779025374,290.6691146822623,12.901946444197051,8.807493120582023
453.6200742050981,290.6772504234982,12.813576948003913,8.571841130733674
453.65145790727263,290.5863735858562,12.839793129756401,8.738564844051325
453.6946479800268,290.1832768859479,12.812987716124326,9.006618980371911
453.6824728205659,289.56317595923065,12.918981493248225,9.833520277506807
453.6439085370783,289.77486090732816,12.941179055951409,9.367371460740117
453.57520704886406,289.6753531814838,12.8470615497871,9.453498121541429
453.86845439151097,289.68398005409193,12.48917838305681,8.659488917939768
453.58442065768344,289.5381215703963,12.812987716124326,8.7653702576834
453.61404785922196,289.76941791772424,12.757688665919034,8.67694650005268
453.5897131244852,289.54159064435703,12.843033446734978,8.630754128195747
453.5945574202735,289.53289719615344,12.95264398711555,8.854632330175036
453.6568612225426,289.63466440640775,12.757500574880282,8.415559652645697
453.752836696253,289.8160610192142,12.542912762452374,8.762856861439332
453.68680593711963,289.78778137974723,12.715868307452183,8.393725877825545
453.51848221251805,289.71464590799155,12.818432439723495,8.739840299811476
453.6144543096321,289.76469091621516,12.74308410154066,8.67780573785899
453.73763048677694,289.5893817909066,12.781893501409684,8.854632330175036
453.05887903243786,288.8703928176351,13.368511542107058,9.34232239346079
452.6866869121219,288.7312518142768,12.839350646064815,9.771123469615475
452.6434069585358,288.659245042648,12.786062660835341,9.063538088693406
452.6310384550494,288.79405506231444,12.715868307452183,8.519005368539354
452.67364785055685,288.66909284426293,12.782173316576063,8.67780573785899
452.65344119351187,288.8389070970567,12.812987716124326,8.550926948626909
451.6065973230885,288.65456214181324,13.885204261406727,8.953008153107817
451.68194118238705,288.60959588116907,12.928251060586149,8.854632330175036
451.71776389190137,288.8233218194728,12.757688665919034,8.762856861439332
451.76453250879666,288.87584334649983,12.414519190864098,8.543832599035738
451.61485019961725,288.8989334946307,12.744943656020212,8.449425608991191
451.07839049557623,289.3705481115434,13.12257161619857,8.874257064191852
450.8853477026968,289.0953798616895,13.338507610245642,9.120347083928607
450.73856122611886,289.7358730991762,12.664905671469853,7.778753792044768
450.4748240390488,289.6816150507524,12.967993487784895,7.728924118719817
450.75128421078085,289.6959926348324,12.757688665919034,7.946708428266049
450.54800051966856,289.60887860980205,12.977619391753024,7.935110652186381
450.66744602375405,289.41412077054514,12.656583545282558,8.157184279824037
449.7216082709982,289.7826322726124,12.542912762452374,7.731932524799447
449.554081398814,290.10641003872666,12.760505591980348,7.106460431306118
449.6082712075023,290.4689310860367,12.812377565931456,7.884540040573199
449.6775687417859,290.6643613727683,12.9664272888798,7.516769442828888
449.6349151678589,290.72605503285683,12.841197920849993,7.5055201144026
449.51759204768837,290.60790400592845,12.938530176717677,7.661486146938557
449.2060303306371,290.58990173468794,12.715868307452183,8.33108613246867
448.62210568596834,290.9315106961541,12.650536665975608,8.732646579124946
448.61419125116026,291.1719896602086,12.604889670126909,8.040155962426638
448.42333419541154,291.7625416785341,12.929509388692338,8.67694650005268
448.41995324796466,291.6539205222843,13.016708606788427,8.7950733829652
448.78022750640207,291.66673527211634,12.688953324170768,8.901689194252413
448.6126555392986,291.6195270799658,12.864249539882621,9.75193110281424
447.83270798816375,292.38840408224814,13.588192813752642,8.181372636552624
447.54139532054216,292.7439759000461,12.547638026363643,7.700575361973961
447.4929204853346,292.63324886577726,12.86035174664687,7.856932222115574
447.6090465690338,292.531112022129,12.62581645643445,8.247824372469552
447.7130767593202,292.6874727667907,12.591843987506195,8.480882068705967
447.68109473137326,292.9357647533333,12.521057252463152,8.323657378057874
447.95390308086195,293.65278423219047,11.776272127098537,8.769564349967027
447.7703002226042,293.802056515216,12.734484364721027,8.110230265799999
448.12812242587796,294.0154905288413,12.518128166171664,8.309678225938399
447.54751801565214,294.63030717262194,12.872489945465986,7.747059166264421
447.6151444703267,294.6099989111907,12.818432439723495,7.96296560649489
447.4429447871958,294.573786883735,13.134652679709063,7.853986194193396
447.64772725066166,294.7288219714333,12.947911476978959,8.928367529455272
447.55024731706516,294.6871445693984,12.893403957020496,8.658148603155155
447.61794321440885,294.95801629277884,12.494734650841622,8.31903317426503
447.1513645358961,294.7780777674299,13.175481383589442,8.35138780613346
447.277159730629,294.59011946999317,12.933757636109362,8.874257064191852
447.277159730629,294.59011946999317,12.933757636109362,8.874257064191852
447.277159730629,294.59011946999317,12.933757636109362,8.874257064191852
446.6834370881822,294.6987808963564,13.830789342174228,8.73266769752803
446.6834370881822,294.6987808963564,13.830789342174228,8.73266769752803
446.6607692255524,294.4696851024562,12.714733485225736,8.719901680746034
446.601610598469,294.61412396864944,12.527949071381443,8.706924604610094
446.48899287443413,294.7021186008526,12.714733485225736,8.290349873812715
446.7308248619652,294.84217349845284,12.664905671469853,8.365092017575762
446.68165200950915,294.6780158491059,12.656583545282558,8.642730963146903
446.68165200950915,294.6780158491059,12.656583545282558,8.642730963146903
446.68165200950915,294.6780158491059,12.656583545282558,8.642730963146903
446.68165200950915,294.6780158491059,12.656583545282558,8.642730963146903
446.68165200950915,294.6780158491059,12.656583545282558,8.642730963146903
446.68165200950915,294.6780158491059,12.656583545282558,8.642730963146903
446.68165200950915,294.6780158491059,12.656583545282558,8.642730963146903
446.68165200950915,294.6780158491059,12.656583545282558,8.642730963146903
445.763080864132,293.6368404273623,13.603046832319478,8.87325181303595
445.763080864132,293.6368404273623,13.603046832319478,8.87325181303595
445.763080864132,293.6368404273623,13.603046832319478,8.87325181303595
445.763080864132,293.6368404273623,13.603046832319478,8.87325181303595
445.70110562517345,293.47174521904884,12.650536665975608,9.204681529347909
445.49554486514705,293.6092422325926,12.708633618029182,8.973851493547158
445.5977344310122,293.70395216498673,12.714733485225736,8.67694650005268
445.69047638526513,293.6170296738733,12.757688665919034,8.505125777279375
445.57356078142345,293.5388104930935,12.721323103058921,8.83694963647605
445.6356024380094,293.47914595792247,12.818432439723495,8.351402953153183
445.831003473594,293.4150011984739,12.703994886505257,8.326002802540359
445.58831517221904,293.59435526072565,12.805626735473652,8.857225158702647
445.6397902508706,293.6758714729785,12.664905671469853,8.482359662681972
445.5280415892024,293.734513082973,12.821262531611467,7.778753792044768
445.82967680656947,293.60905556099857,12.414343696334186,8.786082787949965
445.590970602785,293.5167654784358,12.983482662355243,9.035081085584181
445.6133168876268,293.62179321182396,12.86035174664687,8.716894952894393
445.5733501013937,293.8539922163523,12.734484364721027,8.43037093418684
445.8015791559386,293.5826944435307,12.5530176961758,8.610747675889172
445.55525862672334,293.56493138685397,12.734484364721027,9.355221753971023
445.56664716258626,293.8343055726026,12.760505591980348,8.558875701938064
445.46619945609666,294.41981412049813,12.980281334164488,8.157184279824037
445.46619945609666,294.41981412049813,12.980281334164488,8.157184279824037
445.46619945609666,294.41981412049813,12.980281334164488,8.157184279824037
445.64921338599316,293.7909040887055,12.980281334164431,8.739840299811476
445.69495587982647,294.08157944532775,12.586727241399046,8.169645942398745
445.6283467763846,294.6222017937912,12.708633618029182,7.832668066622091
445.6891711650274,294.64030117327053,12.721323103058921,7.833486490942164
445.6114778862432,294.5308065186905,12.886554141087117,8.638239589080342
445.6236042769941,294.695135756583,12.714733485225736,9.106498306985998
445.5393947458499,294.5965512554231,12.983482662355243,9.177365827089488
444.7778131424871,294.7572089309837,13.642329149149703,9.336955311205145
445.02611956179766,294.7967807790583,12.960859441659125,9.131514606623455
444.69639263347176,294.67801682071297,14.0802063934388,9.543905588858081
445.70345496656574,294.6778232865647,12.734484364721027,9.461935310099989
445.58461844148474,295.49380191606264,12.886554141087117,8.685443084102644
445.58461844148474,295.49380191606264,12.886554141087117,8.685443084102644
445.56488028653405,295.57503813904106,12.782173316576063,8.67780573785899
445.5421207287035,295.67918367545906,12.872123983747542,8.67319583931652
445.5895882536427,295.77342462773584,12.585867943145729,8.633991319359382
445.5895882536427,295.77342462773584,12.585867943145729,8.633991319359382
445.5895882536427,295.77342462773584,12.585867943145729,8.633991319359382
445.5895882536427,295.77342462773584,12.585867943145729,8.633991319359382
445.5895882536427,295.77342462773584,12.585867943145729,8.633991319359382
445.5895882536427,295.77342462773584,12.585867943145729,8.633991319359382
445.5895882536427,295.77342462773584,12.585867943145729,8.633991319359382
445.5895882536427,295.77342462773584,12.585867943145729,8.633991319359382
445.5895882536427,295.77342462773584,12.585867943145729,8.633991319359382
445.5895882536427,295.77342462773584,12.585867943145729,8.633991319359382
445.5895882536427,295.77342462773584,12.585867943145729,8.633991319359382
445.5895882536427,295.77342462773584,12.585867943145729,8.633991319359382
445.5895882536427,295.77342462773584,12.585867943145729,8.633991319359382
445.5895882536427,295.77342462773584,12.585867943145729,8.633991319359382
445.6129930651816,294.8488996189816,12.938530176717677,8.755984167929796
445.6602395429718,294.7552131164482,12.69774016099791,8.82705356916955
445.6602395429718,294.7552131164482,12.69774016099791,8.82705356916955
445.6602395429718,294.7552131164482,12.69774016099791,7.945230012000195
445.6067877306607,293.69607337057045,12.69774016099791,8.82705356916955
445.6067877306607,293.69607337057045,12.69774016099791,8.82705356916955
445.6067877306607,293.69607337057045,12.69774016099791,8.82705356916955
445.87539755362,292.66313131437107,12.468582289775327,8.644883720910912
446.3709621337801,292.1772778746395,11.799449039832666,8.379318883359417
445.66916727198424,291.7586331698947,12.967993487784895,8.921979519595993
445.92603054630837,291.4909723092777,12.527949545679405,8.46669117647565
445.76710716976436,290.86467069060944,12.302334525911647,8.229264311251711
446.2673238357089,290.56119000550575,11.721995818977234,9.324314856004605
445.70892870200015,290.7236227264776,12.527949545679405,9.017370277384657
445.58200944237336,290.69181294119545,12.916121513833787,8.403259780084625
445.6795575910822,290.71009491734657,12.527949545679405,8.67319583931652
445.9198580259408,291.01342695404514,12.447001120932782,9.034113716806019
445.50731456437376,290.6055535350962,12.948896327422005,8.43183946901894
445.79066200194205,290.38028900125454,12.308828507246801,8.737748631687566
445.6193446502973,290.3379233564095,12.792147151042514,8.82705356916955
445.5358918810208,289.6665599164152,12.725207451810775,8.807493120582023
445.5147716755851,289.71423004344285,12.800643846612388,8.376260235199368
445.58075101100246,289.5738173626059,12.805626735473652,8.857225158702647
445.5231991298891,289.6590517847138,12.901946444197051,8.68966712565782
445.4019006672311,289.58800388211984,13.134652679709063,8.738564844051325
445.6562802364598,289.50556150497,13.028164626153966,8.968664054236456
445.76962239750685,289.5679422882516,12.688953324170768,8.83694963647605
445.5922143313647,289.54348498365266,12.929509388692338,8.97763276490599
445.74782834863146,289.5032843540028,12.5530176961758,8.714491623791446
445.5983214538167,289.5472262973028,13.012651113052641,8.772210078699686
445.5647963980064,289.5339753389813,12.460098963231417,9.102058107892447
445.7307093568132,289.39664484358815,12.920209370652572,8.79217567131542
445.63342670432263,288.7425016902311,12.947014784284647,9.462311012116913
445.6752794460951,288.62911496119744,12.938530176717677,9.498679253602404
445.6819916620168,288.55539787122115,12.734484364721027,9.78207597848683
445.6686719661352,288.5872417747115,12.695750953079767,9.63227508505122
445.5211559083737,288.7416200846245,12.938530176717677,9.420500823531597
445.63165025185816,288.79682811783937,12.883171997499915,9.581454550904425
445.6105730014504,288.7068438181348,12.624213766394348,9.516714993128062
445.4981489767668,288.58386925454744,12.947911555276278,9.840412782009992
445.59832970330785,288.7219364230527,12.491322752539645,9.56953266664516
445.505428456067,288.8180601122961,12.876769106226277,9.63979123698158
445.56327848687675,288.6839716610766,12.782173316576063,9.850482188920978
445.58649106214455,288.7532649437435,13.049228937852263,10.633796041906692
445.5469594247096,288.69999025357157,12.893403957020496,10.882997934616071
444.7067836045607,288.93663674305975,13.405792586332382,10.479175894949947
444.7250093369819,289.6691011943117,12.627770808592118,9.675362422357864
444.6359756754842,289.45597045247746,12.698913179344743,9.853218349239455
444.45947824636016,289.54159106110575,13.019053847731584,9.995503090744705
443.5986775179749,289.9196075676666,12.821262531611467,10.63226648962899
443.6260494552689,290.0699711099086,12.744943656020212,9.582309489526324
443.5554900741893,290.3536088737015,12.912340291602618,10.173359017626296
443.0923819647572,290.5950689931593,13.368511542107058,9.850482188920978
442.757898520109,291.43819939430387,12.50854881132824,8.834162598000546
442.64091337335475,291.72228827176804,12.62581645643445,8.912341028071353
442.51430796376303,291.8390994475557,12.4617226858864,9.440699004459418
441.61403858378117,291.66389502825825,12.938530176717677,9.811392973885575
441.67832982981844,292.637171932395,12.586727241399046,8.755984167929796
441.5848122704695,292.6263217892056,11.809633544936844,9.817647163863171
440.4710330405981,293.5761243020708,12.960859441659125,8.866406118044097
440.55615889970625,293.62667154103315,11.900425487341579,8.836949619313032
439.59399259484496,293.68119563279095,12.843033446734978,9.838470576168504
439.4536071103325,294.36836577774335,12.850802218611705,8.83694963647605
439.54733697133605,294.54205246057626,11.418350505797378,8.928367529455272
438.9411408815112,295.08368059002356,12.345529800371253,9.28508333725398
438.6423126594081,295.4794368086376,11.844032155726438,8.834162598000546
437.93367263171893,295.6181378414335,12.224446973383067,8.748580123119893
437.5831735573023,296.3774939667523,11.694229996224294,8.984232112968243
437.4745929835796,296.49145125274475,11.976818188630546,8.86931941536426
436.6093482588629,296.70944558201984,12.786182302492307,9.489116425748989
435.5922359275439,297.6815537581814,12.734484364721027,8.928367529455272
435.61661998377366,298.8651726789997,11.799449039832666,8.436321052633957
434.56727077362416,298.72833761592545,12.805626735473652,8.71494041719734
434.6290308859764,299.8195296568867,11.706466765529683,8.355018618946588
434.5739961835258,299.880496661314,11.753670260551985,8.543832599035738
433.6344692637671,300.47834441843185,11.847339073077762,8.934058973140623
433.466027422366,300.69395156996876,11.930554008762101,8.81823557169372
432.61087705431424,301.7022283511607,11.874798239002246,8.738564844051325
432.5211612729726,301.8434907634332,11.916347101065753,8.57265567569209
431.74180404686524,302.1947158068885,11.631777618055253,9.390792939347364
431.4524040002992,303.3869330082021,10.90861548532024,8.31903317426503
430.54544067102745,303.68905809865197,11.765853725655631,8.443270447646569
430.74814237239985,303.86398033452036,11.546947502569026,8.424558637078462
430.47636847367744,304.5196702941807,10.898904530486107,8.071080652305909
429.58359917773197,304.6347118382789,11.648586080549421,8.560538092752779
429.4739202890391,304.85463754610936,11.912078630854182,8.57799140537054
428.6864571282635,305.7602290793648,11.671194139006388,8.455131754035733
428.73968461041267,306.5762550151353,11.588380841972253,7.768746933165744
427.46304481140965,307.6358325833588,11.845204730313128,7.967945524294748
427.63609016223444,307.7274394037955,10.715193370061456,8.59103609405804
426.7537584736251,308.4396026614244,11.281635310328966,8.213408133879682
426.4816183001535,309.23536642817913,10.810535034292968,8.277276143423194
425.56672883710576,309.7136618206675,11.706466765529683,7.552559203567512
425.4620233410917,309.7845904487249,10.867660715412512,8.591036138666027
424.8664932654917,310.58911532371246,11.328838805351268,7.882983668723625
424.52638669652924,310.71949241228856,11.944448409742336,8.86931941536426
424.59246114614945,311.75643833699894,10.841242555788199,7.677052144768652
424.3766125349853,312.5309989941174,11.062247855018427,8.013289082257131
423.65387238548345,312.49754389845265,10.774036201388014,8.017887405684121
423.35241011125163,313.32721382874223,11.023158639983023,8.091467512327938
422.67363091611526,313.85407064522406,10.779136369767514,7.736377154277591
422.4767406171476,314.46349906195275,10.8874143314398,7.809297190613904
421.51456227861075,314.6250625162032,11.942484240641136,7.835780173701323
421.6059622993621,315.43528659037736,10.695839992639208,7.860798066879397
420.6723197185417,316.4400893108476,11.092821330239815,7.363745223478361
420.60163524263925,316.6239614964286,10.843875927543877,7.6068980387248075
419.91833449339845,317.2540508600223,11.554943606505788,6.9587392723194625
419.774848025806,317.60944512680163,10.600213242142104,7.647804855907907
419.6041852571204,318.1995626310121,10.633754659983595,6.950844509452736
419.5244696670246,318.5506256615071,9.995503090744705,7.754518412036816
418.5894332185767,319.7786917227103,10.68202703310294,7.736377154277591
417.69057466548156,320.56921537824877,10.708494746410054,6.830019428234209
417.53315174747723,320.53141228051004,11.070464379761233,7.704007375389381
417.5173911331993,320.6251531689395,10.054845598287272,7.849029379284616
416.57945632007926,321.45557678033913,10.87924523211592,7.122734546587083
416.45284872821793,322.6352167247252,10.788623349770603,6.488809695876512
415.5851186691463,322.7346553455084,10.905890994876813,6.801523416159739
415.62364059642726,322.68274480442756,10.006839049062592,7.661486146938557
415.5990929076749,323.75861521380574,9.78207597848683,6.829667592252633
414.4929587729282,323.6055254902377,10.84921153977632,7.469948929026316
413.46774758688855,324.36316981222984,10.987274026679245,7.12847269291251
413.6660727493443,324.85778331456373,10.515970046982545,6.804451206871022
413.65846166332216,325.5071839476562,9.811392973885575,6.8406126311951425
412.7908270366382,325.6976294859935,10.593177274593586,7.03605870637216
412.73611167612387,325.8947362015987,10.523477219960398,7.704688678899572
411.7046518065079,326.6698406184718,11.49127150530768,7.6068980387248075
411.60496299195745,326.75238543922865,10.910615896105867,7.388291079252781
411.40679314647645,328.2808753618167,10.007140944726984,6.514082313076983
410.5238298580432,328.5299924134192,10.90861548532024,6.700544229855495
410.51502488716636,328.5890924468539,9.838470576168504,6.95173370052629
409.5339050000211,329.606451028217,10.01520956855478,6.774994708140014
409.4634515289129,329.6804438741202,9.888789534615796,6.722954036123667
408.71003423979204,330.59286796128725,10.524019269865903,6.87282891093281
408.6528256967842,331.5557136861733,9.959931905368421,6.722954036123667
407.670253476405,331.5328390377222,10.778069169023695,6.829667592252633
407.43863527240387,331.698691581,10.006839049062592,6.723344986088932
407.55914721481173,331.7678722613047,9.865530459660079,7.50535570854521
406.9404762887652,332.68914841467284,10.14638613087061,6.783258143671901
406.659161624126,332.715914517029,9.7303651484375,7.585932057872753
406.49050095217757,333.64729024659204,9.928660618991785,6.6451665560181254
405.7031893913411,333.84451765424853,9.733214543814768,6.957880276301353
405.5697789642658,334.6173263155979,9.897383573630634,6.509886219560599
405.53443111414117,334.9339791443583,8.89233840683039,6.441245128024605
404.7052891081642,335.54173909804217,9.70787083669262,6.658053007466151
404.70786785471546,335.63955953806214,9.78207597848683,6.651811665371042
403.47665074227547,335.70082829402776,10.01520956855478,6.863364204333152
403.5713295580278,336.6624291493363,9.864392216597821,6.513715512590409
403.5896754499056,336.69541834382886,9.694125328779364,6.6451665560181254
403.57711665775423,337.5142159838272,8.82705356916955,6.466878818054681
402.6471480426139,337.6675682598569,9.78207597848683,6.9719523337578835
402.39237991767646,338.31641570098003,9.204681529347909,6.750099788188493
401.84059345531983,338.89992714014323,9.959418998618787,6.483996743892476
401.5755486290131,339.7012872936522,9.817647163863171,6.473955738489451
401.6288386376766,339.56028742014433,8.998798530916986,6.862393124296432
401.50209935205635,340.49235154019044,8.901689194252413,5.794190420986126
400.66455399200515,340.6600349157597,9.621960475305968,6.529187465386201
400.4108934923094,341.07873652206337,8.848767222825984,6.2285012005328895
399.7954436036952,341.550124482612,9.694125328779364,5.785203825239307
399.5095498638135,341.59778914640214,9.928660618991785,5.746114610203904
399.5882803808887,341.5689363408999,8.848767222825984,6.701008188159506
399.6081233585212,342.67088092051966,8.772210078699686,5.56760196876877
398.57104440618537,342.5038610330133,9.927921097468982,5.781123587469665
398.51751306218455,342.42929862735355,8.966428752028833,6.700544229855495
398.70087946169593,342.64752529529744,8.807493120582023,6.863364204333152
397.63472719098866,343.6818306283026,9.937522118674565,6.020778873203483
397.6532245938166,343.79238885332586,9.840412782009992,6.247367325420782
397.57388419703443,344.5636602631017,8.892796344078931,5.726960845586859
396.7049597583021,344.71434853970254,9.694125328779364,6.019739115451728
396.6287049908939,344.80087685095924,9.793781198079273,6.486232284692846
396.54342000370445,344.889212662566,8.97763276490599,6.486232284692846
396.42828415273004,345.63899410581485,8.82705356916955,5.711622897697964
395.59006540360906,346.68139266191633,8.89233840683039,4.7881822190625485
395.4566850577363,346.5594369344909,8.934058973140623,5.56760196876877
394.5233892949639,346.6920473146779,9.967749834027188,5.58975775006229
394.69503654709666,346.8628611455492,8.891722403519339,5.369397586666253
394.55072591967564,346.7113460592669,9.074168668939706,6.878805281293012
394.57780538696437,347.61843848478065,9.056605582895656,5.9489468044510545
393.51744155475365,347.5776777239053,8.963938714831556,6.900809963005258
393.51385587819357,348.4201800604432,8.999509900207897,6.118243884726326
393.547079864384,348.62054190449527,8.81823557169372,5.602173186723064
393.42937852735315,348.83118413888906,8.901689194252413,5.535232189880617
393.4516458927524,349.71512034373916,8.742030726930125,4.956111908180844
392.90059688471376,349.6339492869181,8.537084490315806,5.406820177200018
392.71637531189907,349.6553080897881,8.537084490315806,6.260528626231576
392.71637531189907,349.6553080897881,8.537084490315806,6.260528626231576
392.72731116115216,350.4136272195903,8.543832599035738,6.089250857876323
391.90354466220396,350.57262521031663,9.348355761026824,5.4152060810826015
391.95505959373065,350.63559013592413,8.33330505450607,5.541218309439557
391.5134014130162,351.5499026263015,8.074659080423658,4.553111728168403
391.6945871042608,351.571056583587,7.817842886186099,5.455307948052905
391.61941078757036,351.5972340857927,7.903308195528155,5.732337734410862
391.21750361094143,352.04838311264973,8.25429361648861,5.8912997576507
391.1574658505017,352.584886742498,8.074659080423658,5.549104918705268
390.7457905655363,352.0537851199386,8.71494041719734,5.975959143221019
389.949796171316,352.9888254372681,8.934677584212693,5.927814935679578
391.0699064761204,353.39380942454335,7.388291079252781,5.841904574292869
390.1305331235658,353.48365467946576,7.4695642489641045,5.705917134625338
391.09900004814534,353.8579869592506,6.2308613429432285,4.861959987296586
389.4026303857731,354.49504136858957,8.052378297292535,5.159776384672909
389.4099941128154,354.4506267823016,7.829565221231917,5.922363436572823
388.50013199452474,354.63365768470175,8.949340576104987,5.814221266004495
388.94467589597,354.93369644986313,7.916012075566641,4.818442132953635
389.2801158455611,354.9221491674982,8.125474374518319,4.528952930059404
388.2177278157778,354.98498097948146,8.677767632401753,4.2932113549777
389.5215035145072,356.0127762636104,5.754730114119013,3.5624519754070434
388.03768165907354,355.07078780251237,8.76911255484805,4.2932113549777
389.40084961179645,357.11071418706746,5.4204682300836,2.8106131563396275
387.0651914424205,356.8868932537174,8.20831237553574,3.6481388335714655
386.64746094997975,357.0770274516079,7.527296331573666,4.735270283019986
386.87344632719464,357.2203037395115,7.235315002110497,4.139762176445629
386.86658944777696,357.27004028411653,7.394181385330171,3.0304022071025543
387.2300462169471,357.56033929687834,6.94221410592138,3.65379689785334
386.3,358.6,7.261479721835769,3.3719443365246207
385.34482758620686,358.4975369458127,7.707124948938599,3.8896271682157817
385.39680256400834,358.896855476758,8.60319743599166,3.303144523241997
384.7,358.7,8.33103917429338,4.602400241799103
385.54216867469876,359.802847754655,7.29294518695491,3.9053226803869165
385.3658536585366,360.29810298102984,6.600012801343269,3.514548849609639
384.4200143112614,360.3755439168999,7.8799856887386,3.6244560831000854
384.18667718580025,360.2718334062323,7.072582073458989,3.8763147419158486
384.30889940802246,360.58294451734344,6.991100591977556,4.217055482656576
383.7088994080225,360.18294451734346,7.391100591977533,4.1170554826565535
383.9088994080225,360.18294451734346,7.591100591977522,4.217055482656519
382.9088994080225,360.18294451734346,7.991100591977499,4.417055482656565
384.2088994080225,360.18294451734346,6.191100591977545,4.217055482656576
383.8088994080225,360.48294451734347,6.491100591977499,4.417055482656508
383.4088994080225,361.0829445173435,6.491100591977499,3.7170554826565194
383.20889940802243,359.98294451734347,6.591100591977522,4.6170554826565535
383.1088994080225,359.88294451734345,6.291100591977454,4.517055482656531
382.87354587266896,359.68597482037376,6.621403622280525,4.354429220030283
382.6145552560647,359.56873315363885,6.738544474393507,4.312668463611828
383.27982509250745,359.5133226138233,5.638036706710295,4.893457047193692
382.7756814149429,359.38294451734345,6.324664605818327,4.803906693729175
0,0,0,0
0,0,0,0
0,0,0,0
0,0,0,0
0,0,0,0
0,0,0,0
0,0,0,0
0,0,0,0
0,0,0,0
0,0,0,0
0,0,0,0
0,0,0,0
0,0,0,0
0,0,0,0
0,0,0,0
0,0,0,0
0,0,0,0
0,0,0,0
0,0,0,0
0,0,0,0
0,0,0,0
0,0,0,0
0,0,0,0
0,0,0,0
0,0,0,0
0,0,0,0
0,0,0,0
0,0,0,0
0,0,0,0
0,0,0,0
0,0,0,0
0,0,0,0
0,0,0,0
374.9226488002379,345.2252688374156,6.440657175382455,2.3420571546845395
374.3578382938884,344.33219416827745,6.260611403317398,2.131271967086775
374.3328124726212,343.76321043701154,6.182020502489195,2.181889589113837
374.4933659356559,343.8866722120749,6.92615384955127,3.3125083628288507
373.6817607796365,342.8224811749331,7.238500716691988,4.182244858533181
373.3095008275879,342.3629251605421,7.318928608389172,3.8058428763623624
373.2907691784145,342.4296451845715,7.1871217655767055,2.7194514788668585
373.66820851725316,341.3828966672992,6.765092498545982,4.447421920340389
373.5471435563144,341.39378955316835,6.8471005615504055,4.772221603504818
372.76027362498667,340.8923151053095,7.809297190613904,5.301201742533522
372.85981718266186,340.4988286201594,6.263974772839731,5.300286346248981
372.6095492547119,339.74384880503436,6.651811665371042,5.549104918705268
372.6708950047886,339.6237689968243,6.432124769941311,5.705917134625338
372.6547651710427,339.67598186660695,6.539314323294207,4.5431025824991025
371.9246821326591,339.55631095187977,7.203570716044339,4.196862938912773
371.85642786924035,339.3553406276202,6.954264651495578,4.104156187767899
371.62616497902036,338.66724063811813,6.8471005615504055,4.56473370770027
371.60032954266126,338.5951309603475,6.669253805122821,3.876147510669682
371.7995182241997,338.08832904926936,6.561285808099285,4.342721542051322
371.7578088543183,337.6851625673435,6.441245128024605,4.7881822190625485
371.48619612215623,337.4209458963131,6.786918549546158,4.8968905990396365
371.4007194939522,337.58924823668195,6.903198207822413,4.683441893646318
370.82403102739397,336.6008272873504,7.3878616416907334,5.120687169637506
370.6732299956023,336.52937520677693,6.5552494665736845,4.731180049787952
370.7591091287851,336.4089766619072,6.687382850747383,4.8021100258026195
370.9230427402359,336.37127038463757,6.01372529706623,3.9089214430930497
370.20344823788685,335.717731633607,6.568799217022672,4.359561812194443
370.0611634963816,335.717731633607,6.782226329280547,4.2884194414418175
369.717522050835,335.67477645291365,6.782226329280547,4.2884194414418175
369.76191717624135,335.69697401561683,6.782226329280547,4.2884194414418175
370.02187050189076,335.5718890846648,5.947240146446461,3.9627149369220547
369.8156750107735,335.5718890846648,5.829414151522315,4.080540931846201
369.52111002346305,335.5718890846648,5.829414151522315,4.080540931846201
369.23654054045255,335.820887382299,5.829414151522315,3.2624036681909274
369.1653981696999,335.89202975305165,5.829414151522315,3.2624036681909274
368.9002896811205,336.3044207352862,5.829414151522315,3.2624036681909274
368.83555012334415,336.4015300719508,5.829414151522315,3.2624036681909274
368.83555012334415,336.4015300719508,5.829414151522315,3.2624036681909274
368.5998981334958,336.3426170744887,5.7999576527912495,3.3213166656530007
368.36424614364745,336.7255515579923,5.623218660404973,2.9383821821494394
368.2219614021422,337.0456922263791,5.623218660404973,2.9383821821494394
368.10413540721805,337.28134421622747,5.623218660404973,2.9383821821494394
367.8092758572654,337.33495504349156,5.623218660404973,2.9383821821494394
367.95156059877064,337.4416685996205,5.623218660404973,2.9383821821494394
367.6634130382489,338.2382563292174,5.623218660404973,2.9383821821494394
367.6634130382489,338.7044051459841,5.3568479079668805,2.472233365382749
367.6634130382489,338.7044051459841,5.3568479079668805,2.472233365382749
367.54558704332476,338.94005713583243,5.3568479079668805,2.472233365382749
367.07428306362806,339.38190461679807,5.3568479079668805,2.472233365382749
366.91792620348645,339.4600830468689,5.3568479079668805,2.472233365382749
366.91792620348645,339.7713148905757,5.3568479079668805,2.472233365382749
366.91792620348645,339.7713148905757,5.3568479079668805,2.472233365382749
366.52948885682815,339.86842422724027,5.3568479079668805,2.472233365382749
366.4291242187159,340.2866102193745,5.3568479079668805,2.472233365382749
366.267525960228,340.6906058655942,5.3568479079668805,2.472233365382749
365.90163206228686,340.617427086006,5.3568479079668805,2.472233365382749
365.90163206228686,340.617427086006,5.486327023519664,2.472233365382749
365.71781404403663,340.76448150060617,5.486327023519664,2.472233365382749
365.7784133909696,341.2088767114479,5.486327023519664,2.472233365382749
365.7784133909696,341.4501254341364,5.486327023519664,2.472233365382749
365.8588296318658,341.6913741568249,5.486327023519664,2.472233365382749
365.8588296318658,341.6913741568249,5.486327023519664,2.472233365382749
365.72480256370545,341.9326228795134,5.486327023519664,2.472233365382749
365.81671157283057,342.00615008681353,5.486327023519664,2.472233365382749
