442.65322658772436,366.0608269310121,10.806629639253856,6.146890253520553
442.55742061626347,366.5667632818855,11.373773443292578,5.986196549101351
442.76053569823534,366.7412311378061,11.014601650346492,4.788957239281103
442.6979226111743,366.7247086966278,10.905773030439718,4.957169559290776
442.6401306271527,366.70678408783886,10.806629639253856,5.948603471148942
443.2540375594404,366.7836435616759,9.696441460458402,5.229541461820247
442.86258655545424,366.2360751197717,10.410056074510635,6.3451770358921635
442.73428263829646,367.09956376730844,10.31091268332483,5.353743124034054
442.82346473242217,367.09451654914955,10.241185362731358,5.120592681365679
443.19589930005003,366.4890160424572,10.211769292138968,6.444320427078026
442.6520966781288,366.8854831204101,10.56803170409512,5.992182925002396
442.76616382020916,366.80362076756927,10.211769292138968,5.353743124034054
442.899334643314,366.98065592346063,10.112625900953162,4.957169559290776
442.84799770220263,366.5323541685484,10.17653413347233,5.986196549101351
442.76074411143327,366.87781903890306,10.459082923640494,5.665336583638634
442.59188116912355,367.0583095045544,10.608342856882246,5.353743124034054
442.5280307737163,367.1627811524998,10.785929265004313,5.556387803184009
442.6950507031616,367.13932834808327,10.50919946569644,5.155456341662386
442.6948053581497,366.6550950806509,10.296258064454321,5.866472618119303
441.89950733863725,366.1130439556538,11.624835995413719,7.721606391114221
442.20371571665675,366.4111815789573,11.477700921230962,6.618061533968842
442.1868000709995,366.2016280117973,11.317524526297575,7.273473345949583
442.31048200525584,365.9146932550471,11.230242846146211,7.59350617317142
442.31874990602086,366.416110955814,11.137258880980198,6.745595284379192
442.51969351634295,366.67486850231126,10.926073108324204,5.713988763363886
442.068874849375,365.99706742811236,11.532189245154882,6.7965373878288915
441.8621411518663,366.16120145095596,11.733471415297402,5.722864804736332
442.72623439503144,365.6231035056105,10.696078836031518,6.645336108524532
442.42140535583934,366.15511517036555,11.102125572207399,5.586196094876527
442.77293293578214,365.66171481410305,10.764740552005435,6.313374864284242
442.62514648004964,365.54879908516307,10.645392558160893,6.640195358060737
442.2462166875182,365.4922140065095,11.288430632913787,6.895252731960227
441.83616311797476,365.4417922583182,11.49034211593488,6.698286993851411
441.3469870958117,365.45804860220716,12.29665807048292,6.394262196651084
441.5326442657576,365.16103022824154,11.957590180741136,6.7788771584250185
441.5236238913726,365.5335250110414,11.879394447868037,6.279108493873082
441.7129796868941,364.89869277099183,11.477700921230962,6.330319728144104
442.5517827709031,364.3821122775404,10.680525866933692,6.921261828243246
442.5991000869414,364.38126747487127,10.678418127273403,6.554118910452246
442.2944704845428,364.4773708598038,11.030866273020308,6.7033725812969465
442.5882842441382,363.8204285715242,10.48659025672356,7.577200886717947
442.72311397908055,363.7254198379112,10.605321524914075,7.223914661897993
442.23944706597564,363.150975245581,11.273545397988187,7.760214469163088
442.4089241611283,363.4686930509402,10.945993555597283,7.410641599752182
442.43720776437414,363.1886368424797,11.049515115107283,6.573762157089163
442.31539903631113,363.42813538024126,11.395824695113504,6.167719073888065
442.520295368267,362.8258397924801,10.987308705329383,7.201320404456851
442.6103416348751,362.6720159463082,10.966159933098083,7.03368858682677
442.5105075035618,362.6881958152688,11.073292681762666,5.897270815191632
442.51137718785986,362.16917860267927,10.77630782056599,6.6185197638121736
442.4841520354844,361.91085854983265,11.852665880761549,7.489958243868898
442.6758391855347,362.12178421695234,11.582409586671304,6.915504625008907
442.52602153491733,361.5493802592452,11.839925056436414,7.904994473881857
443.03218184101837,361.84003246212814,11.034894023918014,6.868658525091803
442.51045357499015,361.295760280519,11.794541630383264,7.38219512117513
442.6548963975663,361.20361893504685,11.814057848576681,7.682998404793352
442.2225470903394,360.8323104232291,11.909103228287222,7.758961194187123
442.7494141865097,360.41158374930654,11.383833669321405,7.4242393495574674
442.65522478633505,360.29108956868237,11.430871691379025,7.396446388539346
442.36785781334333,360.80424145469556,11.981963648027715,6.620384583735188
442.3225285142549,359.7651472510395,12.133952900322356,6.830651807524134
442.20471006252006,359.74975244901276,12.33179137925572,6.4293955054239404
442.4888630146081,359.51236114277447,11.834924020556286,6.967747475305885
442.58547706929096,358.86435252761305,11.769658438890758,7.272594915971297
442.5928396603603,358.7444024244973,11.965806619783393,6.798753761240562
442.61578276046976,358.197919465135,11.945324982754812,7.3428615335169525
442.6018271955035,357.6252962773459,11.945324982754812,7.377994842289752
442.2560954493106,357.4338680583238,12.085858217846067,7.659061312472204
442.54517637102225,357.0365205540403,11.834924020556286,7.172681224579549
442.4516132707233,356.66247672472105,11.753932927054564,7.768069533474204
442.522608286806,356.31833901799246,11.841214607205984,7.768069533474204
442.29227418658354,356.1056883962592,12.121830927965789,7.5062106900095955
442.2175803464005,355.7170072929095,12.14909846815533,7.832971380784386
442.5059983711143,356.00990714251026,12.053184532880437,7.481286951443053
442.5420315231488,355.73459508154883,11.836968039125622,7.085210259978453
442.1922242673808,355.5905643841419,12.006673674095168,7.424621529917488
442.5702690620134,354.64478361916986,11.702229088151569,7.039986423549351
442.56404737194674,354.435870866897,12.449725268377392,6.865280600668996
442.5429793563395,354.642898538267,12.64568199590741,7.410641599752182
442.6105740722039,353.79105661055684,12.354570299165175,6.910837761095479
442.55985389076557,353.55376359742434,12.442406016764721,7.037559964233424
442.17879510494015,353.5598070314323,13.364318753851535,7.212489486205584
442.66761893829636,352.7285638946746,12.217204097909246,7.769466200513705
442.526858678233,352.08809183819585,12.472324614346917,6.569928740515138
442.44831539108054,351.5526515096581,12.71825777575657,7.5185280773809495
441.98932154038266,351.61003544951063,12.949110334189527,7.656865241085995
441.89714219146254,351.68339563098687,13.106637827248335,5.392902855748503
442.61779743082843,350.6039865200675,12.534363319793272,6.13335431795997
442.6425633912289,350.4205244610928,12.509002427904704,6.371953036244179
442.4693386051399,349.08560519352955,12.028564328836751,5.304522157437361
442.2147179015048,349.681015659036,12.336113245650381,4.748611835547138
442.7656755503159,349.68126380680997,11.409520473212979,5.1926922672706155
442.1799493735897,348.6990572229957,12.322060905670753,5.214306523234086
442.4514548882021,348.6674647883188,11.687514295250708,4.806037509628879
442.394892354862,348.9077338890885,13.099619063594673,5.110424017301
442.4506405129158,348.1450714441918,12.892809854475672,5.397106750651176
442.4693829307739,347.77185869796966,12.9488616950037,4.8101074925399985
442.4491081045381,347.69838358735694,12.901528497311176,5.4696178567551215
442.11106312470423,347.0085064185381,12.855956093641453,6.145467353793947
442.10647706692464,345.7916963975388,13.491353119046494,6.008908919251212
442.5348831091177,345.49001144560935,12.586218492274497,4.989388449360433
442.8077497371969,344.9455320568473,12.509706920682618,9.65423034096159
442.2472355810103,344.16570659302204,13.13610241824972,10.262580014257594
442.2603491894008,343.9794006223564,12.867789754302123,7.646077969947669
441.9598431542727,343.08517921670875,11.804429589790118,8.218273765043762
441.23376809275766,342.7026002082274,13.661303615048212,7.509474347402261
441.5214559177112,341.5575654282067,12.723908415334051,9.008076754218791
441.61525813173245,341.5936209466819,12.551545386612247,7.919427446314899
441.3906741724081,341.505701860859,13.053607221581842,8.770392352000329
441.59693369398406,340.6403644814315,12.611307455906285,7.99466811936918
441.2134917978707,339.912937367494,13.034457554711878,6.991528445788845
441.1913541069302,339.294711566789,13.194613118881989,7.170063077463226
441.56698584500117,338.6137659918255,12.855201848942897,7.127636668720811
441.48194352291665,337.573376787431,12.683075555493986,7.114896043325871
441.1359185286537,336.6268066754106,13.139857481030276,7.307728224744096
440.8278314986836,336.3576015558486,13.257569834419087,6.798753761240562
440.6957145126036,335.6041403537632,13.393544909643879,8.430454663938292
440.6214615246068,334.75863307604385,13.53402438882108,7.721606391114221
440.58009005229394,333.67426427738883,13.706993433930563,8.158924663053881
440.50157416750596,332.9761899223788,13.7469306615277,8.068850605679302
440.61695138547674,331.48743231277314,13.681016570469808,8.55767291650784
440.66405100304115,330.8953669950413,13.399514171900478,8.83917531507717
439.7619850309218,329.3694296291502,14.091931747485262,8.802631338155152
439.86969096895643,328.5501423815569,13.230612732758857,8.670273875935607
439.783419006062,327.9529980400045,13.597507522481123,8.770392352000329
439.6008503891979,326.58243792704405,13.373372763116606,9.11481272123035
439.7900088624353,325.35841663453544,13.576860889382772,10.349154338321966
439.534669288316,324.56618880638973,13.78306749000609,9.652008046222761
438.4006365695832,323.5210350699431,14.709660262443492,9.922264271517008
438.71719554424897,322.56431303280175,14.807026164747128,9.908884429640693
438.56821863117955,322.2141074775092,14.674832097061312,9.20773778639142
438.47778973563953,321.7283350644167,14.806463385024983,8.914618093406034
438.76131634389,320.5694768926814,13.590027329081636,9.652008046222761
438.5382882127257,319.58114183339126,13.628706258934074,8.866869132318584
438.29691750055287,318.7594719195081,13.858580119173894,9.58964249317836
437.7601135394261,317.51171008959534,14.581824245891653,9.627382031071306
437.71328264288036,316.3730127521719,14.685723067033848,10.118392926568788
437.4642442562582,315.6306755438794,14.779309246789069,9.510975035788533
438.0493439819215,315.324899722451,14.07439472433947,10.736237001258928
437.56120781356503,314.362102063031,14.494046458349885,9.488370619641387
437.5972731935715,313.4815489761819,14.791122993352303,9.696793221295081
437.5879977443847,312.3591778488762,14.694425205319419,9.965184909354548
437.4946896773666,311.84957912870044,14.643469617714288,9.338947460276984
437.0462214790177,310.4717710206067,14.662872715375954,10.332066428134112
436.7261695017148,308.0998917807313,14.652763073069707,10.810255274187796
436.5968165373836,307.9023894833881,14.601529635751263,9.478185903908695
436.034656873294,306.9017267650859,15.143880483187843,10.023287801822164
435.7905105836962,305.4014062066756,14.79615855635683,11.277559875272004
436.19425587441253,304.30045646167287,15.085215303735424,11.85266916722071
435.82480157331736,304.078431335901,15.529033972824323,12.002520281784541
435.59607276180867,303.68601670808357,15.465296994218647,11.281448532014565
435.75253977780096,304.1714138690584,15.204939234717472,10.415981995436368
435.8827885218309,302.96570692656576,14.696014580416886,11.001485775284152
435.96432975557076,302.4842413083649,15.091739095807611,10.907890633603529
435.56775295245694,302.27798819106533,14.356622327036177,11.203795463059635
435.17200198848036,301.7628341676762,15.90024594030217,10.579541073119344
435.00789970185355,301.080586626545,15.540008573900877,10.907890633603529
434.60278495598885,300.9716228809001,15.517922388374245,10.555796043254588
434.1842420217544,300.5984179817292,16.10193719816607,11.091194503631868
434.50696969006225,300.2956538389077,15.698363346378585,11.006898438265466
434.76177894069355,299.82425345494903,15.529033972824323,11.321965008075097
434.6725454090093,299.76838366175576,15.80500263300155,10.90964783516921
434.7839373993578,299.5110098175983,15.525268073125403,11.236004821691381
434.55739286893623,299.01155810954896,15.432023219833354,11.142759968399332
434.9784222467175,299.48053973360675,15.4856391909708,10.479322959369313
433.9023106264249,298.8879846623782,16.3849965645897,11.01398109320968
433.6357683631126,298.81174162854506,16.777542954732496,10.922293064490304
433.61017912371705,298.6517945404821,16.113046414140115,10.402093254698059
433.32694202231477,297.9360350972471,17.200847015938564,10.878006017984887
433.5532321717431,297.46092623398965,15.574964944801366,11.271356210053625
433.5532321717431,297.46092623398965,15.574964944801366,11.271356210053625
433.0082320819521,297.68190436973185,16.26672196181022,10.504859323069695
432.6373044929969,297.66248965203283,16.44593337921458,10.707788399550907
432.64345739776144,297.3748615122943,17.64752363107516,10.905773030439718
432.597211564011,297.0793924012051,16.137701211358603,11.206736952332392
432.10150241919354,296.6899448606046,16.72124247501864,10.584490186207063
432.5642389332194,296.48426381729615,16.12203532210657,10.77630782056599
432.2614954690228,296.19149308088265,17.075750503982135,10.888884379350941
432.3810164012816,295.8451148157524,16.317849326107762,11.375872101629454
432.6037843478654,295.7028189018634,15.595232880741264,10.753391625348684
432.73824472187886,295.8373356453504,15.878804304382982,10.46557556425239
432.71306015147525,295.23161305120743,15.77989869407503,11.066422460779904
431.8979647324373,294.49203118591026,15.906521946369935,11.112775606368075
431.8979647324373,294.49203118591026,15.906521946369935,11.112775606368075
431.8979647324373,294.49203118591026,15.906521946369935,11.112775606368075
431.8979647324373,294.49203118591026,15.906521946369935,11.112775606368075
431.8979647324373,294.49203118591026,15.906521946369935,11.112775606368075
431.8979647324373,294.49203118591026,15.906521946369935,11.112775606368075
431.7150403660358,292.52976186666405,16.36417307384943,10.326905337866151
431.8979647324373,291.69861659098245,15.906521946369935,11.112775606368075
431.5711183910735,291.3325165527272,15.906521946369935,11.112775606368075
431.65851687047325,290.66086539448537,15.906521946369935,11.112775606368075
431.65851687047325,290.66086539448537,15.906521946369935,11.112775606368075
431.65851687047325,290.66086539448537,15.906521946369935,11.112775606368075
431.65851687047325,290.66086539448537,15.906521946369935,11.112775606368075
431.65851687047325,290.66086539448537,15.906521946369935,11.112775606368075
431.65851687047325,290.66086539448537,15.906521946369935,11.112775606368075
431.65851687047325,288.7423114623036,15.906521946369935,11.112775606368075
431.65851687047325,288.7423114623036,15.906521946369935,11.112775606368075
431.65851687047325,288.7423114623036,15.906521946369935,11.112775606368075
431.02602647115043,288.7423114623036,15.906521946369935,11.112775606368075
431.02602647115043,288.7423114623036,15.906521946369935,11.112775606368075
431.02602647115043,288.7423114623036,15.906521946369935,11.112775606368075
431.02602647115043,288.7423114623036,15.906521946369935,11.112775606368075
430.59338548550215,285.66786402505534,15.906521946369935,11.112775606368075
430.59338548550215,285.66786402505534,15.906521946369935,11.112775606368075
430.59338548550215,285.66786402505534,15.906521946369935,11.112775606368075
430.59338548550215,285.66786402505534,15.906521946369935,11.112775606368075
430.59338548550215,285.66786402505534,15.906521946369935,11.112775606368075
430.1300225502277,284.7411381545064,15.906521946369935,11.112775606368075
430.1300225502277,284.7411381545064,15.906521946369935,11.112775606368075
430.1300225502277,284.7411381545064,15.906521946369935,11.112775606368075
429.2570804893127,282.99525403267654,15.906521946369935,11.112775606368075
429.2570804893127,282.99525403267654,15.906521946369935,11.112775606368075
429.2570804893127,282.99525403267654,15.906521946369935,11.112775606368075
429.2570804893127,282.99525403267654,15.906521946369935,11.112775606368075
429.2570804893127,282.99525403267654,15.906521946369935,11.112775606368075
430.0638253699805,280.80857866456506,15.906521946369935,11.112775606368075
430.0638253699805,280.80857866456506,15.906521946369935,11.112775606368075
430.0638253699805,279.85532586414666,15.906521946369935,11.112775606368075
430.0638253699805,279.85532586414666,15.906521946369935,11.112775606368075
430.0638253699805,279.85532586414666,15.906521946369935,11.112775606368075
429.1370994994316,278.0018741230489,15.906521946369935,11.112775606368075
429.1370994994316,278.0018741230489,15.906521946369935,11.112775606368075
429.1370994994316,278.0018741230489,15.906521946369935,11.112775606368075
429.1370994994316,278.0018741230489,15.906521946369935,11.112775606368075
429.1370994994316,278.0018741230489,15.906521946369935,11.112775606368075
429.3682782004449,274.5830392071594,15.906521946369935,11.112775606368075
429.3682782004449,274.5830392071594,15.906521946369935,11.112775606368075
429.3682782004449,274.5830392071594,15.906521946369935,11.112775606368075
429.3682782004449,274.5830392071594,15.906521946369935,11.112775606368075
429.3682782004449,274.5830392071594,15.906521946369935,11.112775606368075
428.7899715805401,272.70354269246883,15.906521946369935,11.112775606368075
428.7899715805401,272.70354269246883,15.906521946369935,11.112775606368075
428.7899715805401,272.70354269246883,15.906521946369935,11.112775606368075
428.7899715805401,272.70354269246883,15.906521946369935,11.112775606368075
428.7899715805401,272.70354269246883,15.906521946369935,11.112775606368075
428.6310961138037,270.9559125583684,15.906521946369935,11.112775606368075
428.6310961138037,270.9559125583684,15.906521946369935,11.112775606368075
428.6310961138037,270.9559125583684,15.906521946369935,11.112775606368075
428.6310961138037,270.9559125583684,15.906521946369935,11.112775606368075
428.6310961138037,270.9559125583684,15.906521946369935,11.112775606368075
428.6310961138037,270.9559125583684,15.906521946369935,11.112775606368075
428.8056845259867,268.3370863756236,15.906521946369935,11.112775606368075
428.8056845259867,268.3370863756236,15.906521946369935,11.112775606368075
428.8056845259867,268.3370863756236,15.906521946369935,11.112775606368075
428.8056845259867,268.3370863756236,15.906521946369935,11.112775606368075
428.8056845259867,268.3370863756236,15.906521946369935,11.112775606368075
428.8056845259867,268.3370863756236,15.906521946369935,11.112775606368075
428.8056845259867,268.3370863756236,15.906521946369935,11.112775606368075
428.8056845259867,268.3370863756236,15.906521946369935,11.112775606368075
428.8056845259867,265.877528425825,15.906521946369935,11.112775606368075
428.8056845259867,265.877528425825,15.906521946369935,11.112775606368075
428.8056845259867,265.877528425825,15.906521946369935,11.112775606368075
428.8056845259867,265.877528425825,15.906521946369935,11.112775606368075
428.8056845259867,265.877528425825,15.906521946369935,11.112775606368075
428.8056845259867,265.877528425825,15.906521946369935,11.112775606368075
428.8056845259867,264.18827132393477,15.906521946369935,11.112775606368075
428.8056845259867,264.18827132393477,15.906521946369935,11.112775606368075
428.8056845259867,264.18827132393477,15.906521946369935,11.112775606368075
428.8056845259867,264.18827132393477,15.906521946369935,11.112775606368075
428.8056845259867,264.18827132393477,15.906521946369935,11.112775606368075
428.8056845259867,264.18827132393477,15.906521946369935,11.112775606368075
428.1731941266639,260.1824987948903,15.906521946369935,11.112775606368075
428.1731941266639,260.1824987948903,15.906521946369935,11.112775606368075
428.1731941266639,260.1824987948903,15.906521946369935,11.112775606368075
428.1731941266639,260.1824987948903,15.906521946369935,11.112775606368075
428.1731941266639,260.1824987948903,15.906521946369935,11.112775606368075
428.1731941266639,260.1824987948903,15.906521946369935,11.112775606368075
428.1731941266639,260.1824987948903,15.906521946369935,11.112775606368075
427.96236399355627,258.49585773002946,15.906521946369935,11.112775606368075
427.96236399355627,258.49585773002946,15.906521946369935,11.112775606368075
427.96236399355627,258.49585773002946,15.906521946369935,11.112775606368075
428.1731941266639,255.7550659996306,15.906521946369935,11.112775606368103
428.1731941266639,255.7550659996306,15.906521946369935,11.112775606368103
428.1731941266639,255.7550659996306,15.906521946369935,11.112775606368103
428.1731941266639,255.7550659996306,15.906521946369935,11.112775606368103
428.1731941266639,255.7550659996306,15.906521946369935,11.112775606368103
427.8934193789088,253.79664276534498,15.906521946369935,11.112775606368132
427.8934193789088,253.79664276534498,15.906521946369935,11.112775606368132
427.8934193789088,253.79664276534498,15.906521946369935,11.112775606368132
425.1629644882573,250.75709815817373,20.046575603644328,14.054392678641932
425.1629644882573,250.75709815817373,20.046575603644328,14.054392678641932
425.1629644882573,250.75709815817373,20.046575603644328,14.054392678641932
425.1629644882573,248.2150906903913,20.046575603644328,14.054392678641904
425.1629644882573,248.2150906903913,20.046575603644328,14.054392678641904
425.1629644882573,245.6665945463818,20.046575603644328,14.054392678641904
425.1629644882573,245.6665945463818,20.046575603644328,14.054392678641904
425.1629644882573,245.6665945463818,20.046575603644328,14.054392678641904
425.1629644882573,245.6665945463818,20.046575603644328,14.054392678641904
425.1629644882573,245.6665945463818,20.046575603644328,14.054392678641904
423.18023544576056,241.92811366276285,21.83107490140594,15.325125427477047
423.18023544576056,241.92811366276285,21.83107490140594,15.325125427477047
423.18023544576056,241.92811366276285,21.83107490140594,15.325125427477047
423.18023544576056,239.7760004566891,21.83107490140594,15.325125427477047
423.18023544576056,239.7760004566891,21.83107490140594,15.325125427477047
423.18023544576056,239.7760004566891,21.83107490140594,15.325125427477047
423.4876801894854,237.31644250689052,21.83107490140594,15.325125427477047
423.4876801894854,237.31644250689052,21.83107490140594,15.325125427477047
423.18023544576056,234.85688455709194,21.83107490140594,15.325125427477047
423.18023544576056,234.85688455709194,21.83107490140594,15.325125427477047
422.1681988609272,231.82077480259179,21.83107490140594,15.325125427477047
422.1681988609272,231.82077480259179,21.83107490140594,15.325125427477047
422.1681988609272,231.82077480259179,21.83107490140594,15.325125427477047
422.1681988609272,228.13143787789392,21.83107490140594,15.325125427477047
422.1681988609272,228.13143787789392,21.83107490140594,15.325125427477047
422.1681988609272,228.13143787789392,21.83107490140594,15.325125427477047
421.608649365417,223.9348166615676,21.83107490140594,15.325125427477047
421.608649365417,223.9348166615676,21.83107490140594,15.325125427477047
421.608649365417,223.9348166615676,21.83107490140594,15.325125427477047
421.608649365417,220.24547973686973,21.83107490140594,15.325125427477047
421.608649365417,220.24547973686973,21.83107490140594,15.325125427477047
421.608649365417,220.24547973686973,21.83107490140594,15.325125427477047
420.59509510428285,216.5291141127112,21.83107490140594,15.325125427477047
420.59509510428285,216.5291141127112,21.83107490140594,15.325125427477047
420.59509510428285,216.5291141127112,21.83107490140594,15.325125427477047
420.59509510428285,213.45159188740524,21.83107490140594,15.325125427477047
420.59509510428285,213.45159188740524,21.83107490140594,15.325125427477047
420.59509510428285,213.45159188740524,21.83107490140594,15.325125427477047
420.0355456087727,208.41564642781367,21.83107490140594,15.325125427477047
420.0355456087727,208.41564642781367,21.83107490140594,15.325125427477047
420.0355456087727,208.41564642781367,21.83107490140594,15.325125427477047
420.0355456087727,206.38853790554538,21.83107490140594,15.325125427477047
420.0355456087727,203.36990403755374,21.98995036814233,18.343759295468686
418.75089233255613,200.47567685488727,23.13226479619175,18.216658527001016
419.2264201552262,199.2827466378367,22.406641081060457,17.435534752877032
419.7809036006674,197.98192435373616,21.83107490140594,17.855087024768295
418.4071976392479,196.59584140412304,22.704016962320907,17.59477478585589
418.13802739680125,195.5048997539413,24.122429848326647,18.12567036260242
418.2191360059311,193.47862470248091,22.885225566943973,19.33089795652154
418.4983218901486,192.40149105466224,22.13851964513077,18.092128121000457
417.88343240269893,191.9149842282106,21.83107490140594,17.014382529367282
417.2077295619428,189.7168988197432,22.54952196371181,18.198913676700585
417.8226190493925,188.59390540054403,22.75340913258043,18.399572864725258
417.767279057453,187.55474160937516,22.110849649161025,18.402647652783003
417.51517430566764,187.9790159130944,21.83107490140594,15.325125427477047
415.94387859602074,184.13807084506863,23.576959023235815,19.166070495502822
414.62500089526304,183.354738456447,27.727600260806298,18.830232641818895
413.4508670520231,180.21965317919074,30.05780346820808,20.809248554913296
414.02890173410407,178.48554913294797,27.745664739884376,21.38728323699422
414.42966457791266,177.3710810483173,26.766867213994885,20.767647275382103
415.6834021007497,175.82433904945478,25.51312969115787,20.00225054592096
414.5273327365878,175.24630436737385,27.825268419481517,20.00225054592096
414.5273327365878,172.35613095696922,25.51312969115787,22.31438927424466
413.1778908204065,171.31101152665659,25.825358472885057,21.213687317012727
413.1778908204065,171.31101152665659,25.825358472885057,21.213687317012727
414.0745584001797,167.72434120756398,25.825358472885057,21.213687317012727
414.0745584001797,167.72434120756398,25.825358472885057,21.213687317012727
414.0745584001797,167.72434120756398,25.825358472885057,21.213687317012727
414.0745584001797,163.24100330869823,25.825358472885057,21.213687317012727
414.0745584001797,163.24100330869823,25.825358472885057,21.213687317012727
414.0745584001797,163.24100330869823,25.825358472885057,21.213687317012727
413.6262246102931,158.30933161994588,25.825358472885057,21.213687317012727
413.6262246102931,158.30933161994588,25.825358472885057,21.213687317012727
412.1482006101394,155.35328361963846,25.825358472885057,21.213687317012727
412.1482006101394,153.61917957339568,25.825358472885057,21.213687317012727
412.1482006101394,152.46311020923383,25.825358472885057,21.213687317012727
411.6998668202528,150.610543936384,25.825358472885057,21.213687317012727
409.96576277401,149.45447457222215,25.825358472885057,21.213687317012727
411.39242207652796,147.76983163212316,25.825358472885057,21.213687317012727
411.39242207652796,147.76983163212316,25.825358472885057,21.213687317012727
411.39242207652796,147.76983163212316,25.825358472885057,21.213687317012727
409.6945219200138,139.56046551983368,26.543940672586757,25.459499410230706
407.7238232531422,139.56046551983368,28.51463933945837,25.459499410230706
407.7238232531422,139.56046551983368,28.51463933945837,25.459499410230706
408.1408663486058,136.6866674813453,28.537024271018936,23.501078811427334
408.1408663486058,136.6866674813453,28.537024271018936,23.501078811427334
408.8165691893619,130.94319333491848,28.537024271018936,23.501078811427334
408.8165691893619,130.94319333491848,28.537024271018936,23.501078811427334
408.8165691893619,130.94319333491848,28.537024271018936,23.501078811427334
406.57837120732125,126.18702262308199,28.537024271018936,23.501078811427362
406.57837120732125,126.18702262308199,28.537024271018936,23.501078811427362
406.57837120732125,123.88817204836934,28.537024271018936,23.501078811427362
407.8513461778328,121.60431272924046,28.537024271018936,23.501078811427362
406.12720824679826,119.30546215452782,28.537024271018936,23.501078811427362
405.8929229435472,117.96724100842432,28.537024271018936,23.501078811427348
405.8929229435472,117.96724100842432,28.537024271018936,23.501078811427348
406.20036768727203,114.8927935711761,28.537024271018936,23.501078811427334
405.0509423999157,113.1686556401416,28.537024271018936,23.501078811427334
403.9015171125594,111.07543774993962,28.537024271018936,23.501078811427334
403.9015171125594,109.92601246258329,28.537024271018936,23.501078811427334
405.0509423999157,108.20187453154881,28.537024271018936,23.501078811427334
404.666378077503,106.08890459821968,28.537024271018936,23.501078811427348
404.666378077503,104.93947931086338,28.537024271018936,23.501078811427348
403.61932044772055,102.49335082442778,28.537024271018936,23.501078811427348
404.7687457350769,100.7692128933933,28.537024271018936,23.501078811427348
403.33954569996547,97.4574053648362,28.537024271018936,23.501078811427348
403.33954569996547,97.4574053648362,28.537024271018936,23.501078811427348
402.2257499285282,94.48728330767027,28.537024271018936,23.501078811427348
402.80378461060917,91.59710989726564,28.537024271018936,23.501078811427348
401.7165599403236,88.74850404966689,28.537024271018936,23.501078811427348
401.7165599403236,87.01440000342413,28.537024271018936,23.501078811427348
399.57803468208095,83.10982658959537,33.52601156069363,28.32369942196533
402.27610943583375,83.46975421546173,28.537024271018936,23.501078811427348
402.27610943583375,83.46975421546173,28.537024271018936,23.501078811427348
401.60040659507763,79.07768575054709,28.537024271018936,23.501078811427348
401.60040659507763,79.07768575054709,28.537024271018936,23.501078811427348
399.6269350520768,73.8075779446391,31.29988443122005,27.18489235836222
399.2093787980736,71.6055631054263,31.077217980214243,27.01252305649149
399.8070714355313,72.35267890224846,28.537024271018936,23.501078811427348
397.9005658346945,65.99766023279237,32.35003547269264,29.856097480883435
397.84393063583815,63.45664739884393,32.947976878612735,28.323699421965316
395.4902387226088,61.72692579257948,34.72363410976118,28.319316981987
395.72968321820474,59.50581915197337,32.453870739590116,29.09657376652909
395.72968321820474,59.50581915197337,32.453870739590116,29.09657376652909
395.72968321820474,59.50581915197337,32.453870739590116,29.09657376652909
396.7432374793389,51.3973850629002,32.453870739590116,29.09657376652909
396.7432374793389,51.3973850629002,32.453870739590116,29.09657376652909
395.39823610967915,48.707382323580745,32.453870739590116,29.09657376652909
395.39823610967915,48.707382323580745,32.453870739590116,29.09657376652909
395.39823610967915,46.24400898999122,32.453870739590116,29.096573766529097
395.39823610967915,46.24400898999122,32.453870739590116,29.096573766529097
393.7089790077889,42.18979194545464,32.453870739590116,29.096573766529097
393.7089790077889,42.18979194545464,32.453870739590116,29.096573766529097
393.2948169849504,39.192495731245906,32.99912763352705,29.73758594881796
393.2948169849504,39.192495731245906,32.99912763352705,29.73758594881796
393.2948169849504,39.192495731245906,32.99912763352705,29.73758594881796
393.85436648046056,35.27564926267468,32.99912763352705,29.73758594881796
393.85436648046056,35.27564926267468,32.99912763352705,29.73758594881796
392.50936511080084,32.137312733468654,32.99912763352705,29.73758594881796
392.50936511080084,32.137312733468654,32.99912763352705,29.73758594881796
392.50936511080084,32.137312733468654,32.99912763352705,29.73758594881796
392.50936511080084,32.137312733468654,32.99912763352705,29.73758594881796
393.3253326157109,29.28142646628336,32.99912763352705,29.737585948817955
393.3253326157109,29.28142646628336,32.99912763352705,29.737585948817955
393.3253326157109,29.28142646628336,32.99912763352705,29.737585948817955
393.8180072824288,26.32537846597593,32.99912763352705,29.73758594881795
393.8180072824288,26.32537846597593,32.99912763352705,29.73758594881795
393.8180072824288,26.32537846597593,32.99912763352705,29.73758594881795
393.8180072824288,26.32537846597593,32.99912763352705,29.73758594881795
393.8180072824288,26.32537846597593,32.99912763352705,29.73758594881795
393.8180072824288,26.32537846597593,32.99912763352705,29.73758594881795
393.8180072824288,26.32537846597593,32.99912763352705,29.73758594881795
392.70421151099157,21.87019538022702,32.99912763352705,29.737585948817948
392.70421151099157,21.87019538022702,32.99912763352705,29.737585948817948
392.70421151099157,21.87019538022702,32.99912763352705,29.737585948817948
392.70421151099157,21.87019538022702,32.99912763352705,29.737585948817948
392.70421151099157,21.87019538022702,32.99912763352705,29.737585948817948
392.70421151099157,21.87019538022702,32.99912763352705,29.737585948817948
394.6749101778632,18.91414737991959,32.99912763352705,29.737585948817944
394.6749101778632,18.91414737991959,32.99912763352705,29.737585948817944
398.6163075116064,17.436123379765878,32.99912763352705,29.737585948817948
398.6163075116064,17.436123379765878,32.99912763352705,29.737585948817948
398.6163075116064,17.436123379765878,32.99912763352705,29.737585948817948
398.6163075116064,17.436123379765878,32.99912763352705,29.737585948817948
400.7819100553232,15.811921471978316,32.99912763352705,29.737585948817944
401.23024384520977,14.466920102318587,32.99912763352705,29.737585948817944
403.9372470248557,12.842718194531027,32.99912763352705,29.73758594881794
407.1856508404308,12.842718194531027,32.99912763352705,29.73758594881794
408.1710001738666,10.872019527659408,32.99912763352705,29.737585948817934
411.12704817417404,10.872019527659408,32.99912763352705,29.737585948817934
411.12704817417404,10.872019527659408,32.99912763352705,29.737585948817934
415.06844550791726,10.872019527659408,32.99912763352705,29.737585948817934
415.06844550791726,10.872019527659408,32.99912763352705,29.737585948817934
418.8582499594216,9.247817619871846,32.99912763352705,29.73758594881793
418.8582499594216,9.247817619871846,32.99912763352705,29.73758594881793
423.7308556827843,7.623615712084285,32.99912763352705,29.737585948817934
423.7308556827843,7.623615712084285,32.99912763352705,29.737585948817934
426.1106394199372,7.028669777796063,32.99912763352705,29.737585948817937
430.5447114203983,7.028669777796063,32.99912763352705,29.737585948817937
430.5447114203983,7.028669777796063,32.99912763352705,29.737585948817937
434.11438702612764,6.433723843507842,32.99912763352705,29.737585948817937
434.11438702612764,6.433723843507842,32.99912763352705,29.737585948817937
438.5484590265888,4.955699843354127,32.99912763352705,29.737585948817937
439.662254798026,5.326965100499869,32.99912763352705,29.737585948817937
443.4578266929955,6.053699013277477,33.351944227402214,27.496259363049152
444.93585069314923,5.068349679841667,33.351944227402214,27.496259363049155
447.80922503671786,5.068349679841667,30.478569883833586,26.658191846174965
449.86259736032827,5.068349679841667,28.425197560223182,26.018235362895442
449.39103377889813,4.697084422695925,33.351944227402214,27.496259363049155
451.7241379310345,2.3908045977011483,31.58946684347336,29.189833155953615
452.8735632183908,2.9655172413793096,34.48275862068965,29.310344827586206
454.87269278206384,1.2486900864748822,32.230716443948324,31.414748939038255
454.87269278206384,1.2486900864748822,32.230716443948324,31.414748939038255
455.85804211549964,0.7560154197569774,32.230716443948324,31.414748939038255
455.85804211549964,0.7560154197569774,32.230716443948324,31.414748939038255
458.2378258526525,0.7560154197569774,32.230716443948324,31.414748939038255
458.2378258526525,0.7560154197569774,32.230716443948324,31.414748939038255
458.2378258526525,0.7560154197569774,32.230716443948324,31.414748939038255
459.2855068631199,0.7560154197569774,32.230716443948324,31.414748939038255
460.84191796588624,0.7560154197569774,30.67430534118199,31.29502500805623
460.76131779487315,0.7560154197569774,30.75490551219508,31.414748939038255
461.2801251959959,0.7560154197569774,31.3873959115179,30.993088672823045
461.41734368765674,0.7560154197569774,31.25017741985704,31.414748939038255
462.6610611978751,0.7560154197569774,30.006459909638693,30.93812253882905
462.9671306201552,0.7560154197569774,32.230716443948324,31.414748939038255
462.9671306201552,0.7560154197569774,32.230716443948324,31.414748939038255
462.9671306201552,0.7560154197569774,32.230716443948324,31.414748939038255
462.9671306201552,0.7560154197569774,32.230716443948324,31.414748939038255
462.9671306201552,0.7560154197569774,32.230716443948324,31.414748939038255
462.9671306201552,0.7560154197569774,32.230716443948324,31.414748939038255
462.9671306201552,0.7560154197569774,32.230716443948324,31.414748939038255
462.9671306201552,0.7560154197569774,32.230716443948324,31.414748939038255
462.9671306201552,0.7560154197569774,32.230716443948324,31.414748939038255
465.2693953387734,0.7560154197569774,29.92845172533015,31.414748939038255
464.02128128569325,4.2099088210936335,31.176565778410293,31.203918805930655
464.67747262408926,4.2099088210936335,30.52037444001428,31.41474893903826
463.920520349669,5.163298550607434,32.230716443948324,31.414748939038265
464.8783117975252,5.163298550607434,31.272924996092115,31.414748939038265
465.35720752145335,5.163298550607434,30.794029272163982,31.414748939038265
463.7931034482759,9.862068965517242,32.35813334534146,29.528663624255064
465.3368544955787,11.91011217280688,30.48753595667489,28.691029427673538
463.920520349669,12.392381160991334,33.09817637380553,29.101522459419094
463.920520349669,11.08919231376532,32.230716443948324,31.414748939038265
463.920520349669,11.08919231376532,32.230716443948324,31.414748939038265
465.65569007095735,12.824362035053685,32.230716443948324,31.414748939038272
464.367816091954,16.758620689655174,33.51859042295166,28.8684977610382
464.9425287356322,17.333333333333336,32.943877779273464,29.77956588998216
466.6666666666667,19.632183908045974,31.219739848238987,27.48071531526952
464.9425287356322,19.632183908045974,32.943877779273464,29.636056502187174
466.0919540229885,21.356321839080458,31.794452491917184,27.91191857115269
466.8051153583136,21.301767333263843,33.19488464168637,29.939611977080983
466.270579558407,20.931166889286995,32.230716443948324,31.414748939038272
466.270579558407,20.931166889286995,32.230716443948324,31.414748939038272
466.270579558407,20.931166889286995,32.230716443948324,31.414748939038272
466.270579558407,22.368061013898764,32.230716443948324,31.414748939038272
466.3697229495928,25.639792923030672,32.230716443948324,31.414748939038272
466.84529220208515,26.247540131850894,32.230716443948324,31.414748939038272
467.42000484576334,27.971678062885385,32.230716443948324,31.414748939038272
467.42000484576334,27.828168675090392,32.230716443948324,31.414748939038272
467.42000484576334,30.7017318934812,32.230716443948324,31.414748939038272
466.8452922020852,31.132935149364368,32.230716443948324,31.414748939038272
466.84529220208515,32.28236043672068,32.230716443948324,31.414748939038276
467.42000484576334,32.56982927397614,32.230716443948324,31.41474893903827
466.9890266207129,34.58143604226608,32.230716443948324,31.414748939038276
466.9890266207129,33.432010754909754,32.230716443948324,31.414748939038276
466.9890266207129,35.731086360455116,32.230716443948324,31.41474893903827
466.9890266207129,36.59326784138874,32.230716443948324,31.414748939038276
466.9890266207129,37.45544932232234,32.230716443948324,31.414748939038276
466.9890266207129,37.45544932232234,32.230716443948324,31.414748939038276
466.9890266207129,38.892343446934106,32.230716443948324,31.414748939038276
466.9890266207129,38.892343446934106,32.230716443948324,31.414748939038276
466.9890266207129,38.892343446934106,32.230716443948324,31.414748939038276
466.9890266207129,41.76613169615764,32.230716443948324,31.414748939038276
466.9890266207129,41.76613169615764,32.230716443948324,31.414748939038276
466.9890266207129,44.63991994538118,32.230716443948324,31.414748939038276
466.9890266207129,44.63991994538118,32.230716443948324,31.414748939038276
466.9890266207129,44.63991994538118,32.230716443948324,31.414748939038276
466.9890266207129,44.63991994538118,32.230716443948324,31.414748939038276
466.9890266207129,48.950602319216486,32.230716443948324,31.414748939038276
466.9890266207129,48.950602319216486,32.230716443948324,31.414748939038276
466.9890266207129,48.950602319216486,32.230716443948324,31.414748939038276
466.9890266207129,50.387496443828255,32.230716443948324,31.414748939038276
466.270579558407,51.82439056844002,32.230716443948324,31.414748939038276
466.270579558407,51.82439056844002,32.230716443948324,31.414748939038276
466.270579558407,53.979731755357676,32.230716443948324,31.414748939038276
466.270579558407,53.979731755357676,32.230716443948324,31.414748939038276
466.270579558407,58.57765793561569,32.230716443948324,31.414748939038276
466.270579558407,60.30179586665018,32.230716443948324,31.414748939038276
466.270579558407,59.72730825380475,32.230716443948324,31.414748939038276
466.270579558407,59.72730825380475,32.230716443948324,31.414748939038276
466.270579558407,61.16420237841652,32.230716443948324,31.414748939038276
466.270579558407,61.16420237841652,32.230716443948324,31.414748939038276
466.270579558407,61.16420237841652,32.230716443948324,31.414748939038276
466.270579558407,64.03799062764006,32.230716443948324,31.414748939038276
464.83368543379527,68.7113045443535,32.79026593945849,28.89677620924249
464.83368543379527,68.5614976661587,32.230716443948324,29.046583087437284
464.83368543379527,69.49980536078445,32.614427230384706,30.263616579729188
464.83368543379527,68.34867300147536,32.230716443948324,31.414748939038276
465.55213249610114,69.78556712608713,32.230716443948324,31.414748939038276
465.55213249610114,71.94090831300478,32.230716443948324,31.414748939038276
464.53857823496696,72.95446257413892,32.230716443948324,31.414748939038276
464.53857823496696,72.95446257413892,32.230716443948324,31.414748939038276
465.55213249610114,74.81469656222832,32.230716443948324,31.414748939038276
465.55213249610114,74.81469656222832,32.230716443948324,31.414748939038276
464.1152383714894,76.97003774914597,32.230716443948324,31.414748939038276
464.1152383714894,76.97003774914597,32.230716443948324,31.414748939038276
464.1152383714894,79.84382599836951,32.230716443948324,31.414748939038276
464.1152383714894,81.28072012298128,32.230716443948324,31.414748939038276
464.1152383714894,82.71761424759305,32.230716443948324,31.414748939038276
464.1152383714894,83.43606130989893,32.230716443948324,31.414748939038276
464.1152383714894,84.8729554345107,32.230716443948324,31.414748939038276
464.1152383714894,84.8729554345107,32.230716443948324,31.414748939038276
464.1152383714894,84.8729554345107,32.230716443948324,31.414748939038276
463.3967913091835,87.74674368373424,32.230716443948324,31.414748939038276
463.3967913091835,89.183637808346,32.230716443948324,31.414748939038276
463.3967913091835,89.90208487065189,32.230716443948324,31.414748939038276
463.3967913091835,91.33897899526366,32.230716443948324,31.414748939038276
463.3967913091835,91.33897899526366,32.230716443948324,31.414748939038276
463.3967913091835,92.05742605756954,32.230716443948324,31.414748939038276
463.3967913091835,93.49432018218131,32.230716443948324,31.414748939038276
463.3967913091835,93.49432018218131,32.230716443948324,31.414748939038276
462.67834424687766,94.93121430679308,32.230716443948324,31.414748939038276
462.67834424687766,94.93121430679308,32.230716443948324,31.414748939038276
462.67834424687766,96.36810843140485,32.230716443948324,31.414748939038276
462.67834424687766,97.80500255601662,32.230716443948324,31.41474893903826
462.67834424687766,97.80500255601662,32.230716443948324,31.41474893903826
461.2414501222659,102.83413199215781,32.230716443948324,31.414748939038162
461.2414501222659,105.07232997419851,32.230716443948324,29.17655095699746
461.2414501222659,102.83413199215781,32.230716443948324,31.414748939038162
461.2414501222659,104.27102611676958,32.230716443948324,31.414748939038134
461.2414501222659,106.42636730368723,32.230716443948324,31.41474893903809
461.2414501222659,108.6645652857279,32.230716443948324,31.41474893903809
461.2414501222659,108.6645652857279,32.230716443948324,31.41474893903809
461.2414501222659,110.81990647264556,32.230716443948324,31.41474893903805
461.2414501222659,110.81990647264556,32.230716443948324,31.41474893903805
461.2414501222659,113.6936947218691,32.230716443948324,31.41474893903799
461.2414501222659,113.6936947218691,32.230716443948324,31.41474893903799
461.2414501222659,115.13058884648086,32.230716443948324,31.414748939037963
461.2414501222659,115.84903590878675,32.230716443948324,31.41474893903795
461.2414501222659,115.84903590878675,32.230716443948324,31.41474893903795
461.2414501222659,117.28593003339851,32.230716443948324,31.41474893903792
461.2414501222659,118.72282415801028,32.230716443948324,31.414748939037892
461.2414501222659,120.87816534492794,32.230716443948324,31.41474893903785
461.2414501222659,120.87816534492794,32.230716443948324,31.41474893903785
461.2414501222659,123.03350653184559,32.230716443948324,31.414748939037807
461.2414501222659,123.03350653184559,32.230716443948324,31.414748939037807
461.2414501222659,125.90729478106913,32.230716443948324,31.41474893903775
461.2414501222659,128.06263596798678,32.230716443948324,31.414748939037707
461.2414501222659,128.06263596798678,32.230716443948324,31.414748939037707
461.2414501222659,131.65487127951627,32.230716443948324,31.414748939037707
461.2414501222659,131.65487127951627,32.230716443948324,31.414748939037707
461.2414501222659,134.52865952873987,32.230716443948324,31.414748939037707
461.2414501222659,134.52865952873987,32.230716443948324,31.414748939037707
461.2414501222659,138.95609232399957,32.86320684327114,29.51727774106925
461.2414501222659,140.27623602718705,32.230716443948324,31.414748939037707
461.2414501222658,140.91182629436972,32.230716443948324,31.414748939038276
461.2414501222658,140.91182629436972,32.230716443948324,31.414748939038276
461.2414501222658,143.78561454359325,34.38605763086599,28.54096068981474
461.2414501222658,145.940955730511,32.230716443948324,31.414748939038276
461.2414501222658,145.940955730511,32.230716443948324,31.414748939038276
461.2414501222658,148.0962969174287,32.230716443948324,31.414748939038276
461.2414501222658,148.0962969174287,32.230716443948324,31.414748939038276
461.2414501222658,153.96429067580382,32.230716443948324,27.70209636758085
461.2414501222658,154.64864824069699,32.230716443948324,29.173079989605384
461.2414501222658,153.8438734158759,32.230716443948324,31.414748939038276
461.2414501222658,155.2807675404877,32.230716443948324,31.414748939038276
461.2414501222658,159.59144991432302,32.230716443948324,28.54096068981474
461.9598971845717,158.15455578971128,32.230716443948324,31.414748939038276
461.9598971845717,163.9021322881584,32.230716443948324,27.82251362750887
461.9598971845717,163.18368522585257,32.230716443948324,31.414748939038276
461.9598971845717,165.33902641277027,32.230716443948324,31.414748939038276
461.9598971845717,167.49436759968796,32.230716443948324,31.414748939038276
461.9598971845717,170.81154743116474,33.62742374141226,28.097569107561498
461.9598971845717,173.5456651836396,33.66059564457595,28.23723960431022
461.9598971845717,174.37694877692707,32.230716443948324,29.561297197940462
461.9598971845717,175.3972852850528,34.38605763086599,28.54096068981474
461.9598971845717,176.83417940966464,32.230716443948324,31.414748939038276
461.9598971845717,181.14486178349995,32.230716443948324,27.10406656520297
461.9598971845717,180.42641472119413,32.230716443948324,30.696301876732377
461.9598971845717,183.3973045835861,33.767940162572415,27.725412014340407
461.9598971845717,185.31512820097012,34.31584965268337,27.244482521568187
461.92679836898355,186.34950182038173,33.204032322280796,29.822140141307756
461.92679836898355,186.34950182038173,33.204032322280796,29.822140141307756
461.92679836898355,188.50484300729943,33.204032322280796,29.822140141307756
461.92679836898355,192.09707831882892,33.204032322280796,29.822140141307756
461.92679836898355,193.93898509229635,34.388115248081306,27.980233367840327
461.92679836898355,194.97086656805251,33.204032322280796,29.822140141307756
461.92679836898355,198.0405528595434,35.12258625446259,26.752453849816874
462.6452454312894,199.9999960041938,33.204032322280796,29.822140141307756
462.6452454312894,203.83710386855742,33.77959850193537,25.98503227694414
462.6452454312894,205.36790436525374,33.58774310871718,27.328020029471418
462.6452454312894,205.747572502641,33.204032322280796,29.822140141307756
462.6452454312894,208.5409870975688,33.727797558829764,27.028725546379945
462.6452454312894,209.33980781417048,33.204032322280796,29.822140141307756
462.6452454312894,209.33980781417048,33.204032322280796,29.822140141307756
461.92679836898355,212.21359606339408,33.204032322280796,29.822140141307756
461.92679836898355,214.36893725031177,33.204032322280796,29.822140141307756
462.6452454312894,218.67961962414716,33.204032322280796,29.822140141307756
462.6452454312894,218.67961962414716,33.204032322280796,29.822140141307756
462.6452454312894,218.67961962414716,33.204032322280796,29.822140141307756
462.6452454312894,222.27185493567666,33.204032322280796,29.822140141307756
461.96961481472124,225.24303491993953,34.624919197913755,26.987069374844538
461.96961481472124,226.67992904455133,34.624919197913755,26.987069374844538
461.96961481472124,228.11682316916313,34.624919197913755,26.987069374844538
461.96961481472124,230.27216435608082,34.624919197913755,26.987069374844594
461.96961481472124,232.42750554299852,34.624919197913755,26.98706937484468
461.96961481472124,232.42750554299852,34.624919197913755,26.98706937484468
461.96961481472124,236.7381879168339,34.624919197913755,26.98706937484485
461.96961481472124,238.8935291037516,34.624919197913755,26.987069374844936
461.96961481472124,242.4857644152811,34.624919197913755,26.987069374845078
461.96961481472124,243.9226585398929,34.624919197913755,26.987069374845134
461.96961481472124,245.3595526645047,34.624919197913755,26.98706937484519
461.96961481472124,245.3595526645047,34.624919197913755,26.98706937484519
463.28502960453204,249.339797399243,34.725826172490656,23.406357972617997
463.7351930967802,252.75451354935106,34.533970779272465,23.022647186181672
463.7351930967802,252.75451354935106,34.533970779272465,23.022647186181672
463.7351930967802,256.34674886088055,34.533970779272465,23.022647186181757
463.7351930967802,256.34674886088055,34.533970779272465,23.022647186181757
463.7351930967802,259.22053711010403,34.533970779272465,23.022647186181757
463.7351930967802,262.0943253593275,34.533970779272465,23.022647186181757
463.7351930967802,262.0943253593275,34.533970779272465,23.022647186181757
463.7351930967802,265.68656067085686,34.533970779272465,23.022647186181757
463.7351930967802,265.68656067085686,34.533970779272465,23.022647186181757
463.7351930967802,265.68656067085686,34.533970779272465,23.022647186181757
463.7351930967802,269.9972430446921,34.533970779272465,23.022647186181757
463.7351930967802,272.1525842316097,34.533970779272465,23.022647186181757
463.7351930967802,272.1525842316097,34.533970779272465,23.022647186181757
463.7351930967802,275.74481954313904,34.533970779272465,23.022647186181757
463.7351930967802,275.74481954313904,34.533970779272465,23.022647186181757
465.17208722139196,280.05550191697426,34.533970779272465,23.022647186181757
465.89053428369783,281.492396041586,34.533970779272465,23.022647186181757
467.3274284083096,281.492396041586,34.533970779272465,23.022647186181757
467.3274284083096,284.86567817130765,35.7989515779181,19.649365056460056
468.04587547061544,283.6477372285036,34.533970779272465,23.022647186181757
469.4827695952272,287.23997254003297,34.533970779272465,23.022647186181757
469.4827695952272,287.23997254003297,34.533970779272465,23.022647186181757
470.9196637198389,291.5425318651681,36.00978171102571,19.438534923352506
471.6381107821448,293.7059961007858,34.725826172490656,21.67965943365448
472.35655784445066,295.14289022539754,35.37729131170289,20.914345855105694
473.66413111268423,295.14289022539754,34.533970779272465,23.022647186181757
473.66413111268423,297.94063770294844,37.331718256823365,20.224899708630858
474.3825781749901,299.45357259923276,34.533970779272465,23.022647186181757
476.1785406161342,301.8482581717007,34.533970779272465,23.022647186181757
476.1785406161342,301.8482581717007,34.533970779272465,23.022647186181757
477.61543474074597,304.7220464209242,34.53397077927252,23.022647186181757
477.61543474074597,304.7220464209242,34.53397077927252,23.022647186181757
479.7707759276636,308.31428173245354,34.53397077927235,23.022647186181757
479.7707759276636,308.31428173245354,34.53397077927235,23.022647186181757
479.7707759276636,308.31428173245354,34.53397077927235,23.022647186181757
481.9261171145812,314.0618582309005,34.53397077927218,23.022647186181757
483.36301123919293,316.2171994178181,34.53397077927207,23.022647186181757
483.36301123919293,316.2171994178181,34.53397077927207,23.022647186181757
485.51835242611054,319.0909876670416,34.5339707792719,23.022647186181757
487.67369361302815,319.0909876670416,34.533970779271726,23.022647186181757
487.67369361302815,319.0909876670416,34.533970779271726,23.022647186181757
489.1105877376399,325.5570112277944,34.53397077927161,23.022647186181757
489.1105877376399,325.5570112277944,34.53397077927161,23.022647186181757
489.786290578396,328.2598225908189,34.5339707792715,23.022647186181757
489.786290578396,328.2598225908189,34.5339707792715,23.022647186181757
489.786290578396,331.85205790234824,34.5339707792715,23.022647186181757
489.786290578396,331.85205790234824,34.5339707792715,23.022647186181757
491.22318470300775,336.16274027618346,34.533970779271385,23.022647186181757
491.22318470300775,336.16274027618346,34.533970779271385,23.022647186181757
491.9416317653136,340.4734226500187,34.53397077927133,23.022647186181757
492.6600788276195,341.9103167746304,34.53397077927127,23.022647186181757
492.6600788276195,343.34721089924216,34.53397077927127,23.022647186181757
492.6600788276195,345.50255208615977,34.53397077927127,23.022647186181757
492.6600788276195,346.9394462107715,34.53397077927127,23.022647186181757
492.6600788276195,346.9394462107715,34.53397077927127,23.022647186181757
492.6600788276195,349.813234459995,34.53397077927127,23.022647186181757
492.6600788276195,355.56081095844195,34.53397077927127,23.022647186181757
494.0969729522312,355.56081095844195,34.53397077927116,23.022647186181757
494.0969729522312,357.71615214535956,34.53397077927116,23.022647186181757
494.0969729522312,359.1530462699713,34.53397077927116,23.022647186181757
494.0969729522312,360.58994039458304,34.53397077927116,23.022647186181757
494.0969729522312,360.58994039458304,34.53397077927116,23.022647186181757
494.0969729522312,364.90062276841826,34.53397077927116,23.022647186181757
494.0969729522312,364.90062276841826,34.53397077927116,23.022647186181757
494.0969729522312,367.77441101764174,34.53397077927116,23.022647186181757
493.96704866724207,371.7013162567252,35.663590272079375,24.903024241710625
493.02169404461563,372.69283716341647,35.04870078462977,23.673245266811307
494.77396609233637,375.460748313418,32.77158777667074,23.311748006085395
494.77396609233637,375.460748313418,32.77158777667074,23.311748006085395
494.77396609233637,378.33453656264146,32.77158777667074,23.311748006085395
494.77396609233637,381.9267718741708,32.77158777667074,23.311748006085395
494.77396609233637,381.9267718741708,32.77158777667074,23.311748006085395
494.0555190300305,384.0821130610884,32.7715877766708,23.311748006085395
494.0555190300305,386.9559013103119,32.7715877766708,23.311748006085395
494.0555190300305,386.9559013103119,32.7715877766708,23.311748006085395
494.0555190300305,389.1112424972295,32.7715877766708,23.311748006085395
493.3370719677246,392.70347780875886,32.771587776670856,23.311748006085395
493.3370719677246,394.1403719333706,32.771587776670856,23.311748006085395
493.3370719677246,397.0141601825941,32.771587776670856,23.311748006085395
494.0555190300305,399.88794843181756,32.7715877766708,23.311748006085395
494.0555190300305,399.88794843181756,32.7715877766708,23.311748006085395
494.0555190300305,402.0432896187352,32.7715877766708,23.311748006085395
494.0555190300305,404.1986308056528,32.7715877766708,23.311748006085395
494.0555190300305,406.3539719925704,32.7715877766708,23.311748006085395
494.0555190300305,407.79086611718213,32.7715877766708,23.311748006085395
493.3370719677246,409.2277602417939,32.771587776670856,23.311748006085395
493.3370719677246,409.2277602417939,32.771587776670856,23.311748006085395
492.61862490541876,412.10154849101735,32.77158777667091,23.311748006085395
492.61862490541876,412.10154849101735,32.77158777667091,23.311748006085395
492.61862490541876,414.97533674024083,32.77158777667091,23.311748006085395
493.3370719677246,416.4122308648526,32.771587776670856,23.311748006085395
493.3370719677246,417.8491249894643,32.771587776670856,23.311748006085395
493.3370719677246,420.0044661763819,32.771587776670856,23.311748006085395
492.61862490541876,422.15980736329954,32.77158777667091,23.311748006085395
492.61862490541876,422.15980736329954,32.77158777667091,23.311748006085395
491.9001778431129,426.47048973713476,32.77158777667097,23.311748006085395
491.9001778431129,426.47048973713476,32.77158777667097,23.311748006085395
491.181730780807,430.0627250486641,32.771587776671026,23.311748006085395
491.181730780807,430.0627250486641,32.771587776671026,23.311748006085395
491.181730780807,432.2180662355817,32.771587776671026,23.311748006085395
491.181730780807,435.0918544848052,32.771587776671026,23.311748006085395
491.181730780807,437.9656427340287,32.771587776671026,23.311748006085395
491.181730780807,437.9656427340287,32.771587776671026,23.311748006085395
491.181730780807,439.4025368586404,32.771587776671026,23.311748006085395
491.181730780807,439.4025368586404,32.771587776671026,23.311748006085395
491.181730780807,443.71321923247564,32.771587776671026,23.311748006085395
491.181730780807,443.71321923247564,32.771587776671026,23.311748006085395
491.181730780807,446.31597381440815,32.771587776671026,23.311748006085395
489.7448366561953,447.7528679390199,32.77158777667114,23.311748006085395
489.7448366561953,447.7528679390199,32.77158777667114,23.311748006085395
489.7448366561953,451.34510325054924,32.77158777667114,23.311748006085395
489.7448366561953,451.34510325054924,32.77158777667114,23.311748006085395
489.7448366561953,454.9373385620786,32.77158777667114,23.311748006085395
489.7448366561953,454.9373385620786,32.77158777667114,23.311748006085395
489.7448366561953,458.52957387360794,32.77158777667114,23.311748006085395
489.7448366561953,459.9664679982197,32.77158777667114,23.311748006085395
489.7448366561953,462.1218091851373,32.77158777667114,23.311748006085395
489.7448366561953,464.9955974343608,32.77158777667114,23.311748006085395
489.7448366561953,464.9955974343608,32.77158777667114,23.311748006085395
489.7448366561953,467.1509386212784,32.77158777667114,23.311748006085395
489.7448366561953,467.1509386212784,32.77158777667114,23.311748006085395
489.7448366561953,468.5878327458901,32.77158777667114,23.311748006085395
489.7448366561953,468.5878327458901,32.77158777667114,23.311748006085395
489.7448366561953,470.74317393280774,32.77158777667114,23.311748006085395
488.47383292230404,472.8155699243651,36.26684804487206,22.676246139139778
489.7448366561953,472.1800680574195,32.77158777667114,23.311748006085395
489.7448366561953,472.1800680574195,32.77158777667114,23.311748006085395
489.7448366561953,475.05385630664296,32.77158777667114,23.311748006085395
489.7448366561953,475.05385630664296,32.77158777667114,23.311748006085395
489.7448366561953,476.4907504312547,32.77158777667114,23.311748006085395
489.7448366561953,476.4907504312547,32.77158777667114,23.311748006085395
489.7448366561953,476.4907504312547,32.77158777667114,23.311748006085395
489.7448366561953,476.4907504312547,32.77158777667114,23.311748006085395
489.7448366561953,478.6460916181723,32.77158777667114,23.311748006085395
489.7448366561953,478.6460916181723,32.77158777667114,23.311748006085395
489.7448366561953,478.6460916181723,32.77158777667114,23.311748006085395
489.0263895938894,481.5198798673958,32.7715877766712,23.311748006085395
489.0263895938894,481.5198798673958,32.7715877766712,23.311748006085395
489.0263895938894,481.5198798673958,32.7715877766712,23.311748006085395
489.0263895938894,484.05020582398555,32.7715877766712,23.311748006085395
489.0263895938894,484.05020582398555,32.7715877766712,23.311748006085395
489.0263895938894,484.05020582398555,32.7715877766712,23.311748006085395
489.0263895938894,487.1932488553877,32.7715877766712,23.311748006085395
489.0263895938894,487.1932488553877,32.7715877766712,23.311748006085395
489.0263895938894,487.1932488553877,32.7715877766712,23.311748006085395
489.0263895938894,487.1932488553877,32.7715877766712,23.311748006085395
489.3338343376142,485.9634698804884,32.7715877766712,23.311748006085395
489.0263895938894,488.6798769513687,36.035457796311505,23.320123048631274
489.0263895938894,488.8380206086119,35.53444793687237,23.161979391388115
489.0263895938894,489.2066911463264,35.37396756624281,22.79330885367358
489.0263895938894,489.0192180560696,35.154719777717276,22.980781943930424
489.0263895938894,489.687699849497,35.841274068162136,22.312300150503006
489.0263895938894,489.4958444562788,35.93403977328529,22.504155543721197
489.0263895938894,489.0741841900636,35.51237950707008,22.92581580993641
489.0263895938894,489.4958444562788,36.266848044872006,22.504155543721197
489.0263895938894,488.863354056956,36.355700039500505,23.136645943044016
489.0263895938894,489.0741841900636,36.355700039500505,22.92581580993641
489.0263895938894,489.0031697895609,37.205659777132325,22.504155543721197
489.0263895938894,489.6704328684618,37.13629808124591,22.329567131538226
489.0263895938894,489.917504722494,36.56653017260811,22.082495277505984
489.0263895938894,489.3369689895424,35.949097111399226,22.663031010457587
489.0263895938894,489.4958444562788,36.5845989783449,22.504155543721197
489.0263895938894,488.5735102251043,37.38325893254347,23.426489774895686
489.0263895938894,489.01694873235067,37.5605450159523,22.98305126764933
489.0263895938894,489.10115014767865,37.771049018940005,22.898849852321348
489.0263895938894,489.0992708915355,37.728757335961916,22.900729108464475
489.0263895938894,489.4958444562788,38.87534451015682,21.937681555281927
489.0263895938894,489.4958444562788,32.7715877766712,22.504155543721197
489.0263895938894,489.4958444562788,32.7715877766712,22.504155543721197
491.1217516148242,489.4958444562788,32.7715877766712,22.504155543721197
491.1217516148242,489.4958444562788,32.7715877766712,22.504155543721197
491.1217516148242,489.4958444562788,32.7715877766712,22.504155543721197
491.1217516148242,489.4958444562788,32.7715877766712,22.504155543721197
491.1217516148242,489.4958444562788,32.7715877766712,22.504155543721197
491.1217516148242,489.4958444562788,32.7715877766712,22.504155543721197
493.21711363575895,489.4958444562788,32.7715877766712,22.504155543721197
493.21711363575895,489.4958444562788,32.7715877766712,22.504155543721197
490.4701571912112,487.0380413216834,36.675157461028505,22.648732198697417
490.8339816347129,486.1594596548143,34.836968844244325,22.504155543721197
491.1517325681857,486.47721058828716,35.6313461779265,23.139657410666814
491.6895436711451,485.9315145388465,35.317537717694336,22.758750537823516
491.87412588323167,485.6587365919152,35.64941867494389,23.271577116593903
492.86793681139295,485.1311341517041,32.771587776671254,22.504155543721197
493.21711363575895,489.4958444562788,32.7715877766712,22.504155543721197
493.21711363575895,489.4958444562788,32.7715877766712,22.504155543721197
493.21711363575895,489.4958444562788,32.7715877766712,22.504155543721197
492.26372390624516,486.63567526773744,32.7715877766712,22.504155543721197
492.26372390624516,486.63567526773744,32.7715877766712,22.504155543721197
492.26372390624516,486.63567526773744,32.7715877766712,22.504155543721197
492.26372390624516,486.63567526773744,32.7715877766712,22.504155543721197
492.26372390624516,486.63567526773744,32.7715877766712,22.504155543721197
492.26372390624516,486.63567526773744,32.7715877766712,22.504155543721197
492.26372390624516,486.63567526773744,32.7715877766712,22.504155543721197
492.26372390624516,486.63567526773744,32.7715877766712,22.504155543721197
492.26372390624516,486.63567526773744,32.7715877766712,22.504155543721197
492.26372390624516,486.63567526773744,32.7715877766712,22.504155543721197
492.26372390624516,486.63567526773744,32.7715877766712,22.504155543721197
493.21711363575895,484.72889580870986,32.7715877766712,22.504155543721197
493.21711363575895,484.72889580870986,32.7715877766712,22.504155543721197
493.21711363575895,484.72889580870986,32.7715877766712,22.504155543721197
493.21711363575895,484.72889580870986,32.7715877766712,22.504155543721197
493.21711363575895,484.72889580870986,32.7715877766712,22.504155543721197
493.21711363575895,484.72889580870986,32.7715877766712,22.504155543721197
493.21711363575895,484.72889580870986,32.7715877766712,22.504155543721197
493.21711363575895,484.72889580870986,32.7715877766712,22.504155543721197
493.21711363575895,484.72889580870986,32.7715877766712,22.504155543721197
493.21711363575895,484.72889580870986,32.7715877766712,22.504155543721197
493.21711363575895,484.72889580870986,32.7715877766712,22.504155543721197
493.21711363575895,484.72889580870986,32.7715877766712,22.504155543721197
493.21711363575895,484.72889580870986,32.7715877766712,22.504155543721197
493.21711363575895,484.72889580870986,32.7715877766712,22.504155543721197
493.21711363575895,484.72889580870986,32.7715877766712,22.504155543721197
493.21711363575895,484.72889580870986,32.7715877766712,22.504155543721197
494.26479464622633,484.72889580870986,32.7715877766712,22.504155543721197
494.26479464622633,484.72889580870986,32.7715877766712,22.504155543721197
494.26479464622633,484.72889580870986,32.7715877766712,22.504155543721197
494.26479464622633,484.72889580870986,32.7715877766712,22.504155543721197
496.1715741052539,484.72889580870986,32.7715877766712,22.504155543721197
496.1715741052539,484.72889580870986,32.7715877766712,22.504155543721197
496.1715741052539,484.72889580870986,32.7715877766712,22.504155543721197
494.13481415243547,480.90997089717524,36.84510768230808,21.740370561414295
496.1715741052539,484.72889580870986,32.7715877766712,22.504155543721197
495.6187956144829,481.3470036277368,34.30881149529523,22.811600287446026
496.34318384299314,483.8613109480657,32.77158777667108,22.504155543721197
496.34318384299314,483.8613109480657,32.77158777667108,22.504155543721197
496.34318384299314,482.1510005814641,35.166022289913315,20.525128985624974
496.34318384299314,483.8613109480657,32.77158777667108,22.504155543721197
497.3908648534605,482.8136299375983,32.77158777667108,22.504155543721197
497.3908648534605,482.8136299375983,32.77158777667108,22.504155543721197
497.3908648534605,482.8136299375983,32.77158777667108,22.504155543721197
497.3908648534605,482.8136299375983,32.77158777667108,22.504155543721197
497.3908648534605,482.8136299375983,32.77158777667108,22.504155543721197
497.3908648534605,482.8136299375983,32.77158777667108,22.504155543721197
497.3908648534605,482.8136299375983,32.77158777667108,22.504155543721197
497.3908648534605,482.8136299375983,32.77158777667108,22.504155543721197
497.3908648534605,482.8136299375983,33.120764601037024,20.059917773159327
497.3908648534605,482.8136299375983,32.77158777667108,20.01003543188483
496.6234432805878,482.8136299375983,33.53900934954379,19.050758465793933
497.09343467990305,481.62390924336853,36.04331968580294,20.620431111190726
496.7539113782361,480.26989700334633,36.24142749609996,21.925848923816375
498.3442545829743,481.02217269121036,34.32799887943753,19.511057269170465
498.3442545829743,481.8602402080845,33.69254116340477,20.267554461653617
498.3442545829743,481.8602402080845,32.77158777667108,22.504155543721197
498.3442545829743,481.8602402080845,32.77158777667108,22.504155543721197
500.28992971710187,480.9069874076661,31.97721044298902,20.597649942884345
499.49555238341986,481.8602402080845,32.17296812176096,19.51105726917052
497.2076279938735,479.6812645989927,37.565334116673,21.741514080539048
496.3378356183437,480.3264920650475,36.83150933176904,21.5117302746973
496.6628840916006,480.3349572817203,36.693743873036226,20.543077495538625
499.49555238341986,481.8602402080845,32.77158777667114,19.21503630538649
498.1075449068185,479.48079881962497,35.349315947502305,21.810151805420446
499.0472185935333,479.5555801324692,32.77158777667108,22.504155543721197
499.0472185935333,479.5555801324692,32.77158777667108,22.504155543721197
499.0472185935333,479.5555801324692,32.77158777667108,22.504155543721197
499.0472185935333,479.5555801324692,32.77158777667108,22.504155543721197
499.0472185935333,479.5555801324692,32.77158777667108,22.504155543721197
499.0472185935333,479.5555801324692,32.77158777667108,22.504155543721197
499.0472185935333,479.5555801324692,32.77158777667108,22.504155543721197
499.0472185935333,479.5555801324692,32.77158777667108,22.504155543721197
499.0472185935333,479.5555801324692,32.77158777667108,22.504155543721197
499.0472185935333,479.5555801324692,32.77158777667108,22.504155543721197
499.0472185935333,479.5555801324692,32.77158777667108,22.504155543721197
499.0472185935333,479.5555801324692,32.77158777667108,22.504155543721197
499.0472185935333,479.5555801324692,32.77158777667108,22.504155543721197
499.0472185935333,479.5555801324692,32.77158777667108,22.504155543721197
499.0472185935333,479.5555801324692,32.77158777667108,22.504155543721197
499.0472185935333,479.5555801324692,32.77158777667108,22.504155543721197
499.0472185935333,479.5555801324692,32.77158777667108,22.504155543721197
499.0472185935333,479.5555801324692,32.77158777667108,22.504155543721197
499.91480345417745,480.42316499311335,32.77158777667114,22.504155543721197
499.91480345417745,480.42316499311335,32.77158777667114,22.504155543721197
499.91480345417745,480.42316499311335,32.77158777667114,22.504155543721197
499.91480345417745,480.42316499311335,32.77158777667114,22.504155543721197
497.3061141164336,481.9949184034774,39.354117257448706,22.275915428744554
497.3061141164336,481.9949184034774,39.354117257448706,22.275915428744554
497.3061141164336,481.9949184034774,39.354117257448706,22.275915428744554
497.3061141164336,481.9949184034774,39.354117257448706,22.275915428744554
497.3061141164336,481.9949184034774,39.354117257448706,22.275915428744554
497.3061141164336,481.9949184034774,39.354117257448706,22.275915428744554
497.3061141164336,481.9949184034774,39.354117257448706,22.275915428744554
498.45553940379,485.9249213558437,39.354117257448706,22.275915428744554
497.88082676011174,487.0743466432,39.354117257448706,22.275915428744554
497.3061141164336,487.0743466432,39.354117257448706,22.275915428744554
497.3061141164336,486.51066578977566,39.354117257448706,22.275915428744554
497.3061141164336,487.66009107713205,39.354117257448706,22.275915428744554
497.3061141164336,489.370834978317,39.354117257448706,22.275915428744554
497.3061141164336,489.370834978317,39.354117257448706,22.275915428744554
497.3061141164336,489.370834978317,39.354117257448706,22.275915428744554
497.3061141164336,491.4661969992518,39.354117257448706,20.533803000748208
497.3061141164336,491.4661969992518,39.354117257448706,20.533803000748208
497.3061141164336,491.4661969992518,39.354117257448706,20.533803000748208
497.3061141164336,491.4661969992518,39.354117257448706,20.533803000748208
498.1803824821627,493.6855327100235,37.1265257145742,18.314467289976506
498.1803824821627,493.6855327100235,37.1265257145742,18.314467289976506
498.1803824821627,493.6855327100235,37.1265257145742,18.314467289976506
498.1803824821627,493.6855327100235,37.1265257145742,18.314467289976506
498.33243702959396,495.8249240896073,37.8393590823415,15.879016757768284
498.33243702959396,495.8249240896073,37.8393590823415,15.879016757768284
498.33243702959396,495.8249240896073,37.8393590823415,15.879016757768284
498.85057471264366,498.36781609195407,37.3212213992918,13.336124755421508
497.1264367816092,498.36781609195407,39.04535933032628,13.336124755421508
498.2046375499436,499.7127084335492,38.04936569469186,12.28729156645079
498.2046375499436,499.7127084335492,38.04936569469186,12.28729156645079
498.2046375499436,499.7127084335492,38.04936569469186,12.28729156645079
498.2046375499436,499.7127084335492,38.04936569469186,12.28729156645079
498.2046375499436,501.0738189809681,38.111234355938166,10.926181019031901
498.2046375499436,499.7127084335492,38.04936569469186,12.28729156645079
498.2046375499436,499.7127084335492,38.04936569469186,12.28729156645079
498.2046375499436,502.5453767253685,38.81200715787401,9.454623274631501
498.2046375499436,501.98235779192805,38.04936569469186,10.017642208071948
498.6196505317719,503.9968735170361,36.152489162527615,7.637849823069189
498.6196505317719,503.9968735170361,36.152489162527615,7.637849823069189
497.174461382785,503.7103022799499,38.91116552852998,7.604682429530271
0,0,0,0
0,0,0,0
0,0,0,0
0,0,0,0
0,0,0,0
0,0,0,0
0,0,0,0
0,0,0,0
0,0,0,0
0,0,0,0
0,0,0,0
0,0,0,0
