439.5916771793846,355.17620631266726,13.371927140109051,7.326381536534825
439.88954828826996,355.00626071052733,13.522795922481066,7.620581127586036
439.7614129629736,354.98228505365836,13.121594759194238,6.798753761240562
439.70174361925297,354.92169535534384,13.628706258934074,7.635359530607673
439.53678524052157,355.04520159469865,13.461532447256275,7.138691449302598
439.3659130667591,354.8737164492713,14.054392678641932,7.844312192730399
439.4509347536876,355.2705452369104,13.734842796681278,7.053027382079563
439.52468967963483,355.3270212902055,13.67221908184547,7.695292707268209
439.5542882814763,355.15882862090143,13.984174245337272,7.939402152191462
439.3942444332436,355.45526672165386,14.07439472433947,7.307858799176245
439.9397264049493,355.421516526597,13.780931374828356,7.435754338936135
439.9397264049493,355.421516526597,13.780931374828356,7.435754338936135
441.4203296073856,355.88619406835363,12.14443901800064,8.674599298571877
441.6575433502486,355.95302962855635,11.875417069550167,7.299568290457444
441.63236385377604,355.91251251049204,11.765694398651135,7.194283606012789
440.89068891122434,355.68597795212537,13.822165606067017,8.10264880355652
441.5933984081817,356.0840386299237,13.074526444387743,7.471157968221576
441.56014274567195,355.7817200100858,12.991748976313318,7.668740715184981
442.0219482042031,355.8401397118703,12.095493724669495,7.832327903679413
441.26239475420533,356.11350441890227,14.272290239551126,6.972721949093682
441.3093437421143,356.00497047496714,14.073420285767952,7.818566825426615
441.9961286247879,355.67179697381124,13.920448780420202,7.857319978281623
442.51231079389356,356.2851852884636,14.345370436217536,7.410641599752182
442.81624764018255,355.7340403429719,13.875008179276278,7.142755689923263
443.6211256473355,355.5149079389465,14.073420285767952,8.02252943826386
443.73428142184196,355.4514244777142,13.611105474188662,7.238633365818487
443.73428142184196,355.4514244777142,13.611105474188662,7.238633365818487
443.061275111707,355.0865243009893,14.367612019960632,7.306956970151418
444.46195955810555,354.96862538248325,13.582644592456688,7.33661094775033
445.04402680552437,354.4074575416362,12.985619683969446,7.818566825426615
445.77498422340824,354.56562850923467,13.734842796681278,7.981057300774239
446.4148774577743,354.558343651115,12.807699857793466,7.881661450949821
446.65360823750444,354.318551711962,13.156475602834064,8.096292678667112
446.91234650667536,354.21441161793854,13.525627452064327,7.531315285808546
447.51436464639744,354.2157359261611,13.568415611042042,7.093860443947278
448.8338356898699,354.8814472738614,13.121345916093105,6.633407691506022
449.1665991893009,353.4335397288856,12.980352573871244,8.344512368917208
449.2808174834647,353.5060394930742,13.719182516535284,6.993960506925816
451.0263054356411,353.77424964739123,12.064388943030849,5.753785495907039
450.68035960956536,353.61806547544097,13.628706258934074,6.403849928896761
450.3412263838256,353.75324798030834,14.187720887894613,6.361954207666997
450.18021515214207,352.69640165933623,15.501158575628438,7.546616674977031
451.86504229470205,352.623100880688,14.269911719303195,7.770004286950439
452.0542781865773,352.4717728047963,14.120488559938792,7.695292707268209
452.41900125626546,352.124656711405,14.778115220530935,7.7995608108357715
452.2191826284209,352.21646373891565,15.337481430369905,7.578520236182783
453.8085564469158,352.0508209108615,14.525497119350348,7.758961194187123
454.72096720778734,351.32901623493086,13.681016570469808,8.219870038224656
454.38421787711826,351.1951018785947,15.906521946369935,8.824851216821685
455.613296585688,351.41110783896943,14.800904597743965,6.281199853338251
456.10219938966094,351.34440264019105,14.045776980256562,7.247023229174943
455.80271520858406,350.6321336193284,15.270719061215289,8.127963371292026
457.5630532770933,350.241194729735,13.425499490449681,6.929290059586947
457.59419999148565,349.6092779005172,14.47726673163703,7.238633365818487
457.72527454396516,350.0015762777043,14.449712660074681,7.717460170721722
459.9245215043549,349.3107009215269,14.344623298985425,8.143562185361532
459.9245215043549,349.3107009215269,14.344623298985425,8.143562185361532
460.76988270563436,347.9548933190317,14.203410739732533,7.881661450949821
461.23849677802406,347.85491668327865,14.77777990415899,7.907745366096378
462.52093647400864,347.94875283885006,13.21820305836377,7.306956970151418
462.7151770191648,347.6918676830801,14.078361548385772,7.832327903679413
462.40251191994355,347.38299321680086,15.599121621671543,7.224856330037369
463.97273488126746,347.4114040772498,14.381239020005694,7.517465851366637
464.0688045914444,346.71804985521624,15.247260951367707,8.119843110195859
465.6857689831042,346.9393495532933,13.880074766014161,6.940037383007109
466.3468688776397,346.9323440191586,13.803733287332932,6.134992572147951
467.0909775615977,345.9403261064829,13.30030369847782,6.732252489352959
466.9974743454611,345.215926075654,13.72754633727817,7.735363412275831
467.15430162259145,345.0589243264204,15.143880483187843,8.824851216821685
467.9603221050793,345.09458351225294,14.54933304905478,7.478629137364578
467.7903115017573,343.29460916149554,15.466369024987216,8.82376181553758
470.3074083534882,343.929824004248,14.005432748155556,7.138691449302598
469.752228513128,343.8945165594711,14.43527664034815,6.946976883167565
470.1778818070646,343.2758395371653,15.085215303735424,6.824264065975569
471.76625298488506,341.8128299203451,14.054392678641932,8.28010731454873
471.1741969843793,342.0464502711808,15.261513265873077,7.499191863403155
471.9018389058612,341.5550455524746,15.352819701329338,6.403849928896761
472.5024996841132,340.5983552201501,15.466369024987216,7.733184512493608
473.33851791834275,339.74040212338616,14.735254187739486,8.814839558737049
474.85946968171515,339.9481833457537,14.772365286686522,7.733184512493608
475.31209903236504,338.32793725296557,14.891395462548417,7.951716023690892
475.31209903236504,338.32793725296557,14.891395462548417,7.951716023690892
476.55332534176557,337.79227949437393,14.965491372753377,8.141227306777864
477.2340734445485,336.82117517961353,14.871508677872328,8.427188250794302
476.99670168835553,336.70954175865626,15.129948496339694,8.02545094153669
476.8402091611446,335.38659086295104,16.91546863221521,7.373409403786127
478.17569070470313,335.68953728210363,15.656207574473228,7.2360623243363875
479.4990801209583,335.6493999039841,14.92598292227865,7.517465851366637
480.4485010096116,335.0890522101039,14.871508677872328,7.832327903679413
480.7303549131978,333.6749684759981,15.168938851429743,8.526331641980107
481.21562658904446,332.79788276305,15.44438709668151,9.099018754634074
482.2299946482688,332.38957982473175,15.219690666592726,9.28029918694682
482.4441216372049,332.46723668943866,15.247260951367707,8.931827421215417
483.6410146451933,331.8062238250081,15.143880483187843,9.042748777730878
484.129704821465,330.8850908488245,14.942315936443151,8.96538956186589
484.4992453540147,331.2093801613832,15.909903278394665,7.933738434826125
485.01961552541013,329.17146282058116,15.91356647231197,9.563082199323617
486.46702176335646,328.6833287367211,16.009624822241847,9.113171052660732
486.9359663478123,328.12100221462094,16.588959177426943,8.974354964837516
486.9359663478123,328.12100221462094,16.588959177426943,8.974354964837516
488.90023570701135,327.43693676270885,15.417095335561442,8.80928886472401
489.9520029481986,325.9853240385291,15.15207615660529,9.263194446529724
490.5920400097054,325.31048528702513,15.012421380019191,9.137995622620338
490.65429101897763,325.6938905299658,15.315933556001255,8.57013456596195
491.64763973256913,324.9219923801852,15.520428938326233,9.613400014037893
492.4893456404519,324.6002240418007,15.574964944801366,9.52941934122714
493.05016554919393,324.2064316572269,16.407255196901474,9.169793589702977
494.16378309839075,323.0316885420623,17.562924790158718,10.31236950177049
494.69376584815194,321.81674504763447,15.472498070164477,11.168889335416736
494.4254450446918,322.77299291706345,17.137619165228443,9.960854460656208
494.24197455670765,321.4817033814506,17.140269131923844,9.715647602006356
496.8220847672285,320.60634568768484,15.363970647156293,11.418314634114381
496.6565702677378,320.60954966061723,15.764134319882885,10.809692105062538
498.05623153633877,320.77038608009514,15.025245812341666,9.042342502449912
498.7029374558901,320.701245979007,15.310673186429028,10.015911514520155
498.7133376388868,320.1992136715126,15.370031195527588,11.425056522008902
499.05603233807,319.8682400191194,15.29719596279125,10.878006017984887
498.97064693902405,320.01448819981414,15.764134319882828,10.640790665920974
499.7740597602392,319.5309095982601,15.614720153583107,8.96538956186589
500.49845259592604,319.5880774551504,14.825931673435036,8.811638636098223
500.58822871052456,319.2566063937246,15.482631921313498,10.415588747065499
500.87341687755224,319.4941594988842,15.32738877740178,8.995671499079606
500.7877997099043,319.7270760367569,15.400786373486028,8.654987383446723
500.7877997099043,319.7270760367569,15.400786373486028,8.654987383446723
500.8981587917638,318.8342202441731,16.14946574138952,10.916677959263268
500.64798540043074,318.8818618141661,16.08473719287764,10.769780555231137
500.64798540043074,318.8818618141661,16.08473719287764,10.769780555231137
500.7341040462428,320.6820809248555,16.249670319247002,9.598880666219202
501.966935085641,320.59425117054167,15.28155932783909,10.455803750626728
501.73354026135854,322.7502326230899,16.160372763287967,8.922905206723385
501.73354026135854,322.7502326230899,16.160372763287967,8.922905206723385
502.05974518546776,322.73809333634557,14.942315936443208,10.086063257099113
502.05974518546776,322.73809333634557,14.942315936443208,10.086063257099113
501.72393485853576,323.68051854754293,15.637133650853286,9.722217878573986
501.73986097695973,325.18779783786607,15.590902634070574,9.156561864454204
501.6333450839103,325.3937177335619,15.820434799596796,10.021485389068403
501.6333450839103,325.3937177335619,15.820434799596796,10.021485389068403
501.5813993480708,327.2486296191539,15.95232968713708,9.503515558294396
501.7688729789469,327.92471740546824,15.776508617809554,9.28029918694682
501.7688729789469,327.92471740546824,15.776508617809554,9.28029918694682
501.6549753218042,329.5543789234226,15.805002633001493,9.697464742372631
501.6549753218042,329.5543789234226,15.805002633001493,9.697464742372631
500.58482606417203,331.3024695527016,16.721242475018585,8.670273875935607
500.72992621566976,331.8402082889988,16.39519523027269,9.09469320320784
500.72992621566976,331.8402082889988,16.39519523027269,9.09469320320784
500.1893040731833,332.9140200826687,16.99483250361061,10.837284495055997
500.2825936468819,332.925693751625,17.07693314372466,10.755183854941947
500.2825936468819,332.925693751625,17.07693314372466,10.755183854941947
500.75461733960634,335.2486790536915,16.292233067259474,8.760917781450758
500.87817265342727,334.7731381680705,15.915388874082112,10.294059470432842
500.87817265342727,334.7731381680705,15.915388874082112,10.294059470432842
500.3818236516575,337.02792038602183,16.912731863496504,9.93417745380134
500.3818236516575,337.02792038602183,16.912731863496504,9.93417745380134
501.1593194079279,337.5095696058504,15.433171038016098,10.402093254698059
500.67117799115135,338.35540001984316,15.681222261785592,10.016278093915389
500.67117799115135,338.35540001984316,15.681222261785592,10.016278093915389
500.6326513229,339.1509341783403,15.433171038016042,8.90636742722512
499.74952479787873,341.26972782261385,16.497166816532967,8.197349970948096
499.94032395680534,340.98855465164496,16.271226899461738,9.137995622620338
499.94032395680534,340.98855465164496,16.271226899461738,9.137995622620338
500.0189603865724,341.56357030344776,16.292233067259303,9.273252154635031
500.35480996233065,341.54751308400967,15.90908380130287,9.65423034096159
499.7417829123165,342.62148391691125,16.65608971921705,9.914339118581552
499.7417829123165,342.62148391691125,16.65608971921705,9.914339118581552
499.9444558469987,342.7560345449213,16.58432930304025,10.590982574713848
499.8836180598996,344.54577895106985,16.317849326107762,9.930576875602753
499.64401391963986,344.8440795209111,16.81010542849856,9.563082199323617
499.9099765072601,346.0243053301462,16.64420631262999,9.650842315726607
499.5048444868491,346.73551854631614,16.72124247501864,10.246687307923878
499.60463090664354,346.9784709172705,16.580801214011615,10.888884379350941
499.77378253588637,347.4751789041146,16.599633691169913,10.502854650277243
499.5366938333336,348.49849109932876,16.971855269807122,10.919875871271245
499.5400577570676,349.23317908158293,17.137619165228386,11.693176975552944
499.68487379928786,349.8197773580246,16.702100565806745,9.73435309050086
499.7686487011131,350.4735620348142,16.212412791040833,9.78721693837025
499.6206962390186,350.996477114823,16.656946715039396,9.92618049141123
499.92045470127465,352.4718813602136,16.3834395967354,8.726574355649461
499.64877906122183,353.78098653538643,16.50433903269186,9.324485329204435
499.5911716088546,354.603778940853,16.784073592568063,10.350178715416916
499.93062540154995,355.14815250182363,16.364471752753843,10.629913275293063
499.64822325705023,355.68204282392225,16.92394087250608,10.163689008832876
499.77814006469,356.2903538062159,16.383439596735457,10.584490186207063
500.00942167360955,356.71737962923237,16.656946715039396,10.26611817947321
499.90875635849244,357.77187498153086,16.287124370723006,9.93664009773471
499.83566792529723,357.5943489528618,16.778112190006595,10.132236582276732
500.1347897203445,358.65402905049797,16.249021489364907,10.334105717085663
499.6219054266696,358.75363490983335,16.77811219000671,10.894878045458881
499.86190477117754,358.85021158980857,16.436547530087466,10.609044314874666
499.59517177820555,359.1865004560436,16.65694671503934,10.606055867535247
499.80957945602376,359.69427479710447,16.75333400312519,10.349154338321966
499.8404536662709,359.67755461302266,16.748530583268405,11.165687055512251
499.22725858578616,359.52884202736874,16.996009750915903,11.330673167277212
501.2618805797515,361.0180561347725,15.180548772500856,9.397482573452919
499.5763044220249,360.2803074111169,17.213907311824983,10.241185362731358
499.9455305492574,360.4944026691157,16.45298410220215,11.149956168434528
499.933306793917,360.5576012910163,16.584329303040306,10.755183854941947
500.2691135328903,360.64158784396665,16.3380273826981,10.180479374143545
500.12433408792407,361.1506469893037,16.502228662926257,10.919385135170103
499.84881138581324,361.44349052290346,16.06298963167643,9.11481272123035
499.84881138581324,361.44349052290346,16.06298963167643,9.11481272123035
500.2564802888296,360.7020755711525,16.457716606045892,9.79070959566468
500.61390113716004,359.7995677241572,15.944869912939566,11.469116954921446
500.8565961455397,359.6850496923633,15.841096263690474,11.353918781271716
500.16658012530337,359.6756898809066,16.420128022812207,11.411988975854456
500.7196525118671,360.2243653064514,15.933035759024449,10.922293064490304
500.6181740453924,359.9307458714004,16.037182504621796,11.412703951701758
500.89850351409257,360.68928426934576,15.385400793187387,10.629913275293063
500.6565975770301,360.5102077751813,15.782624052167535,10.818734229308347
500.64859138840416,360.6091218727226,15.758380206355469,10.863025408523185
500.59705698345266,360.73998805210516,15.70783384016903,10.584490186207063
500.5787258829237,360.8673794655249,15.933599006030306,10.605321524914075
500.72187444350914,360.8549407846523,15.677431819438198,10.19545402636669
499.93262940190084,360.2887461530585,16.510347657398142,11.006898438265466
500.10922834949895,361.29624620067534,16.3380273826981,9.76997617357324
499.4210605914355,361.4001288599695,16.666429943154355,10.919385135170103
498.44997660393136,361.09899702630565,16.994832503610553,10.508881934599799
498.3663773470328,361.4654252804115,16.890144520243155,10.08459178314888
498.70735044189985,361.2448506108972,16.327139117021602,10.134086348496112
498.3356014408452,361.7578034406088,17.333086486274112,9.637793779005847
497.7562037368473,360.97242232737517,16.784073592568006,10.303556288770892
497.692618852288,360.94652475678936,16.333326569026326,10.08459178314888
496.5674163750559,361.0271658663606,16.946444393874117,10.134086348496169
496.6334561377326,360.8423089996001,15.977071338915323,9.858192953798778
496.6334561377326,360.8423089996001,15.977071338915323,9.858192953798778
494.9979778233854,360.80146898810654,16.420127178396,10.826457480261126
494.9979778233854,360.80146898810654,16.420127178396,10.826457480261126
494.9979778233854,360.80146898810654,16.420127178396,10.826457480261126
492.77874789243145,360.16563921374063,16.656089719216993,9.02204859790919
491.6504282252036,360.2785403211978,16.511259109769696,9.488370619641387
491.6504282252036,360.2785403211978,16.511259109769696,9.488370619641387
489.76922042737954,359.53884287294517,16.79292179026413,9.450267728124345
489.76922042737954,359.53884287294517,16.79292179026413,9.450267728124345
487.92626151599444,359.5394620987323,16.420127178396,9.022047900217615
486.74969784489866,359.75140366951155,16.599633691169856,8.658450906813925
485.69886395069057,359.6658929856718,16.6606822691341,8.591831663454798
485.69886395069057,359.6658929856718,16.6606822691341,8.591831663454798
482.50297549349546,358.1585762133379,17.85606754404955,9.413659039959214
481.4968171228494,358.13382901847484,18.42462269296186,8.702404814387876
480.19062889266337,357.69292952767154,17.108951747227422,9.338947460276984
480.19062889266337,357.69292952767154,17.108951747227422,9.338947460276984
478.6637053997915,357.54491895678717,16.724934252651735,9.042342502449912
476.56114058601236,356.6431041091397,16.87122957340688,9.92425269023937
475.7654229648706,356.74323871940226,16.6508671284883,9.73435309050086
474.62350201437886,356.634603921938,17.11534583301568,8.782874835363316
473.7382412219752,355.98569518519827,16.72099604959277,9.463508280457859
472.811967071765,355.732920679239,16.688321667083926,9.485993368658228
472.811967071765,355.732920679239,16.688321667083926,9.485993368658228
469.71816522273355,355.85094214712274,18.413061394195438,8.57013456596195
468.78879190788746,355.81241834373964,17.396848231585068,8.726574355649461
468.78879190788746,355.81241834373964,17.396848231585068,8.726574355649461
467.7078272329611,355.6930275893869,16.271226899461794,9.044750769328346
465.8800908509301,355.5928284126493,17.19948782647475,7.981057300774239
465.5812146079685,355.2145665426267,17.11534583301568,8.670273875935607
464.27457142463186,354.6079337090274,17.13644644058536,7.090850230593276
463.75450116178905,353.7995862997474,16.58872581827285,7.933738434826125
463.12096525444235,353.965653835847,17.431804872734233,8.498004875457923
461.74048532026563,353.8835729893745,16.548400253851412,7.531315285808546
459.8753952174259,352.9520594251562,17.482509645638515,9.338947460276984
458.960786681369,352.6779663054954,17.85606754404955,9.488370619641387
458.46169418088067,352.77381817815444,17.07693314372466,8.784768492204478
457.563487472476,352.64022557530404,16.70453853650423,9.404036509439436
456.7258987262071,352.81374914911225,17.340547751871156,9.514781071643597
456.5833163558591,352.6770991614222,15.618512926417452,9.650842315726607
455.87298527180496,352.62994404554325,16.758588284629525,9.696793221295081
454.68626551286457,352.4617935249901,16.804567440443577,8.709684344132313
454.72080978896753,351.62219080391094,16.036065880667195,9.580652778545584
453.34861088093874,352.0011167312534,17.43488842251611,9.205140400189407
452.1302298256129,351.64204555466995,17.569536984409012,9.195271692774782
452.59822132938416,351.73191314730406,16.6508671284883,9.631886215863972
451.5333882625164,350.94097053403163,16.550961459337884,9.37110775585046
451.9026063591535,350.59579009503835,16.46144659204566,9.588368375779169
451.9026063591535,350.59579009503835,16.46144659204566,9.588368375779169
450.8041479638801,350.5693207436851,16.67357863575762,9.80050041949113
449.5941810959697,349.6509525814366,17.903552549009873,9.683682510785218
449.6937932066782,349.7379375551002,16.642669875257923,9.404036509439436
449.8090144067931,349.80710135763,16.518932552765307,9.775248476917284
448.20398405425743,349.66637420580014,18.37499239015466,9.58964249317836
447.8688993773808,349.860679833979,17.5706997939526,9.527773831932052
447.8298082883795,349.59358599061125,17.548380239889354,9.616908945024079
447.7289751195822,349.7286661923956,17.65163762452306,9.523674253231036
447.0085402206573,349.67011533876536,17.565749670726632,9.571081551357452
446.6620517904316,349.69102585282786,17.70664438468515,9.637793779005847
446.5151265177655,349.34775552618737,17.224267138060384,9.939286839774525
446.6803238201868,350.23874668901993,16.41109417939981,9.324485329204435
445.7668135759552,350.5902226728257,17.487436344294963,9.687875533459192
445.88363094239554,350.8659829917092,17.07693314372466,9.359472973002937
445.50753039826736,350.5686884489154,17.20084701593862,10.26611817947321
445.699111433197,351.9116325290503,16.843284270727167,9.33380992332485
445.6209517275267,352.5242893516678,16.58872581827285,10.012632463203033
445.9230500143167,352.94742985251406,16.518932552765307,9.713379815670976
445.85699381902435,353.7751854274033,16.792921790264188,9.450267728124345
445.5764655886938,353.4583697287074,17.00274487358797,10.246687307923878
444.5603128894348,353.8524796841392,17.856389405426512,10.350178715416916
444.8870145676381,354.0977721871234,17.47060212558307,9.785586527819248
444.7255956404385,355.4993647098721,17.487436344294963,9.93417745380134
444.64723808920485,355.7104486141545,17.57306900021996,10.19545402636669
444.6731771916813,356.73270941288666,17.064871940713772,9.65423034096159
444.705411510856,356.61730043708116,17.250454607448887,10.610259249388093
444.62128851992867,357.70858416035935,17.110430579090178,10.723158128585112
444.62128851992867,357.70858416035935,17.110430579090178,10.723158128585112
444.8158502333901,357.8259055022977,16.496040556163166,10.021485389068403
444.9663908492571,357.8339223844349,16.3849965645897,9.450267728124345
444.76593044095256,358.66849773718405,16.599633691169856,9.324485591953419
444.75368232445464,358.54564334464857,16.657053426076118,9.815192709799192
444.7134513351446,358.8013558823857,16.9705634969543,9.376236332067265
444.6891971130238,358.89909593119387,16.781009094404737,10.194914127245852
445.06241436645047,358.8111460504987,16.25592674258405,9.523674253231036
444.81066911648287,358.8455272824758,17.50883113270629,9.156561864454204
444.67613951104624,359.38661580881757,17.608772241612996,9.178317577674761
444.6172073411492,358.90087994833675,17.744747316837845,9.586242803349194
445.5609044840957,358.93282814790496,17.64938603683248,9.291383514582492
445.2153477059008,359.6388684291662,17.756305777691523,8.47600659074476
446.5614257243354,359.1740873392978,16.92889686548898,8.838379889612725
446.72187200512457,358.99350186738667,17.71652212548844,9.277862902558411
446.82442321621454,358.81643274334556,17.15903378383871,10.016278093915389
447.6150747045236,358.5818299415044,16.666429943154355,9.687875533459192
447.6821894504745,357.68306332202974,17.5706997939526,10.270197766887804
448.2544414410084,357.4469061838805,17.19948782647475,9.713379815670976
448.47079625554704,357.46978331117265,18.044095800435173,8.751386463211077
448.575595176842,356.71863261613197,18.251255067662044,9.404036509439436
448.9752823353943,356.5008781609222,18.220660080124674,9.92618049141123
449.6285445253504,356.4253283746315,17.880722392062637,9.65423034096159
449.8473910690239,355.5757079652214,18.718945946005874,9.85207681368729
449.8473910690239,355.5757079652214,18.718945946005874,9.85207681368729
449.8473910690239,355.5757079652214,18.718945946005874,9.85207681368729
451.7741773936694,355.60988742724004,17.214434938990962,8.709684344132313
452.95579004378794,354.12210878428857,17.11534583301568,10.359288267351587
452.95579004378794,354.12210878428857,17.11534583301568,10.359288267351587
453.5073805650765,354.606580042965,17.52210681060535,9.842926828233487
453.78196177795985,354.769092559519,17.396848231585068,9.514781071643597
454.83344743141384,353.76509440070805,17.483409992258373,9.464352609142509
454.83344743141384,353.76509440070805,17.483409992258373,9.464352609142509
455.09868050749213,353.7945644426705,17.232111489415615,9.473150295228493
455.09868050749213,353.7945644426705,17.232111489415615,9.473150295228493
455.09868050749213,353.7945644426705,17.232111489415615,9.473150295228493
456.98842509926715,352.51534067432004,17.5407847040006,9.382280190511949
457.00602902210426,351.6077156812786,18.453760181507278,10.609044314874666
457.00602902210426,351.6077156812786,18.453760181507278,10.609044314874666
458.50098094100304,351.58011628469677,18.189386406415736,9.775248476917284
458.50098094100304,351.58011628469677,18.189386406415736,9.775248476917284
460.4378487541964,351.6366722669122,17.26135648772106,9.58964249317836
460.4378487541964,351.6366722669122,17.26135648772106,9.58964249317836
462.26851561470886,351.02422219311217,17.26135648772106,9.775248476917284
462.26851561470886,351.02422219311217,17.26135648772106,9.775248476917284
462.21548991723773,351.02359413285035,19.05883868245428,8.248583408266484
462.21548991723773,351.02359413285035,19.05883868245428,8.248583408266484
464.17891313172476,350.14284606736504,18.154913862778415,9.712505358688077
464.38440491463035,349.7418498340566,18.144241465207415,10.016278093915389
465.3097385896136,349.2548756853166,18.154913862778415,10.459621155510206
465.3097385896136,349.2548756853166,18.154913862778415,10.459621155510206
466.65959809719027,349.89467359161256,17.81817443893783,8.909087219468915
466.96381441378014,349.7419572392253,18.194446335916325,9.478543899549209
467.649665125991,350.0774362668535,18.044095800435173,8.841606942213218
468.8360212527943,349.1386692138278,17.982936498767344,10.963955586143072
468.8360212527943,349.1386692138278,17.982936498767344,10.963955586143072
470.46554460907885,349.3804539936942,17.55722122532069,10.534332735192436
470.2126630523232,349.0886524000021,17.944953804632576,11.401489986368802
470.2126630523232,349.0886524000021,17.944953804632576,11.401489986368802
471.9021680671618,349.1088519365921,18.603183340871738,10.534332735192436
473.4156409291764,348.8469851351817,18.143240587004243,9.716052336209884
473.4156409291764,348.8469851351817,18.143240587004243,9.716052336209884
473.4156409291764,348.8469851351817,18.143240587004243,9.716052336209884
473.87430453859133,348.87174354512047,18.495270871951618,9.119551842679755
474.7916092501193,348.8984691664123,18.322613671886756,9.091373195974313
474.6389843189671,349.0799601754025,18.801046586119924,9.523674253231036
475.1643063906414,348.8137282353059,19.117416325110412,9.465905170685744
475.4320406051676,348.64329483923393,19.104498069085935,10.470080792310455
477.1115385534017,348.8314897516739,18.37499239015466,9.465905170685744
476.7151513005526,348.9117875393241,18.493247416562838,9.960872303701876
476.8878792892293,349.0896838832414,19.534796764683335,9.697464742372631
476.8878792892293,349.0896838832414,19.534796764683335,9.697464742372631
477.47706713640343,349.0182619477587,19.950455547716786,10.673083214827898
477.4252567837779,349.41077775279524,19.487623464470005,10.28513460624805
478.8592233261015,349.50377047151426,19.36736502157038,9.965184909354548
479.4954377672013,349.6955938812181,18.956371807817447,10.861488711506183
479.4362599789358,349.725384609023,19.604386295227016,10.715659175706548
480.3177184413051,350.6742258506964,19.571173055638553,11.629990271282566
480.3177184413051,350.6742258506964,19.571173055638553,11.629990271282566
481.77124171016555,350.7060160868507,18.748059744717864,10.415588747065499
481.3613817714255,351.507248775846,19.874172543016527,10.415981995436368
482.528592624766,353.2379153977767,18.62246703513989,9.837117138163592
482.54082310749556,353.2188756267468,19.33296128123402,10.806629639253856
483.75674248135556,353.81974160809204,18.628585305799106,9.722217878573986
483.7773673634554,353.95401888770607,18.832547918636294,10.606055867535247
484.73361447480215,354.8256946774476,19.275587558011694,10.235486416463573
485.73443768567273,354.1812370742775,18.044097195818438,11.500633377554607
485.4670963986644,355.04420409929116,17.944953804632576,11.897206942297828
486.09408118654136,356.33200967194034,17.746667022260965,11.104059812811329
486.1327047275542,356.98107277971627,17.25095006633188,9.319478771466663
486.7944522990513,356.5698571724773,16.829825157596133,10.354998318852154
487.098542733969,356.90836900328594,17.68180408684026,10.594521170124494
488.29908497376897,357.13086573559247,16.481261847040287,10.37202443781797
487.9611301498183,357.4680611388893,16.436547530087466,8.218273765043762
488.6150338909585,357.81041334331206,16.165312929850757,10.848546194260223
488.40303227113463,357.67590232432167,17.533383913836474,10.983057213250618
488.5411536307962,358.1307775499539,16.481738667286606,8.963752608524317
489.6379751276673,357.76232103380033,16.333326569026383,8.7853498969763
489.08457639960324,357.8858971798409,17.21390731182504,8.171158534094161
490.243870738753,357.4885010802303,16.585970689451926,8.89067798218366
490.243870738753,357.4885010802303,16.585970689451926,8.89067798218366
490.57265406734894,357.8224954393781,15.969024783385123,9.743811732234974
490.57265406734894,357.8224954393781,15.969024783385123,9.743811732234974
490.57265406734894,357.8224954393781,15.969024783385123,9.743811732234974
490.57265406734894,357.8224954393781,15.969024783385123,9.743811732234974
490.57265406734894,357.8224954393781,15.969024783385123,9.743811732234974
490.57265406734894,357.8224954393781,15.969024783385123,9.743811732234974
490.57265406734894,357.8224954393781,15.969024783385123,9.743811732234974
490.57265406734894,357.8224954393781,15.969024783385123,9.743811732234974
490.57265406734894,357.8224954393781,15.969024783385123,9.743811732234974
491.2081559342945,357.9813709061145,15.969024783385123,9.743811732234974
491.2081559342945,357.9813709061145,15.969024783385123,9.743811732234974
491.2081559342945,357.9813709061145,15.969024783385123,9.743811732234974
491.2081559342945,357.9813709061145,15.969024783385123,9.743811732234974
491.2081559342945,357.9813709061145,15.969024783385123,9.743811732234974
491.2081559342945,357.9813709061145,15.969024783385123,9.743811732234974
491.2081559342945,357.9813709061145,15.969024783385123,9.743811732234974
492.3665632724805,357.7496894384773,15.969024783385123,9.743811732234974
492.3665632724805,357.7496894384773,15.969024783385123,9.743811732234974
492.3665632724805,357.7496894384773,15.969024783385123,9.743811732234974
492.3665632724805,357.7496894384773,15.969024783385123,9.743811732234974
492.3665632724805,357.7496894384773,15.969024783385123,9.743811732234974
492.3665632724805,357.7496894384773,15.969024783385123,9.743811732234974
492.3665632724805,357.7496894384773,15.969024783385123,9.743811732234974
492.3665632724805,357.7496894384773,15.969024783385123,9.743811732234974
492.3665632724805,355.4375507101535,15.969024783385123,9.743811732234974
493.4759346185987,354.22697114757506,14.923062667834131,8.623138037001752
493.4759346185987,354.22697114757506,14.923062667834131,8.623138037001752
493.4759346185987,354.22697114757506,14.923062667834131,8.623138037001752
493.4759346185987,351.9356162006542,14.923062667834131,8.623138037001752
494.0539693006797,350.20151215441143,14.923062667834131,8.623138037001752
493.4759346185987,350.20151215441143,14.923062667834131,8.623138037001752
493.82511144296467,347.92008272044586,14.923062667834131,8.623138037001752
493.82511144296467,347.92008272044586,14.923062667834131,8.623138037001752
493.82511144296467,347.92008272044586,14.923062667834131,8.623138037001752
493.82511144296467,345.4259626086094,14.923062667834131,8.623138037001752
493.82511144296467,343.6918585623666,14.923062667834131,8.623138037001752
493.82511144296467,344.26989324444753,14.923062667834131,8.623138037001752
493.82511144296467,343.1138238802857,14.923062667834131,8.623138037001752
493.82511144296467,342.9817248380478,14.923062667834131,8.623138037001752
493.82511144296467,342.0434476021616,14.923062667834131,8.623138037001752
493.82511144296467,342.0434476021616,14.923062667834131,8.623138037001752
493.82511144296467,340.5086044564161,14.923062667834131,8.623138037001752
493.82511144296467,340.5086044564161,14.923062667834131,8.623138037001752
493.82511144296467,340.5086044564161,14.923062667834131,8.623138037001752
493.82511144296467,340.5086044564161,14.923062667834131,8.623138037001752
493.82511144296467,340.5086044564161,14.923062667834131,8.623138037001752
493.10222816808357,339.35199121660634,14.923062667834131,8.623138037001752
493.10222816808357,339.35199121660634,14.923062667834131,8.623138037001752
493.10222816808357,339.35199121660634,14.923062667834131,8.623138037001752
493.10222816808357,339.35199121660634,14.923062667834131,8.623138037001752
493.10222816808357,339.35199121660634,14.923062667834131,8.623138037001752
493.10222816808357,339.35199121660634,14.923062667834131,8.623138037001752
493.10222816808357,339.35199121660634,14.923062667834131,8.623138037001752
493.10222816808357,339.35199121660634,14.923062667834131,8.623138037001752
493.10222816808357,339.35199121660634,14.923062667834131,8.623138037001752
493.10222816808357,339.35199121660634,14.923062667834131,8.623138037001752
493.10222816808357,339.35199121660634,14.923062667834131,8.623138037001752
493.10222816808357,339.35199121660634,14.923062667834131,8.623138037001752
493.10222816808357,339.35199121660634,14.923062667834131,8.623138037001752
493.10222816808357,339.35199121660634,14.923062667834131,8.623138037001752
493.10222816808357,339.35199121660634,14.923062667834131,8.623138037001752
493.10222816808357,339.35199121660634,14.923062667834131,8.623138037001752
493.10222816808357,339.35199121660634,14.923062667834131,8.623138037001752
493.10222816808357,339.35199121660634,14.923062667834131,8.623138037001752
493.10222816808357,339.35199121660634,14.923062667834131,8.623138037001752
493.10222816808357,337.61788717036353,14.923062667834131,8.623138037001752
493.10222816808357,337.03985248828263,14.923062667834131,8.623138037001752
493.10222816808357,336.27754377935804,14.923062667834131,8.623138037001752
493.10222816808357,336.27754377935804,14.923062667834131,8.623138037001752
493.10222816808357,336.27754377935804,14.923062667834131,8.623138037001752
493.10222816808357,336.27754377935804,14.923062667834131,8.623138037001752
493.10222816808357,336.27754377935804,14.923062667834131,8.623138037001752
493.10222816808357,336.27754377935804,14.923062667834131,8.623138037001752
493.10222816808357,336.27754377935804,14.923062667834131,8.623138037001752
493.10222816808357,336.27754377935804,14.923062667834131,8.623138037001752
493.10222816808357,336.27754377935804,14.923062667834131,8.623138037001752
492.466726301138,334.21216271178497,14.923062667834131,8.623138037001752
492.466726301138,334.21216271178497,14.923062667834131,8.623138037001752
491.6275226215096,332.8601123390503,15.71564392081649,7.69068950408132
491.6275226215096,332.8601123390503,15.71564392081649,7.69068950408132
491.6275226215096,332.8601123390503,15.71564392081649,7.69068950408132
491.6275226215096,332.8601123390503,15.71564392081649,7.69068950408132
491.6275226215096,332.8601123390503,15.71564392081649,7.69068950408132
491.6275226215096,332.8601123390503,15.71564392081649,7.69068950408132
491.6275226215096,332.8601123390503,15.71564392081649,7.69068950408132
491.6275226215096,332.8601123390503,15.71564392081649,7.69068950408132
491.6275226215096,332.8601123390503,15.71564392081649,7.69068950408132
491.6275226215096,332.8601123390503,15.71564392081649,7.69068950408132
491.6275226215096,332.8601123390503,15.71564392081649,7.69068950408132
491.6275226215096,332.8601123390503,15.71564392081649,7.69068950408132
491.6275226215096,332.8601123390503,15.71564392081649,7.69068950408132
491.6275226215096,332.8601123390503,15.71564392081649,7.69068950408132
491.6275226215096,332.8601123390503,15.71564392081649,7.69068950408132
490.6742698210913,331.5891086051592,15.71564392081649,7.69068950408132
490.6742698210913,331.5891086051592,15.71564392081649,7.69068950408132
490.6742698210913,331.5891086051592,15.71564392081649,7.69068950408132
490.6742698210913,331.5891086051592,15.71564392081649,7.69068950408132
490.6742698210913,331.5891086051592,15.71564392081649,7.69068950408132
490.6742698210913,331.5891086051592,15.71564392081649,7.69068950408132
490.6742698210913,331.5891086051592,15.71564392081649,7.69068950408132
489.8328020071385,330.9890250256211,17.437253993120578,11.667262404156077
489.8328020071385,330.9890250256211,17.437253993120578,11.667262404156077
489.8328020071385,330.9890250256211,17.437253993120578,11.667262404156077
489.8328020071385,330.9890250256211,17.437253993120578,11.667262404156077
488.93059721711677,330.8988045466189,18.429679262144532,10.133514261119103
488.93059721711677,330.8988045466189,18.429679262144532,10.133514261119103
488.93059721711677,330.8988045466189,18.429679262144532,10.133514261119103
488.93059721711677,330.8988045466189,18.429679262144532,10.133514261119103
488.93059721711677,330.8988045466189,18.429679262144532,10.133514261119103
488.93059721711677,330.8988045466189,18.429679262144532,10.133514261119103
488.93059721711677,330.8988045466189,18.429679262144532,10.133514261119103
488.93059721711677,330.8988045466189,18.429679262144532,10.133514261119103
488.93059721711677,330.8988045466189,18.429679262144532,10.133514261119103
488.93059721711677,330.8988045466189,18.429679262144532,10.133514261119103
488.93059721711677,330.8988045466189,18.429679262144532,10.133514261119103
488.93059721711677,330.8988045466189,18.429679262144532,10.133514261119103
488.93059721711677,330.8988045466189,18.429679262144532,10.133514261119103
488.93059721711677,330.8988045466189,18.429679262144532,10.133514261119103
488.93059721711677,330.8988045466189,18.429679262144532,10.133514261119103
488.93059721711677,330.8988045466189,18.429679262144532,10.133514261119103
488.93059721711677,330.8988045466189,18.429679262144532,10.133514261119103
488.93059721711677,330.8988045466189,18.429679262144532,10.133514261119103
488.93059721711677,330.8988045466189,18.429679262144532,10.133514261119103
488.93059721711677,330.8988045466189,18.429679262144532,10.133514261119103
488.93059721711677,330.8988045466189,18.429679262144532,10.133514261119103
487.40302725250285,329.88042457020964,18.429679262144532,10.133514261119103
487.40302725250285,329.88042457020964,18.429679262144532,10.133514261119103
487.40302725250285,329.88042457020964,18.429679262144532,10.133514261119103
487.40302725250285,329.88042457020964,18.429679262144532,10.133514261119103
487.40302725250285,329.88042457020964,18.429679262144532,10.133514261119103
487.40302725250285,329.88042457020964,18.429679262144532,10.133514261119103
487.40302725250285,329.88042457020964,18.429679262144532,10.133514261119103
487.40302725250285,329.88042457020964,18.429679262144532,10.133514261119103
487.40302725250285,329.88042457020964,18.429679262144532,10.133514261119103
487.879653652712,329.88042457020964,18.429679262144532,10.133514261119103
487.879653652712,329.88042457020964,18.429679262144532,10.133514261119103
487.879653652712,329.88042457020964,18.429679262144532,10.133514261119103
487.879653652712,329.88042457020964,18.429679262144532,10.133514261119103
487.879653652712,329.88042457020964,18.429679262144532,10.133514261119103
487.879653652712,329.88042457020964,18.429679262144532,10.133514261119103
487.879653652712,329.88042457020964,18.429679262144532,10.133514261119103
487.879653652712,329.88042457020964,18.429679262144532,10.133514261119103
487.879653652712,329.88042457020964,18.429679262144532,10.133514261119103
487.879653652712,329.88042457020964,18.429679262144532,10.133514261119103
487.879653652712,329.88042457020964,18.429679262144532,10.133514261119103
487.879653652712,329.42932217519876,16.715490161103162,10.584616656129981
487.879653652712,329.42932217519876,16.715490161103162,10.584616656129981
487.879653652712,329.42932217519876,16.715490161103162,10.584616656129981
487.879653652712,329.42932217519876,16.715490161103162,10.584616656129981
487.879653652712,329.42932217519876,16.715490161103162,10.584616656129981
487.879653652712,329.42932217519876,16.715490161103162,10.584616656129981
487.879653652712,329.42932217519876,16.715490161103162,10.584616656129981
487.879653652712,329.42932217519876,16.715490161103162,10.584616656129981
487.879653652712,329.42932217519876,16.715490161103162,10.584616656129981
487.879653652712,329.42932217519876,16.715490161103162,10.584616656129981
487.879653652712,329.42932217519876,16.715490161103162,10.584616656129981
487.879653652712,329.42932217519876,16.715490161103162,10.584616656129981
487.879653652712,329.42932217519876,16.715490161103162,10.584616656129981
487.879653652712,329.42932217519876,16.715490161103162,10.584616656129981
485.84434682601756,329.3095982442167,18.750796987797628,10.704340587112029
485.84434682601756,329.3095982442167,18.750796987797628,10.704340587112029
485.84434682601756,329.3095982442167,18.750796987797628,10.704340587112029
485.84434682601756,329.3095982442167,18.750796987797628,10.704340587112029
485.84434682601756,329.3095982442167,18.750796987797628,10.704340587112029
485.84434682601756,329.3095982442167,18.750796987797628,10.704340587112029
485.84434682601756,329.3095982442167,18.750796987797628,10.704340587112029
484.97337839160434,331.50857368226184,19.98039948343984,9.474738091469817
485.3903669500154,331.8411670405503,19.07738666363491,8.326594179155563
485.3379073288119,331.9288060253421,19.051452818965004,8.143562185361532
485.40650295048925,331.7758378154465,19.104498069085935,8.566429739163084
484.77472863154804,332.6446816974796,19.366239306364832,8.709684344132313
484.77472863154804,332.6446816974796,19.366239306364832,8.709684344132313
484.77472863154804,332.6446816974796,19.366239306364832,8.709684344132313
484.77472863154804,332.6446816974796,19.366239306364832,8.709684344132313
484.77472863154804,332.6446816974796,19.366239306364832,8.709684344132313
484.77472863154804,332.6446816974796,19.366239306364832,8.709684344132313
484.77472863154804,332.6446816974796,19.366239306364832,8.709684344132313
484.77472863154804,332.6446816974796,19.366239306364832,8.709684344132313
484.77472863154804,332.6446816974796,19.366239306364832,8.709684344132313
484.77472863154804,332.6446816974796,19.366239306364832,8.709684344132313
484.77472863154804,332.6446816974796,19.366239306364832,8.709684344132313
484.77472863154804,332.6446816974796,19.366239306364832,8.709684344132313
484.77472863154804,332.6446816974796,19.366239306364832,8.709684344132313
484.77472863154804,332.6446816974796,19.366239306364832,8.709684344132313
484.77472863154804,332.6446816974796,19.366239306364832,8.709684344132313
484.77472863154804,332.6446816974796,19.366239306364832,8.709684344132313
485.7743360895327,333.59793449789794,17.797296133038287,10.203915937776628
485.7743360895327,333.59793449789794,17.797296133038287,10.203915937776628
485.7743360895327,333.59793449789794,17.797296133038287,10.203915937776628
485.7743360895327,333.59793449789794,17.797296133038287,10.203915937776628
485.7743360895327,333.59793449789794,17.797296133038287,10.203915937776628
485.7743360895327,333.59793449789794,17.797296133038287,10.203915937776628
485.7743360895327,333.59793449789794,17.797296133038287,10.203915937776628
486.16903039813286,334.1241935760315,17.797296133038287,10.203915937776628
486.16903039813286,334.1241935760315,17.797296133038287,10.203915937776628
486.16903039813286,334.1241935760315,17.797296133038287,10.203915937776628
486.16903039813286,334.1241935760315,17.797296133038287,10.203915937776628
486.16903039813286,334.1241935760315,17.797296133038287,10.203915937776628
486.16903039813286,334.1241935760315,17.797296133038287,10.203915937776628
486.16903039813286,334.1241935760315,17.797296133038287,10.203915937776628
487.66065653596684,334.68218098457504,16.520971639814547,11.353918781271716
487.66065653596684,334.68218098457504,16.520971639814547,11.353918781271716
487.66065653596684,334.68218098457504,16.520971639814547,11.353918781271716
487.66065653596684,334.68218098457504,16.520971639814547,11.353918781271716
487.66065653596684,334.68218098457504,16.520971639814547,11.353918781271716
487.66065653596684,334.68218098457504,16.520971639814547,11.353918781271716
487.66065653596684,334.68218098457504,16.520971639814547,11.353918781271716
487.66065653596684,334.68218098457504,16.520971639814547,11.353918781271716
487.66065653596684,334.68218098457504,16.520971639814547,11.353918781271716
487.66065653596684,334.68218098457504,16.520971639814547,11.353918781271716
487.66065653596684,334.68218098457504,16.520971639814547,11.353918781271716
487.66065653596684,334.68218098457504,16.520971639814547,11.353918781271716
487.66065653596684,334.68218098457504,16.520971639814547,11.353918781271716
487.66065653596684,334.68218098457504,16.520971639814547,11.353918781271716
487.66065653596684,334.68218098457504,16.520971639814547,11.353918781271716
487.66065653596684,334.68218098457504,16.520971639814547,11.353918781271716
487.66065653596684,334.68218098457504,16.520971639814547,11.353918781271716
487.66065653596684,334.68218098457504,16.520971639814547,11.353918781271716
487.66065653596684,334.68218098457504,16.520971639814547,11.353918781271716
487.28709863755574,334.6074694048928,18.314049552187726,11.428630360953946
487.28709863755574,334.6074694048928,18.314049552187726,11.428630360953946
487.28709863755574,334.6074694048928,18.314049552187726,11.428630360953946
488.3412493030938,335.029129671108,18.314049552187726,11.428630360953946
488.3412493030938,335.029129671108,18.314049552187726,11.428630360953946
488.3412493030938,335.029129671108,18.314049552187726,11.428630360953946
489.4996566412798,335.95585554165683,18.314049552187726,11.428630360953946
489.4996566412798,335.95585554165683,18.314049552187726,11.428630360953946
489.4996566412798,335.95585554165683,18.314049552187726,11.428630360953946
489.4996566412798,335.95585554165683,18.314049552187726,11.428630360953946
489.4996566412798,336.88258141220564,18.314049552187726,11.428630360953946
489.4996566412798,336.88258141220564,18.314049552187726,11.428630360953946
490.1947010441914,336.88258141220564,18.314049552187726,11.428630360953946
490.1947010441914,336.88258141220564,18.314049552187726,11.428630360953946
490.1947010441914,336.88258141220564,18.314049552187726,11.428630360953946
491.54479402005427,336.8317303225153,18.004706245956186,11.30489303846133
491.54479402005427,336.8317303225153,18.004706245956186,11.30489303846133
492.4715198906031,337.2950932577897,18.004706245956186,11.30489303846133
492.4715198906031,337.2950932577897,18.004706245956186,11.30489303846133
492.4715198906031,337.2950932577897,18.004706245956186,11.30489303846133
493.4247726910214,338.08947059147164,18.004706245956186,11.30489303846133
493.4247726910214,338.08947059147164,18.004706245956186,11.30489303846133
493.4247726910214,338.08947059147164,18.004706245956186,11.30489303846133
495.27822443211903,339.01619646202045,18.00470624595596,11.30489303846133
495.27822443211903,339.01619646202045,18.00470624595596,11.30489303846133
495.27822443211903,339.01619646202045,18.00470624595596,11.30489303846133
496.23750139821,339.3999072484568,18.004706245956243,11.30489303846133
496.23750139821,339.3999072484568,18.004706245956243,11.30489303846133
496.23750139821,339.3999072484568,18.004706245956243,11.30489303846133
496.23750139821,339.3999072484568,18.004706245956243,11.30489303846133
497.6832679479722,340.1227905233379,18.004706245955674,11.30489303846133
497.6832679479722,340.1227905233379,18.004706245955674,11.30489303846133
498.60422133470587,340.1227905233379,18.004706245955674,11.30489303846133
498.60422133470587,340.1227905233379,18.004706245955674,11.30489303846133
498.60422133470587,340.1227905233379,18.004706245955674,11.30489303846133
500.00092863216963,341.3449094086187,18.004706245955674,11.30489303846133
499.68317769869685,341.3449094086187,18.004706245955674,11.30489303846133
499.68317769869685,341.3449094086187,18.004706245955674,11.30489303846133
500.3555819158369,342.092025205441,18.004706245955674,11.30489303846133
500.3555819158369,342.092025205441,18.004706245955674,11.30489303846133
502.8497020276734,342.6675913850956,18.004706245956413,11.30489303846133
502.8497020276734,342.6675913850956,18.004706245956413,11.30489303846133
504.14119891368273,343.8242046249052,16.414363041218166,10.148279798651743
504.14119891368273,343.8242046249052,16.414363041218166,10.148279798651743
504.14119891368273,343.8242046249052,16.414363041218166,10.148279798651743
504.6825217876959,344.18508654091397,16.414363041218508,10.148279798651743
504.6825217876959,344.18508654091397,16.414363041218508,10.148279798651743
504.6825217876959,344.18508654091397,16.414363041218508,10.148279798651743
504.6825217876959,344.18508654091397,16.414363041218508,10.148279798651743
504.6825217876959,344.18508654091397,16.414363041218508,10.148279798651743
506.665389611412,344.8790902792146,16.414363041219644,10.148279798651743
506.665389611412,344.8790902792146,16.414363041219644,10.148279798651743
506.665389611412,344.8790902792146,16.414363041219644,10.148279798651743
506.665389611412,344.8790902792146,16.414363041219644,10.148279798651743
507.43389117118824,345.4426580897174,15.79956179339905,9.943346049378022
507.43389117118824,345.4426580897174,15.79956179339905,9.943346049378022
507.43389117118824,345.4426580897174,15.79956179339905,9.943346049378022
508.4051417070572,346.11506230685745,15.79956179339905,9.943346049378022
508.4051417070572,346.11506230685745,15.79956179339905,9.943346049378022
508.562628280859,346.56648046593125,15.841096263690531,9.382280190511949
508.562628280859,346.56648046593125,15.841096263690531,9.382280190511949
508.562628280859,346.56648046593125,15.841096263690531,9.382280190511949
508.562628280859,346.56648046593125,15.841096263690531,9.382280190511949
508.562628280859,346.56648046593125,15.841096263690531,9.382280190511949
507.82398763424317,346.1003163878879,17.495726204643347,10.273234774102036
507.82398763424317,346.1003163878879,17.495726204643347,10.273234774102036
507.82398763424317,346.1003163878879,17.495726204643347,10.273234774102036
507.82398763424317,346.1003163878879,17.495726204643347,10.273234774102036
507.82398763424317,346.1003163878879,17.495726204643347,10.273234774102036
507.82398763424317,346.1003163878879,17.495726204643347,10.273234774102036
507.82398763424317,346.1003163878879,17.495726204643347,10.273234774102036
507.82398763424317,346.1003163878879,17.495726204643347,10.273234774102036
507.82398763424317,346.1003163878879,17.495726204643347,10.273234774102036
507.82398763424317,345.52475020823334,17.495726204643347,10.273234774102036
507.82398763424317,345.52475020823334,17.495726204643347,10.273234774102036
507.82398763424317,345.52475020823334,17.495726204643347,10.273234774102036
505.36442968444453,345.52475020823334,17.495726204643688,10.273234774102036
505.36442968444453,345.52475020823334,17.495726204643688,10.273234774102036
504.2523014172898,345.52475020823334,17.495726204643688,10.273234774102036
503.06258072306014,345.52475020823334,17.495726204643006,10.273234774102036
503.06258072306014,345.52475020823334,17.495726204643006,10.273234774102036
503.1114451429535,346.1143395139957,16.7284147224438,10.081406903552192
502.1309061188624,346.1143395139957,16.728414722444313,10.081406903552192
501.4125625329701,346.35378737595977,16.728414722444654,10.081406903552192
500.25594929316037,346.20921072098355,16.72841472244511,10.081406903552192
499.51862507609684,346.2133249894061,16.748530583268405,9.76997617357324
498.49769754046395,347.4922531471684,15.517922388374245,9.112268379219756
496.2594995584233,347.4922531471684,15.51792238837453,9.112268379219756
496.2594995584233,347.4922531471684,15.51792238837453,9.112268379219756
494.2227396056047,348.25603812947537,15.51792238837453,9.112268379219756
492.8326507997815,348.4877195971126,15.51792238837453,9.112268379219756
492.8326507997815,348.4877195971126,15.51792238837453,9.112268379219756
490.37309284998287,348.4877195971126,15.51792238837453,9.112268379219756
490.37309284998287,348.4877195971126,15.51792238837453,9.112268379219756
487.57254791485735,348.4877195971126,15.51792238837453,9.112268379219756
487.57254791485735,348.4877195971126,15.51792238837453,9.112268379219756
485.7903829561411,348.4877195971126,15.51792238837453,9.112268379219756
485.7903829561411,348.4877195971126,15.51792238837453,9.112268379219756
482.99551439683853,346.9545998490795,16.91363327031354,11.41108630241348
480.50289017341044,348.4277456647399,17.369497540923078,9.937940486753064
482.2369942196532,347.84971098265896,14.450867052023114,10.404624277456662
479.5178702809966,346.9545998490795,16.91363327031354,11.41108630241348
478.36180091683474,346.9545998490795,16.91363327031354,11.41108630241348
477.48111032817803,346.9545998490795,16.91363327031354,11.41108630241348
475.7470062819353,348.11066921324135,16.91363327031354,11.41108630241348
475.2838347036146,348.1301044127594,16.233077996604095,10.235581738733572
475.2838347036146,348.1301044127594,16.233077996604095,10.235581738733572
472.9716959752909,348.1301044127594,16.233077996604095,10.235581738733572
469.9376075909361,348.1301044127594,16.233077996604095,10.235581738733572
469.94894194593246,348.1301044127594,16.233077996604095,10.235581738733572
469.1815203730597,348.3219598059776,16.233077996604095,10.235581738733572
467.5309452824945,348.7154807593884,15.652771295316938,9.775248476917284
467.5309452824945,348.7154807593884,15.652771295316938,9.775248476917284
464.5168878546321,348.6252602803862,17.27673991735611,9.865468955919482
464.5168878546321,348.6252602803862,17.27673991735611,9.865468955919482
463.61378081337756,348.6252602803862,17.27673991735611,9.865468955919482
463.61378081337756,348.6252602803862,17.27673991735611,9.865468955919482
460.1603837354501,348.24154949394983,17.27673991735611,9.865468955919482
459.64834745905665,349.02935550942857,15.157822005346418,9.465905170685744
457.94577213882405,349.33867635311054,16.291740957076115,8.994398653385758
457.0397423870508,349.73592582051674,16.177982046169745,9.137995622620338
455.1767618319525,349.54711671427475,16.548400253851412,9.580652778545584
455.1767618319525,349.54711671427475,16.548400253851412,9.580652778545584
453.27929063398403,349.54711671427475,16.548400253851412,9.580652778545584
453.27929063398403,349.54711671427475,16.548400253851412,9.580652778545584
451.2521821117157,349.54711671427475,16.548400253851412,9.580652778545584
451.2521821117157,349.54711671427475,16.548400253851412,9.580652778545584
449.52548357275197,349.54711671427475,16.548400253851412,9.580652778545584
447.21334484442826,351.2812207605175,16.548400253851412,9.580652778545584
446.55536151558596,349.9183819714205,16.548400253851412,9.580652778545584
445.54110847900137,350.91363836804527,15.714639956563246,9.28029918694682
445.54110847900137,350.91363836804527,15.714639956563246,9.28029918694682
444.9497736103852,351.5254526485506,16.331197614208918,8.57098314504583
443.5886630629664,351.5254526485506,16.331197614208918,8.57098314504583
443.5886630629664,351.5254526485506,16.331197614208918,8.57098314504583
442.0610930983525,351.7800476426529,16.331197614208918,8.57098314504583
442.0610930983525,351.7800476426529,16.331197614208918,8.57098314504583
440.7730838941637,351.7800476426529,16.331197614208918,8.57098314504583
440.7730838941637,351.7800476426529,16.331197614208918,8.57098314504583
439.76104730933014,351.7800476426529,16.331197614208918,8.57098314504583
439.76104730933014,351.7800476426529,16.331197614208918,8.57098314504583
439.1285569100073,351.7800476426529,16.331197614208918,8.57098314504583
439.1285569100073,351.7800476426529,16.331197614208918,8.57098314504583
437.2928933944724,351.57608502981566,16.73912283988335,8.774945757883074
437.2928933944724,351.57608502981566,16.73912283988335,8.774945757883074
436.5745498085801,351.57608502981566,16.73912283988335,8.774945757883074
436.5745498085801,351.57608502981566,16.73912283988335,8.774945757883074
436.5745498085801,351.57608502981566,16.73912283988335,8.774945757883074
435.22124262354714,351.57608502981566,16.73912283988335,8.774945757883074
435.22124262354714,351.57608502981566,16.73912283988335,8.774945757883074
435.22124262354714,351.57608502981566,16.73912283988335,8.774945757883074
435.22124262354714,351.57608502981566,16.73912283988335,8.774945757883074
435.22124262354714,351.57608502981566,16.73912283988335,8.774945757883074
434.0651732593853,351.57608502981566,16.73912283988335,8.774945757883074
432.8243694535462,351.0313411275427,17.065969181247112,8.774945757883074
432.8243694535462,351.0313411275427,17.065969181247112,8.774945757883074
432.8243694535462,351.0313411275427,17.065969181247112,8.774945757883074
432.8243694535462,351.0313411275427,17.065969181247112,8.774945757883074
432.8243694535462,351.0313411275427,17.065969181247112,8.774945757883074
432.8243694535462,351.0313411275427,17.065969181247112,8.774945757883074
432.8243694535462,351.0313411275427,17.065969181247112,8.774945757883074
432.8243694535462,351.0313411275427,17.065969181247112,8.774945757883074
431.28952630780066,351.0313411275427,17.065969181247112,8.774945757883074
431.28952630780066,351.0313411275427,17.065969181247112,8.774945757883074
430.2774897229671,350.1638811976854,17.065969181247112,8.774945757883074
430.2774897229671,350.1638811976854,17.065969181247112,8.774945757883074
428.8894822463657,350.0647378064996,19.048837004963445,9.865523060927046
428.8894822463657,350.0647378064996,19.048837004963445,9.865523060927046
428.8894822463657,349.66816424175636,17.065969181247112,9.865523060927046
428.8894822463657,349.66816424175636,17.065969181247112,9.865523060927046
426.34098610235645,349.66816424175636,17.065969181247112,9.865523060927046
426.34098610235645,349.66816424175636,17.065969181247112,9.865523060927046
425.4693958587199,349.66816424175636,17.065969181247112,9.865523060927046
425.4693958587199,349.66816424175636,17.065969181247112,9.865523060927046
423.8790526539815,349.66816424175636,17.065969181247112,9.865523060927046
423.8790526539815,349.66816424175636,17.065969181247112,9.865523060927046
422.69496972818104,350.58911762849004,17.065969181247112,9.865523060927046
422.69496972818104,350.58911762849004,17.065969181247112,9.865523060927046
420.7764157959991,350.58911762849004,17.065969181247112,9.865523060927046
420.7764157959991,350.58911762849004,17.065969181247112,9.865523060927046
420.7764157959991,350.58911762849004,17.065969181247112,9.865523060927046
418.62460098629015,350.4917548522126,16.546299409530434,9.673221193263942
418.62460098629015,350.4917548522126,16.546299409530434,9.673221193263942
416.65296239553066,350.4917548522126,16.546299409530434,9.673221193263942
416.65296239553066,350.4917548522126,16.546299409530434,9.673221193263942
415.3517725007447,350.4917548522126,16.546299409530434,9.673221193263942
415.3517725007447,350.4917548522126,16.546299409530434,9.673221193263942
413.605888378915,350.3171664400296,16.546299409530434,9.673221193263942
413.605888378915,350.3171664400296,16.546299409530434,9.673221193263942
411.6474651446294,350.3171664400296,16.546299409530434,9.673221193263942
411.6474651446294,350.3171664400296,16.546299409530434,9.673221193263942
408.59232521540156,350.3171664400296,16.546299409530434,9.673221193263942
408.59232521540156,350.3171664400296,16.546299409530434,9.673221193263942
407.05748206965603,350.3171664400296,16.546299409530434,9.673221193263942
407.05748206965603,350.3171664400296,16.546299409530434,9.673221193263942
404.56336195781955,350.3171664400296,16.546299409530434,9.673221193263942
404.56336195781955,350.3171664400296,16.546299409530434,9.673221193263942
402.6658907598511,350.3171664400296,16.546299409530434,9.673221193263942
402.6658907598511,350.3171664400296,16.546299409530434,9.673221193263942
400.57082981365545,350.3171664400296,16.546299409530434,9.673221193263942
400.57082981365545,350.3171664400296,16.546299409530434,9.673221193263942
399.18074100783224,350.3171664400296,16.546299409530434,9.673221193263942
397.2657274811298,349.87089706366265,16.27083863730769,9.345879632501976
396.1942524186598,349.5887932586419,17.267548358151032,9.376236332067265
395.0175772087364,349.92587343403943,16.953519892774466,9.616908945024079
394.51463104084553,349.7835693362499,17.075750503982135,9.218430525700512
394.4926186079255,349.8645028241649,15.898247486293599,9.37110775585046
393.44926959814944,349.4104589202657,16.642669875257923,9.775248476917284
391.87680533867007,349.51897606085794,17.407798065956285,9.413659039959214
391.3927210323821,349.56150905107467,16.92394087250608,9.79070959566468
391.3927210323821,349.56150905107467,16.92394087250608,9.79070959566468
391.3927210323821,349.56150905107467,16.92394087250608,9.79070959566468
389.8039663650182,349.56150905107467,16.92394087250608,9.79070959566468
389.8039663650182,349.56150905107467,16.92394087250608,9.79070959566468
389.8039663650182,349.56150905107467,16.92394087250608,9.79070959566468
389.04018138271124,349.56150905107467,16.92394087250608,9.79070959566468
389.04018138271124,349.56150905107467,16.92394087250608,9.79070959566468
388.3644785419551,349.56150905107467,16.92394087250608,9.79070959566468
388.3644785419551,349.56150905107467,16.92394087250608,9.79070959566468
388.3644785419551,349.56150905107467,16.92394087250608,9.79070959566468
386.8794175133721,349.56150905107467,16.92394087250608,9.79070959566468
386.8794175133721,349.56150905107467,16.92394087250608,9.79070959566468
386.8794175133721,349.56150905107467,16.92394087250608,9.79070959566468
386.8794175133721,349.56150905107467,16.92394087250608,9.79070959566468
386.8794175133721,349.56150905107467,16.92394087250608,9.79070959566468
386.8794175133721,349.56150905107467,16.92394087250608,9.79070959566468
386.8794175133721,349.56150905107467,16.92394087250608,9.79070959566468
386.8794175133721,349.56150905107467,16.92394087250608,9.79070959566468
386.8794175133721,349.56150905107467,16.92394087250608,9.79070959566468
385.7603185223518,349.56150905107467,16.92394087250608,9.79070959566468
385.7603185223518,349.56150905107467,16.92394087250608,9.79070959566468
386.54450474472395,349.6054884318891,15.933599006030306,8.197349970948096
386.54450474472395,349.6054884318891,15.933599006030306,8.197349970948096
386.54450474472395,349.6054884318891,15.933599006030306,8.197349970948096
386.54450474472395,349.6054884318891,15.933599006030306,8.197349970948096
386.54450474472395,349.6054884318891,15.933599006030306,8.197349970948096
386.54450474472395,349.6054884318891,15.933599006030306,8.197349970948096
386.54450474472395,349.6054884318891,15.933599006030306,8.197349970948096
386.54450474472395,349.6054884318891,15.933599006030306,8.197349970948096
386.54450474472395,349.6054884318891,15.933599006030306,8.197349970948096
386.54450474472395,349.6054884318891,15.933599006030306,8.197349970948096
386.54450474472395,349.6054884318891,15.933599006030306,8.197349970948096
386.54450474472395,349.6054884318891,15.933599006030306,8.197349970948096
386.54450474472395,349.6054884318891,15.933599006030306,8.197349970948096
384.564707584842,348.80119583568705,17.913396165912275,9.001642567150157
384.564707584842,348.80119583568705,17.913396165912275,9.001642567150157
384.564707584842,348.80119583568705,17.913396165912275,9.001642567150157
383.5121894285749,348.80119583568705,17.913396165912275,9.001642567150157
383.5121894285749,348.80119583568705,17.913396165912275,9.001642567150157
382.8171450256633,348.33783290041265,17.913396165912275,9.001642567150157
382.8171450256633,348.33783290041265,17.913396165912275,9.001642567150157
382.1846546263405,348.33783290041265,17.913396165912275,9.001642567150157
382.1846546263405,348.33783290041265,17.913396165912275,9.001642567150157
382.1846546263405,348.33783290041265,17.913396165912275,9.001642567150157
380.5628843528801,348.33783290041265,17.913396165912275,9.001642567150157
380.5628843528801,348.33783290041265,17.913396165912275,9.001642567150157
379.63615848233127,347.41110702986384,17.913396165912275,9.001642567150157
379.21449821611606,347.41110702986384,17.913396165912275,9.001642567150157
379.21449821611606,346.48438115931503,17.913396165912275,9.001642567150157
379.21449821611606,346.48438115931503,17.913396165912275,9.001642567150157
378.47196770182455,345.3705853878778,17.913396165912275,9.001642567150157
378.47196770182455,345.3705853878778,17.913396165912275,9.001642567150157
376.4448591795562,344.3570311267436,17.913396165912275,9.001642567150157
376.4448591795562,344.3570311267436,17.913396165912275,9.001642567150157
376.4448591795562,344.3570311267436,17.913396165912275,9.001642567150157
376.4448591795562,344.3570311267436,17.913396165912275,9.001642567150157
374.2895179926386,342.92013700213187,17.913396165912275,9.001642567150157
374.2895179926386,342.92013700213187,17.913396165912275,9.001642567150157
372.134176805721,342.92013700213187,17.913396165912275,9.001642567150157
372.134176805721,342.92013700213187,17.913396165912275,9.001642567150157
369.2603885564975,342.201689939826,17.913396165912275,9.001642567150157
367.1050473695799,341.4832428775201,17.913396165912275,9.001642567150157
367.1050473695799,341.4832428775201,17.913396165912275,9.001642567150157
364.9497061826623,340.0463487529084,17.913396165912275,9.001642567150157
363.51281205805054,340.76479581521426,17.913396165912275,9.001642567150157
361.35747087113293,340.76479581521426,17.913396165912275,9.001642567150157
359.9205767465212,340.76479581521426,17.913396165912275,9.001642567150157
358.48368262190945,340.76479581521426,17.913396165912275,9.001642567150157
356.7015176631932,340.76479581521426,17.913396165912275,9.001642567150157
355.4285426926816,339.49182084470266,17.913396165912275,9.001642567150157
355.4285426926816,339.49182084470266,17.913396165912275,9.001642567150157
352.0947586455586,337.82492882114116,17.913396165912275,10.315252808975117
350.6640601331678,337.7260371742182,17.48830753179203,10.038991892107333
348.91340584355356,336.60981980974384,17.427242136895245,11.57936956675178
346.83608955908784,336.48968873832763,17.447316715209865,10.140094540099199
346.83608955908784,336.48968873832763,17.447316715209865,10.140094540099199
343.54697032075325,336.48968873832763,17.447316715209865,10.140094540099199
343.54697032075325,336.48968873832763,17.447316715209865,10.140094540099199
341.2301556443812,336.48968873832763,17.447316715209865,10.140094540099199
341.2301556443812,336.48968873832763,17.447316715209865,10.140094540099199
336.8027228491215,336.0680284721124,17.447316715209865,10.140094540099199
336.8027228491215,336.0680284721124,17.447316715209865,10.140094540099199
332.9656149847577,336.0680284721124,17.447316715209865,10.140094540099199
330.16507004963216,335.5588384839078,17.447316715209865,10.140094540099199
330.16507004963216,335.5588384839078,17.447316715209865,10.140094540099199
328.76619631085674,334.9992889883976,17.447316715209865,10.140094540099199
328.76619631085674,334.9992889883976,17.447316715209865,10.140094540099199
327.4147906293445,334.66143756801955,17.447316715209865,10.140094540099199
327.4147906293445,334.66143756801955,17.447316715209865,10.140094540099199
327.4147906293445,334.66143756801955,17.447316715209865,10.140094540099199
324.10505570601435,334.66143756801955,17.447316715209865,10.140094540099199
323.38142609337694,334.2277076030909,17.447316715209865,10.140094540099199
323.38142609337694,334.2277076030909,17.447316715209865,10.140094540099199
321.8442023747528,334.2277076030909,17.447316715209865,10.140094540099199
321.8442023747528,334.2277076030909,17.447316715209865,10.140094540099199
321.8442023747528,334.2277076030909,17.447316715209865,10.140094540099199
320.1549452728625,334.2277076030909,17.447316715209865,10.140094540099199
320.1549452728625,334.2277076030909,17.447316715209865,10.140094540099199
319.1365652964532,333.9731126089886,17.447316715209865,10.140094540099199
319.1365652964532,333.9731126089886,17.447316715209865,10.140094540099199
319.1365652964532,333.9731126089886,17.447316715209865,10.140094540099199
317.6515042678702,333.23058209469707,17.447316715209865,10.140094540099199
317.6515042678702,333.23058209469707,17.447316715209865,10.140094540099199
317.6515042678702,333.23058209469707,17.447316715209865,10.140094540099199
317.6515042678702,333.23058209469707,17.447316715209865,10.140094540099199
317.6515042678702,333.23058209469707,17.447316715209865,10.140094540099199
317.6515042678702,333.23058209469707,17.447316715209865,10.140094540099199
316.1142805492461,333.23058209469707,17.447316715209865,10.140094540099199
316.1142805492461,333.23058209469707,17.447316715209865,10.140094540099199
316.1142805492461,333.23058209469707,17.447316715209865,10.140094540099199
316.1142805492461,333.23058209469707,17.447316715209865,10.140094540099199
316.1142805492461,333.23058209469707,17.447316715209865,10.140094540099199
316.1142805492461,333.23058209469707,17.447316715209865,10.140094540099199
316.5222643017011,334.4545333520622,17.447316715209865,10.140094540099199
316.5222643017011,334.4545333520622,17.447316715209865,10.140094540099199
316.5222643017011,334.4545333520622,17.447316715209865,10.140094540099199
317.4189318814743,336.69620230149513,17.447316715209865,10.140094540099199
317.4189318814743,336.69620230149513,17.447316715209865,10.140094540099199
317.4189318814743,336.69620230149513,17.447316715209865,10.140094540099199
318.9465018460882,337.2053922896998,17.447316715209865,10.140094540099199
318.9465018460882,337.2053922896998,17.447316715209865,10.140094540099199
318.9465018460882,337.2053922896998,17.447316715209865,10.140094540099199
321.1707583803977,338.7941469570637,17.447316715209865,10.140094540099199
322.5984966702582,339.2020721827381,18.12719209133388,10.683994840998423
322.5984966702582,339.2020721827381,18.12719209133388,10.683994840998423
324.45194841135583,339.8971165856497,18.12719209133388,10.683994840998423
324.45194841135583,339.8971165856497,18.12719209133388,10.683994840998423
324.45194841135583,339.8971165856497,18.12719209133388,10.683994840998423
327.69548895827666,341.5188868591101,18.12719209133388,10.683994840998423
327.69548895827666,341.5188868591101,18.12719209133388,10.683994840998423
330.2134616880724,342.0784363546203,18.12719209133388,10.683994840998423
330.2134616880724,342.0784363546203,18.12719209133388,10.683994840998423
330.2134616880724,342.0784363546203,18.12719209133388,10.683994840998423
332.76195783208163,342.7734807575319,18.12719209133388,10.683994840998423
332.52601156069363,344.3815028901734,18.363138362721884,9.075972708356915
334.83815028901734,345.53757225433526,17.105150299936213,9.184884142840701
335.9942196531792,345.53757225433526,15.949080935774361,9.184884142840701
336.57225433526014,346.6936416184971,17.919542397702628,9.18722211686486
339.46242774566474,346.6936416184971,16.763473033540777,9.18722211686486
340.44852247023215,347.0531951800923,18.12719209133388,10.683994840998423
341.77456647398844,347.84971098265896,16.801148087577587,9.887479038431763
342.35260115606934,349.0057803468208,18.492762763875305,9.604351735184764
344.66473988439304,349.5838150289017,16.180624035551602,9.026317053103867
345.60834523901536,350.23827596933086,16.975469789886347,9.172128654946619
345.7300309078944,349.77958898210477,18.12719209133388,10.683994840998423
347.5549132947977,351.3179190751445,16.30230970443057,9.145664747958676
349.03976583122454,350.7291242646378,18.12719209133388,10.683994840998423
349.03976583122454,351.3071589467187,18.12719209133388,10.683994840998423
351.12489903995936,352.0022033496303,18.12719209133388,10.683994840998423
352.1791907514451,352.47398843930637,17.072900379848136,10.212209751322348
355.0693641618497,353.6300578034682,16.49595344906305,9.489870352089156
355.1722295658216,355.32610672496355,17.81620974053675,9.286610038042227
355.72948046649964,354.4726932673774,18.12719209133388,10.683994840998423
357.3815028901734,355.36416184971097,16.47516966766011,9.79252625866485
357.6499530005123,355.6948121526582,18.12719209133388,10.683994840998423
359.1156069364162,356.5202312138728,16.66153815542998,9.858575779783791
360.8955223880597,357.0149253731343,16.989924034862554,9.996372019845126
359.7582543315884,356.327302551981,18.12719209133388,10.683994840998423
362.8804836266842,358.12765164928965,16.54535369388998,9.575697633007053
364.8959537572254,358.8323699421965,15.154784161749603,9.261573198809288
364.3179190751445,359.4104046242775,16.64213054724172,10.431168650828624
368.36416184971097,360.5664739884393,15.486061183079926,9.275099286666773
366.78667437276505,360.276677425128,18.12719209133388,10.683994840998423
370.0982658959538,361.1445086705202,14.815600568145157,9.816163595606213
369.33262431378824,361.040462407435,18.12719209133388,10.683994840998423
369.33262431378824,361.040462407435,18.12719209133388,10.683994840998423
369.33262431378824,361.040462407435,18.12719209133388,10.683994840998423
372.96969603460434,362.7191108939655,18.12719209133388,10.683994840998423
374.7225433526012,364.0346820809249,16.374344773337043,9.36842365403902
374.1445086705202,362.87861271676303,16.952379455417997,10.524493018200872
376.4566473988439,364.6127167630058,15.796310091256146,8.790388971958123
