225.53235013426786,355.395360804925,11.873469643547082,6.964618060868986
225.03723343436457,355.45295137324223,12.026939842627087,6.854996490097562
224.645257807165,355.2015871652237,11.964247265352782,7.38219512117513
224.6978640455015,355.11264436416644,11.964247265352782,7.38219512117513
223.95273119366328,355.40749870633715,12.5398391847406,6.9555629733541195
223.63212888318597,354.4862414150552,12.00080160271159,8.09736386506711
223.77231810696463,354.7852696261187,11.595966012323743,7.477595338478295
222.8429083197457,354.515036086564,12.509156284823433,7.08065450084348
222.53683882856785,354.5104250368623,12.369697950929606,6.962942878829722
222.65755878296682,354.68147887710467,11.910822059201564,7.022796256011645
221.5186562374055,354.65249161880615,12.196341738203756,6.539765225424787
221.34897880818116,354.2491650455938,12.117127156397032,7.193545145618316
220.46676171985473,353.5821382941424,12.050724909073239,7.729327930017803
220.696634277257,352.94393458139945,11.891273912946446,8.300726919751582
219.83239941870434,353.4783581500822,11.685659444234858,8.068147608777565
219.68838571089702,354.27517954903414,11.623575231336872,7.109486959773847
218.55485782776287,354.3779411282682,11.925299285847217,6.937774651551877
218.47496401625338,353.88326860007714,12.050479939292728,7.481672147739687
217.6340433681998,353.8318908059168,11.94079771920326,7.789668746624841
217.69593531488712,354.27097514239404,10.725996001469127,7.215881839557255
216.77019179616155,354.4194276722851,11.685659444234858,7.015780529371796
216.54486400456514,354.444845954944,10.911470141043367,6.880943732870946
215.8911852214416,354.73595804495403,11.384557679904617,6.736443703530824
213.6830014135206,354.2483450859486,11.811066430565035,7.262209764739339
213.70107442489973,354.4248407273124,10.913265772836269,7.142503010375492
212.39604173059726,353.8867143978285,12.242138527645778,8.160694963152707
211.57044958517753,354.5651743521967,12.06071489441456,6.922519918848877
211.69725077148522,354.5103130809524,11.725561695689464,7.06160234610735
209.6619327654051,354.7351761447881,12.841383853056016,6.794128042329817
208.56506640561355,354.65626277955386,12.046326316187645,6.601386821270808
208.4202843046682,354.71652346859145,12.046326316187645,6.67366477916795
207.71845606473386,354.28282478382874,11.968753273585008,7.010961916021188
205.7324604973343,353.9711797005561,13.612664254964159,7.627510518257452
205.5070373888349,353.05873777434687,12.073965754276344,8.408135187917765
205.44647302728552,354.0353525617893,11.172630407291251,7.282160890466628
204.04760292186185,353.6030696559268,11.512051978536164,7.730829257725759
203.09468733810945,353.11559080261327,11.384440345281064,8.260338110994667
201.68724335358135,352.50504795805364,11.797414038813997,8.888024668808384
200.15606936416185,353.6300578034682,12.531854009012449,7.6144927798508775
200.3894015999096,354.6697554914252,11.339760388580999,6.863001303860813
200.18004339315863,354.8809924980751,10.457897851594794,6.5115213038231445
199.55305905072308,355.0010575334256,9.895758360743685,6.364409107010545
198.0875834198303,354.73396434268415,10.510750737387411,6.565909780534184
197.87001571838036,354.4187322597295,10.280385933285032,6.840707803622479
195.75514923066206,354.7610004570994,12.57932668014223,6.557472652197021
193.95244338628794,354.80818095108395,11.137551590377683,6.8184617019831535
193.0011544736903,353.7343858879228,12.409600202384212,7.701134530740035
193.25469661075343,353.6998510541889,10.262791074415446,7.864942692542684
191.78500406408554,354.3689780682659,10.673045116142248,7.107332526550692
190.8500576422397,353.4621299558164,11.755096542569305,8.154436340340851
189.92527244462678,354.19108524735816,11.853585095128636,7.3241664002420634
188.68779309056646,353.63057427209367,12.720920589894149,7.516907621301073
187.35207001911417,353.7455731440742,12.91640995035462,6.905803339793579
186.39691628256975,353.9815697237864,12.83597971955345,6.6145734704957135
185.67957797672085,354.3904883764538,11.685659444234858,6.007262078274607
184.564938920052,353.6425885610697,12.714031408719904,6.866158838576439
183.93146660564346,353.486744535893,11.57165292183737,6.803333873011297
182.56859433850877,353.35070337427965,12.13028444220194,7.2023563875574155
181.47718180358086,353.94708376222786,11.584325847772845,6.681523010325293
181.4643306004011,353.654238684894,10.743957201433034,6.518521524743051
180.5685893595619,353.57157454628816,10.945641479278777,7.069071017797114
179.40929562700177,353.56545569726114,11.092825904382039,7.142503010375492
177.4066659459969,353.44528221250283,12.929057628393451,7.834727856336258
176.75195158493804,353.403638069787,11.998141010922893,6.914591305491683
175.7020498774445,353.6522026577273,10.784381470515399,6.899099257232081
174.111267187306,353.22034821432266,11.305014017290745,7.280746732447199
173.06777551971362,353.41423171948094,12.102221413166319,6.993856215217477
171.40904029833757,353.5546312647982,12.050479939292728,6.803333873011297
171.6590572397845,354.1507740179079,11.605586168264182,6.106520545835963
170.43621048336436,352.9092480801143,11.755096542569305,8.869273292253865
169.77294434293347,353.4349467494522,11.608463460135567,6.924346625344015
168.6477250529871,353.67214966717404,11.57936956675178,6.559423260252686
167.96853270054274,353.48989414003177,11.381786985956069,7.065659898585068
167.44817377102692,353.59536803760284,12.31984425321437,7.0815534718346385
167.0173286946839,353.5368084304006,11.490342115934851,7.068943191139624
165.34359974713877,352.6771871145724,12.288991151550789,7.78460567689541
165.11890537955716,353.1551131297959,11.733471415297402,7.193545145618316
164.11956721841153,353.5837291970631,11.157721301433526,6.949445793280404
164.1147820069492,353.8277582774822,10.90964783516921,6.620384583735188
162.52249879976023,353.4995809194768,11.832701380427068,7.319266617844619
161.5604238571058,353.4716656089232,11.707583758389148,6.81846170198321
161.47678498872867,353.62623617587417,11.795281015006282,6.7965373878288915
160.59809606765683,352.8959790573114,11.811066430565035,7.441769896285052
159.77788477465887,353.25426315935863,11.968489977316239,7.412742179499105
158.65869980011016,352.785530010639,11.901770400393389,7.781926800257224
157.71097033602283,353.0801870599768,12.714031408719904,7.680787853322784
157.65252018506143,353.5256398614217,11.702145657242397,6.936565977822397
156.628390611235,353.43052520127895,11.781571985232745,6.936565977822397
156.5880887790754,353.13601102905017,11.966900083876851,7.1218940764665035
155.5606408887124,353.3816314981368,11.96103832742196,7.0372229071317065
155.5900967657308,353.6683901971122,11.57875683396415,7.3776149738532695
154.71799115646004,353.6068304865408,11.757214484599132,7.565092926565853
154.5090171809345,353.5531273363729,12.149098468155358,7.801000069026088
154.45558616166414,353.29384705324475,11.929881945131342,8.107686758827128
154.3050013556516,353.2201649821693,12.12414572732061,7.541964069074652
153.65987763162434,353.1970803857149,11.75143238669773,8.15584486539467
153.51045561603678,353.17818018854666,12.072801854530638,8.154436340340851
153.54100913345366,352.7019654423006,12.24604491156893,8.609239674756736
153.1582641953856,352.77939581560776,12.359530800408521,7.7578341476248625
153.1059095505211,352.9513183763123,12.393998581498124,7.564412279787575
152.53355458400299,352.57327676414167,12.867789754302152,8.065679809761832
152.52214002062826,352.6445619197185,12.683124466983799,7.9752610914274555
152.85430845600482,353.2138402696198,11.786366731720534,7.976595533950956
152.45793788180146,352.6781664419977,12.021213221122139,7.737057445509436
152.34400409033657,352.92117217373067,12.124240040181945,7.5455011590816525
151.7169811436398,352.821334487929,12.660639456288209,7.481286951443053
151.41258882200617,353.56004911457484,13.067987351385284,6.784635677525614
151.59141944632134,353.0598230291454,12.481280261649516,7.418942812868579
151.42006571377385,352.3619836855394,13.076266509146137,8.152684498367421
151.5750705950879,352.8522976641716,12.070431065020017,7.601378902103534
151.66456193771586,353.271543867023,12.390507166491972,7.227795847120319
151.81441178031733,352.8655406105194,11.651807079511684,7.60750242868761
151.6366294517342,353.10269394393237,11.853585095128636,7.3241664002420634
151.55812580198574,353.0959328213625,11.956305322429301,7.149727849809551
151.2328643894173,353.25100164626707,12.148133931477588,7.3009572815838055
150.894962944279,353.02997960491473,12.14909846815533,6.937774651551877
150.40991583206232,352.9013002881607,12.913661810953158,7.589185579198215
150.6279747353566,352.97541250958113,12.1460700414749,7.322720927531748
150.51775426767702,352.43305065375023,12.007450015437144,8.000820680544564
150.5800709310891,352.69052372049754,11.887473755886504,7.75730470038917
150.63599462385167,352.5982391172321,11.63755748002248,7.7690287572677335
150.486256379246,352.389108868368,11.986684074124952,8.14629014746356
149.30374509442186,352.0939773667502,13.203099148706002,7.840023055504787
149.48636661783334,352.2168235346912,13.453072267620144,7.315652088622016
149.36618620944813,352.2436352301821,12.510374155033332,7.535318386403787
149.1462524588949,351.98157246622833,12.354570299165147,7.567174308238634
148.45876032525047,352.1675184819028,12.14909846815533,7.385373016168103
147.97072638732052,351.81097620284373,12.38109869043359,7.02718117701869
147.5462038278648,351.6207895407562,12.166789579349512,7.926482716051453
147.624551468239,351.3345189128371,12.058372784857738,8.111996237086089
147.59521397707147,351.6082347824026,11.926826899932024,7.739282896463237
146.75589638749872,351.5643156981756,11.811066430565035,7.54152552492161
145.87184768494453,351.54590907307653,12.772219195487509,7.82625732024178
145.66775600062186,351.66797651943745,11.841214607205956,7.680787853322784
144.52192443473066,351.6598658285346,12.714031408719904,6.807971051808806
144.41226166699477,351.5163192924597,12.085858217846038,6.8861285194704465
143.6381848307416,351.52699399600715,11.882978271623443,6.840386016137472
143.55074932627062,350.643744114442,11.901770400393389,7.420537010771568
142.52939386348294,350.59582339868575,12.848524968384936,7.8208412851038815
142.59838144643504,350.80641024676663,11.930247727079177,6.744968038360128
141.56532434646257,350.74927826639737,11.904902585777734,7.783131524771818
141.26774656963048,350.9997110122086,12.199471577396253,7.207383403311098
140.50850424440867,350.5020261666761,11.841214607205956,7.9135390003932
139.59505659182392,351.00432822862786,11.966900083876851,7.413123945764426
138.65915956043602,351.47173943210674,12.672253581177756,6.664991502903206
138.58716907519,351.6524752461174,11.966900083876851,6.671811551188
136.6116447397575,350.74610308938963,12.830406982255113,7.360755026101003
136.7160612579763,350.87489083523917,11.710313212933414,7.008032403398943
135.542759514129,351.23818459324815,11.99760264445203,7.201568504627232
135.68596644997666,351.1963688208653,11.764779786016817,6.735699537981873
134.45047962365413,350.5750572981586,12.025329730352496,7.473685794230732
133.57565073221403,350.456300464511,12.893924319620652,7.904994473881857
132.6537243312582,350.5500384474953,12.884438638596322,7.992827939575875
132.72964741260097,350.6602767236943,11.733471415297373,7.545229574959592
131.8677292969135,350.441598931586,12.74312530210372,7.9135390003932
131.61548190888288,350.4553023755284,11.771847555371494,7.576417184716718
131.59396967786103,350.5476104436373,11.796370458372593,7.979897663016743
130.81530690208595,350.7536310708302,12.689193774332722,7.48722571044749
129.8642290896897,350.58601934626876,12.311080838501624,7.598452044408532
129.65375193420365,350.64649882509593,12.851231265952634,8.127918108295773
129.54114087811365,350.5420992410331,12.794599249709165,7.821141997647601
129.67055298622276,350.5064894448394,11.707583758389148,7.761207210617499
129.57846113370073,350.81517432460157,12.014524156549157,7.585812697383233
128.54406971801728,350.5728518133672,12.90837834556686,7.561476650648899
128.56583142568473,350.71640218679397,12.070418968820007,7.7578341476248625
128.04746178974636,350.66595574768496,12.549359822472638,7.413123945764426
127.76790974740342,350.4640856479835,12.549258082475347,7.6213300278308225
127.68345375574877,350.4982959341328,12.34805177879197,7.834223943435063
127.6848814830349,350.8294624050574,11.852665880761577,7.644390372608427
127.42056194933964,351.37021834185583,12.019850969203745,7.042467748476213
126.68092124985158,351.4731055979796,12.814114249107078,7.148369519129972
126.54571354061821,351.41159630042057,12.52288437980917,7.783780143052638
126.57123188606388,351.5046936094828,11.996403141213392,7.022870904746355
126.62069510802942,351.46904134187685,11.926826899932024,7.673509954000394
125.68855321926345,351.60524389776117,12.672735284629383,6.866406000226959
125.43066453862615,351.47087156673507,13.058217726747401,6.986869263388826
125.47140732863804,351.4118473395409,12.11860427408476,6.986869263388826
124.69945064299966,351.41549911208995,12.745178101518206,7.08065450084348
124.67792053920219,351.38212447790386,11.757647302864555,6.599053198033573
124.13083284325265,351.14850617381956,12.213041091671954,7.353401704409805
123.72995773842275,350.6283763902264,12.840589691770518,7.75730470038917
123.60829631213652,350.9118756122224,11.725814319847004,7.543525972950135
122.86833724575128,351.37503596535913,12.364031723828518,6.910090535158986
122.77652898286378,350.7931956512973,11.757214484599146,7.468722316036349
121.70994982723664,350.8201126259756,11.839129643314863,7.585812697383233
120.76139096665231,351.07413402477823,12.626749728568527,7.215285559182007
120.69962838447042,351.11476403268045,11.63755735351937,7.418942812868579
119.77257573998725,351.76604113219594,11.764779786016817,6.608610867453876
118.76130059688829,351.35779326631274,11.579369566751765,6.866158838576439
117.68036708872677,351.25181561025045,12.869572408566341,7.213099356760381
117.9119400919994,351.42732906573633,11.312153430173097,6.75640563235595
115.70746580096488,351.1306216808726,12.672735284629397,7.179610484447835
115.7820666302273,351.54193981312517,12.564725521013301,6.937774651551877
114.64829664876406,351.56339306809855,12.681737035789851,6.671811551188
113.85902983325717,351.6543723816635,12.772219195487509,6.720689371657443
113.55793180146283,351.1095073422134,11.852665880761563,7.296918082944444
111.88341296708364,350.9610753516572,12.23165451051129,7.30722217511061
111.65651546008866,351.64487311940366,11.734525130117959,6.4293955054239404
110.4485128194501,351.2043265088581,12.311345495143769,6.91459130549174
109.8719254295698,350.75109870760474,12.315962266980264,7.065269889835065
108.2922504698036,350.1026931028078,13.104724172257491,7.940127782654656
107.65936733545543,350.749501607971,12.779258653198951,7.258310050759519
106.13729154187351,350.5819071944524,13.406745162593907,7.127636668720811
105.721752261092,350.3295194658354,12.51656969357181,7.055391806835985
103.658597622557,350.7044062179429,12.683124466983784,6.675328666833593
102.49730427580084,350.664907180958,11.834924020556286,6.557879976758443
101.53400195873739,350.4006409225472,11.92682689993201,6.862310330291791
100.87773177445092,350.7918419746679,11.433900099832783,6.284280970900454
99.83832651460507,350.5841948218255,12.522884379809184,6.910090535158986
98.64130193398178,351.3546261395794,12.180841158566452,6.234149086415812
97.6347421159481,350.78610289935557,12.504086716202764,6.625479473903226
96.67337452945675,350.5561527258656,11.795281015006296,6.840386016137472
95.84268909658158,350.7146006450827,12.606480638714913,6.599218560440306
94.7331954214022,349.7974425885437,11.746624261655668,7.5163870855107575
93.52730389525289,349.5290938948992,11.957590180741164,7.768069533474204
92.84359656668585,349.67008486476016,12.32980505733697,7.262761883088899
91.78289465540986,349.80500059245986,11.834522870559624,7.6778783723988795
90.7901068520796,349.46711853723247,11.797414038813997,7.896914004300982
89.86545713395779,349.75038718775204,11.658048948673922,7.636160923043349
88.79166891219154,349.7453289796675,12.602310707799518,7.333697617774078
87.82324709260064,349.4580999360009,12.509156284823433,8.079208340705975
87.6452439318833,349.6888540900092,11.724839033670776,7.651693959938996
87.58870412282016,349.51843671157195,11.882978271623443,7.563888383228971
86.46817970351117,349.70456976948833,11.887473755886518,7.836731028379518
85.42239194128139,349.725510885879,12.20013817042559,7.605782340423559
84.93649938847655,349.8605974870503,11.497556769186545,7.467047938659903
84.09186645709364,349.4770606819005,12.245012403430252,7.609172198476244
83.96005738152206,349.08084899766897,11.356794731920559,7.125402100143219
83.43452524150483,349.0252466191933,12.091526491579955,7.042783851236038
82.89156040931613,349.3319737543667,12.248529114579142,6.720689371657443
82.85559830659595,349.62500623716124,11.605586168264182,6.618061533968842
82.79324627759306,349.4515656234659,11.285424725474613,6.5760933550698155
82.40195202827124,349.38927884801586,12.167994355629176,6.950007586908896
82.01466185996264,348.79938092777525,12.577724540665358,7.307728224744096
81.55593432919524,349.3552029015298,12.724582079804804,6.873832028035281
81.30672150361545,348.9153678671945,12.542591231892558,7.659061312472204
81.70571937223704,349.63962552531734,11.753932927054564,6.517032117970871
80.95738495291319,349.51840434521296,12.552192143014253,7.070214349942717
80.75240051523923,349.4862307136728,11.693856469333753,6.526803610790921
80.6648262686577,349.8357766804355,11.783026820438366,6.051529823830094
80.27519464384245,349.65837300038027,12.133952900322342,6.5760933550698155
79.53479239363574,349.60834137482396,12.600643396488579,6.533666946327401
79.9151968894849,349.1015173896666,11.445729609472664,7.289459080893209
80.3784135501701,348.9555892357244,11.094045180131332,7.001717275068472
78.74791848946818,348.69852903337966,12.296024956422116,7.3776149738532695
78.4698373764192,349.37230597528225,11.935341221381691,6.900119143611278
77.7420884647278,349.43829084175894,12.564725521013287,6.873832028035281
77.8533753861069,349.62794047253925,12.226391452937278,6.710461975606393
77.63504504309496,349.03552103117954,11.998141010922879,6.818220694962179
77.47389007716777,349.53823726115894,11.974048358290503,6.890498652859321
76.88250997165409,349.6989091014181,12.549258082475362,6.603822615738238
76.80789798325947,349.30857091548387,11.70902917933438,6.890498652859321
76.60516215239554,349.52605181820337,11.966900083876851,6.433532567216957
75.68345799977995,349.1585040854198,12.867789754302137,6.900119143611278
75.8220179102795,349.15308833217017,12.015591600300425,7.167194989652899
75.47361530605423,348.90656551844285,11.998141010922893,7.348259052874482
75.07025176944138,349.29899707335744,12.393998581498138,6.895252731960227
74.69206887165255,349.0890512926709,12.191258144164479,6.042929108923033
74.25861778736545,348.9347387791729,12.110333316474637,6.464164735647103
73.84904459373045,348.6092008993633,11.631506299019293,6.923040627375144
73.83777490998045,348.6091098446647,11.52372527748112,6.710461975606393
73.23901082040504,348.6185767557589,11.52372527748112,6.921261828243246
72.84797138681604,348.95941560758274,11.629990271282594,6.301712790166334
72.12336640034546,348.0131602613474,12.700968545976693,7.172311649492713
71.8286427628979,348.3073310813339,11.608463460135582,6.837064945192594
70.71415287508626,348.01793406234685,12.383623453040883,7.3000737476097015
70.77098844808336,348.2324828799102,11.66419824035161,5.914706756438932
70.15662451607898,347.9841221117652,11.729210216814238,6.406642932205159
69.77980339877803,347.47933573634174,12.084314073870914,6.524757439246571
68.9370355586728,347.66789911657526,11.492087886600387,6.5752199047384465
68.55601150374896,347.41933013855936,11.861356662330607,6.650032845727139
68.75020806052476,347.56806480940054,11.425056522008887,6.711580288713719
67.93470206220275,347.5684560411613,11.468102653010632,6.408645600211798
68.10342633745621,346.8537932048325,11.797414038813997,6.650032845727139
67.78311353930926,346.52463850944235,10.713754515563224,6.919249913943361
67.06529963676246,345.7902295407363,11.357964902617624,7.360173060437546
66.21016741108933,344.8221603544787,11.99200217905377,7.3753628425166085
65.63256889636409,344.69625432946174,11.783026820438366,6.924346625344015
65.32685158590034,343.65536301316246,12.190341327811552,7.128003879030587
65.27583581789368,343.048699551428,12.166789579349512,7.08323987391833
64.43490711545135,340.9798673683508,12.836509374761775,8.388771477366276
64.94190419305309,340.8632628739198,11.527523396645734,7.3776149738532695
66.55636232086026,340.8032954421482,9.872459765159121,6.007795800150234
66.17625239180987,339.7124327473795,9.557597462434558,6.620384583735188
63.69639266882262,337.9096627080687,9.758074010748736,6.491240537585043
63.953729241528166,337.4056721638372,8.46712741424679,5.269996315921219
63.58692900925844,334.394929358509,9.977859691477548,6.815861901924791
63.627981899007494,333.83152694014103,10.614475503756779,6.522147598693948
62.90916835345368,331.8840770705386,9.701785641518569,7.014582923783621
63.153523872094645,331.2652905728528,9.13548252251271,5.818778676759678
62.034718059052594,330.03141802022975,11.53175592938672,6.835634002891652
62.385748576192086,328.91326016016995,10.784983131124989,5.842837400805649
62.97954040313422,328.6323553093699,9.228251804657987,6.432579755565143
63.61626019649201,327.42871412045275,9.939970806547493,6.309887703255413
62.41742494280072,327.3670831607587,8.951972244643443,5.812417997706859
0,0,0,0
0,0,0,0
0,0,0,0
58.950611750516494,322.0112496562618,13.973231785827089,5.9968729903351345
61.17319984969188,322.07705048931643,10.765147056858297,7.671713994542699
61.414845069631326,321.33240764753,9.743811732235002,7.127417841171905
61.26582376285937,321.4305300966268,10.13408634849614,5.855249890242192
62.111332825272,319.97411059928913,9.628797539996725,5.91028246429471
61.33020184117014,319.2577494789045,12.261698207903848,8.065679809761832
61.143183109919946,319.1376071647327,12.120991526618852,7.48339476860815
61.7495332262983,319.63305685702466,11.550275673367977,7.040722198879223
61.47436160472278,318.3134649604531,11.986684074124959,7.651693959938996
61.91907779679513,318.0524898547548,11.515739381567506,6.247405170566992
61.652988733542685,318.0369081455078,12.094511621452384,7.155517831815473
61.279231758253296,317.887999639421,12.897628257685277,6.745798990039361
61.51664432599375,317.6813133488217,11.986684074124952,6.866158838576439
61.288880440838305,316.7728323710823,11.861356662330614,6.873832028035281
61.48049162826793,316.5538630961978,11.893327974088919,7.481286951443053
61.697478031348496,316.72537943846237,11.751432386697715,7.213099356760381
61.60481539207509,316.43863186224837,11.839925056436392,7.237461607198497
61.53331102944804,316.09173787217094,11.99337552654029,7.783780143052638
62.27242822977143,316.3225099481537,10.962156947730755,7.348259052874482
61.89352845970551,315.7792655188658,11.7654427270557,7.577200886717947
61.979636996295156,315.2922684094908,12.821167327656113,7.412965836717547
62.40790140476221,314.70246677190977,11.925863053025758,8.576984337125623
62.17495769198663,314.36596798693006,12.366924688028512,7.553661386153806
62.927551923341795,314.58261562970006,11.543293001261745,6.698286993851411
62.72349996891983,314.21233922103386,11.76965843889078,6.991528445788845
62.599612574236986,314.235528129749,12.015591600300425,6.85099521069759
62.52167732830576,313.52034534336514,11.928496287357355,7.244379452565795
62.74646134903681,313.39606870451036,11.812120713822168,6.866158838576439
62.952817239425244,312.30483685306257,12.423092474881926,7.418942812868579
62.49122815004506,311.505345370502,12.858791010847824,8.15092763529151
62.71339522248006,311.42974150568335,12.602310707799518,7.624927487072
62.790625556290216,310.65858687964186,12.685496213973344,7.6791799823718065
63.10178245876528,310.9242833498434,12.364904688114343,8.000820680544564
62.63287635909543,310.134849384155,12.920016019760844,7.015992305812745
64.47843866578765,310.0441460491488,10.939303912308219,7.564412279787575
63.37767866771521,309.4100959812514,12.11712715639704,7.03368858682677
63.54255322531874,309.1970268443513,11.966900083876851,7.17484496179344
63.846720142862466,308.8472350177473,11.576037873463434,7.322720927531805
63.4787104049044,308.44236844593775,11.930773184928874,7.601378902103534
63.5027612125406,307.9727862176427,11.875058365209192,6.710461975606393
63.79064121002092,307.7071321486658,11.631155185846367,7.021649082364661
63.55903688319722,307.25275577149756,11.817205329160586,7.125402100143219
63.594904509048106,307.21467178854635,12.25812995317473,7.439599388427837
63.912096984533164,306.98076353973016,11.660843874069627,6.529108863373722
63.89864301524916,307.06505579422435,11.314920786796556,5.7056850755507185
63.72267760994928,306.388571249855,11.775449816391777,6.679189567986157
64.10141983102645,306.2819967513899,11.333767695299159,6.889476864343635
63.34686980612784,306.07293061521597,12.205179067847851,7.17484496179344
63.658658132376,305.68882830482636,11.75393292705457,7.8844451070093555
63.699051860181484,305.2866873710773,11.773356700852005,7.6515856398460755
64.0717058923285,305.92645239706997,11.441322822591474,6.23935475870627
63.71172462215347,305.0606897643571,11.753932927054564,7.1280038790306435
63.5599376779752,304.80749436259816,12.125752739857518,7.730829257725759
63.60564720241817,304.4740450275488,12.073965754276344,7.9135390003932
63.472170679522435,304.4818440427115,12.258129953174745,7.942632799033333
63.58432971514595,304.48145633554145,11.901770400393382,7.372351705506844
63.5245659675533,304.1660587130999,12.156124835391665,8.326594179155563
63.79774046130136,304.21422978195494,11.746624261655668,7.044343452121154
63.62246709790921,303.62573581420094,11.850968682019655,7.4018676448304745
63.80476799681618,303.7592432949754,12.602310707799504,7.201320404456851
63.98159346816605,303.5019671315693,12.596696832771592,6.873832028035281
63.88515174100292,303.4337766043874,12.522884379809177,6.486483452543894
64.74914925051975,302.43444481203454,11.685659444234858,6.643067188748887
64.46797403581269,302.315193813086,12.103059647660146,6.720689371657443
64.37389444102232,301.95522283218276,12.02858607467374,7.0866088501953755
64.19058563637789,301.65141151327697,12.306716901346746,7.186191665798219
63.718348527681016,301.47469092191824,12.612857849438171,6.745595284379192
64.15071553982116,300.64028275375176,12.258129953174745,6.512958895207305
63.66803715090654,300.7165183039026,12.858791010847824,6.745595284379192
63.8421858776993,299.3770669585183,12.564725521013294,7.513258263201351
63.78672900556181,299.72559306925393,12.609111459657285,6.603822615738238
64.00323111917706,299.59415157150806,12.507457923119745,5.515929477330928
64.1076475600427,298.4159783456721,12.249994926769773,6.743684075848023
64.94073687008105,297.7074741283056,11.25933673953,7.011628305495435
64.17747300675666,297.3655895432882,12.190341327811552,7.3025672393334276
63.75742638127816,297.3901134790239,12.542591231892551,6.85099521069759
63.8756497233364,296.91280867763413,12.261698207903855,7.226476130133449
64.10645821042344,296.26404325066585,12.255691612246324,6.35805110474314
64.53748308651186,295.6267299277871,11.901770400393389,8.311965158169471
63.63306867964809,295.6483870663753,12.840589691770504,7.307222175110667
64.61376512248997,295.75646631892204,11.710499780484426,7.656865241085995
64.7927548919405,295.5263653260539,11.664258512572346,7.3428615335169525
63.753209038732386,295.0396404685645,12.191258144164472,8.361727487928363
63.71730098053847,294.4411118605607,12.770349031458125,7.214528724570641
63.96639861273171,294.1363608247013,12.762817564670314,7.0540553831284
64.33682152781357,293.18180786594684,11.652390775076611,7.161458403609856
63.87812938198318,293.18552933424155,12.647700205531471,7.294719195544644
63.58638000432944,293.0003673004292,12.780122743277843,6.9520380635170795
64.09667950129446,293.02299671834237,12.603068667054288,6.894484419281639
64.28402931483119,293.33722005020866,12.247028437796288,6.327768537263978
64.31612278448068,292.9145563216134,12.833973798527396,6.669721457538685
64.84725171759415,293.0417505592062,12.070164246120115,6.9133176919922334
64.82311933233964,292.05773933211634,12.657917092672989,6.6020445816869255
64.52523602592383,292.2016934286018,12.855201848942897,6.750183674981258
64.4813247613656,291.6551543429361,12.46331634997064,7.082228039163567
64.3627906458012,291.5799928189391,12.787321625101896,7.0089097190870575
64.3639088010982,290.8945886047922,12.727922474364078,6.806963130141469
64.1986906323468,290.54223807725714,13.116156184218141,7.64970616001375
64.82363842423462,290.719106410965,12.645114527817128,6.936776423385993
64.91339830003068,289.7026324421505,12.304459962273796,7.628418625471056
65.04700710192404,289.9810038436938,12.225244514512895,5.865272892001826
64.85608911923438,288.6220333149802,12.080975104926836,7.265489283844431
64.4528449301998,287.91566982705706,12.96025755016636,7.505705262739184
64.4206773440223,287.68312279672875,12.821167327656127,7.273098556779473
64.50680555923921,287.1929837249759,12.681300047718054,7.1332312768414
64.80324728326437,285.7541838763488,12.46993349448229,8.683945193609759
64.59433606430188,285.6129829768501,12.720920589894149,7.709648842360082
64.79894088773192,284.9265497498174,12.509002427904719,7.219702018574594
64.6876754052082,284.7457465290631,12.788524703321414,7.1296025221016635
65.09198924112432,283.2518086356028,12.287252842511393,7.5410002739334345
64.68368646693031,282.7208978993861,12.74312530210372,7.477130599636212
64.91508680823829,282.0655478422698,12.529306956748059,6.703578244374739
64.44762131617162,281.60677116889804,13.13049568464453,6.745942737065093
64.4306313468312,280.8134035927161,13.104724172257491,7.272594915971297
64.83413297871972,280.5348523957384,12.5476104600896,6.486149407061703
64.68555175499347,279.7287627587721,12.793198547791263,6.890498652859321
64.98063652278846,279.49409826811365,12.416982609155397,6.009925484601865
64.29073569753504,278.71435238280174,13.010906846308302,5.9842449886581335
64.9283774381296,278.5654583162893,12.453010439634895,6.511521303823201
64.92078930918274,277.714319049133,12.226391452937278,6.253728961559887
65.17979938228397,277.334424027749,12.236823419406377,6.7175440136207385
65.24740191493831,276.67473386992214,12.093757948919801,7.632945590711699
64.24881241019632,275.70795905009703,13.236123067937669,8.376483680675506
64.48843508846916,275.6151451527277,13.010032421482649,7.733741494992444
64.61417588604195,275.6013742086955,12.788524393302211,7.377994842289752
64.95219729907026,275.5893689669994,12.443458051818851,6.539434337870773
65.08573043276436,275.4709991874841,12.238746202610471,6.910837761095479
64.63343488371828,275.55440284806764,12.2188057178071,6.109402858903536
65.11360033857973,275.29972179581796,12.103059647660146,6.4006565444356625
64.91489110800849,275.45095873825,12.46881158573838,6.618061533968842
64.97930067995001,275.32932500023526,12.509156284823433,6.554144294370474
64.81166848168093,274.886496171404,12.452186368265728,6.7788771584250185
64.78025121405355,274.751562998992,12.649013711111891,7.06269850746628
64.76271019750507,274.4669965264065,12.388511352776646,7.721606391114221
64.84073696575788,274.06151625821525,12.692206329682506,7.2064614033750445
64.90375159238928,274.8893507434913,12.474934753789185,6.928083272754634
64.86501375774459,274.2116005110474,12.496408937145745,6.804188764505227
64.54360564183176,273.457052959932,12.787638806443624,7.916157356369865
65.04484094969676,273.830884724094,12.21304109167194,7.03368858682677
64.78294488068339,273.7575979095146,12.684937515336117,6.9534405187278026
64.68152221150967,273.2900761417843,12.74876933974842,7.780939033649247
64.97315922784385,273.77888970895293,12.429551328111529,7.661232279285457
65.09714767587062,273.7570315266723,12.058372784857738,7.673509954000394
65.50808792647055,273.8807127691836,11.982646078350456,7.3348318418993586
65.6274066393935,273.79771290348623,12.541432767779995,7.273098556779473
65.70786400187461,273.6057894670402,12.612857849438171,7.026661754561644
65.73913731841671,273.60670126795463,12.261232126549487,7.042783851236038
65.6876501374698,273.99410920457757,12.436840273980067,6.682004157485437
65.99149637970027,273.50172057640884,12.277354234795368,7.876038565717806
66.07937117992442,273.44176459677374,12.354943061195897,7.55283311665562
65.6300095441521,273.6413948045908,12.858791010847824,6.956395137016102
65.29608090239202,273.2151929074965,13.706993433930549,7.925812529823759
66.59889521278835,273.3853275721253,12.430937761519033,7.721606391114221
66.8568932156797,273.57273330747955,13.049514878493184,7.412742179499105
67.47196236513348,273.8429016471357,12.514112932410427,7.366569555840385
67.51347456025289,273.50212136094564,12.237756770232991,6.798753761240562
67.51811126019517,273.43215625513295,12.772219195487509,7.3025672393334276
67.34083533006698,273.33293684200686,13.194146740824294,7.039986423549351
67.83516176852382,273.15446450319047,12.643069805230965,7.085210259978453
68.07554833472565,273.3685960954904,12.449725268377392,6.91651403798744
67.46515438531345,273.6243661603662,14.10605476415914,6.929290059586947
68.85580113995425,273.42967630121984,12.515790579003806,7.00035744249368
68.3726084006217,272.6424124533733,13.00765703424021,7.739322823239718
68.95351057994107,272.7977709877412,12.684937515336117,7.273473345949583
71.27089665322046,273.13118417203594,11.225587689300411,7.2542712897837305
70.72389853123546,272.830162864182,13.28039071612153,7.48339476860815
71.36451548590352,272.5456868306121,12.643069805230965,7.806459208598994
71.35064908249879,272.6777441168249,12.188126265523465,7.671713994542699
72.231850436852,272.39402550703335,11.986684074124952,7.564412279787575
71.4325730853674,272.47464574280303,12.727922622715724,7.467047938659846
72.41270217018197,271.3168921207671,13.384357810085078,8.228901468422691
73.12294539864833,271.3722900022302,12.727922474364078,8.392036796284003
74.20716024773088,272.260721192245,12.366924688028519,6.8861285194704465
73.98443393700074,272.00192975079284,12.311863588016095,7.300502027064795
73.90522603355657,270.96941280289275,12.992418861725525,8.104794623266855
75.2093407687233,272.54846238523527,12.150894736881,7.060655049809213
74.83491192552277,271.91843475650074,12.577694458295014,7.342654062139786
76.1963707257309,272.19115981856663,12.47929729733724,6.485950569010811
76.9191903695374,272.6984535799815,11.38319204238988,6.1483290352414315
77.62402343792434,272.59762873332363,10.41558874706547,7.037559964233424
78.19513690742586,272.86751236316536,9.557597462434558,6.806874290319229
78.50644662377404,271.81216072277937,12.238746202610486,7.489958243868898
78.9670353718212,272.00337629733235,13.010906846308302,7.567174308238634
79.41032890948917,271.9786692074467,12.310668435997101,6.909229780588021
79.49077782006154,272.80377877176534,13.009590377949394,6.991998730212174
79.72835882778047,272.28663715139066,13.171859701135645,7.213755570545004
81.90611987853028,272.65669431781754,11.009520897100046,6.28960880151908
80.8284189348791,272.350449111417,12.294180340946326,7.053072789075372
80.94795728196677,272.77229315579865,13.084663972369142,6.37599483548064
81.74976167325549,272.12491226679293,12.185034088861272,7.369180460703774
82.14825362395585,272.03461102831534,13.37337276311662,7.545869547903806
81.98058802910076,272.66131584577516,14.089195262567017,7.3776149738532695
83.89583200126543,272.1639661949362,12.775680125658909,7.3217348088571725
82.91174510416207,272.0337010851764,14.486595648825286,8.380675168741902
84.79319741146091,272.2799987326936,13.618597556823602,7.9532609731849675
86.7265582980874,272.4002358003407,11.909103228287222,8.119843110195859
85.46349840513466,273.2811078686264,13.483501201270897,6.642607209449636
86.68690252380131,271.49919716602693,12.392286405439393,8.579275203765746
88.95392638747903,272.5821859108591,11.62999027128258,7.2751480992164375
87.37060534627018,272.67488924040396,12.971901138021607,7.7995608108357715
90.23747147908796,272.5361954549451,10.758467474239069,7.545869547903806
88.88009336936533,271.67213318366765,12.925103285023326,8.96538956186589
89.40251459312391,272.83398997288134,12.700968545976693,6.9481769104460795
90.36603661373596,273.285495267868,12.806812877986587,6.867421398340639
90.24570129349104,273.110133546003,12.999324245939064,6.8861285194704465
91.41095951083028,272.5018192442973,12.99703959802406,7.828134710076313
91.01563611443261,272.4986274453572,13.423160577427481,7.992416221674375
91.48933968618046,272.00888778151335,13.97921815719998,9.121191989094996
92.89547658506919,273.58102746639486,13.341340315571145,7.0036875003553405
93.10818649015444,273.2850983348861,13.473881300700427,7.179853703487424
93.22008712881521,271.54154116312685,14.078361548385786,9.319478771466663
95.07628451622482,273.5264620508875,12.476833806930031,6.87346533076385
96.05963597991457,273.4959256436449,11.693856469333738,6.594791148403317
96.679678689243,272.85154459793495,13.178024845464464,7.6098453332963345
97.28704927827681,273.4949316678388,13.178024845464464,6.867421398340639
97.24046520740427,271.70644281726175,13.91279027403209,8.431994105474018
98.21033057913569,271.092720679093,12.991748976313332,9.473150295228493
99.82124834367454,271.78557685443366,13.054001778135657,8.292164651520125
99.36769725671407,271.8329537715925,12.667607935620183,8.670273875935607
98.72711768800166,272.09473825734494,14.615717598352504,7.939402152191462
100.77688993443535,272.27587202456243,12.667607935620183,8.050968599083035
101.1489540823579,272.7909728260392,12.78165707113223,7.682591750201823
101.70971673984563,272.00867382748635,12.626256966294463,9.338947460276984
102.0846459249158,273.628513082593,12.806812877986587,7.486108010803775
102.39399382640038,272.8818905412314,13.086927636527633,8.328044859608497
103.38174111347915,273.506427465601,12.84964460874464,7.886554363039011
103.27566192132355,273.24631350462374,13.269460265472205,7.941182784355931
104.54885536007312,274.0473148667564,12.84964460874464,7.00271637407775
104.83697391016943,273.6272310285885,12.522884379809184,7.068943191139624
105.33906655395377,273.8198890987925,12.925103285023326,7.695292707268209
105.82674164329688,274.0022749540585,12.700968545976679,7.172311649492713
106.47417540482218,273.69612970777547,12.492067289412745,7.435754338936135
107.79994395353165,274.39322043853764,11.42249452827545,6.760251863673204
108.32953164314793,274.5777004731889,13.049514878493184,6.601973503616364
108.18502695474395,274.37444294117137,13.528660423466278,6.662501584889867
108.48559160925343,273.5837305148945,14.018190200350503,7.729327930017803
108.9624917694704,272.67481728630503,13.39951417190045,8.388771477366276
109.20379278489911,273.8641292509469,14.21984012703679,7.319720983425498
110.78123249017953,273.67129336567564,12.779258653198951,7.567174308238634
111.66524948981264,273.90899360825136,12.867789754302137,7.226476130133449
112.95506682714378,273.6857140844398,11.965806619783365,7.138691449302598
113.04631676628743,273.9981511799014,13.383190956547281,7.069816092263011
113.51334414271946,273.81000503261714,12.386105537050838,7.487963801944375
114.00425754571073,273.7683224766689,13.317147659712518,7.042467748476213
114.62531562134876,273.92882250083477,13.420923951212757,6.956395137016045
114.72256653593537,273.9501147230703,13.210124098575918,7.413128151062551
115.7708671844683,273.2506144892204,13.783067490006118,7.914646597902674
115.70520245006576,273.2738977649874,14.467405381153569,7.891312026083767
117.81587355383964,273.94913917357536,12.23165451051129,7.17484496179344
118.47781171733507,273.55146654280003,13.364318753851535,8.612560974704365
119.33223882587275,273.67567118045463,13.100901887532231,7.646077969947669
119.96264941069539,273.1403853707182,14.075119928466862,8.332470997652365
120.74365805116491,273.48999753381946,13.010906846308302,7.72160643697822
122.47299957651379,273.16172973246614,13.034064235941713,6.749783265041231
122.99309218226524,273.4966498632389,13.528660423466263,6.895252731960227
124.5762285837014,273.1148526575981,12.820496015079712,7.193545145618316
125.15683011140025,273.6372904446961,13.105344118404943,7.042467748476213
126.38668137598059,273.3079172087806,13.179533702860695,7.157097772414431
126.71918591225199,273.5075944363806,13.619778809037314,7.705086133751138
127.77471571990567,273.569113961971,13.587807497279002,7.0976312103434225
129.90271509205928,273.57144981036413,12.34725839374056,7.018980912624272
130.97793500349218,273.7597198350812,11.636751221437265,6.794128042329817
130.80119665954996,273.09639947971715,13.522795922481066,6.7240421713994465
131.4783935586452,273.4765693175936,12.992418861725525,6.558078092109099
132.41349080018335,273.27121665130045,13.194613118881989,7.212489486205584
133.0524016507281,273.2600787434066,13.061711293617236,6.924959004805714
134.87579601845295,273.43633962530356,13.734842796681278,6.681815414601715
135.58803079148765,273.4853447328042,13.205416330142356,7.238045834991453
136.6617908454176,272.98274216125054,13.611105474188633,6.929290059586947
137.45497613130107,272.5334438163513,13.218203058363798,7.306956970151418
138.67409991195495,273.460630615729,13.56712615399249,7.366343410071522
139.42509995931013,272.67362263983136,13.665495060093491,7.818566825426615
140.9450444644146,272.6716929343079,13.734842796681278,7.4242393495574674
142.79753169294756,273.58049620561746,13.189582296806662,7.478629137364578
144.05898742450407,273.2111338031957,13.710806899048151,7.471158250379517
145.3078680621172,272.99692440928044,12.91082620424325,7.3776149738532695
146.00230028883607,273.6424553833614,13.435595200342107,6.717797600171025
147.03371259954378,273.6424553833614,13.435595200342107,6.717797600171025
147.8058732432416,273.41080719025206,13.435595200342107,6.717797600171025
148.85764048442888,273.34893852900575,13.435595200342107,6.717797600171025
149.90940772561618,272.7302519165426,13.497463861588415,7.388413434005599
151.37651294864204,272.9377778086949,13.232444682632291,7.436598739270323
152.14382443084133,273.0976343674864,13.232444682632291,7.436598739270323
153.43558764547706,272.89367175464923,13.232444682632291,7.436598739270323
154.4547438854077,272.63876293247847,13.232444682632291,7.436598739270323
155.19716782036346,272.94810623871,13.232444682632291,7.436598739270323
156.00146041656552,272.94810623871,13.232444682632291,7.436598739270323
156.82246681770613,272.86600559859596,13.232444682632291,7.436598739270323
158.68888539156333,272.38562697101696,12.859592766924806,8.197349970948096
158.80423514890438,272.9788929204947,13.7469306615277,7.172311649492713
158.6208224781848,273.3540145150051,14.13053977967013,6.949445793280404
159.62092845163934,272.7107933159639,13.672974135434941,7.609845333296391
160.74479934084732,272.4415653026484,13.56712615399249,7.785945249885742
161.7776203458293,272.22763832907896,13.679327764019604,7.992416221674375
162.32448166771238,272.0109546842703,13.240769167470319,8.485281649576052
162.60543533197455,271.9275762487597,13.75361586057656,8.392036796284003
163.38298318403108,272.5704626455776,13.013293078880082,7.787482472400654
163.328945044736,271.5595659425748,12.991748976313346,8.570945505206737
164.02136648332848,272.67535125910047,13.576860889382743,7.4800818484901015
164.26932147660042,271.94757003253306,12.700968545976679,8.591831663454798
165.01727116456328,272.02236627340426,12.442406016764693,7.99466811936918
164.0663605072911,271.89251416497143,13.8499180096114,9.008076754218791
164.6049265219935,272.26602961011633,14.291660747898078,8.042925962020547
164.69412984497131,271.82802064864256,13.937445210543132,8.498442201550688
164.675182556935,272.54267758125087,13.893953766335102,8.02962263119366
166.08524970535464,273.1858334138373,11.693856469333753,7.206678986914994
165.6116457084216,273.4649421628728,13.525627452064327,7.633782160445378
165.17342801128194,273.1321037864307,14.53913539288331,8.228531945759471
164.81682940222427,272.8821424432226,15.68122226178562,8.866869132318584
165.65824807667056,272.8644691323471,13.733482597705915,8.2944795887135
165.12839092682782,271.96476012639533,14.531813300188759,9.687875533459192
166.09566207299946,273.259919379878,13.189582296806662,8.2944795887135
166.76097531057187,273.7677467360955,12.606706386079964,7.431661448282625
166.77177162599622,273.6840972490299,12.64568199590741,8.596436759333585
166.71036136529577,274.4070083148377,12.476833806930046,8.96538956186589
166.5150390238835,274.7629127147525,13.024907483912443,8.654987383446723
165.2042262116022,274.5184510543188,14.167923425405462,9.09469320320784
165.4403474252249,275.84904973572765,13.75361586057656,7.0866088501953755
165.5514464668216,275.5519348856633,13.783067490006118,7.72160643697822
165.96996063654294,275.48312415834397,13.218226828153774,8.094883096311207
165.76643947822745,275.6019870250721,13.194146740824294,8.065679809761832
165.64856685505862,275.95546862330275,13.576860889382772,7.838715909719099
165.91938135755302,276.24142765514307,13.39698716815721,7.72160643697822
165.76589789483785,276.329140954154,13.68372143255391,7.832971380784329
165.83790380717372,276.2373994278572,13.371927140109051,7.787482472400654
165.88545955619105,276.52711999539633,13.06733389265483,7.6367535736294485
165.72540513493928,276.31798321242684,13.456057259985556,7.553661386153806
165.79387212149717,275.8879898941236,13.461528890732097,8.418936635246155
165.8432216745432,276.4324321921428,13.350657333667158,7.413128151062551
165.51139978189778,276.63021887589525,13.81959935730427,7.564412279787575
165.82918412278298,276.7491777414546,13.279465936366762,8.145870478538086
165.87115709377267,276.63135213487504,13.343213692186595,8.050968599083035
165.68883204564222,276.60904998828676,13.590027329081664,8.609591177230698
165.57442083822468,276.5549562244008,13.747664056070505,7.609172198476244
165.68071923988992,275.7911045875124,13.557754316850065,9.54279702988589
165.70066292196745,275.8473847655993,13.470472636698673,8.640886334988124
165.63127195167746,275.96949795980106,13.62863536126656,8.416551016306244
165.6508377461277,275.9473416083728,13.667243393451457,8.184902823196921
165.66199736810802,275.60090462733854,13.619778809037314,8.600282862983647
165.64816047693532,275.3554875267864,13.679327764019604,8.607217469495481
165.90888298815898,275.4639574769808,13.474394014745911,8.914618093406034
166.71256780008292,275.5591016385463,12.667607935620168,9.176978193360412
166.78304613219126,275.44859355092757,12.611307455906314,9.064377233932646
166.85283041485553,275.5326371928746,12.430937761519033,8.9519722446434
166.69569121438346,275.63872065003454,13.109760301397216,8.697413792189082
166.64325945333235,275.95583366727124,13.576450797563439,8.442855339734763
167.0467815822584,276.5135870431986,13.172180444421059,7.609172198476244
166.70503748306146,276.7383080173495,13.474203232526975,7.798822501348013
167.5686740425382,276.55828151181225,12.660639456288209,8.792110733533491
167.7657105535895,277.25123104736747,12.628786150462957,8.048534569687092
167.8844532403825,277.67190178701003,12.742049164557017,8.72640911725864
167.5210383629516,277.612833065561,14.023256610990842,8.699074121755757
167.93577240457316,278.68813533663797,13.385790642439957,8.607660649338015
167.52198281555354,278.51996177565616,13.807390347713664,8.361727487928363
168.1765325409984,278.8632296192722,13.108237820904435,8.536340239467052
168.85285962777553,279.7627785970988,12.33179137925572,8.256327561609965
168.90929957798843,280.8900616316522,13.551419296896768,7.914646597902674
169.5307948010167,281.72302959344756,12.823657702075025,7.202328298425698
169.8130009218729,281.7498046865363,12.660639456288209,8.504368927708754
169.73883564587894,281.72438546764266,13.587807497278988,8.728168110016838
169.7536373012008,282.68994293153236,13.551419296896768,7.914646597902674
170.69381871086057,282.6933155928523,12.64799115821097,6.113195726468632
170.93613752115002,283.70126219389573,13.350657333667158,7.694194621245003
170.89525638687854,283.68396581419745,13.419607516233015,7.830112105521948
171.52121800953842,284.9379123882777,12.858791010847824,6.8861285194704465
172.15230262562903,284.64059190929265,13.092252022709289,7.011628305495435
172.15256961657786,284.73818294180126,13.132664178417798,7.607737011537495
172.89506099324444,285.5703304169791,12.472324614346945,6.288862270332686
172.57503732916786,286.78041946393006,12.806812877986602,5.753785495907039
172.7338944797509,286.9435875013581,13.423160577427467,5.9943121662557814
174.0575701995976,286.6117081638807,12.388511352776646,7.085210259978453
173.60410021534682,287.6689656939703,13.395979626729172,5.946663987044474
174.05852075349117,287.9938721382642,13.005410813903381,7.99466811936918
174.17141709021575,288.43380093036546,13.28116307160252,6.679189567986157
174.88100536255476,288.9235629491914,12.54143276777998,5.9676706106908455
175.88086318090978,289.4556969317931,12.437825143959742,7.046121697310355
175.571432661853,289.7112986298911,12.744944216740265,6.619946753355407
175.7696268658163,289.91755053023826,12.437191305574117,7.413128151062551
176.04241520142335,289.79773292805197,13.717013197201283,7.5761406294507765
176.78443318847772,290.05654664950373,12.064388943030849,7.4242393495574674
177.0416295741732,290.53882505486865,12.261524761710092,6.675328666833593
176.73344533467838,290.42330993395785,13.442851371324224,8.300284068200199
176.73344533467838,290.42330993395785,13.442851371324224,8.300284068200199
176.73344533467838,290.42330993395785,13.442851371324224,8.300284068200199
177.07338302274042,290.8312351596323,13.306876296099404,7.756383767300974
178.2801618658362,291.041996546421,12.76229609761478,7.681597455737062
178.18712372244806,292.1746941257572,13.036374321483407,6.701597910082171
179.5512843871918,292.2580612725943,11.964762348455963,6.194164415785281
178.80755080007498,292.0998398446376,13.698844844317648,7.507807732648359
179.62340125142387,292.37009606993183,12.778851649307313,7.228322980596715
179.21203011432377,292.6984087059599,13.11323593487839,6.848776907250226
179.71072114175018,293.127423420411,12.779058090468254,6.419762192799112
180.25204401576323,293.2176438994132,12.779058090468254,6.419762192799112
180.50660246821755,293.17521749067083,12.779058090468254,6.419762192799112
181.53127121458607,293.7387853011735,12.779058090468254,6.419762192799112
181.53127121458607,293.94274791401074,12.779058090468254,6.419762192799112
181.59925875219847,294.2826856020728,12.779058090468254,6.419762192799112
181.59925875219847,294.2826856020728,12.779058090468254,6.419762192799112
181.83090694530782,294.86180608484614,12.779058090468254,6.033681870950204
181.83090694530782,294.86180608484614,12.779058090468254,6.033681870950204
182.509729485186,295.11636453730046,12.779058090468254,6.033681870950204
182.509729485186,295.11636453730046,12.779058090468254,7.079643986501196
183.38841364771926,295.11636453730046,12.045505478955334,7.041035954316328
183.60792230338308,295.54922869896814,11.935701699339887,6.305653727953143
183.59344542064926,295.7209403236597,12.090382190747334,6.045191095373639
183.6955853696935,295.56351370373267,12.120991526618866,6.8861285194704465
183.50179971080175,296.5570196140415,12.401565487841907,7.55283311665562
183.970476139203,296.5169663157901,12.626256966294477,7.620581127586036
183.6867639294224,296.52901595855576,12.34725839374056,7.326381536534825
184.6860419139808,296.50862141274956,11.597898821056702,8.27617051793851
184.36191375217302,296.5735481455042,12.188126265523465,8.599743913237376
184.61111165025122,297.2656656191255,11.66425851257236,9.345460133566974
184.3495393857665,297.7054075335866,12.386105537050838,8.27617051793851
185.34767705458475,297.570213648489,11.893327974088919,8.376483680675506
185.3902396009553,297.65493615034984,12.007098009501135,8.377942984121376
186.09798403726182,298.67632453312206,11.157987803647927,7.545229574959649
186.34644329461656,298.5496565946703,10.997491699075795,7.797163426857992
186.75985235883027,298.79040184151125,10.583290848647067,8.019057383115808
186.28082402266512,298.7524846478128,11.189382395045357,8.438659222930028
186.29952889473228,298.97751546218774,11.11911326924863,8.455159048491169
185.6639033116708,298.7029831506386,11.667262404156105,9.121677879612946
184.3055975538511,298.77516730739893,12.849644608744654,10.742030942760096
185.50768640230766,298.86754934343975,12.048302658767625,10.359288267351587
185.4556503132984,298.76971233171514,11.935341221381691,10.676535701939144
184.89795918367346,299.1836734693877,12.269996748201095,9.844957283150507
185.3202623668884,300.83201395390665,11.866594829255973,7.512803950284422
185.6424677263226,301.56847652121223,11.558858586253933,8.010394400200312
185.14528255038795,300.0259874942026,12.104603138481508,9.289579152788122
185.5007945802298,301.39000106724285,11.693176975552973,9.218430525700512
185.23793088122397,302.31721886937544,12.091091207148423,8.709684344132313
185.40284407693366,302.990529726866,12.261698207903862,6.573762157089163
185.05765481289703,303.34854588591094,12.169769232620581,5.506990546604868
184.6845647799658,302.918410811457,12.577694458295014,6.594791148403317
183.5597598059558,303.4206057109937,13.448084342798836,7.247023229174943
184.2111158112044,303.34339038818337,13.341776929192633,6.166019724443572
184.3875012405543,303.9755360368348,12.97071266066203,6.086413945800018
184.38904616839943,304.60626197188543,13.194146740824294,6.760251863673204
184.44283991061434,305.08657464675395,12.92510328502334,5.453945316801764
184.9565798675025,306.1615370072803,11.981963648027715,5.59469119752265
183.796632293478,304.70004680662214,12.849644608744626,6.322840997953733
184.0918754827576,304.1686139529516,12.2447915191037,6.711580288713719
183.35567887394404,304.8572721059207,13.487368151696018,6.805552737094331
182.50546398169433,304.9666412569616,14.209395360992744,9.042342502449912
181.78129721150685,305.89202139579476,14.92598292227865,6.536926827275352
181.94618869949713,306.0541109851437,13.483501201270911,7.039180774192914
181.75395718517058,306.2612379739726,13.300303698477848,7.5532588904935665
180.9806864358769,306.9328523604035,15.069795460243938,8.129758077236886
181.44346129545758,306.67800513501567,13.073853654550646,6.536926827275352
180.39542465987043,307.29193240091826,14.005432748155528,7.614604212589427
179.83521880499825,307.2438872340918,14.269911719303224,7.396446388539346
179.58818619839892,308.0087416831707,13.619778809037314,8.120713186609123
179.7663887556685,308.884117437892,14.297699746184009,7.170063077463169
179.4396040963655,308.12090324057243,14.942315936443151,8.666543243137028
179.12381931159084,308.55280890471386,14.545189831942622,7.307728224744096
178.04497736482242,308.71909700786864,14.97991648773774,6.486149407061703
177.86234568799412,309.3556065641337,14.50983178989594,6.448814128842628
176.98984506554862,310.25183866766616,14.806463385024955,7.172681224579549
176.86171586162956,310.3487878245665,14.863326644461011,8.951776274504937
176.33363054845594,312.0714668046873,14.406329833620873,6.9933639969033266
175.72317018819524,312.597402662853,14.807026164747128,6.981259484519569
175.30285979686917,313.08965628311904,14.13142040818073,7.656865241085995
173.8801544914283,313.8277642962081,14.671052230258624,6.215893181767456
174.4409644373194,314.9264529942336,14.167923425405462,7.238633365818487
173.04768985360622,315.0652468359047,13.89889158656078,8.22351085538179
171.15342674575822,316.2737990012243,16.214538157593836,9.233278673074267
171.95417412673032,316.33622626258307,14.158723435441743,8.853593810747668
170.9639512203143,317.85957427730455,13.551419296896768,8.416551016306244
169.7081849126139,318.6319113914051,15.018524519922636,8.493767080676037
169.66801643769324,319.4499290026753,14.447829323795986,9.170785279998142
168.6893040418775,319.06558468006523,15.113864008935536,9.73435309050086
168.0136982853111,319.5159885177762,15.451666887218721,8.383141577368065
168.0136982853111,319.7015945015151,15.451666887218721,8.383141577368065
166.9439891707476,319.7015945015151,15.451666887218721,8.383141577368065
165.70661594582137,320.6914930814561,16.132222160928166,7.826323626151236
165.53683888604823,320.142992729484,16.69078861540254,8.931827421215417
164.17541060324382,320.3901883727458,17.296398418831217,9.150103627819192
163.59353487193437,320.08370398915514,15.482631921313555,8.388771477366276
162.48046574657116,319.80922877205836,15.365996809586647,8.609591177230698
161.94360351917666,319.839914288442,15.33248181326178,8.05900846731214
161.92499586977326,319.9453833608664,14.671052230258624,9.5361839496681
161.09338212011187,319.786978472975,15.33248181326178,8.291759614382556
160.51573957971968,318.9081702083304,16.036065880667167,9.06831840536131
160.01978180347908,318.7408290062008,15.267564320890813,9.222018717316587
159.68463885748324,318.6421318230548,16.291740957076144,9.418662740809623
158.813196859707,318.4273521990107,15.962085980916271,8.724618424351775
157.9790465386094,318.23413006141766,16.45126584864289,9.151697558185447
157.93564718211042,318.1521835640775,15.229208425178825,9.042342502449912
158.097207058279,317.9613354995951,15.166450675489813,9.413659039959214
156.6130480496773,317.6398651976974,16.72124247501864,8.613973396221695
156.6518141184006,317.89122020726205,16.36931162025141,8.56831155122535
156.67083817889193,317.249492358292,15.665135353063476,10.769780555231137
155.6124352126767,317.59923970856136,15.80500263300155,9.650842315726607
155.7189474172303,317.5516350576268,15.711757779709501,10.350178715416916
155.69350583190328,317.54914927285176,15.370030961885817,10.302987787637733
154.53024415511462,317.5186129526335,16.717277936057855,10.887465076139279
154.70224298211102,317.34478774817114,15.809988947763713,10.153526235341587
153.63630541610956,316.87938007432876,15.674861067065791,9.690616078407686
153.668585306695,316.9659206717306,15.626198382119782,10.400387775640354
153.71855478893835,316.683176904134,15.91538887408214,9.802193147613536
153.4153105674854,316.69592305835386,15.944869912939623,9.557597462434558
153.08353078560066,316.5346755466256,16.036065880667195,9.785586527819248
152.73702510070675,316.5805345194327,16.33416736581853,10.818734229308347
152.57692605055018,316.5931587755114,15.91174104073005,9.966285727415027
152.65703542321177,316.53889261249003,15.478645646479379,8.998128342682264
152.28011286710793,316.33440972976797,16.137701211358603,9.338947460276984
151.97022811814563,316.59049960840764,15.59090263407063,8.909087219468915
151.71920906250926,315.5047162325386,16.518932552765307,10.08459178314888
151.80335950735903,316.00894323139084,14.860215860645013,10.262580014257594
151.04604064694607,314.81476771656736,15.862942589730466,10.410056074510635
150.68584837825483,314.36720030052913,16.588959177426943,10.606055867535247
150.5586905898682,313.60648950036006,16.496040556163166,10.865992584776393
150.8207596449106,313.6333238408302,15.76332290189967,10.180479374143545
150.57768292727354,312.16812015720654,16.42012802281215,10.262580014257594
150.7746444832908,311.6537990324294,15.76332290189967,8.210064011406075
150.93178483804286,310.4394635394548,15.091739095807583,9.189524300912524
150.32263662370403,309.76410636409804,16.828275858996875,10.579541073119344
149.9232474978274,308.99255832853294,16.709316681343438,10.337316313423855
149.23196421455737,307.5204516939473,16.255926742584023,9.85207681368729
149.0131852874932,307.7312087299433,17.412552447419955,9.022047900217615
150.23096001197325,306.70501136018885,15.782624052167506,9.33380992332485
149.66263109723502,305.7737550237763,16.12441950727913,10.241185362731358
149.25184311418099,305.56527467044015,16.333326569026383,9.837117138163592
149.7667471694052,305.3045763131951,15.614720153583107,10.907890633603529
149.94480058180304,304.3585951733679,15.315873834854244,9.563082199323617
150.3980594914103,304.2028215714928,14.472124648672718,11.314570179871396
149.26522848362995,304.554621210511,15.969024783385152,9.473150295228493
149.1934561456372,304.63301431751074,15.61427873742943,10.409519158286287
148.96276332771407,303.86287644270215,16.38343959673543,9.852583949926782
148.82065713453113,304.0942970048472,17.052663283960243,10.608342856882246
148.36874971787284,303.98988651744713,16.641626406501786,10.056810202490283
148.15320953281986,303.8338725385917,16.830631223382454,10.344680654371643
148.41095847464607,304.30516868095077,16.518932552765307,9.58964249317836
148.8634513948905,303.72126118170195,15.352819701329366,10.508881934599799
148.78427299475652,304.13784783647844,15.337481430369905,9.743811732234974
148.29020810152687,303.94975912146924,16.39519523027269,10.332066428134112
148.7128055591525,303.6748859552029,15.862942589730466,10.410056074510635
148.5465757182501,303.9176455521018,15.626198382119782,10.092987151729801
148.54301586790456,303.7278020504326,15.985655491627767,10.575125940615294
148.45780470802973,303.28817640072594,16.17620472139194,10.706552765237802
148.1132316157285,302.89063600998713,16.5242377751334,11.041897204878865
148.32843271290642,303.0613113671064,15.944869912939623,11.375872101629454
147.94043947989806,302.7985316459195,16.485629742948504,10.346952625550784
147.8345437796361,302.7826593117837,16.44593337921458,11.168889335416736
147.55688128786267,302.9037384197076,16.550961459337913,10.396801142062941
147.91689208675652,302.7825511583674,16.367556852727745,10.673659173412204
147.6852583873277,302.8723157493851,16.336988579355847,10.785925793252147
147.89731370183142,302.8480694912842,16.321674188310908,10.386519938016022
148.02606468600473,302.6509677687949,15.779898694075058,10.707788399550907
148.31819314016465,303.1118414036087,15.773108726078078,10.062155566636022
147.37491132766007,302.3950661255421,16.66494199530476,10.753391625348684
148.0985950520005,302.85433496235186,15.962114601548507,10.455803750626728
147.7574857618194,302.27055285030445,15.636253034880895,10.6558168830299
147.6836991477002,301.9607994016311,16.691796390496023,11.242272732646654
147.83319700555566,302.3407352874948,16.439740076449283,10.97859354420416
147.798201249184,301.6444959212158,16.702100565806717,11.527523396645734
147.50582561256815,301.65518859185005,16.92889686548898,11.55788139410896
147.5003871648361,301.66946858263134,16.94644439387409,11.54159834134282
147.7302427737255,301.9170591338709,16.755885968242723,11.427977526727773
147.75893584687105,301.72153054532237,16.631152227015235,11.285424725474627
147.96955151280042,301.6806971015426,15.913566472311999,10.802801355183078
147.36014219693837,301.8095921265791,17.140269131923844,11.073292681762723
147.7702096320904,301.9189821785421,16.716005044500008,11.49755676918653
147.71292498405307,301.5448194494181,16.618055049538327,11.383192042389908
148.03758641202876,301.5737549933038,16.327139117021545,11.091194503631868
147.59710662144593,301.7502705197911,16.961739842754497,11.724839033670776
147.7999323935656,301.49951122871585,16.653188358311127,11.242658807298653
147.85688941030003,302.05781081724143,16.73539384881633,10.459621155510206
147.54145897550814,301.8759870231688,16.89912151972078,10.610259249388093
147.9741431079563,301.7109671262224,16.438049761846116,10.561083298318806
147.93631347742868,302.052053869968,16.327139117021574,10.190386828210023
147.6931359072429,301.8793513821156,16.855800877761993,10.092987151729801
147.68067555566483,301.621222629051,16.946444393874117,10.753391625348684
147.7446063394031,301.75876148639986,16.953519892774437,10.211769292138968
147.95317130418923,301.879361218131,16.137701211358603,10.459621155510206
147.47316064404407,301.43301943083765,17.137619165228443,10.827015718104576
147.79437918291472,301.8536403949184,16.287124370723035,10.310197996145803
148.0802052942577,301.84396666514004,16.580801214011615,10.332066428134112
147.73956957188537,301.5817922899148,16.642669875257923,10.641409734365652
147.6736863510402,301.47480781910645,16.67357863575762,11.030866273020308
147.9779944742436,301.82038528711126,16.292233067259303,10.246687463685078
147.54437366420527,301.66465109916356,16.860909327876556,10.53806832992285
148.01434996897513,301.7181060393654,16.062989631676402,10.310197996145803
147.99280191826062,301.5070243019622,15.405296650331678,10.641409734365652
148.9230681105969,301.85781435372314,14.120488559938792,10.235486416463573
148.12898299667685,301.94283348939433,15.370030961885817,10.359288267351587
147.7785682484394,301.80230290322373,15.618512926417452,10.396801142062941
148.10656810561537,301.7171562135352,15.365183500403646,10.334105717085663
147.768675333935,301.5414417192776,15.59090263407063,10.827015718104576
148.28309192217253,301.64957695722165,15.113864008935508,10.810255274187796
148.50569212635912,301.7407363201468,14.976522286062192,10.52174936811167
148.52762036998482,301.6785460147673,14.95862510484605,10.56370162271429
148.76124219865096,301.2516495825132,14.634228372050615,11.375712313065208
148.8054041150445,301.96927925279056,14.613913940302808,9.85207681368729
148.70235457984285,301.6891539964316,14.54933304905478,10.945993555597283
148.74961065146942,302.62765959494516,14.87255410008109,9.744087169018655
148.45419757421354,302.4840785648392,14.965491372753405,9.697638409544197
148.5602331130857,302.64243512721595,14.6853081242796,10.470080792310455
148.95414277687607,302.648054477932,13.522795922481066,10.609044314874666
148.69649273079045,302.7100362229699,14.044186102912818,10.888884379350941
148.44274584589925,302.51696358836443,14.255273337441622,10.352043733142125
148.36810096942867,302.48085267381305,14.07997284709873,10.583290848647039
148.81301874279083,302.5811477286272,13.674129890385274,10.473801618167442
148.6461817724148,302.5737140258431,13.7929075391622,10.426781294485693
148.99300677666182,302.71452974796836,13.455814651614332,10.134086348496169
149.00591400391968,302.8583334645266,13.456057259985556,10.43459270552404
149.34954681176737,302.73067088832545,12.643069805230965,10.861160638050762
149.60747830626428,302.83475992464173,12.849644608744626,10.674043405147643
149.65256852720557,302.7564643399744,12.577724540665372,10.645392558160893
149.77495706984973,302.70705932311967,11.748851514797622,10.583290848647039
149.57579666541577,302.8714250777765,11.953852749154521,10.683755894556839
149.56673496777614,302.8026994852606,12.600643396488579,10.691455003081217
149.67631984191087,302.671894847476,12.884438638596322,10.61447550375675
149.39279920338154,302.31311841908166,13.105344118404957,10.376366146728799
149.79662249539905,301.68619407150896,12.612857849438171,11.593991895026704
149.5081635962431,301.5624923804835,13.005410813903381,10.528189706493208
149.63907344659214,301.6899401625755,12.559338233001341,10.270197766887804
148.53652452644505,301.53374429937463,14.467405381153554,10.818734229308347
149.16367000836192,301.70190473141554,13.7929075391622,9.85207681368729
149.0598918801773,301.62644795063613,14.353529409144386,10.827015718104576
148.7834727683886,301.62436849942605,14.821283199504393,10.470080792310455
148.78421248421225,301.7333561453932,14.54933304905478,10.674043405147643
148.64728511574884,301.67747824088224,14.891669468577419,10.182338098172579
148.68244361082463,301.4486707930892,14.601004054129646,10.332066428134112
148.4164128552444,301.50083230395836,14.886379035359028,10.646016522256787
148.7293871844409,301.6841349559381,14.78661003786857,10.022723121902573
148.7955732175018,301.77339610046806,14.807026164747128,10.021485389068403
148.53410783828002,301.59360319896217,14.965798953373138,10.49004599535499
148.66540005056314,301.7933883732274,14.499062761114402,9.836819965137693
148.82290983824808,301.7523845979627,14.709660262443492,9.922264271517008
148.86766997126495,301.6378438580465,14.550296198432846,10.19545402636669
148.69746073672076,301.60698706041927,15.595232880741293,10.359288267351587
148.6333672453366,301.7269960447667,15.845122256536541,10.469726014296839
148.50613396172716,301.65878042543096,16.122035322106598,9.715647602006356
148.58679290766824,301.767193301594,15.53893240102741,9.683682510785218
149.4167904872478,301.6764891403175,15.250315708710787,10.134905827382227
149.4324055115893,301.57639623523676,15.773108726078078,9.65423034096159
150.2115834204042,301.630263838175,15.105666233311211,9.697464742372631
149.96801891162207,300.62023892323015,16.162730682573653,11.13432558132854
150.02405763232764,300.6865543552959,16.666429943154327,10.180479374143545
150.8167070623243,300.4482560287117,15.698363346378613,10.826457480261126
151.35606824663182,300.26122705570725,15.764134319882885,9.965184909354548
151.4872628456071,299.9335039576417,16.113046414140115,10.198130641860814
152.6308546231131,299.71290395466235,15.825050460909893,9.758074010748714
152.91495354540905,299.7017135554884,16.317009026977303,9.65423034096159
153.5634988155387,299.811655530505,15.944869912939623,9.277862902558411
153.51325996555465,298.8494193036711,16.753334003125133,10.400387775640354
154.44501459816814,298.6010552763278,16.830631223382454,10.837284495055997
154.9255638375793,298.5762830338211,16.65694671503934,9.858192953798778
156.01419931857666,298.5153215736231,16.34346650457772,10.451621212958798
156.88051522496752,298.394802281123,16.50222866292623,9.93417745380134
157.47239428448722,297.7178896270499,17.034240167545192,10.235486416463573
158.6724427508661,297.60376907203397,15.156576064236248,10.168335840563543
158.5125271475576,297.63265888608885,16.996884403101376,9.518255265736798
159.52604982524466,297.69030841765857,16.80456744044355,9.170785279998142
160.7352276981186,297.1678731700978,15.267564320890813,9.785586527819248
160.6585316981769,296.82971243061047,16.642669875257923,10.455803750626728
162.7511064019761,296.47917111310306,16.631152227015235,10.988439864277893
163.25815378907396,296.6919772463618,15.790685163620452,9.845048207147215
163.42950185848736,296.72568282267633,16.758588284629553,8.08066101774591
164.4434072900816,296.64687698698816,16.89912151972078,9.80219314761348
165.74865884000303,296.78693228441745,14.610889473544717,8.472397615950456
165.89877856635312,296.4253141554232,15.851625059647574,8.904883489390272
166.48375302880964,294.7914575467287,16.702100565806717,9.631886215863972
166.3533648854097,296.3857019493903,17.214434938990962,9.478185903908695
167.6656671783866,295.930156775979,18.319561637507917,8.919995980566682
169.60260838653292,297.07844603237936,15.779898694075058,6.967747475305885
169.80459385195812,296.10298049748303,16.255926742584023,8.374265291634174
169.79202697847603,295.64201677479775,16.758588284629553,8.78332719320207
171.11227359293298,295.4446070224427,16.3380273826981,8.127963371292026
171.96216591267972,295.7719005551135,15.831132131393474,7.992416221674375
170.91601526476688,294.4313833323117,16.560214629097487,9.80539024091297
172.2751257007174,294.9526366176134,16.41109417939984,8.998128342682321
174.16650445700114,295.568663541276,14.481345511442385,8.90636742722512
176.3889042026807,296.0220207482403,14.269911719303224,8.367696924408165
175.6060289939771,295.77330832898133,14.613913940302808,9.523674253231036
177.1065994721948,296.19563627751813,13.300303698477848,8.948969772432633
177.1845648317522,295.85338922637095,14.481345511442385,9.314292652899553
177.52726458816562,295.517116714703,14.044186102912818,8.47600659074476
178.59030790405714,295.8655604994076,13.491597980078694,7.170063077463169
179.55897499402997,295.8153497044809,12.588055194426005,6.527139730443139
179.40001191855197,295.76045421562685,12.999814864705542,6.9481769104460795
180.4968851393312,295.80171337676023,12.930550200479217,6.681815414601715
180.73700323587644,296.5321185923949,13.423160577427495,5.943078728937337
181.12003066211858,296.0286978289521,12.901528497311148,8.570945505206737
181.39191354241217,295.3261612627765,13.618597556823602,10.350134143185926
181.8423190232053,295.82336579312954,13.522795922481066,9.189524300912524
182.76565599433286,295.87501875807953,13.364318753851535,9.54594196703681
183.49216387939808,296.05249115534036,14.177504939571605,9.319478771466663
183.46699637218575,296.1733279342494,14.177504939571605,9.121191989094996
183.61934384521425,295.825298339886,14.43527664034815,8.931827421215417
183.99711983886874,295.4977176913264,14.796158556356858,10.375355085250249
186.37437604623855,297.1607360111459,13.464504978705975,8.948969772432633
186.04349631926985,296.0665726354036,14.045776980256562,9.93664009773471
186.13905508652294,295.6359111595017,14.285511379846582,9.113171052660732
187.54939403236784,295.97124203667835,13.39951417190045,9.458480591929742
188.9036781910621,295.5210341868648,13.710806899048151,10.344680654371643
189.4546695999579,295.40053772172377,13.13610241824972,8.620567211976379
190.54551673283942,295.3268384426623,13.710806899048151,10.344680654371643
190.9443531073349,295.55957404172835,13.893953766335102,9.202488858221955
193.04367071910409,295.9186148454817,13.149238024069973,9.189524300912524
194.09631205805746,295.9647633595,13.189582296806662,8.430454663938292
194.89290107737096,295.77615558294946,13.436664163683702,10.792804581104349
