627.8249398741269,176.54334033065305,7.486108010803719,5.4444421896754704
627.7962943524414,177.1488334710861,7.006118837487065,4.826103319384856
626.7030480333945,176.9939771835818,7.641143510234542,5.2752664401200775
626.1744100945274,177.380764615129,6.950007586908896,4.6479546007088
625.6219777636597,177.20861278473026,6.691595478273598,5.062337448780937
625.7746136866537,177.31196554082152,6.274679911236262,4.871481450073759
624.8252412773716,177.0572284570672,6.635516224350226,5.2536870724752305
624.335978172496,177.06831528205615,7.0218811402942265,5.291311142952225
623.5582564574939,177.22854828037643,7.135121073926825,5.156168918562912
622.855705004083,176.86658395429058,7.05962915768032,5.70032168011457
622.2209103723285,177.32923181506726,7.161573833859961,5.083438569570262
621.5713097372993,177.17669360757483,7.262209764739282,5.366852820645278
621.1882548321281,177.2267055587818,7.297342303690357,5.897270815191632
620.1339852128494,177.18836540004475,8.204477934231136,5.964248143678674
619.7089612655761,177.46616204964735,7.704353815062291,5.718695615303972
618.9939612822205,176.98951018108684,7.395385456267377,6.137920925824574
617.9298305198145,177.4814883080709,7.732074754227369,5.898185229186282
617.522766531376,177.8615169625065,7.765117808732612,5.419060938860241
616.5031756161038,177.5428281372772,7.983367173187958,5.878524603985909
616.5596010251206,178.1983807287408,7.242258639011993,5.267097192008748
616.0669981282119,178.06423383467165,6.3011553538997305,5.189186762035092
615.032245049453,177.97339303275737,7.022796256011702,5.44665732355449
614.1456188859835,177.70732301835358,7.820841285103938,5.765875335191367
613.38619909728,177.36692084320708,7.632945590711643,5.799056065670555
612.9655493458823,177.45819307237824,7.679786804760965,6.0457896122586305
612.7340754749606,177.9172830276795,7.319036572911841,5.154716502818275
611.8608865847425,177.9606585284454,7.6213300278308225,5.147390437644901
611.8432976693753,178.36286790309703,7.251888442344921,5.05945705279882
610.9046032032917,178.00180734981896,7.219702018574594,5.520948602439432
610.2744939565811,178.43997888105798,7.589185579198215,4.818530526475058
609.9662294696301,178.3712144142257,6.794128042329817,5.05945705279882
609.2867477447542,178.12968042606036,7.083239873918274,6.1436264212557035
609.1098513914319,177.7068141252171,7.065659898585068,5.563008245944815
608.0932357594704,178.11300841478635,7.219702018574594,5.559556634624329
607.7909330486054,177.81488238812176,7.448036706252424,5.440558062770322
607.142287919697,178.11770561380038,7.167194989652899,5.621329403649327
607.2298272501239,178.27902461149247,6.554118910452189,5.371180375394999
606.4164870674537,177.9379563677801,6.745942737065093,5.974977852829056
606.0647636916626,178.94752966848833,6.623773741465584,4.7683190488261005
604.8886829371794,178.1240669900632,7.331661132717159,5.78968478337589
603.5891896525492,178.73612714225044,7.585812697383176,5.415305596108851
603.3015899442486,178.6038836990971,7.107332526550749,5.7822366317700755
602.4186736222343,178.1298003151479,7.6213300278308225,6.065142221100956
602.1784050502434,178.927951118184,6.910837761095536,5.636772698994093
601.1171334561546,178.37309869854911,7.0866088501953755,5.781180904106748
601.6155410019066,179.08763088848855,6.633407691506022,5.178713022316117
600.3702824551702,178.86609703226696,7.420537010771568,5.4449394949168095
599.9612713450841,179.01621225840262,7.237461607198497,5.19972969837562
599.4225228068663,178.95182586112838,6.910090535158929,5.374514860679199
599.0007666010213,178.80547982151742,7.262761883088956,5.967850849669958
597.3036180224148,178.5442527950843,8.120713186609123,5.88272136352785
598.2685833449765,178.984883724901,6.640195358060737,4.918663228193168
596.6975121187407,178.87838384311982,8.31254105715891,5.24329512836178
596.5192398252312,179.06470129814227,7.564412279787575,5.236900809083721
595.3105291138115,178.39854029150658,7.89131202608371,6.066976450161178
594.5721214573744,178.66121275828692,7.89131202608371,6.066976450161178
594.4960157787611,179.13950452741582,7.238633365818487,4.94949289970495
593.8093948331634,178.94570086172394,7.551900756144619,5.982123632676405
594.1160632951455,179.196239279729,6.840738349906815,5.758247885745789
593.081104375024,179.18773063207604,7.439599388427837,5.904023713948078
592.1762921571255,179.41993435906573,7.001717275068472,6.106520545835963
590.5981897816105,179.33644874295967,8.502260723019617,6.042929108923033
591.5442880335506,179.70111312195917,6.991528445788845,5.902395873831779
590.0685872064817,179.43148274436123,7.262761883088956,6.361954207667026
589.6171343003672,179.50246998561875,7.799594547563402,5.937529182604607
588.9179567153959,179.8183157745943,7.413123945764369,5.6392692873136525
588.4975082356073,179.91503342141016,7.825766680227616,5.3485455728174145
588.1156929261616,179.9420551860149,7.326381536534882,5.840611854300505
586.6620658724647,179.53568470194622,8.578526502868044,5.921048184044821
586.4920774268734,180.14628817513685,8.018591252310898,6.194255676388337
586.1476446331574,180.21588760039214,7.167194989652899,6.007795800150205
585.9655269488999,180.0314686639753,7.48339476860815,6.14832903524146
585.580742852519,180.3124526363245,6.762813726032164,5.430744355753092
584.6990750716835,180.55808979415798,7.646077969947669,5.734558477460723
584.0127575671619,180.9960930428281,6.981259484519569,5.179644133675794
583.8237918501035,180.84666053712056,7.225516457376557,5.786807428252928
583.5054245349154,180.97078547936934,6.480923558108998,5.2521982738578
582.818488934881,181.04362615731785,6.633407691506022,5.265994702467509
582.2337077562146,180.8910140783807,6.923040627375144,5.287048317736037
581.174303238,180.93250191036864,7.85420475815431,5.324476231754943
580.1451366803412,180.66991171215497,7.797163426857992,5.644215316456894
579.4040525884669,181.0251817566622,7.45135021168403,5.752596795548783
579.539399084017,181.4261969394246,6.464528814196683,5.164596389602821
578.9117799721502,181.23898533743966,6.981259484519569,6.13675228881155
577.9730199708929,181.17258575425188,7.121447787261104,6.35294622748475
577.6071958183778,181.3333270868358,6.713975469243792,6.202434481110885
576.8874316012588,181.27815121246985,7.412742179499105,6.254501213952352
575.7185325072287,181.76925909905978,7.577200886717947,5.531036934186517
575.7606470104943,182.21396360958366,7.55283311665562,4.568997811310169
574.8552411194972,181.06898310454628,7.6098453332963345,6.558078092109071
575.148897358497,181.94894256574307,7.0617950633344435,5.445662859785273
574.1978896130813,182.04829394681346,7.132061680880042,4.918663228193168
573.3487730951515,181.41358033142168,7.659061312472204,5.340262933466846
573.2415851409081,182.22250093611538,6.921261828243246,4.778129993101913
572.3471692048847,181.95222593071395,7.8844451070093555,5.236900809083721
572.1617474856196,181.9888788827693,7.172681224579605,5.430744355753092
571.3049252998525,181.6812335463422,7.509474347402261,5.812417997706859
571.0448318194208,181.90724919278722,7.326381536534882,5.379510918434676
569.7193559321969,181.0854613301723,8.607217469495481,6.148012478211058
569.6796568268126,180.90531285578166,8.555984032177093,6.404179664803195
569.7437107206491,181.63136959419654,7.412742179499105,5.9070289242883405
568.7914769745703,181.77408826701986,7.174844961793383,5.374514860679199
568.4731727562252,181.66033757610006,7.4482614598354075,4.918663228193168
568.1650250836406,181.84528417915928,6.910837761095536,5.250692377145185
567.9824486459654,181.85773340546524,6.982894004557011,5.287048317736037
567.146244183326,181.88904729340345,7.834727856336258,5.094329772057193
567.0029477318357,181.78135295749885,8.262118887566658,4.94182811966607
566.67138228068,180.90369174315407,7.864942692542627,5.88272136352785
566.6530599966093,180.9763636398,7.73624903508221,6.301712790166334
567.4891249131315,181.51688962474907,6.66250158488981,4.975055768629545
567.1330734279911,181.5322628684635,6.946741570257359,4.8487323711863155
566.3339862261012,180.87227948922563,7.633782160445435,4.662242795976709
566.2300494620275,181.28711933737011,7.838715909719099,5.584444667708368
565.9017728183449,181.1850197144756,7.954541900651407,5.914915772279272
566.1301915846813,180.9277728266717,7.545869547903749,6.126349533941692
565.387583258286,180.66774563379155,8.812151218769145,6.404179664803195
565.9288093755831,181.23076975403072,7.377994842289695,4.918663228193168
565.5828064288987,181.0942685537362,7.785945249885685,5.687936050814727
566.4883377329239,181.5772819473382,6.331717278322117,4.787395990926484
566.3173084742339,181.54362577310448,6.675328666833593,4.918663228193168
565.4998095371216,181.13181852722275,7.480081848490158,5.123343731842539
566.1999496254382,181.96658729153583,7.0866088501953755,4.522375384664173
564.9225334022461,180.79282927718094,8.36172748792842,6.394262196651113
565.1200988523256,181.07575253802037,8.10726907879689,5.911550369956075
564.8759613519348,180.7707338898465,8.158504513488651,6.798753761240562
565.339618011893,180.4950614461673,7.6717139945426425,6.496209430862763
564.7374597173242,181.10923162131814,8.145870478538086,5.854844406449246
565.3193878787216,181.1668002427106,8.19734997094804,6.35294622748475
565.2155371016399,180.90714270355267,7.4173443279264575,6.298348416385807
565.7337438557013,181.21333040311106,7.0159923058128015,5.400990303342638
565.0899892482436,180.5202627267666,7.181093986389783,6.949445793280404
565.7726915943217,181.01942196584994,6.50501621074136,5.565402758078676
564.9079583087425,180.52351800622023,7.477130599636212,6.866158838576439
564.7270285550113,180.93169210447243,7.764032799856636,6.406387720100241
565.077667286461,180.80363781650516,7.2807467324472555,5.7716465006308795
564.686061248126,180.45247688811403,7.206678986914994,6.526803610790921
564.4312576897984,180.91857093025203,7.972434956469783,6.294027597213017
565.796912308724,180.6152259134009,6.563365471431439,6.872229728910611
564.9228607078472,181.4795302646202,7.223006048510797,6.398669464036459
565.2748212092637,180.63971402443394,7.988430718900304,6.5359887700093395
564.6436338361451,181.02001299714064,7.38537301616816,6.490176286935622
564.9168598539926,180.90425967145646,7.709648842360139,5.85451458966719
565.0636545505106,181.76169317479787,7.682998404793352,5.327908441514978
564.9306551093891,181.05674326753757,7.132061680880042,6.078062417695833
565.2069545823055,181.55679205667874,7.03368858682677,5.75483611649463
565.1393348903066,181.18591552254858,7.03505456865355,5.999070505461447
565.0497076829573,180.7543394158651,7.011628305495378,6.284280970900454
565.2529714849529,181.9587035409391,6.671811551187943,5.242137647361972
564.6741651591958,182.17091764058816,7.518528077381006,4.742996684329114
564.3222985548579,181.62549712894284,8.019057383115864,5.548068770876654
564.9439901214095,181.65875758205084,6.699757085950182,5.85524989024222
565.0582527967069,181.83697385623358,7.186191665798219,5.498745849537897
564.9444413468148,181.84755269493806,6.949445793280347,5.212084344960289
565.382454067804,182.62652094805028,6.770035389697455,4.312584821195173
564.7639165647682,181.4749314565447,7.142485954204858,5.713988763363886
564.9136871917103,182.1757550126388,7.466074831091305,5.2950885326888795
565.3613044150211,182.0262537012196,6.967747475305828,6.250479352847918
565.2831006632745,181.6191906299696,6.924959004805714,6.981259484519569
564.5281470757452,181.59857510193348,7.764032799856636,7.042783851236038
564.7981068648193,180.88786220937308,7.193545145618259,7.705086133751138
564.7230308292254,183.25890351588365,7.481286951443053,5.24329512836178
564.974249030531,183.1494542133969,7.227795847120319,5.480416631332986
564.969694440738,183.4632036650783,7.300796613377543,4.932970684714519
564.6964884372777,183.17193216770548,7.941182784355988,6.35294622748475
564.47235728681,183.15549774795437,7.644390372608427,5.945636956473237
565.4511522534156,183.9650357482802,6.474555167094763,5.292245093103531
564.5931744354367,183.54084514747385,7.127636668720811,5.6427123627373135
564.7331035175246,184.1546893568753,7.0637119279396074,5.267852963209208
565.1356586726013,183.95155130169167,7.05962915768032,5.678397365960279
565.1654898627644,184.56461322519638,7.226476130133506,4.802109944540291
564.6768567278071,184.08568449261065,7.624927487072,5.427465746006106
564.4060064757705,183.92913153147967,7.950575368683872,5.661773368608181
565.270366695774,184.4138479212383,7.0969283721073,5.024063154511595
565.5614460084774,184.32402401037186,6.620384583735131,5.081844504416438
565.3241852363262,184.82022757879804,6.993856215217534,5.6345487376516985
565.4245255052972,184.9717695910715,7.545501159081596,5.1627113193716525
565.4479717457247,184.68924192197807,7.661631280399888,5.573745978869084
565.2667560388549,184.75492534489112,7.800890159376536,5.34690169491796
565.8006347456093,184.61143860399926,7.489958243868841,5.868420892103444
565.159337886257,185.2477716061903,8.145870478538086,5.303301092798222
565.9138774161206,185.0365561276973,7.798822501348013,5.868420892103444
564.8525420701415,184.84607623326656,7.992416221674375,5.789378416982089
564.6273615348891,184.85269137925806,8.056770563092527,6.458204975177324
564.7658434940894,185.82469452013646,7.992416221674375,5.6356781050268125
565.1674161639606,185.8050382675583,8.838379889612725,5.303027933767623
565.1494955491074,186.17284928157872,8.276170517938567,5.292245093103531
565.6205161570915,186.48683311910938,7.181093986389783,5.636772698994093
566.1175867190668,186.5372682936815,7.157097772414431,5.90606035691107
566.5540772846391,186.84854304128754,7.44462966340393,5.661773368608181
565.9013901362431,186.98486678318395,8.760917781450758,5.533211230389952
565.9441684065583,185.93368083400276,8.501372436793986,6.643456606236356
566.6468001579932,186.8572515604245,7.737057445509436,6.426233663418998
565.9192647151954,186.73837782124141,8.33605781080189,6.697757431800312
566.2658576029992,187.6933448426413,7.9288853160592225,5.563008245944815
566.1612794636543,187.83638255358275,7.85420475815431,6.0231631580938085
566.2959228068471,187.96730331925087,7.588794694926605,5.902395873831779
565.8590506075576,187.56890728516095,8.14331658974288,6.553201516006084
565.4834451541416,188.59134597455463,8.14629014746356,5.4696519561541095
565.6151838057482,189.3801415096952,7.721606391114165,5.133595457828676
566.1190301371923,189.25098412181472,7.331661132717159,5.818778676759678
565.4498374943329,188.70593640453504,8.216627121884017,6.074549234077665
565.462442590669,188.10672505468744,7.605782340423502,6.872229728910611
565.1549920709962,188.70073533415933,8.2917596143825,6.633407691506051
565.7168948550417,189.0125341335769,7.38537301616816,6.490176286935622
565.5027493798342,189.42333787838447,8.175384040847348,5.760590889992102
565.2180541037459,189.91488957337472,8.175384040847348,4.945961875245729
565.8861738459807,190.27586531635745,7.273098556779473,5.314956637646532
565.8342299219213,190.84313387999777,7.413128151062551,5.2348630071484195
565.9343677846883,190.80015366271803,7.201320404456851,5.348039418015759
565.6267227642809,190.3164885835256,7.605782340423502,5.9070289242883405
565.761420770737,190.68179169738335,7.321430392651564,6.426233663418998
565.1785989485459,191.10418396511113,8.219870038224599,6.587156126522501
565.678669197093,191.50308184709198,7.9288853160592225,6.26637710462748
565.7174421352746,191.64531282668057,7.89131202608371,6.363961311357883
565.0005529275431,191.56190115179723,8.332470997652422,6.587156126522501
565.6590777966338,192.05936602381695,7.607164707316429,5.265102064729746
565.7360016703283,192.7842565245841,7.227795847120319,5.056809548717865
565.4631669965906,192.47654409205398,7.609172198476244,5.9146926752861475
565.7287579638896,193.03093732883568,7.545501159081596,5.321563975352319
566.0481714054745,193.12766716372283,7.059147221285912,5.7822366317700755
565.4000987653831,193.1011081570383,8.640886334988181,6.167905397365274
565.6530456973553,193.70664362507526,7.4173443279264575,5.818778740011254
565.9610925502201,194.38311248408954,7.237461607198497,5.621329403649327
565.7532585395766,193.8609593291436,7.933738434826182,6.830651807524106
565.1404039902611,194.25391963098625,8.31254105715891,6.330319728144104
565.1873672156746,194.58863556909876,8.107686758827185,5.67538073117899
565.6069798388411,195.15167675370142,7.605782340423502,5.752596795548783
565.3360266399391,195.533226229809,7.832567676531767,5.454823917584605
564.5006203789836,195.60893184931427,8.612560974704365,5.897270815191632
565.9296941000019,195.83405888720563,7.203703137080197,6.601386821270836
565.3025405944798,195.9239668586884,8.345414369637979,6.387272450505037
565.219398127226,196.19211671610793,8.088102360695984,5.964248143678674
565.036310854406,197.01087628293743,8.858261062744191,6.154160317274943
566.0875102863395,197.30271374884245,7.339768712432715,6.279108493873082
565.9251507218595,197.51218475550556,8.115794326518767,7.132061680880071
565.784461380143,198.2072728820163,7.477130599636212,5.935154250294886
565.8670904189707,199.4360191347118,7.238633365818487,5.4444421896754704
565.5047282111505,199.07455577646854,7.879190103177734,5.9676706106908455
565.8411004903646,200.0728552525613,7.202328298425641,5.305129624694047
565.8047272045782,200.22122523959578,7.785945249885685,5.594691197522678
565.6778281986776,200.47464571062218,7.764032799856636,6.363961311357855
566.2510144362313,200.6028331192016,7.141347007950003,6.457502721167401
565.253303672968,200.81981292311073,7.818566825426615,5.77894069705448
565.5848394504465,202.0205828022134,7.659061312472204,5.269996315921247
565.8127092979281,201.9845654000357,7.272594915971354,5.902395873831779
565.55410323757,202.2873894376663,7.6979423291221565,6.0457896122586305
565.6412767580075,202.6535581037864,7.781926800257224,5.926792547564304
565.6619707806807,203.1544145101216,7.781926800257224,6.047255810726199
565.536152930031,204.26957162364133,8.088741874850825,5.371180375394999
565.7614997513213,204.2424965647233,7.45135021168403,6.061461053027898
565.608455867867,204.34983437381138,7.551900756144619,5.854844406449246
565.3999374855031,204.68275885110603,7.89131202608371,6.448814128842628
565.4512727124303,204.65960961518533,8.262665720998712,6.4006565444356625
565.463863691821,204.90982659506082,8.25216951634593,6.294027597213017
566.0285442954462,205.32017295035828,8.228531945759528,6.001260140892271
565.6693094590507,206.0554398313183,8.256327561609965,4.918663228193168
565.7485130770738,206.85358474163442,7.018980912624329,5.277044043797815
565.7095129567058,206.63677895744735,8.19734997094804,5.891845291618921
565.5628982464835,207.2742097910242,8.63441727677548,6.322840997953705
566.0488142136062,207.5587346273634,8.979294823652026,5.627024756155265
566.6474196305492,207.83437098302332,7.634041121307746,6.840893991821275
566.6695138116859,208.19140897396463,7.953260973185024,5.883234144547799
566.5143790773564,209.14014478190913,8.841606942213275,5.232787782126195
566.6274502214874,209.7882144965425,8.291460870382707,5.059196463284394
566.4995219238615,209.8423877155647,8.230723296022802,6.066976450161178
566.4538313810999,210.85883343233948,7.467047938659903,5.939697223934019
566.2272656501582,210.67398668312174,8.57098314504583,6.215893181767456
566.8499322001585,211.37848407417044,7.247023229174943,5.304522157437333
566.9288046656454,211.3955375920014,7.769466200513762,6.13675228881155
566.6115768900542,212.03084569720644,7.459588263363571,6.060915463982894
567.0241792342139,212.6984593892363,6.699757085950182,5.630047971386745
566.5260080288399,213.28591019271752,7.410418184148966,5.086440883794523
565.8639684423184,212.81881899640447,8.408454992433803,6.52214759869392
565.8395406840185,212.40458909053933,9.324485329204435,6.853496716965282
566.3982185646062,213.5959933302484,7.85731997828168,6.496209430862763
566.017730276982,214.1671483822926,8.400428930992348,5.430580319025381
566.093503203064,214.95553562749234,7.818566825426615,5.574978084217264
565.4915025533303,215.76350492906946,8.922905206723385,4.957169559290776
565.9046823328473,214.99432570638393,8.345414369637979,5.9676706106908455
566.4266350154446,215.94697308096406,7.801000069026031,5.9146926752861475
565.5723961091104,216.6531388815227,8.998128342682321,4.988599651124389
566.4509866802726,216.51093327083896,8.332470997652422,5.630047971386745
566.7110497809207,217.45332522546215,8.25216951634593,5.641313624168703
566.6974673169154,217.72037819549232,7.609172198476244,5.690893492978034
566.5141227559973,217.85866935651657,8.158924663053881,5.501446344230629
566.6048811537238,217.45815076376272,7.6264146318212624,8.280107314548758
566.4086008606265,219.56529646372275,8.218273765043705,4.258560041886312
565.6925553497821,218.4778252295328,8.760917781450758,5.6869115423452286
566.076526201189,219.14941252735687,8.276170517938567,6.080451809097696
567.0032379449661,220.70879463700197,7.085210259978453,4.285067282980975
566.6275525771752,220.71034467134643,7.836731028379518,5.083284991381305
566.9151544113296,220.80306596786568,7.609172198476244,5.051467257811964
566.7166148405394,221.53912063172515,7.410641599752239,4.895102708093191
566.7698112073552,221.4340946925704,7.848885617341352,5.727565180222086
567.3127586172945,221.53826382938706,6.573762157089163,5.501446344230629
566.7358141265386,222.35301410810536,7.481286951443053,5.467094310669893
566.9481515020019,222.6126446991126,7.506210690009539,5.641313624168703
567.1651531260393,222.88492460405953,7.018980912624329,5.225810606479399
566.7130205342107,223.45029619232565,7.729327930017803,5.269996315921247
566.7938067063413,223.22866599214169,7.798822501348013,6.40893334269191
566.2515452855333,223.51494560042036,7.69419462124506,5.796995947513352
566.5898285744521,224.1606727452424,7.6296613256918135,5.72224599426886
566.1829615774124,224.77174813020935,7.960499165195074,5.5464129521910195
566.2317684675149,224.8761813620977,7.685556189727663,5.372661537019695
566.4920116970751,225.60515581110388,7.567174308238691,5.713988763363886
566.5823715368971,225.66083494372364,7.545501159081596,5.480416631332986
566.5140900198741,225.72779771010616,7.709881746706628,6.31337486428427
566.8654738477879,226.50023935143855,7.489958243868841,6.100069085212795
566.5605710919706,226.7388823379183,7.69419462124506,5.621329403649327
566.7023146116176,227.39663503542317,7.37413414731418,5.752596795548783
566.4186524849943,227.59537291355124,7.89131202608371,5.897270815191632
567.2072247681374,228.17967330951524,6.991528445788845,5.972662491377406
566.7518532806538,228.46965552070344,7.637370884462939,5.87860724229958
567.1916229747022,228.60756118116777,7.296918082944444,6.254501213952352
566.3354729963371,228.5164928954398,7.896914004300925,7.289459080893209
566.6170601467937,230.08680851088715,7.588794694926605,5.094329772057193
566.7419902048379,230.71091452612197,7.509474347402261,5.260874684055835
567.2109507574792,230.67111040397427,7.065659898585068,5.467094310669893
566.9494782249642,231.32348195383636,7.026661857650197,6.061461053027898
567.0296007189826,231.60402671366,6.924959004805714,5.517447011959007
566.8034205109329,231.84361342336987,6.969745963310174,5.339209063636702
566.5922553758422,231.98109733156252,7.656865241085939,5.967850849669958
567.2671677677458,232.84017666097537,7.546616674977031,4.895102708093191
567.2345045455611,233.219142688774,6.34517703589222,6.246033644706358
567.2187786109214,234.11470242070132,6.991158720833255,5.073230222197594
567.0063146062423,234.76608531189262,7.37413414731418,5.366516473699875
567.7022162485541,234.78720063830875,7.633782160445435,5.533211230389952
567.4392562586148,235.4134970438103,7.623928003699348,5.305129624694047
567.4012623148944,235.4730111187787,6.993856215217534,5.612624423497408
567.1092435044849,236.03840540225838,7.420537010771568,5.950885200196694
566.744223903001,236.02162127350147,7.563888383228914,6.007262078274579
566.9032280737462,236.99809952060323,7.201320404456851,5.189186762035092
566.7818831086059,237.61108967813723,7.179853703487424,5.874425757398797
566.397576260394,237.71742830685633,8.555984032177093,5.6869115423452286
566.5380730080278,237.5571411613327,8.339334951936507,7.219702018574623
566.6864931769882,238.34853288330788,8.824082045291789,6.458204975177324
566.8551410823914,238.5921194992298,7.386648503101014,6.936565977822426
566.4925313659454,239.8305809688304,8.35800252224999,5.769991588964473
566.9840393289267,239.4895208711674,8.065679809761832,7.039986423549351
566.7622797030107,240.49984776904364,7.353401704409862,5.722864804736332
566.6404531021351,240.51620838569704,7.564412279787575,6.167905397365274
566.8790042962936,241.40887710027837,7.599455543301588,5.874425757398797
566.616849676888,242.2161892916991,7.000357442493623,5.1760218665710624
567.0932783180473,242.3547017808196,7.069816092263068,6.4879382245870545
566.6339070008436,242.89748884659832,7.801000069026031,4.923582010778745
566.8468660121796,243.46363439235307,7.9288853160592225,5.5949795577031125
566.772877385466,244.0935203684024,8.396860796701162,4.918663228193168
566.51248183846,244.18034232047557,8.572527340565216,5.972662491377406
567.2767013281756,244.74132992293542,7.37413414731418,5.9070289242883405
566.5977098670884,245.70651987274414,7.760214469163088,4.980436151850938
566.7830318070937,245.86736836698105,7.820841285103825,5.306999443463354
566.3490021720861,246.0515162199478,8.783327193202012,6.605062049287966
567.0757666630352,246.81798948371878,7.467047938659903,5.812417997706859
566.6769385585003,246.4991475187731,8.059008467312196,7.040722198879223
567.1545860881231,247.89250269741032,7.783780143052695,5.533367516659865
566.7393331081734,247.8231200577549,7.832971380784329,6.5541189104522175
566.466222271336,248.43493941763114,8.578526502868044,6.01429303733687
567.1675769770009,249.35449590235098,7.3217348088571725,5.00567583870847
566.3492644039039,250.16539404552634,9.119551842679698,5.072110294524123
567.0400085999096,250.19656887661876,8.504368927708697,4.98752463429534
567.4791101595565,249.77435157132152,8.061017661053256,6.873078216266492
567.3041141504112,250.71301811743155,8.538466571862273,5.336541607413949
567.5513784668835,251.27550799128116,7.925812529823816,4.662242664602218
567.5154413306839,251.01715156266386,8.723481235729992,5.877522818399655
567.7482007412935,251.5242974662198,8.219870038224599,7.262761883088928
568.0162480106459,253.5207369660106,7.213099356760381,5.064516569640261
567.8307646425837,253.69505821465572,7.242258639011993,5.506510700736385
568.0967828277672,254.34293692615367,6.837064945192651,5.440558062770293
567.9682365538197,255.23158566647004,7.273098556779473,4.755487517894267
568.1420153270396,255.20597406834005,7.331661132717159,6.1097176105976985
567.7850508908358,256.36452427813316,7.531315285808546,4.047441548155632
567.705575159332,255.94234346705557,7.800890159376536,5.107488186190295
567.7101668085602,255.53584861224957,7.764461238790659,8.080661017745882
567.9808774472672,256.435608083837,7.093860443947278,6.474555167094763
567.7684990680416,256.11818562156816,8.158504513488651,7.00271637407775
567.936800837251,257.79092746143857,7.307728224744096,5.937529182604578
567.8024728062611,257.75584196042894,7.721606436978163,7.026661857650197
567.5313702628448,258.5882791430058,8.205547089699962,6.154160317274943
567.373766130744,259.2073431187896,7.896914004300925,6.362291039902402
567.3307953650371,260.0417023791698,7.963762091063927,5.582843527756154
567.2863466795692,259.9164568940083,9.26592772437391,5.520948602439432
567.963576448811,260.39337373043475,7.599455543301588,6.340650023859041
567.8585223847583,261.8242120601621,7.553661386153749,5.094329772057222
568.1332920147992,262.676707929633,7.179853703487424,5.641313624168674
567.6422393789406,262.6590098382912,7.633782160445435,6.045545603574226
567.8621324788259,263.353901665723,8.599743913237376,7.114896043325871
566.9727132733653,263.4115960045459,8.485281649575995,6.9933639969033266
567.7283107548005,264.7517089853293,7.960856627817634,5.594979557703141
567.6475509885904,264.9262829382102,7.48339476860815,6.359128887878285
567.7503999584326,265.74855576804765,7.35298736626055,5.156168918562912
567.0213126328041,265.5275551375156,8.931825268826174,6.342468757668087
567.8695630069221,266.545282851882,7.799594547563402,5.551062786103728
568.0653794921973,267.0258819024991,7.142485954204858,5.598164666809225
568.0347983770389,267.36044013524173,7.599455543301588,6.01429303733687
568.3186694330046,268.224615835886,6.778877158425075,5.178713022316117
567.8242469854857,268.56494643670055,7.960499165195074,6.085093346828273
567.6647270180781,268.5532335038597,7.764032799856636,6.660946172554588
568.1665745312775,269.82903132456846,6.956395137015988,5.059196463284366
567.6206959193426,269.83281212648797,7.864942692542627,5.179352504845156
568.0839130865044,269.55772274604004,8.298791942992011,6.900119143611278
568.2868319036361,269.7110006586865,6.772010586704141,6.790166111065275
568.2696621200978,271.055800755207,7.644390372608427,5.6753807311789615
567.9052559250105,271.14354975005574,8.783327193202126,5.2348630071484195
568.3268683429736,272.03162341983506,8.06907872664226,4.94182811966607
568.0563321108885,271.64551513129067,7.9146774096975605,5.437229910263113
568.3915273055725,272.05370891531004,7.659061312472204,5.024063154511566
567.9987082574143,271.8112410194051,8.33605781080189,5.49312480018159
567.6649272943861,271.94452406851997,8.696196798258597,5.275266440120106
568.0310375239775,272.44985075482754,8.223510855381846,5.327908441514978
568.6086332193229,272.09844848861593,7.6515856398460755,5.963413449966026
567.7385799315597,272.03898956470385,8.873637482058484,6.371562651051875
567.8796373972733,271.8716929521093,9.008076754218791,6.361954207666997
568.1181501974693,272.3253260131234,8.493767080676093,5.212084344960317
568.1728353216678,272.2153322878317,8.472397615950399,6.010606610561069
568.6626496046333,272.16695826854294,7.55283311665562,5.827803330752772
568.8265182086541,272.00692703761763,7.212489486205527,6.194255676388309
568.0156455324836,272.58131903572763,8.384243116066614,5.348568884387305
568.3007508263694,272.1118236070825,7.69419462124506,5.937529182604578
567.6752273475167,271.7860167791822,9.034744737140727,6.553201516006084
568.015474207573,271.85174940310753,8.485281748477178,6.830651807524134
567.5461685130366,272.30393589026176,8.931825268826174,5.527839742921685
567.8125433419009,272.327549288826,8.607217469495481,5.891845291618949
568.0110411022808,272.2612535302061,8.315576113507632,5.93969722393399
568.2545680858573,271.512372717941,8.115794326518767,6.710461975606393
568.3124048935057,272.4704142068035,7.412742179499105,5.366516473699846
567.9692007478981,272.2415086819195,8.20738722566773,5.956974599274986
568.1470449273937,271.998770021638,8.175384040847348,5.382370276002689
567.7298056286122,271.75459623756296,8.699074121755757,7.244379452565795
567.9170696565151,271.62069913549425,8.923860428293324,6.85099521069759
567.957166773443,271.8729277407361,9.277862902558468,6.154160317274943
568.2045398604845,272.13217063878335,7.832567676531767,6.43389487715109
567.6604202965398,272.3334882010912,7.705086133751138,5.818778740011226
567.7221384054695,272.29789257128743,7.5825487231269335,6.045545603574226
567.9626327136676,272.1709330209848,8.453517157540205,5.840611854300505
567.8318843435915,272.2827098390481,7.954541900651407,6.1868659227288845
567.4206369678496,272.61375207061263,8.89067798218366,5.7527916355306274
568.1257717427821,272.1174177266655,7.953260973185024,7.08167072954825
568.1640887529483,271.9622643887652,7.08167072954825,6.319029266366158
568.2613124614351,272.3122305244261,6.640195358060737,6.113195726468632
568.0819238120064,272.3187665219345,7.333697617774078,5.851072828621227
568.0485146845296,272.3842824789738,7.225516457376557,6.3942623516607
568.1244104597553,272.58648806837635,7.492814968668654,5.758143979137685
567.9401346138422,271.967896745138,7.651402929735468,6.407057124553546
567.6874232993141,272.14751238207816,8.061017661053256,5.473006727767768
567.7076780928144,271.76188658202796,7.564996432548128,5.55814840600425
567.9803271761779,271.7977370318521,7.477130599636212,5.586027529689318
567.6002913391743,271.5622083616354,7.704353815062291,5.930499156611518
567.7548636693599,271.5802912274373,7.5924678389076234,5.8634900142058655
568.1174695273478,271.7961309672821,7.186191665798219,5.760590889992102
567.9069010749103,271.56897515047774,7.721606391114165,5.6427123627373135
567.3545643719399,271.47151738897,8.206297011233914,5.846078844286126
567.6105734840457,271.5736888072534,7.715553226974748,5.633840793144316
567.7843967517014,271.76978969282266,7.492814968668654,5.782236631770047
567.4322042792257,271.7357434490169,8.107686758827185,5.6753807311789615
567.7074620434896,271.6676311087192,7.541000273933491,5.878607242299552
567.67875895765,271.5477500674461,8.175384040847348,6.051529823830094
567.9365241240821,271.4922469416504,7.67311482199284,6.266377104627509
566.9097233030437,271.25966229935256,9.015909915841576,6.522147598693948
566.3994947348709,271.7133624322325,8.504368927708697,5.626950869461439
566.8820144708247,271.9383860385848,7.914646597902674,5.327908441514978
566.8289438297985,271.56832610031654,7.551900756144619,5.515433136510126
567.3950489494691,271.97103363365517,6.991158720833255,5.444442189675442
566.7764546362808,271.7918862489163,7.770564426566693,6.027634087897525
566.9266247790549,271.52977981746227,7.6735099540003375,5.9414891358117075
566.7584624528025,272.0978287314444,7.848885617341352,5.303301092798222
566.954570796776,272.16326213865796,7.889949347037486,5.328277481116231
567.542141546384,271.50928320135034,6.640581535801289,6.177285149582588
566.4778421186514,271.93076813672286,8.14331658974288,5.902699894931914
566.3307489407066,271.35621669641193,8.453517157540205,6.557879976758443
566.1237624500911,271.1039333693619,8.379041294533977,6.633407691506022
566.7366992249749,271.83534014270896,7.5825487231269335,5.379510918434676
566.8922452565529,271.4770823370898,7.644390372608427,6.949445793280404
566.9727164862712,271.58146433467607,7.215285559182007,5.55693363630553
566.7609786831982,272.1591915649687,7.564412279787575,5.411464169386534
566.5981047563669,271.9068159136815,7.896914004300925,5.467094310669893
566.790696064217,271.767327936549,7.441769896285109,5.4466573235544615
566.6856465627164,271.6191281592022,7.768069533474204,5.760590889992102
566.7995935830584,271.61084007362433,8.175384040847348,6.02243593044625
566.5620631957593,271.3120072094947,8.167409242375243,6.023163158093837
566.7487267736623,271.9432901401227,7.677878372398823,5.824597385957759
566.6732259964098,270.6216043785026,7.6927003965936365,7.179853703487424
566.2358827529599,271.5609945973553,8.320853507766401,5.0914313421647535
566.1823828337058,271.2304744807199,8.366239881648426,5.851072828621227
565.3210517013147,271.32517429166614,10.076696400256537,5.5595566346243
565.79230678444,271.37927717433274,8.609591177230755,6.0614610530279265
565.8469582029753,271.28804429179405,7.730829257725759,7.280746732447199
565.7678711259784,270.90401538840337,8.019057383115864,6.667007010381155
565.8820716422642,270.6573721764751,7.832567676531767,7.273098556779473
565.1558549875998,271.4933991782058,8.146294791011996,6.177285149582588
565.5516235100918,271.0337487465848,7.838715909719099,6.762813726032164
565.1498540248014,271.3273586242001,7.564412279787575,6.138811503981458
564.5368678302589,271.59626345084195,7.801000069026031,5.147381193086858
564.0012479298581,270.76838452171546,7.661463537095301,6.794128042329817
563.637033210406,271.13982476681537,8.397012321091893,5.546851481034537
563.7391143639095,270.97255543090097,7.830112105521948,6.071348463358561
563.5923650756841,270.7627383574227,7.889681913706454,6.486483452543894
563.6628236311182,270.5928821399622,7.799594547563402,6.956395137016045
562.8478675597959,270.90998451533187,8.82469301841627,5.982123632676405
562.6958913920648,270.3867013943946,7.834727856336258,6.675328666833593
562.417120189541,270.7973969852731,7.8927530955432985,5.590700109343118
561.8291425449573,270.62216218710785,8.286813553658135,5.956974599274986
561.9717093767882,270.7856859910973,8.158924663053881,5.781180904106748
561.5733254774215,270.71640565379465,9.064377233932646,6.361954207666997
560.4114621187261,272.4084251153228,9.037859954469582,3.4515447508239276
560.4933628712224,271.65786430037696,8.599743913237376,5.320704867182826
560.3523752399759,271.63718194438206,8.221194252837108,4.778129993101913
559.5530101022005,271.2832343676383,8.115794326518767,6.323995579105485
559.8869199678007,272.13005935008505,7.477130599636212,5.411464169386534
558.8952459718687,271.80223987126567,7.5062244930199995,5.527839742921685
558.5666481636663,272.06238820225616,8.018591252310898,4.836610596631999
557.6007210557783,271.8001222149768,9.036825062128173,5.260874684055864
557.8345274027827,271.5875805338548,7.5062244930199995,5.556933636305473
557.7467948942244,271.83282386214927,7.45135021168403,5.366516473699846
556.5928773300901,271.7588756223758,7.685015597763822,5.328277481116231
556.2110507744638,271.69553420714686,8.210064011406075,5.747044807984253
555.7065318284679,271.69370466746153,7.685015597763822,5.225810606479399
554.8307612956785,271.6311063292616,8.36172748792842,5.902395873831779
554.5931954453898,272.44409833164633,8.02479925133423,5.179352504845156
554.726083958387,272.6419084875877,7.486108010803719,5.691916834660731
554.0356414298226,272.9405045447431,7.258310050759519,5.366516473699846
553.1035060235637,272.9311746953044,8.70968434413237,4.969643419887291
552.8339141806114,272.5492903079852,7.939402152191519,5.593669698134931
551.7483503659519,272.06773390314737,8.906367427225177,6.662778686015713
552.1163560616277,272.1270721793661,7.818566825426615,7.750579287814219
550.9136935481773,272.2445035217522,8.7853498969763,6.31060344712381
550.8049967187939,272.8619980288138,8.396860796701162,5.726729329967725
550.1463205306029,272.59979232111647,8.858261062744191,6.200782743920968
549.4003593543661,272.57431765887145,8.326594179155563,6.323995579105485
548.9322097035998,273.17136642398185,8.44285533973482,5.303301092798222
548.1863909646572,273.22252540365963,8.117196254079772,5.935154250294886
547.5126186381844,273.8299600189395,8.146116533629652,5.174577169160955
547.0278454522717,273.6890814385061,8.408454992433803,5.75483611649463
546.8243655418593,273.7412467704719,7.682998404793352,5.7525967955487545
545.9910378669687,273.4475450353688,8.39203679628406,6.294027597213017
545.5926298950831,273.80413492560206,8.119843110195802,5.864331135141413
545.3620368786021,274.2470350216596,7.844715866632669,5.528656896483994
544.8861816773044,273.5717895620624,7.176764704572179,6.496209430862734
544.0834562570116,273.4278692893031,7.544264281658229,6.418254687380909
543.8662426020279,273.9936586688865,7.097600069810483,5.0056758387084415
543.3380319327355,275.07822867973755,6.7987537510816765,5.080387418390671
543.3238823250715,274.91667741133824,6.798753761240505,4.827115170480795
542.1894798428995,274.39914839296955,8.294479588713443,5.439003008992415
541.5172890886158,274.69423452893716,7.919188639527988,5.630048173414366
541.011473588359,275.09049156606284,7.471158250379517,5.664944167870203
539.6634519439892,274.8550469658503,9.099018754634017,4.788957239281103
539.5245966923057,274.4754743096597,8.068850605679359,5.528656896483994
539.4965775164964,274.53770224381367,7.770004286950439,5.3792337371195345
537.9550412689634,274.1194661722418,8.599743913237376,6.0631288021385785
537.4669006980374,274.79872328072986,7.55283311665562,5.548068770876625
536.3621175640358,274.7607661881985,9.697638409544197,5.986196549101351
536.2476204414975,275.06897503600777,8.02252943826386,4.827115170480795
536.1652011235316,274.010258677283,7.963762091063927,6.732252489352959
536.0359461194653,275.2911833780207,7.717460170721665,5.500742887642048
535.0885162330184,275.8605157655768,7.202328298425641,4.813263301874713
534.5209302119226,275.61563589019715,8.127963371292026,5.829145448098302
533.3335677367896,275.5048443406237,8.388771477366276,5.798949410528337
532.3088208881887,276.0094316652068,9.11481272123035,4.856252679344038
531.602564264101,275.86252580269365,8.931827421215417,5.503449219132733
530.6122308646325,275.5107168768229,8.909087219468915,6.31060344712381
529.0145934039651,275.6074137083631,10.736237001258928,6.225213051150149
529.4642496605579,275.54387614476315,9.936640097734653,6.499907432352757
529.6530727178304,276.24520528003455,7.668740715184981,5.1425673031240535
529.5736945947139,276.28435742725765,8.171158534094161,5.992182925002396
528.9574890723039,276.2238728597568,8.094883096311264,5.891845291618949
528.1056528006401,276.2506949909031,8.143562185361475,6.5746190120349866
527.9072535926243,276.6761656773379,7.424239349557411,5.568179512168058
526.5081209238203,276.84693277769935,8.112302236407913,5.175089357708487
525.8093526578722,276.92383290784716,8.841239370340077,5.520948602439432
525.0847803223098,276.3806399231124,8.103444069795728,6.236682085130724
523.3015020835364,277.58356801316523,9.01590991584169,4.667811516712334
523.85099932531,277.5104405010471,7.070214349942717,4.969643419887291
523.1861344627222,277.47420644698167,7.487963801944375,5.855249890242192
522.5539833911075,277.02572828611545,7.6717139945426425,6.496209430862734
522.4237683574868,277.3135718116587,7.61460421258937,5.982903309891697
520.5539873303841,277.36483799257906,8.666543243137085,6.201061113623894
520.3789646144503,277.44176419600905,8.517120083772625,5.453945316801764
519.816514647398,278.12571485483664,8.578526502868044,5.59469119752265
519.3017708624016,278.1048760788331,8.352269268252144,5.50631085092175
518.796766885341,277.7422819284404,8.47600659074476,5.444442189675442
518.0992899018245,277.8789292695636,8.599743913237376,6.001260140892271
517.7036096591496,278.0492805703677,8.298791942992011,5.31495663764656
516.574115813985,277.62650605044496,9.510975035788533,6.853496716965253
516.5928199386534,278.1431593908025,8.115794326518767,5.586196094876527
515.7635384575921,277.3112025956095,8.548961112531174,6.458816073178525
514.695966054102,278.3421968078129,9.304535756558721,5.9070289242883405
514.2002650820634,278.32447384307306,8.456365931748223,5.0081390469576945
513.4566195061024,278.4091818664714,8.972389733655177,5.596226362740424
513.105334195624,278.33747646071777,9.09137319597437,5.687936050814699
512.7573486979072,278.04309821419275,7.478629137364578,5.982903309891697
511.7406506753989,278.03174059183686,7.41296583671749,5.874425757398797
510.8948099699512,278.3836196611664,8.39203679628406,5.408201490938609
509.7533046988777,278.4337929130867,9.150103627819192,6.0614610530279265
509.69748567811723,279.0505590329745,8.414137929498452,5.011361560951286
509.72937629196804,278.7289997211444,8.442408504090395,5.9022147948950305
507.20776255591494,279.01939843712654,9.413659039959214,5.6780800558483975
508.3667672093918,278.973331040516,6.798753761240505,5.235040396155227
507.0016333839711,279.4912579584012,8.726574355649404,4.053634539398445
506.540387398374,278.7527693400736,8.931827421215473,5.774110656139271
504.80580982756646,278.5653556935524,10.742030942760039,6.050890847504093
505.8867849765569,279.3410272016143,8.723481235729992,5.568179512168058
504.63511464861386,279.4057421972621,8.53190407622202,4.802109944540291
503.50523902408094,279.53945207776303,8.819934610005191,4.853748194656475
503.50523902408094,279.53945207776303,8.819934610005191,4.853748194656475
503.50523902408094,279.53945207776303,8.819934610005191,4.853748194656475
501.6870572058991,279.53945207776303,8.819934610005248,4.853748194656475
503.50523902408094,279.53945207776303,8.819934610005191,4.853748194656475
503.50523902408094,279.53945207776303,8.819934610005191,4.853748194656475
500.8028159978153,280.1024568749017,8.819934610005191,4.853748194656475
500.39044486379464,280.1024568749017,8.819934610005191,4.853748194656475
498.96232520026933,280.40920534115935,8.819934610005191,4.853748194656475
497.8867949895626,280.12365367437746,7.994139025997072,5.0056758387084415
497.8867949895626,280.12365367437746,7.994139025997072,5.0056758387084415
497.8867949895626,280.12365367437746,7.994139025997072,5.0056758387084415
497.8867949895626,280.12365367437746,7.994139025997072,5.0056758387084415
497.8867949895626,280.12365367437746,7.994139025997072,5.0056758387084415
493.78812000408857,280.9433886714723,7.994139025997072,5.0056758387084415
494.077137345129,280.9433886714723,7.994139025997072,5.0056758387084415
493.78812000408857,280.9433886714723,7.994139025997072,5.0056758387084415
493.78812000408857,280.9433886714723,7.994139025997072,5.0056758387084415
492.7659734964225,280.9433886714723,7.994139025997072,5.0056758387084415
491.94054494635185,281.4052824359065,7.994139025997072,5.0056758387084415
490.8182713921216,280.9433886714723,7.994139025997072,5.0056758387084415
490.8182713921216,280.9433886714723,7.994139025997072,5.0056758387084415
490.8182713921216,280.9433886714723,7.994139025997072,5.0056758387084415
489.5443860418031,280.9433886714723,7.994139025997072,5.0056758387084415
489.2827627548855,281.51920441043586,7.994139025997072,5.0056758387084415
488.0909986648489,280.9433886714723,7.994139025997072,5.0056758387084415
487.7044360555001,281.49000548553613,7.994139025997072,5.0056758387084415
486.98241439485025,281.1289946552112,7.994139025997072,5.0056758387084415
486.98241439485025,281.1289946552112,7.994139025997072,5.0056758387084415
486.98241439485025,281.1289946552112,7.994139025997072,5.0056758387084415
485.1524514236367,281.8555165619927,7.994139025997072,5.0056758387084415
484.51142578261107,281.6418413483175,7.994139025997072,5.0056758387084415
484.51142578261107,281.6418413483175,7.994139025997072,5.0056758387084415
483.4596585414238,281.8274473320564,7.994139025997072,5.0056758387084415
483.4596585414238,281.8274473320564,7.994139025997072,5.0056758387084415
483.4596585414238,281.8274473320564,7.994139025997072,5.0056758387084415
483.4596585414238,281.8274473320564,7.994139025997072,5.0056758387084415
483.4596585414238,281.8274473320564,7.994139025997072,5.0056758387084415
480.67556878533975,281.45623536457856,7.994139025997072,5.0056758387084415
480.67556878533975,281.45623536457856,7.994139025997072,5.0056758387084415
480.67556878533975,281.45623536457856,7.994139025997072,5.0056758387084415
480.2426683524393,281.889135797479,7.994139025997072,5.0056758387084415
479.0669835929356,282.0749219770417,7.994139025997072,5.0056758387084415
479.0669835929356,282.0749219770417,7.994139025997072,5.0056758387084415
479.0669835929356,282.0749219770417,7.994139025997072,5.0056758387084415
479.0669835929356,282.0749219770417,7.994139025997072,5.0056758387084415
476.4522128620255,282.0749219770417,7.994139025997072,5.0056758387084415
476.4522128620255,282.0749219770417,7.994139025997072,5.0056758387084415
476.4522128620255,282.0749219770417,7.994139025997072,5.0056758387084415
474.36028863092343,282.1496335567239,7.994139025997072,5.0056758387084415
474.36028863092343,282.1496335567239,7.994139025997072,5.0056758387084415
474.36028863092343,282.1496335567239,7.994139025997072,5.0056758387084415
472.74948839733185,282.0519449755201,7.994139025997072,5.0056758387084415
471.7986167650022,281.8934663701318,7.994139025997072,5.0056758387084415
472.0347442738569,282.1295938789866,7.994139025997072,5.0056758387084415
472.8836077234108,282.6167936757376,7.994139025997072,5.0056758387084415
472.52063842565195,282.25447720045673,7.994139025997072,5.0056758387084415
471.7986167650022,281.8934663701318,7.994139025997072,5.0056758387084415
471.6482408251525,282.79572200922956,7.994139025997072,5.0056758387084415
470.4778132610021,283.6229726927923,7.994139025997072,5.0056758387084415
470.12816291135175,282.57402164384126,7.994139025997072,5.0056758387084415
470.12816291135175,282.57402164384126,7.994139025997072,5.0056758387084415
470.12816291135175,282.57402164384126,7.994139025997072,5.0056758387084415
470.12816291135175,282.57402164384126,7.994139025997072,5.0056758387084415
469.89721602913465,283.4978091727096,7.994139025997072,5.0056758387084415
470.12816291135175,282.57402164384126,7.994139025997072,5.0056758387084415
468.5933197656063,283.34144321671397,7.994139025997072,5.0056758387084415
468.5933197656063,283.34144321671397,7.994139025997072,5.0056758387084415
468.5933197656063,283.34144321671397,7.994139025997072,5.0056758387084415
466.6229044028688,283.34144321671397,7.994139025997072,5.0056758387084415
466.6229044028688,283.34144321671397,7.994139025997072,5.0056758387084415
466.6229044028688,283.34144321671397,7.994139025997072,5.0056758387084415
466.6229044028688,283.34144321671397,7.994139025997072,5.0056758387084415
464.70497590423315,283.7126551841918,7.994139025997072,5.0056758387084415
464.70497590423315,283.7126551841918,7.994139025997072,5.0056758387084415
464.70497590423315,283.7126551841918,7.994139025997072,5.0056758387084415
464.70497590423315,283.7126551841918,7.994139025997072,5.0056758387084415
464.70497590423315,283.7126551841918,7.994139025997072,5.0056758387084415
464.70497590423315,283.7126551841918,7.994139025997072,5.0056758387084415
464.70497590423315,283.7126551841918,7.994139025997072,5.0056758387084415
464.70497590423315,283.7126551841918,7.994139025997072,5.0056758387084415
462.9748110152326,284.3221463779591,7.352741971279897,4.695194662503297
463.36016746995324,283.93678992323845,7.994139025997072,5.0056758387084415
463.36016746995324,283.93678992323845,7.994139025997072,5.0056758387084415
463.36016746995324,283.93678992323845,7.994139025997072,5.0056758387084415
460.58521682138326,284.5771631498315,7.994139025997072,5.0056758387084415
460.79662787624835,284.68167211157464,7.994139025997072,3.724929385522273
461.65045884503917,285.10858759597005,7.567223541601663,3.0845561589292174
460.949248671034,284.413355431455,6.676731876486997,3.5418901170306185
460.75622194287314,284.79297457167615,6.385583311176617,2.914553409441851
458.6071915163495,284.7061125757906,7.994139025997072,2.9563758283594552
458.76801850932577,285.0216097996367,8.42105451039248,2.444182932336105
457.2738143139419,284.1677788308459,7.994139025997072,5.0056758387084415
458.68792919557427,284.52130755125404,6.933552864772764,3.4147965968720086
457.2738143139419,284.1677788308459,7.994139025997072,5.0056758387084415
457.2738143139419,284.1677788308459,7.994139025997072,5.0056758387084415
455.64211341124417,284.0997912932335,7.994139025997072,5.0056758387084415
455.64211341124417,284.0997912932335,7.994139025997072,5.0056758387084415
455.64211341124417,284.0997912932335,7.994139025997072,5.0056758387084415
455.64211341124417,284.0997912932335,7.994139025997072,5.0056758387084415
455.64211341124417,284.0997912932335,7.994139025997072,5.0056758387084415
455.64211341124417,284.0997912932335,7.994139025997072,5.0056758387084415
455.64211341124417,284.0997912932335,7.994139025997072,5.0056758387084415
454.0001308251732,284.80349811583534,7.290432203395255,4.301969016106625
453.50753598926724,284.9536222620243,6.073019346217848,3.724929385522273
455.64211341124417,284.0997912932335,7.994139025997072,5.0056758387084415
450.98237402551086,284.0997912932335,7.994139025997072,5.0056758387084415
450.98237402551086,284.0997912932335,7.994139025997072,5.0056758387084415
450.98237402551086,284.0997912932335,7.994139025997072,5.0056758387084415
451.34079696457894,285.1750601104378,7.082142103521392,4.789097595655392
450.56689342403627,285.03401360544217,7.502590149013599,4.071453526499795
448.76565674243125,284.0997912932335,7.994139025997072,5.0056758387084415
448.76565674243125,284.0997912932335,7.994139025997072,5.0056758387084415
448.76565674243125,284.0997912932335,7.994139025997072,5.0056758387084415
448.76565674243125,284.6668990437061,7.994139025997072,5.0056758387084415
446.54893945935163,284.0997912932335,7.994139025997072,5.0056758387084415
446.54893945935163,284.0997912932335,7.994139025997072,5.0056758387084415
445.35209046162,284.0997912932335,7.994139025997072,5.0056758387084415
445.35209046162,284.0997912932335,7.994139025997072,5.0056758387084415
445.35209046162,284.0997912932335,7.994139025997072,5.0056758387084415
445.35209046162,284.0997912932335,7.994139025997072,5.0056758387084415
445.35209046162,284.0997912932335,7.994139025997072,5.0056758387084415
445.35209046162,284.0997912932335,7.994139025997072,5.0056758387084415
443.7084357086112,284.32392603228016,7.994139025997072,5.0056758387084415
444.5856286910673,285.493516675555,7.994139025997072,5.0056758387084415
443.7084357086112,284.32392603228016,7.994139025997072,5.0056758387084415
443.7084357086112,284.32392603228016,7.994139025997072,5.0056758387084415
442.2235878386997,284.38579469352646,7.994139025997072,5.0056758387084415
442.2235878386997,284.38579469352646,7.994139025997072,5.0056758387084415
442.2235878386997,284.38579469352646,7.994139025997072,5.0056758387084415
442.2235878386997,284.38579469352646,7.994139025997072,5.0056758387084415
442.2235878386997,284.38579469352646,7.994139025997072,5.0056758387084415
442.2235878386997,284.38579469352646,7.994139025997072,5.0056758387084415
440.05695202791543,284.8340641716198,7.994139025997072,5.0056758387084415
440.05695202791543,284.8340641716198,7.994139025997072,5.0056758387084415
440.05695202791543,284.8340641716198,7.994139025997072,5.0056758387084415
440.05695202791543,284.8340641716198,7.994139025997072,5.0056758387084415
440.05695202791543,284.8340641716198,7.994139025997072,5.0056758387084415
439.02602419286393,285.0402497386301,7.994139025997072,5.0056758387084415
437.0554875044833,284.578589721227,9.248957105840077,6.194255676388309
437.0554875044833,284.578589721227,9.248957105840077,6.194255676388309
437.0554875044833,284.578589721227,9.248957105840077,6.194255676388309
437.0554875044833,284.578589721227,9.248957105840077,6.194255676388309
437.0554875044833,284.578589721227,9.248957105840077,6.194255676388309
437.0554875044833,284.578589721227,9.248957105840077,6.194255676388309
435.34900286284505,284.9198866495546,9.248957105840077,6.194255676388309
434.72388128686674,284.578589721227,9.248957105840077,6.194255676388309
434.6164631142394,284.8495924312541,9.248957105840077,6.194255676388309
434.5572354211663,285.9611231101512,8.473341493980115,4.483319727007824
433.03255613889434,284.25018716077074,9.248957105840077,6.194255676388309
433.768352365416,284.99184339314843,8.972267536704749,6.851549755301846
433.72685614156495,286.01786313869326,9.248957105840077,6.194255676388309
432.5566433756075,286.01786313869326,9.248957105840077,6.194255676388309
432.5566433756075,286.01786313869326,8.265274432611704,5.488986176375249
432.5566433756075,286.01786313869326,7.551757708403329,5.5810528504666195
432.5566433756075,286.01786313869326,8.04486038379099,4.959580470329286
431.4577422767064,285.79808291891305,8.102697283733164,5.630488509658392
431.0447643259315,286.01786313869326,9.248957105840077,6.194255676388309
430.99142598430313,286.01786313869326,7.617269667870801,5.460397730871932
429.42942942942943,286.63663663663664,8.978240389584585,5.183391006424017
429.15871271317394,285.62577196667235,9.248957105840077,6.194255676388309
429.15871271317394,285.62577196667235,9.248957105840077,6.194255676388309
429.15871271317394,285.62577196667235,9.248957105840077,6.194255676388309
429.15871271317394,285.62577196667235,9.248957105840077,6.194255676388309
429.15871271317394,285.62577196667235,9.248957105840077,6.194255676388309
427.20885198893995,286.18287503073924,9.248957105840077,6.194255676388309
427.18826936342026,285.9541791916313,9.248957105840077,6.194255676388309
427.2982475968949,286.0908882457421,9.248957105840077,6.194255676388309
426.7610317502013,286.55820345227283,7.916912126410864,4.595801701073242
426.5304889726754,286.7127150686932,9.248957105840077,4.913509223202141
424.8228270350939,285.85888409990247,9.248957105840077,6.194255676388309
424.8228270350939,285.85888409990247,9.248957105840077,6.194255676388309
424.8228270350939,285.85888409990247,9.248957105840077,6.194255676388309
425.04907137898533,287.2163501632509,9.113824548616492,5.091342144441398
424.0120162242831,286.6696949107133,8.555551343284435,5.22219698117857
423.9294710327456,286.90176322418137,8.396998237058483,5.1513765521094115
423.68421052631584,287.0813397129187,9.001110418129372,5.211034513132859
423.1863260921468,287.2734651662789,9.131410578146983,4.565490220010531
423.077512163964,286.84898310980344,7.945590146266966,4.735175306038116
423.19857753926664,287.67486472944245,8.03628928882057,4.576951251187097
423.077512163964,287.03381018436477,8.042032428066307,4.9965503469445025
422.50489236790605,286.692759295499,8.41487279843443,5.870841487279847
423.077512163964,287.4295647281747,8.597880506193064,5.24059233988811
420.16968508538736,286.90000953853854,9.51285459715234,5.798403159874169
420.16968508538736,286.7124193509483,9.248957105840077,6.194255676388309
419.7468521044148,286.5291917258602,9.248957105840077,6.194255676388309
419.6276796653332,286.5128628099284,9.248957105840077,6.194255676388309
420.0114572372861,287.0557258334953,7.045504788030314,5.032881761441445
419.0654205607476,287.2897196261682,7.696798909223048,6.186399358787753
416.9525147005792,287.28186330856767,9.248957105840077,6.194255676388309
416.9525147005792,287.28186330856767,9.248957105840077,6.194255676388309
416.9525147005792,287.28186330856767,9.248957105840077,6.194255676388309
416.9525147005792,287.28186330856767,9.248957105840077,6.194255676388309
416.9525147005792,287.28186330856767,9.248957105840077,6.194255676388309
416.4048865619546,287.43455497382195,8.225904616192395,6.216084080942039
415.08472520852376,287.65542120697876,9.248957105840077,6.194255676388309
415.08472520852376,287.65542120697876,9.248957105840077,6.194255676388309
415.08472520852376,287.65542120697876,9.248957105840077,6.194255676388309
415.08472520852376,287.65542120697876,9.248957105840077,6.194255676388309
416.47273268512515,288.5477117276511,6.7703723261947175,3.6165275055570874
416.8563884262248,288.70756828644267,6.7703723261947175,3.6165275055570874
415.7303788319474,289.33448299631436,6.818557631459441,3.1105818002772025
415.7303788319474,289.33448299631436,6.818557631459441,3.1105818002772025
415.7303788319474,289.33448299631436,6.818557631459441,3.1105818002772025
415.7303788319474,289.33448299631436,6.818557631459441,3.1105818002772025
414.84654084298614,289.26649545870197,6.818557631459441,3.1105818002772025
414.84654084298614,289.7140938233182,5.795475655193741,2.6629834356609763
414.84654084298614,289.7140938233182,5.795475655193741,2.6629834356609763
414.1709350864197,289.9955962218875,4.962351717330819,2.399891665809548
414.1709350864197,289.9955962218875,4.962351717330819,2.399891665809548
414.1709350864197,289.9955962218875,4.962351717330819,2.399891665809548
414.1709350864197,289.9955962218875,4.962351717330819,2.399891665809548
412.97640258814454,290.1712627657515,4.962351717330819,2.399891665809548
411.0497914083024,290.24847883012126,5.761488418161832,3.0270092392930223
412.24284997663204,290.24847883012126,4.807919588591233,2.052419376145508
410.7299675206745,290.7430750176458,6.46627151146771,1.5578231886209437
410.81724920082587,290.5103238705755,6.46627151146771,1.5578231886209437
410.7748227920835,290.807308731772,6.46627151146771,1.5578231886209437
410.8471007499806,290.59047485808077,6.46627151146771,1.5578231886209437
407.58026727681687,290.7601804930503,6.46627151146771,1.5578231886209437
404.3263920536289,291.06032273395994,6.46627151146771,1.5578231886209437
404.3826925333428,290.77882033539066,6.46627151146771,1.5578231886209437
404.42511894208513,290.77882033539066,5.914728197816714,2.8730418596348954
404.42511894208513,290.77882033539066,5.914728197816714,2.8730418596348954
403.91917323680525,290.77882033539066,6.420673903096599,2.6321153333111624
403.6953740544971,290.68290640011577,6.420673903096599,2.6321153333111624
403.6953740544971,290.68290640011577,6.155654724140447,3.1139683859586853
403.5149330964927,290.77312687911797,6.155654724140447,3.1139683859586853
403.26037464403856,290.8579796966027,6.155654724140447,3.1139683859586853
401.775450338055,290.98525892282976,7.68300543886636,2.9866891597315544
401.40189243964386,291.2841052415587,7.68300543886636,2.9866891597315544
401.0944918157332,291.13040492960334,7.68300543886636,2.9866891597315544
401.37599421430247,291.24300588903105,7.68300543886636,2.9866891597315544
400.4921562253413,291.51495603948064,7.68300543886636,2.9866891597315544
400.21065382677205,291.4586555597668,8.471212154860496,3.3807925177286506
400.21065382677205,291.80778228037235,7.045611379054378,3.0316657971230825
399.8712425568332,291.1713861492366,5.687966299298012,3.668061928258851
398.94321263813856,291.1713861492366,6.059178266775859,3.729930589505159
397.95331405819763,291.3569921329755,6.059178266775859,3.729930589505159
398.12301969316707,290.8478752280672,5.8470462230639555,4.239047494413796
397.7393639520675,290.7411923366267,6.742242952296465,4.5267893002385335
396.78753842549395,290.6732047990143,6.742242952296465,4.5267893002385335
396.3544577967698,290.6732047990143,6.742242952296465,4.5267893002385335
395.6361142108775,290.6732047990143,6.742242952296465,4.5267893002385335
395.4719129306494,291.15277447538887,6.774214264054763,4.0472196238640095
395.4719129306494,291.44371340922686,5.639552422086581,3.727186796642229
394.839513372739,291.44371340922686,6.096285436133087,3.8677200317334837
394.07101181296264,291.7506538073865,6.579770911903722,3.714249832653479
394.07101181296264,291.7506538073865,6.579770911903722,3.714249832653479
393.74416547159893,291.5327562464774,6.579770911903722,3.714249832653479
393.6822968103526,291.5327562464774,6.579770911903722,3.714249832653479
393.62599633063877,291.5327562464774,5.447416238182086,3.5696939168592507
391.7815925871754,291.6864565584326,6.164684360640024,3.723394228814527
389.9264583344825,291.8791977794916,7.995725960700554,3.530653007755518
389.9264583344825,291.8791977794916,7.995725960700554,3.530653007755518
389.9264583344825,291.8791977794916,7.995725960700554,3.530653007755518
389.36964038326573,291.8791977794916,7.995725960700554,3.530653007755518
388.9623258758927,292.02466724641056,7.995725960700554,3.530653007755518
388.32592974475733,292.1095200638953,7.995725960700554,3.530653007755518
388.18539650966613,291.8284535937129,7.995725960700554,3.530653007755518
387.2063255500996,291.78183116706685,7.995725960700554,3.530653007755518
387.2063255500996,291.7046151026971,7.995725960700554,3.530653007755518
385.6464133879327,291.8688163829252,7.995725960700554,3.530653007755518
385.6464133879327,292.00119359624256,7.995725960700554,3.530653007755518
385.10590093734453,292.15562572498203,7.995725960700554,3.530653007755518
384.28407356084,292.23033730466426,7.995725960700554,3.530653007755518
384.28407356084,292.23033730466426,7.995725960700554,3.530653007755518
384.34037404055385,292.23033730466426,7.995725960700554,3.530653007755518
384.34037404055385,292.23033730466426,7.995725960700554,3.530653007755518
383.2525734387555,292.29832484227666,7.995725960700554,3.530653007755518
383.2525734387555,292.29832484227666,7.995725960700554,3.530653007755518
381.89926625372254,292.29832484227666,7.995725960700554,3.530653007755518
381.89926625372254,292.29832484227666,7.995725960700554,3.530653007755518
381.39779757361833,292.0203984794992,7.132500543226342,4.617677607537814
381.05838630367924,292.44466256692306,7.471911813165434,4.19341352011395
381.05838630367924,292.44466256692306,7.471911813165434,4.19341352011395
380.48893523228685,292.3883620872092,7.240263620056112,4.038981391374364
379.7895988325965,293.2741881934836,7.333508473348161,3.0132880051618827
379.71238276822675,293.2741881934836,7.333508473348161,3.0132880051618827
378.268846179595,293.3032820868674,6.984381752742593,3.362414725767451
378.268846179595,293.3032820868674,6.984381752742593,3.362414725767451
378.1451088571024,293.3032820868674,6.984381752742593,3.362414725767451
377.1552102771615,293.1795447643748,6.984381752742593,3.362414725767451
375.99942213775074,293.04356968915,6.984381752742593,3.362414725767451
376.1488452971152,293.04356968915,6.984381752742593,3.362414725767451
376.1488452971152,293.04356968915,6.984381752742593,3.362414725767451
376.1488452971152,293.04356968915,6.984381752742593,3.362414725767451
375.63972839220725,293.04356968915,6.475264847833955,3.4472675432522237
375.358225993638,293.1561706485777,6.475264847833955,3.4472675432522237
375.24562503421026,293.1561706485777,6.475264847833955,3.4472675432522237
374.6337371956987,293.90403356231405,6.475264847833955,3.4472675432522237
373.732929520277,293.9603340420279,6.475264847833955,3.4472675432522237
373.59695444505223,293.8923465044155,6.475264847833955,3.4472675432522237
372.5210522613653,294.1485136910076,7.55116703152089,3.1911003566601153
372.4744298347193,294.3350033975917,6.805208205184499,3.144477930014091
371.65469483762416,294.3350033975917,6.805208205184499,3.144477930014091
371.5522279629873,294.3350033975917,6.805208205184499,3.144477930014091
370.53241489880133,294.4029909352041,6.805208205184499,3.144477930014091
370.7007212425331,294.52500483822,6.805208205184499,3.144477930014091
368.9762950770699,293.8061242262817,9.248957105840077,4.998870401472857
368.9762950770699,293.8061242262817,8.63507630952006,4.801551574084272
368.0540932053379,293.6524239143264,8.63507630952006,4.801551574084272
368.0540932053379,293.6524239143264,8.63507630952006,4.801551574084272
368.0540932053379,294.81734339151797,7.178926963030619,3.874911080863683
368.0540932053379,294.7661099541995,7.178926963030619,3.874911080863683
367.4392919575168,294.81734339151797,7.793728210851725,3.8236776435452384
367.4392919575168,294.81734339151797,6.628167544701171,3.870300070191263
366.25698188352555,294.81734339151797,7.810477618692403,3.5887976716219327
365.624582325615,294.81734339151797,6.897011590599391,3.799597524258786
364.6511470165649,294.8685768288364,7.870446899649494,3.7483640869403416
364.6511470165649,294.8685768288364,7.351717630739529,3.7284129612130528
364.6511470165649,294.8685768288364,7.351717630739529,3.7284129612130528
363.9836141498817,294.8685768288364,7.351717630739529,3.7284129612130528
363.9836141498817,294.8685768288364,6.39346905008739,3.8110205974761584
363.9836141498817,294.9005481405947,6.39346905008739,3.8110205974761584
362.20888665347,295.74427104872484,8.168196546499075,2.967297689346026
361.3456612359958,295.9360989192747,6.985258011441886,3.287010806929061
360.89525739828485,295.99239939898854,7.435661849152837,3.2307103272152062
360.75928232306006,295.8074255695398,7.435661849152837,2.7652080330744297
360.75928232306006,295.8074255695398,7.435661849152837,2.7652080330744297
360.03803337444,295.8074255695398,6.205295995623658,3.0621928942711065
360.06712726782376,295.8074255695398,6.205295995623658,3.0621928942711065
360.06712726782376,295.8074255695398,6.205295995623658,3.0621928942711065
360.06712726782376,296.60547059863205,5.30749533789492,2.2641478651788702
358.76169932173514,296.79196030521615,6.612923283983548,2.0776581585947724
358.1033121727343,296.4527911678518,6.952092421347743,2.5963874275047374
357.594195267826,296.2133776591241,7.07179917571159,2.8956543134142976
357.594195267826,296.2133776591241,7.07179917571159,2.8956543134142976
356.60429668788504,296.2133776591241,8.061697755652574,3.390603603384818
356.5194438704003,296.2982304766088,8.061697755652574,3.390603603384818
355.7151512741983,296.2982304766088,7.250498131943971,3.083663205224809
355.7151512741983,296.34946391392725,6.3795296975307565,2.981196330587977
355.7151512741983,296.34946391392725,6.3795296975307565,2.981196330587977
355.7151512741983,296.4590854846987,5.677951644593577,2.8715747598165535
355.6512086506817,296.491056796457,5.677951644593577,2.8715747598165535
353.90589377955183,297.03156924704547,7.153010290429222,3.288170464363816
352.4511991103619,296.8279119933589,8.607704959619127,3.491827718050388
352.2195509172527,296.8279119933589,8.607704959619127,3.491827718050388
351.97324899691057,296.8279119933589,6.76330121615581,3.5430611553688323
351.0161408417748,296.9621160521146,6.76330121615581,3.5430611553688323
350.8882555947416,296.9621160521146,6.891186463189001,3.5110898436105344
350.14583165978587,297.8901459708092,7.44800441440583,2.892403231147398
350.14583165978587,297.3671649130336,7.44800441440583,2.892403231147398
350.14583165978587,297.3671649130336,7.44800441440583,2.892403231147398
349.8174290993297,297.41499061972655,7.44800441440583,2.892403231147398
348.65918813378363,297.53081471628116,7.44800441440583,2.892403231147398
347.73115821508895,297.53081471628116,6.701132182802212,3.085144452206407
347.73115821508895,297.53081471628116,6.701132182802212,3.085144452206407
347.73115821508895,297.53081471628116,6.701132182802212,3.085144452206407
347.73115821508895,297.5527390304354,6.284570213870779,3.063220138052145
347.73115821508895,297.5527390304354,6.284570213870779,3.063220138052145
347.73115821508895,297.8439688997333,6.284570213870779,2.77199026875428
347.73115821508895,297.8439688997333,4.6086756527770945,2.6921857658450676
348.2928031859606,298.0145836982028,4.110669898146284,2.306231306006225
344.98261089409306,297.8747164182647,7.42086219001385,3.611659252094853
344.98261089409306,297.8747164182647,7.42086219001385,3.611659252094853
344.6732675878615,298.12219106324994,7.42086219001385,3.611659252094853
344.4416193947523,298.1607990954348,7.42086219001385,3.611659252094853
342.5300999022654,298.1607990954348,9.332381682500738,3.938016238617024
342.40282067603835,298.1607990954348,7.63532533280528,4.235001099813701
342.40282067603835,298.1607990954348,7.712541397175073,3.6944886492252067
341.7593200325377,298.6588302720165,6.083283367682384,3.839958116144203
342.31796785855363,297.97290321977346,6.083283367682384,3.839958116144203
342.202143761999,298.35898354162237,6.199107464237045,3.4538777942952947
340.4565101589711,298.53354690192515,6.810079225296818,3.3665961141438743
340.32923093274405,298.6326760654409,6.033567444423568,3.2674669506281475
339.86593454652535,298.6326760654409,6.033567444423568,3.2674669506281475
339.7254013114341,299.0894090794874,6.033567444423568,3.2674669506281475
338.0077922890046,299.71611698779463,5.840826223364559,2.68924328745112
337.5411017928384,299.7826057261556,5.840826223364559,2.68924328745112
336.92493946731236,299.1525423728814,6.742004632896283,3.319306640725358
336.6230311188497,299.39910099896673,6.628057415257672,3.3585187397850973
336.70998121306906,299.7178074824602,6.125842307370249,2.3165299468282683
335.41004878847514,299.50700762982336,6.617708630189554,2.5975964170107204
334.01064407773015,298.5284253414634,7.9510272319240585,3.609221759875936
334.0940742389222,299.1797583930437,7.8675970707320175,2.957888708295627
333.5645653856533,299.95627017391695,7.009297634780637,3.081541977979498
333.20317559616774,299.85989956338744,7.226131508472008,3.1779125885090025
332.4998067374852,299.92384218690404,7.292217617482493,2.698788298182933
332.1481223081439,299.89187087514574,7.292217617482493,2.698788298182933
331.86880654796187,299.89187087514574,7.292217617482493,2.698788298182933
329.97770347801486,299.01905407363176,8.368691672683042,3.7461684599996943
330.08017035265175,298.9165871989949,8.676092296593595,4.3609697078208
329.5673236595455,299.9422805852074,6.251726111000437,3.335276321608319
329.14263530551193,299.4403761668041,6.483374304109759,3.412492385978112
328.7951630158481,299.55620026335873,6.483374304109759,3.412492385978112
328.0778948933902,299.65866713799556,7.200642426567697,3.31002551134128
328.0778948933902,299.65866713799556,6.6411733068154035,3.31002551134128
326.39948753413336,299.8797972383208,7.616211807389561,3.08889541101604
326.1433203475413,299.7260969263655,7.616211807389561,3.08889541101604
326.1433203475413,299.7260969263655,7.616211807389561,3.08889541101604
325.93151680623373,299.7260969263655,7.324981938091696,3.936109576246281
325.6840421612485,299.9125866329496,6.861685551872995,3.936109576246281
325.4803849075619,299.9125866329496,6.337995470964643,3.936109576246281
325.4803849075619,299.9125866329496,5.792785071628089,3.9030665217410387
325.0226245075468,300.2739764224353,6.250545471643193,3.5416767322553824
323.51950248091225,300.0874867158512,6.192357684875617,3.6871461991743786
322.30491621622394,299.93378640389585,6.192357684875617,3.6871461991743786
321.4099598707754,300.12353495868416,7.220151293931963,3.7244709375944467
