562.206037217222,311.6541959813672,18.306571382244556,12.460775478670712
561.2733493397933,311.9093608311659,18.306571382244556,12.460775478670712
560.5461971439277,311.5318947036247,17.99889791363546,12.768448947279865
559.2276507845927,312.1928981678443,18.762844885703657,11.703556710884413
558.3189336144949,311.5890353421819,17.58134159836709,12.002646668115972
557.4602386571809,311.12171534502,17.53738771072176,12.922285681584412
556.5974807636876,311.991367806383,18.67234559156998,12.237243438543032
555.2355641873509,311.69035290051664,18.03938472405912,12.34273691646149
553.7765844068979,311.5288462934458,18.548305293512385,12.288252256951978
554.0066613924148,311.7816364029686,16.717991933878466,11.764512842358954
552.5824439643316,311.84861045994154,17.94614566783889,12.049554948406126
551.9144392555899,312.22401764509505,17.044610958867793,12.114351590600279
550.42728482279,311.68701734975565,17.93389124614066,12.553723872298463
549.4929317182007,311.69229369022634,17.63892120357923,12.739220869251653
548.8592305427401,311.2319257864484,18.306571382244556,12.61461221297526
548.0526904761457,311.59108454077574,16.984449944874427,12.553723872298463
546.8170268464163,311.93653881188857,17.76049905777495,12.044476372513998
545.4499030792228,310.91118479477836,19.012012925850286,12.636032981205346
544.7158856900492,311.0481310870323,19.038835584815615,12.179255116757076
543.6610324100154,311.0071536943908,18.56685211365152,11.920763004787602
541.5597228067973,310.1389256969604,19.038835584815615,12.59922943112798
540.5819123592189,310.4383880223348,19.598801337310192,12.59922943112798
540.7661200616191,310.76636694904613,18.758852708568384,11.899272240509788
539.5789123020596,310.5263100372547,18.89608601776581,12.86788679737424
539.0644619242736,310.4541287588054,18.152734647940065,11.999265275756954
538.0113181997605,310.1177373914368,18.432378385428024,12.86788679737424
537.5480273473127,310.15247508112725,18.084597661174598,12.983813705458715
536.6198630727728,310.0456130266354,17.828397768222203,12.553723872298463
536.0001221004934,310.06167477202706,17.91890407982646,13.159195183622558
534.6588572162441,310.14077583987523,18.89608601776581,12.636032981205346
533.862899655411,310.50395308126025,18.67234559156998,12.02625648270606
533.9004152588054,310.22723966784173,17.4989297654555,12.87921230737527
532.9204163916651,309.9066895947889,17.157182396499024,12.983813705458715
532.2246142630526,310.4903125730266,18.08969277332062,12.484435857643803
530.6679535881469,310.40243944992704,18.548305293512385,12.288252256951978
530.8036202847856,310.7481434272199,17.93389124614066,12.02625648270606
530.2712302067206,310.7319545682275,16.984231096789586,12.525870433882346
529.0179216086673,310.60986564572005,18.202519177379486,12.562301967487201
528.2457474830388,310.73364237165646,17.74893372576321,12.114351590600279
527.2645966767271,310.95397652349635,18.71526619646056,12.177741703176366
526.1875761706184,310.75967844866057,17.196533985499514,12.313567545172475
525.0904711612225,310.73893204966447,17.337176820318405,11.91930906396891
524.1975068229044,311.100129375319,18.594121046037685,11.832622483842158
523.7601321545096,310.7709949008696,17.433398648757816,11.793181438865531
522.9706123830169,310.9941048004521,17.491973041928418,12.074105285578923
522.3920720397942,310.67332524910455,17.185475512246853,12.114351590600279
520.8221543513222,310.82301690534683,18.47035131775874,12.41971898952744
520.2749569625072,311.0179215431906,18.31907872231534,11.963479981920216
520.3742495955617,310.71306900238,16.903746405488732,12.25521614397934
518.3014588437418,310.5621263609732,17.64676926353843,12.693290172018862
518.2341721669283,310.9341335771128,18.458892686919967,12.818675477027796
518.2646414748059,311.46330962022233,16.330990924868388,12.364893128828896
517.246936774892,311.817323108969,17.185475512246853,12.25521614397934
515.868949836726,311.97032881239807,17.88979827914227,12.114351590600279
515.1490937831223,312.13526549990837,17.81795891306865,12.049554948406126
515.1813173912008,312.39396018380097,17.185475512246853,11.69175793046304
514.2345029531787,311.81454752303995,18.03066283252133,12.114351590600279
512.9582543885025,311.72336511455387,18.197389887710415,12.014943323295995
513.153091205439,311.91471090225576,16.53609136536579,12.177741703176366
511.8884962082219,311.54562688877985,17.38084034146698,12.598192999184164
511.4106054522453,312.15710370059924,17.9563617067584,11.764512842358954
510.2457564524514,311.5591535857269,17.51498831856435,12.63202187823731
509.10258214898806,311.8682909099431,18.31239193927945,12.114351590600279
508.28604485115955,311.9324516170822,17.35078663703655,12.07750834538814
507.96040496100096,311.960470358811,17.49197304192836,11.60971662074894
507.23975200750164,310.5471008905585,17.665855680640732,13.968351003297357
505.7597461925778,311.3193372405307,18.20251917737943,12.690488722257498
505.1927681814193,311.9379496972355,18.031209642410545,12.757931350762135
504.91309412305736,311.54426356461335,17.80156548514833,13.002882615238832
504.62124151145116,312.09792017719565,17.027584377098435,11.764512842358954
503.21278848815746,311.92104574364447,18.364199873403777,11.995113212107697
502.59599221170083,311.7328306969663,17.383550976417155,12.15310201006156
501.865449778412,311.55384107873203,18.25037167989609,12.65921735021692
501.68142446318785,311.62483274596724,17.229714242112607,11.845428541452407
500.89916831359176,311.72353402251815,17.69122444502625,12.61461221297526
499.6355405389731,311.5497130280054,18.338878394197366,12.319246554880692
499.1373866997134,311.85891998905976,18.058895517950077,12.319246554880692
498.7763918925445,311.1618188280618,17.462449695605358,13.375493383867934
497.697448063642,311.670635618241,18.152734647940065,12.15310201006156
497.5097844912008,312.1153625232291,17.467204619005088,11.832622483842158
495.7642818258456,311.8683316860513,18.201315393754044,11.737296842701198
495.5669514524697,311.78466008327797,17.689772158298354,12.818675477027796
494.7729815088011,312.04729403400825,17.07512999641807,12.66245595239991
494.51903516513806,312.5201784910788,17.07512999641807,11.511323593090822
493.13137254437834,312.3201448584287,18.506371691396794,12.744954089358203
492.4800254654156,311.9746360675578,18.11180320794989,13.02778827238501
491.7317941431348,312.6640660429548,18.41811774894535,12.66245595239991
491.17493540230953,312.5839122863463,17.458841218298915,12.221188852809235
490.1762275991731,312.4137101357508,17.952927741213443,13.02778827238501
490.21801339819257,312.91821459737656,17.638351907096194,11.999862363024477
488.4726540407522,312.1589105593946,18.5058118369534,13.011898947857844
488.713713928573,312.53516366888726,17.944953804632576,12.1946371158553
487.42592534734683,312.79005740587615,18.521292677280087,12.638058532732316
487.2474362518236,312.9912259008576,18.303395116370893,11.766468289095599
486.0919139086545,312.8422260523978,18.73919023818928,12.420160971823123
486.84287654350123,313.2763392380644,17.103420039340506,12.235523566605139
484.9323681835032,313.0239912576586,18.198037509268147,12.81046061507692
484.7951235862136,312.98854277476255,17.284252806115887,11.697423616260266
483.7513551004105,312.90005132083587,18.506371691396794,12.919542501541173
483.02534312130626,313.3938609022117,18.341527369375854,12.095493724669495
481.12256639296726,313.2263797870079,18.42955414142267,12.551161872175783
480.8123642169902,313.76400911442204,18.5058118369534,11.710709053072037
479.53515538077465,313.6239978650274,18.24238397819005,12.095493724669495
478.8762804972736,312.99464448824745,17.808018042664855,13.617896150273111
478.60076643651195,314.1282628081447,17.346034360815395,12.869638396734047
476.97181434369753,313.1609058314696,17.60779154042922,14.827613928782512
475.4472020732329,313.5240087524781,18.58543456946842,13.238939693319935
475.5466302724879,313.869378697493,16.840799474058656,12.551161872175783
474.72332679258074,313.53716378238636,18.11180320794989,11.756784538493775
473.8185766395236,313.59150789843267,19.223931475104678,12.551161872175783
473.19678200206084,313.3172882705018,18.801828535381674,12.66245595239991
472.5448646842362,313.4261130429728,18.609973142163483,12.278745165963528
472.1580906057322,313.5566509082632,18.801828535381674,12.470600559181719
470.9224882826906,313.8319575730916,18.5058118369534,12.578168982929242
469.9985432887947,313.7478258861041,20.36759952818454,13.238939693319935
469.1064863897846,314.2719459164808,18.763881846576794,12.228147720241054
468.42946411135057,313.9640375137426,18.68096010357982,11.522835204077296
467.52783002439196,314.01542463532945,18.42955414142267,11.915660005230166
467.18249080718584,313.09774865612525,18.68096010357982,13.094130913724143
466.0983792309464,313.10895265970873,19.37931375231176,12.570365677175175
465.24283391540627,313.7691895867073,19.155828957124356,12.451288822130834
464.85771292387744,314.00685403075266,19.036521069459127,11.638441791280684
463.9541446523432,313.5915817922542,18.216658527001016,13.011898947857844
461.785813237322,314.2420585458483,19.501831701371373,11.984365850004792
460.9935376496283,313.6344989115211,19.397402985467807,13.172189934317714
461.0733082959205,313.4689822950255,17.892808656540808,12.893347414272057
459.9972938142122,314.363730963198,18.557209302214233,12.451288822130834
458.81131560206524,313.74219208237446,19.487623464470005,13.081969455315516
457.6322720403905,313.9626938859486,19.501831701371373,12.420160971823123
456.50649859722745,313.63790379062743,19.758284901476543,13.713512808330734
455.8769170764167,313.87551369590955,19.734715430008237,12.235523566605139
456.0299232457733,313.9262410686563,18.085497555461757,11.875417069550167
454.7777888676369,314.1734296730249,19.662425076762986,12.578168982929242
453.5173921991414,313.93764604718285,19.859433342050295,12.551161872175783
453.95523022028294,313.7513204218487,17.927505217048576,13.590205567762666
451.956795700399,314.61523035021787,20.809217066826477,12.747007313186884
451.24284786709643,314.5533657084439,20.52988500662019,12.578168982929242
451.28766724655736,314.3081743497314,19.719729262280566,12.638058532732316
450.1662555383601,314.3089965981478,19.828678237163103,12.690354071784384
449.549452060358,313.96370484877025,19.20472534012879,13.094130913724143
447.0914610655262,314.530989408058,20.077667401043698,12.221188852809235
447.4392250847071,314.6025400458186,18.27067867468628,12.074535471966556
445.6965501091108,314.27648805212425,19.859433342050295,13.34553920585779
445.56983323201877,314.48303409548475,19.517848421786766,12.867322292881681
445.10116559443094,314.75265345124166,18.58842960815906,12.710037338912173
444.01491502227947,315.01675038081737,18.957087799098474,12.09331463045936
443.0479167876286,315.08047434577105,19.065056008368288,12.86891280564862
442.56416477136156,315.1850126880631,19.084118456858164,11.999862363024477
441.6293378160181,314.383096390291,19.340021121408085,12.63021787520529
441.1468990319493,314.83147215751154,18.676933233196223,12.092117029184749
439.9088471050965,314.9400043433222,19.610780481825998,12.420160971823123
439.1714362368724,314.7308968159004,19.03610502614231,12.690736684094873
437.42799378573966,314.91095744270075,19.993896473998518,12.211840960166796
437.42799378573966,314.91095744270075,19.993896473998518,12.211840960166796
437.42799378573966,314.91095744270075,19.993896473998518,12.211840960166796
435.44893976091066,315.02606718468263,20.113620404980566,11.85266916722071
435.44893976091066,315.02606718468263,20.113620404980566,11.85266916722071
433.7248018298762,315.02606718468263,20.113620404980566,11.85266916722071
433.7248018298762,315.02606718468263,20.113620404980566,11.85266916722071
431.33354766709243,314.8479974295581,19.719729262280566,12.964904874096078
431.33354766709243,314.8479974295581,19.719729262280566,12.964904874096078
430.7588350234143,315.42271007323626,19.719729262280566,12.964904874096078
431.33354766709243,314.8479974295581,19.719729262280566,12.964904874096078
427.4337283781746,315.8286802853608,20.155524384098953,12.638058532732316
427.4337283781746,315.8286802853608,20.155524384098953,12.638058532732316
427.4337283781746,315.8286802853608,20.155524384098953,12.638058532732316
427.4337283781746,315.8286802853608,20.155524384098953,12.638058532732316
427.4337283781746,315.8286802853608,20.155524384098953,12.638058532732316
423.81665644427403,316.1825624945898,19.517848421786766,13.156475602834064
423.073117754965,316.4412469938647,19.275552888106404,12.81046061507692
422.49840511128684,316.4412469938647,19.275552888106404,12.81046061507692
421.34897982393045,316.4412469938647,19.275552888106404,12.81046061507692
419.0501292492179,316.4412469938647,19.275552888106404,12.81046061507692
419.988207454773,317.5028323936691,18.550632504207783,11.709264488471547
419.0501292492179,316.4412469938647,19.275552888106404,12.81046061507692
417.31765980207507,317.32337690603714,19.395276819088394,11.613221305256616
417.89569448415597,317.32337690603714,19.395276819088394,11.613221305256616
416.1715565531215,317.32337690603714,19.395276819088394,11.613221305256616
415.3426252099529,318.15195565715953,18.916381095160318,11.972393098202701
413.58823195780536,318.10688829929273,20.392539277675212,12.103958797071755
412.78936819495635,318.3725041723284,19.874172543016527,11.732945236238663
411.755873531263,318.7361998968497,19.80700173173915,13.011898947857844
410.9046982734269,318.8462697175188,19.662425076762986,12.433592327953079
410.09067278913346,318.9614201950707,18.906180541631898,11.756784538493775
408.6228711412711,319.16876247212645,19.866280199541677,11.44613494940478
407.7357713125945,319.7369109978237,19.76110550147257,11.703178986309013
406.67947849985705,319.8655277955519,19.634724681052433,12.211840960166796
405.2470826777977,319.8406602815605,19.80700173173915,12.433592327953079
404.5688342004858,319.543413531252,19.719729262280566,12.855956093641453
403.8513941999388,320.02380966887665,20.482370725462715,11.875417069550167
403.17987331014695,320.9339369390282,19.734715430008237,11.314570179871396
402.908251964135,320.5076239477141,19.134674498862353,12.1946371158553
401.65768167172297,320.799318056926,20.12610841072052,12.392923898226911
400.7118099828607,320.9456860575065,19.874172543016527,12.211840960166796
399.98549836568185,320.8856355221241,20.24073169666775,12.14443901800064
398.99900637699517,320.65410870246757,20.52988500662019,12.578168982929242
398.85909478887913,320.8079253823455,19.53124806360563,12.293780507041106
397.76893258636403,321.424558720705,19.828678237163103,11.897206942297828
396.6064955472827,321.6732737525593,20.225251801906325,11.599776768740412
395.8605309985101,321.6610847268625,19.233817890048215,12.392923898226911
394.7751023166727,321.4882368436029,19.634724681052433,12.93018454605891
392.4668168046628,322.01807580171993,19.93762682318976,12.09331463045936
391.81375749806796,322.11400426776726,20.353068266944604,12.331564891148787
391.1245834362,321.82828643043825,20.233344335962613,12.451288822130834
390.8245079466183,322.126516585606,19.866280199541677,11.972394027538371
389.4761968381937,321.80255600723035,19.828678237163103,12.392923898226911
388.96035523949126,322.20402686456237,19.630391454791436,11.99635033348369
388.03762548440494,322.23394762529506,19.17498536000761,11.766468289095599
386.6549226279795,321.9460546175884,19.729534845977298,12.293780507041106
385.9057457850976,322.1035735426266,20.177184275523132,12.233410938703003
384.20057001904433,322.32449848051647,20.951687921854727,11.972393098202701
384.21287887535607,322.4461747483044,20.129409738608445,12.235523566605139
382.93841696281,322.65960101126655,20.129409738608445,11.709264488471547
382.0800604249388,322.77831261196417,20.353068266944604,12.571012753112825
380.95155412137524,322.9127606110257,20.353068266944604,12.571012753112825
380.99217786265683,322.6081572400434,19.382806941841068,12.233410938703003
379.6973387549803,322.8320818110795,19.828678042735135,12.420160971823123
378.43445663466724,322.9330230973392,20.113620404980566,12.81046061507692
377.7766826102041,323.3220791209829,20.494935208995912,12.233410938703003
377.38328510012514,322.62695904441193,19.874172543016527,12.690736684094873
375.5756181118428,323.71220746064444,20.674461661596354,12.14443901800064
374.56899210608407,323.41801783102085,19.233817890048215,12.492067289412716
373.7137230702483,324.0110131810214,19.662425076762986,11.999862363024477
372.5032334256241,323.9170865366797,19.734715430008237,12.498653105671906
371.66577160457973,323.8902309218986,19.95157838671537,12.578168982929242
371.696894686193,324.03305685611156,19.72953484597724,12.293780507041106
370.8176210527502,324.3833304396864,19.392882920916804,11.766468289095599
369.4790005797497,325.0144301779576,19.93762682318976,11.00382682591345
368.7886907199451,324.55791522399426,19.719729262280566,11.657519508640974
367.3729335142324,324.5681366881571,20.225251801906325,11.798063551112023
366.9527172959409,324.8609117587681,20.026965019534714,12.1946371158553
365.4516743792606,324.7699192927837,21.117542322578686,12.78949746297019
365.715335015259,325.16387566863,19.610780481825998,11.875417069550167
364.84939965136215,325.24705485176787,19.501831701371373,11.875417069550167
363.66208285132745,325.7884506981328,19.515000750070442,11.732945236238663
362.614250251125,325.6542425834822,19.92782162834891,12.095493724669495
361.3698102118903,325.86665240588337,19.719729262280566,11.766468289095599
360.5394459014959,325.30747097713333,19.866280199541677,12.63021787520529
359.53073578462516,325.6396271721618,19.828678237163103,12.095493724669495
359.2951560919179,326.22020762064415,20.113620404980566,11.85266916722071
358.4371489655507,325.3015826773551,19.72953484597724,13.086927636527662
357.6913782125738,325.4097689545173,19.75444861203448,12.93018454605891
355.3564695775927,325.9651244924213,20.225251801906325,11.897206942297828
354.60560139862696,325.85862898000374,19.874172543016527,12.331564891148787
353.49063386778323,325.8961266343488,19.634724681052433,12.571012753112825
352.47731228846936,325.97748614287207,20.426844225409695,12.570365677175175
351.5400057246224,325.41512271719944,20.787233586275363,13.156476953338824
350.91539339605674,325.3644892627605,20.155524384098953,12.855956093641453
349.88363714963634,325.31770749326887,21.027114627735614,13.400699995914408
348.5323383327409,325.60751921980403,20.819038316572573,12.867322292881624
347.8254732468613,325.5564034302724,20.621825366649603,11.897206942297828
346.92184355106957,325.6284788591707,20.524104047208596,11.972394027538371
345.8359770925303,325.6206356191499,20.233344335962613,11.972393098202701
344.72690019428,325.58436519258345,20.809217066826477,11.875417069550167
343.71654527290013,325.54134105085336,20.522681975463797,11.500633377554607
342.66354368606386,325.91578839282215,20.919255540207075,11.99635033348369
342.265872318994,325.9762080440774,20.423538584277992,11.599776768740412
341.6061230252798,325.8751835922577,20.026965019534714,11.897206942297828
340.7057054307301,325.9211909748559,19.53124806360563,11.798063551112023
339.7452120730239,325.53272987154133,20.700268286371852,11.766468289095599
338.4705004371032,325.5235834615275,21.01839893139288,11.599776768740412
338.20517010462777,325.77028237421257,19.75444861203448,11.493497374274625
337.43988470587027,325.65578932868493,19.99784496907506,11.709264488471547
335.85417293576666,325.25149775686947,20.026965019534714,11.798063551112023
334.53615202906514,325.4275761403247,19.93762682318976,11.00382682591345
333.49066260210077,325.582007611688,20.5925161289087,11.85266916722071
332.8823447630656,325.90955955580785,20.423538584277992,11.798063551112023
331.43764337794346,325.6167892158457,20.918165847281045,11.766468289095599
331.1737994023863,325.53247926692325,19.93762682318976,11.657519508640974
330.4828904240932,325.6090317115462,20.026965019534714,11.599776768740412
329.66880831435765,325.5940489678897,19.828678042735135,11.330673167277212
328.5175109775734,325.45302115183483,20.155524384098896,11.984365850004792
327.80811357634076,325.73525377408765,20.324395193092187,11.897206942297828
326.971488802448,325.6999803878447,20.24073169666775,11.710709053072037
325.8404129558566,325.56801400978486,21.13043707594153,12.233410938703003
325.8454553748213,325.56289243779037,19.734715430008237,11.972394027538371
324.21638712632705,325.6110285809723,20.494935208995912,11.439033605020995
323.52167708294934,325.83426124691215,19.874172543016527,11.373773443292578
322.64426830865955,325.8708830008542,19.395276819088394,11.373773443292578
322.0129934528748,325.1681938916827,19.228695111834384,12.867322292881681
320.6839872894904,326.0271357233608,20.129409738608445,11.84082925800493
320.39659834475435,326.2907500163629,20.028862645222432,12.228147720241054
319.35866935186107,326.0666887767929,20.336059742259522,11.756784538493775
317.2798414176067,326.0688618121408,19.728490576677757,12.221188852809235
316.70401750387435,326.52231593352496,19.662425076762986,11.421555743119654
315.9939839528261,326.74793508474806,19.75444861203448,11.373773443292578
314.6523232648789,326.55794056965937,20.621825366649603,11.798063551112023
313.8241220913228,326.7958461819479,20.71224005989069,11.493497374274625
312.8905279807795,326.7123249366225,20.353068266944604,12.211840960166796
312.0066077944859,326.89366457822507,20.24073169666775,11.710709053072037
310.8140086857402,326.4934846815488,20.66135304454525,12.649807986456267
310.8720400696487,327.29958414241617,19.56925010825438,12.66245595239991
309.92770873003616,327.55168021470087,19.392882920916804,12.09331463045936
308.90993967000395,327.56853571852037,19.53124806360563,11.897206942297828
307.8159500256738,327.9991526685839,18.198037509268147,11.25404951231053
306.6560526527469,327.70093954990546,19.33296128123402,11.30234659518294
305.8029977276559,327.6878175508572,19.72953484597724,11.203203203997134
305.0170015382429,327.98459167645575,19.99784496907506,10.919875871271245
303.73994186890405,327.99913881194044,20.47279219792665,11.25404951231053
304.0419762114739,327.78202440952606,18.79665716417827,11.493497374274625
302.11830012830234,327.76837155837046,20.37342194500809,11.548570728186405
301.3972229543976,328.31567496253564,19.662425076762986,10.69867246823867
300.26391566344785,328.12521708984923,19.828678042735135,11.330673167277212
299.4884989708459,327.90871594270845,19.55390216449473,11.522835204077296
297.4619986767257,328.0688337004041,19.76110550147257,11.511323593090822
296.78611024092834,328.2811429898205,20.177184275523132,11.439033605020995
295.9874604652912,327.58402721392804,19.95296089469076,12.66245595239991
294.76724995920495,327.8749559744606,20.155524384098953,13.836495117732795
293.87628335563295,328.03610176382495,20.591319505917284,13.945443898187364
292.58135722966875,328.686343683736,20.5925161289087,12.93018454605891
292.3682034034998,328.2545824202129,19.95157838671537,13.590205567762666
291.79988954090214,328.3773872192951,19.229561813889802,11.815754849498546
290.75373303451596,328.2601274139371,19.60720237900722,12.649807986456267
289.1666425866254,328.1702479071321,20.09615504169159,12.28901567297686
288.4949754318473,328.8117924681533,20.177184275523132,12.710037338912173
287.19189905267143,328.73368627981336,20.528527074345277,11.895034379527203
286.41545452893064,328.60042500947617,21.10409325399985,11.319468199872631
285.4432339540196,328.96642483466974,20.787233586275363,11.577699718938163
285.4432339540196,328.96642483466974,20.787233586275363,11.577699718938163
285.4432339540196,328.96642483466974,20.787233586275363,11.577699718938163
282.9436858567791,329.32115194982117,20.24073169666775,11.421555743119654
282.2708965578387,329.17625782613055,20.12610841072052,11.798063551112023
280.9009582080165,329.22396619769887,19.828678042735135,11.221724386822643
279.3637239249304,329.6217533739471,21.28931254267792,11.121282671548158
278.96079512859166,328.9457734062859,20.177184275523132,12.551161872175783
277.7917547430647,329.2133457565765,19.377394715036246,12.086889772745394
276.8648794648597,329.39067944436425,19.903078988860727,12.046600440626207
275.64232565369787,328.9052464780542,20.494935208995912,12.551161872175783
274.70038028935835,329.58288590074744,19.432104672419825,11.599776768740412
273.5719794697898,329.5364548726382,20.812686142468692,11.280158138284548
272.5651971856163,329.258380100175,20.324395193092187,11.897206942297828
271.744107010519,329.663344232379,20.38530835164397,12.28901567297686
271.648790005681,329.93148842889696,19.603150660474853,11.577699718938163
271.1661976152321,330.3564904029827,19.20472534012879,11.348246791894269
269.63212335519404,330.02159610787163,19.95296089469076,12.8543113456181
268.78138955688445,330.7165419534792,19.75444861203448,11.25404951231053
267.6283083183991,330.6237520005993,20.951687921854784,11.972393098202701
266.72156241674963,330.58706466573483,20.65566881674198,11.577699718938163
265.6383875880036,331.02871791699226,20.24073169666775,11.710709053072037
264.72629450714953,331.01350773947604,20.37342194500809,11.766468289095599
263.89986946950677,331.0029412474654,20.426844225409695,12.395777264992205
262.9076508091292,331.73757424601877,20.47279219792665,11.613221305256616
262.0885767314687,331.6712560986106,20.353068266944604,11.373773443292578
261.52726882924156,331.8124137215387,20.077667401043698,11.872012028443237
260.8000700472298,331.9181010238793,19.700557875313905,11.121282671548158
258.8672306275171,332.7155735045506,19.603150660474853,11.314570179871396
258.05776559241156,332.92345205731203,19.700557875313905,11.597909071757385
256.8863442434213,332.2128563478394,19.95296089469076,12.086889772745394
256.1586847914118,333.29968705975966,19.185539321818055,10.743902020218115
254.90108820826046,332.49771470615184,19.85840953997993,11.456774734603812
253.7526273737616,333.92426691952267,19.7611055014726,9.97648044734541
252.52517166807027,332.9636606740391,20.720382467563496,12.086889772745394
252.66367503634908,333.2708579001444,20.48004873349393,11.187339396269806
251.6373940095514,333.62670495388886,19.649145456422758,11.132025372650162
250.7717683661103,333.4625196623734,19.392882920916833,10.785929265004313
249.6339378798365,333.51635850259765,19.577843943472175,11.187339396269806
248.86619984755174,333.10014376411954,19.903078988860727,11.348246791894269
247.50844164722702,333.74997389304167,20.113620404980566,10.655429857400406
246.6476827560898,334.5840192234916,20.032556187830835,10.262580014257594
245.6014790077191,334.5184833056699,20.48004873349396,10.555796043254588
244.78785250926242,334.78455500940373,20.36095874828706,10.016278093915389
243.8956587316538,334.7206013971262,20.05632359565962,10.334105717085663
242.64814318947873,335.17022810258857,20.37342194500809,10.459082923640494
242.28180113847245,335.4935253604157,19.938725859480854,9.92425269023937
240.44484979176886,335.7262161475991,19.86628019954165,8.551710019670224
239.7469777682468,336.19231888155144,19.553902164494758,8.729420609149429
239.1210129580938,335.929863016846,19.20472534012879,8.380243784783488
237.72698759637248,336.05092102498884,19.379313752311788,10.300716318796333
236.56611291246108,336.4517754056253,19.72849057667773,10.126127906613362
235.75922545441622,336.9129134577996,19.208456351874702,10.788311101737861
234.33692868345076,337.1591861311345,20.028862645222432,12.43897785334866
233.8928194966463,336.7840587974201,20.24073169666778,12.867322292881624
232.64011675466642,336.9525454888564,20.529885006620162,11.276870103394742
231.82710554281167,337.44594792130147,20.529885006620162,10.81981889890136
231.4657604540237,337.64314834984776,19.63472468105246,12.571012753112825
230.33130224036876,337.8736266669243,19.903078988860727,11.52283520407724
229.49288849399215,337.80404377242616,20.24073169666778,11.276979088143491
228.78908258362142,337.7828012780386,19.471585890941498,11.051440640804628
227.55149293551568,337.769314041895,19.471585890941498,11.44613494940478
226.52283684366836,337.7896130554235,19.517848421786766,11.421555743119654
225.6924511237795,338.26683171573353,20.529885006620162,11.421555743119654
224.965367042457,338.19847226205223,20.113620404980566,12.211840960166796
224.04540217275775,338.7672444279708,20.129409738608445,11.44613494940478
223.05640076113517,338.81605116269526,19.807001731739177,11.421555743119654
221.30332853938918,339.92360172465675,20.260974508141828,10.525181562671094
220.79411760745722,339.7117726194732,19.392882920916804,10.676980484549688
219.75705589628708,339.88477056020315,19.60315066047488,10.656746332204477
218.30155543647277,340.2303316491158,19.553902164494758,10.47530473097936
217.6153900485422,339.9227200109768,20.233344335962585,11.25404951231053
216.45485857149825,339.8774216606685,20.046575603644328,11.548570728186405
215.80893599659416,339.7468794370338,20.144816287908952,11.12761280665444
215.13714217750723,341.1579359184599,19.95296089469076,10.360191233781734
214.21370147707754,340.6015577821754,20.077667401043726,12.046600440626207
213.7678919327185,341.05522225492814,19.185542112792007,9.487355989842229
213.7678919327185,341.05522225492814,19.185542112792007,9.487355989842229
212.04375400168402,341.05522225492814,19.185542112792007,9.487355989842229
210.8943287143277,341.05522225492814,19.185542112792007,9.487355989842229
209.84300927209165,341.3822893520741,19.997844969075032,10.919875871271245
208.8585075869945,341.4746528316409,19.859433342050295,10.326905337866151
208.40509882559263,342.0373603886376,19.76110550147257,9.784625054127218
207.6016238116129,341.4456943722582,17.317425874267855,11.597909071757385
206.2271541626276,342.39929490272124,20.11300453408225,9.929204769989951
205.69404129982883,342.38808178709974,20.74274030936658,10.002722810601426
207.66351101106824,342.7221847333589,17.23042243928049,9.459839770585347
203.5087922531423,341.50023212528464,19.726686755009354,13.450013696597296
202.22927693286942,342.70235802080725,18.243976700414635,11.824799713231698
201.3071281712173,343.45675949299795,18.91967954117075,10.473394031719522
200.85624645330938,341.9765300366737,17.53455814439178,13.862550423096422
200.73778765722315,343.29131807016495,17.078304296799843,11.398337102248831
197.14555234569372,342.5728710078591,20.67053960832928,14.415634739267375
198.00773382662737,341.9981583641809,19.80835812739562,13.840922095589235
194.27176409647018,343.29131807016495,23.544327857552815,12.547762389605168
196.42710528338785,342.5728710078591,19.090136095922503,12.116784164554701
194.54161676571303,342.4941847183619,20.40091196991915,13.919608385086349
192.68292682926827,343.29268292682923,20.731707317073187,12.5
191.59663865546216,343.6974789915966,21.621752149135546,12.14160146817352
191.07893758617192,343.5269664627033,21.334855517276367,11.300619744193284
191.32910972824217,343.2386426377207,20.090643358177573,10.773703041291583
187.81163434903047,343.7673130193906,22.4376731301939,11.911357340720201
188.25201485291979,343.79414918177656,21.128367999476183,11.192811470860022
188.04277115097986,343.4554043324303,22.06958839958193,11.319876566446112
188.5470559412573,343.3015485270631,20.419589143015827,11.984310537363854
186.6995295296552,342.8143203340759,21.03836024961646,13.47335079184819
185.62466129744405,343.2697103632987,21.123169700690852,12.368984351753454
184.48710751753111,343.55179433811725,21.03836024961646,12.18277128477581
183.66387329912962,343.06372277765024,21.50854049397384,13.350070325798015
180.99298142714315,344.09509503867844,21.521132060737557,13.835013467616989
181.5847794711457,344.6077949348487,18.93452811443285,13.73681451439245
180.90268354271504,344.1317642119803,20.821454388319438,12.85674153514617
179.26513855812487,343.9496818313827,21.309574085553294,14.188249203100042
178.84014678985085,343.5139584605159,19.435715279114675,12.899834642932376
177.82358943037676,343.1259765108901,22.176410569623243,12.713103948880018
176.52590068989946,344.39267015241614,22.899386666422373,12.021122951032112
175.28735632183907,344.91954022988506,23.56321839080462,12.643678160919535
175.76169570793857,344.4774608761703,22.039173675982113,12.065696389062566
174.4942170207289,344.4861390161375,23.583866768509978,11.830204495943917
173.47814071194927,345.703890992162,22.05365119556518,10.816340221710846
173.3880435137076,346.3139980122361,20.539081992365254,10.771022230678852
172.48653703915932,344.74547590732556,20.1550814579505,12.930824670709114
170.8613167346954,345.74881683925935,22.242131541166657,12.389114195223385
170.1868810187746,344.0332090576399,21.192429326052974,12.380584045808348
170.50467612958184,345.0091856823362,20.29992157156758,12.554032708468412
168.51066643314664,344.8495344170045,21.542655577141716,11.776315375630304
168.74150463756678,346.38602234346837,19.73269344546162,10.387865854900724
167.67890614885349,345.22686659553915,20.591520129528448,12.888822496250555
167.51943322942395,346.7724299454604,21.91255989560719,12.67721999941324
164.7414166451293,344.1309895230139,22.66175456816208,15.387611126529805
163.2183908045977,344.3448275862069,21.264367816091948,13.218390804597675
163.79310344827587,344.91954022988506,20.11494252873561,11.494252873563198
163.15784276977823,344.40473427929976,19.02606527619878,12.583771467826693
161.49425287356323,345.4942528735632,19.54022988505747,11.494252873563255
161.49425287356323,344.91954022988506,20.11494252873561,12.643678160919535
160.91954022988506,344.3448275862069,20.11494252873564,13.793103448275815
158.63049795945443,345.1517517427245,21.25455951180993,12.41146664808008
160.95707975490012,345.8485056947597,18.3532650726861,9.990574765010422
156.89655172413794,344.91954022988506,21.264367816091948,11.494252873563198
156.32183908045977,344.91954022988506,21.839080459770116,11.494252873563198
155.17241379310346,344.3448275862069,22.988505747126425,12.068965517241338
154.02298850574712,344.91954022988506,22.413793103448285,11.494252873563198
154.02298850574712,344.3448275862069,20.689655172413808,12.643678160919535
154.55208720818734,344.44942253479735,19.63263962312618,11.129196793087885
152.6254287177683,343.5067004744121,21.55492901362274,11.567452846458593
152.52466609755055,343.87405767277926,19.74665398682035,11.221086934993195
151.60407607462048,344.25026429436986,19.477220261761488,11.93276350170197
149.52850263032192,344.540058213083,21.022668334336544,11.153013897975711
150.4076811119077,344.3563054709386,19.623598833929293,12.171737451905358
149.07902047180417,344.22420852813696,21.871514826872584,13.046166738836291
147.59706182970388,345.0218527796197,20.87678951638918,11.456774734603812
145.70250414914182,345.3610984768596,22.769654375621286,10.330676522272597
144.59065630213286,344.7932038478482,25.900478084454363,12.278745165963528
145.67622173804313,343.6969179217973,21.083013554987616,14.364250993508051
144.37265044420013,344.9964203315047,21.719303578788384,11.417372771943576
146.50419826500814,345.59589400886546,17.920561314146397,11.173997054703023
144.31050926375144,345.7501158764068,19.155828957124356,10.056810202490283
143.05521490173817,345.00004000547216,19.223931475104678,10.326905337866151
142.65336117208267,345.0574411101246,19.396372245899613,12.228147720241054
141.5443764358746,343.6512565808507,19.94987643768863,12.762536522597543
141.51235500185365,345.3708515552299,19.60381454587764,10.43839475819459
139.9748824199113,344.5879018401627,19.220519878939285,12.400603906963738
137.87406485467713,344.2008963530368,22.47076273152976,13.362322037767797
136.34132425995628,344.63419975563403,21.129940107859824,12.354305991492424
136.2989278462178,345.2236424167659,20.946788063439044,12.162651133609756
137.3988526493773,344.97311837642775,19.59538238192684,10.473394031719522
136.28230740783698,343.4343562612476,19.25753096154878,13.514056815121933
133.33333333333334,344.91954022988506,22.74516336256886,11.650341050696397
135.35910498738767,343.29131807016495,18.663883518359455,14.271900320639645
133.20376380047,343.29131807016495,20.244512061598954,11.973049745927028
134.29755173114424,344.7626401809603,19.061574110938977,9.838231799194318
131.35358662115044,344.5786505892529,20.945263953562204,12.409855157873551
131.15986322177787,344.8619127727495,19.4148494219003,11.551880330698737
129.47008399219362,343.39418106351553,22.254053938840855,12.444899396254584
129.88505747126436,345.4942528735632,20.56143582454689,10.729112318107752
129.30985492945018,343.84809067940046,19.933233802304898,12.838353974365873
128.38875557925294,345.05992238785905,19.223931475104706,10.644656271338988
127.84677938235903,345.09707028277535,18.361235181977193,9.831212538381465
126.86980356207758,344.0747022495849,18.79496514690578,11.710709053072037
126.29861475764474,344.62784160062034,19.228695111834384,11.999862363024477
125.03550150182166,344.670640282348,19.396372245899627,12.017317587133448
124.39285582664498,344.41050533537503,20.144816287908938,11.511323593090822
123.50136909190512,344.4830437693408,20.0183088087867,10.009154404393371
123.07553669667968,344.4640979512754,19.63472468105246,9.218742685616064
122.39821633475049,344.73320266424054,19.382806941841096,9.850278937656924
121.56519441695116,344.6332570089374,19.924606216801493,9.4989401731263
120.62602330072363,344.4794360153876,20.09615504169156,9.686635883405302
120.61410556449508,344.42005782515946,18.58842960815909,9.691403470920534
119.42162681826609,344.31051122089815,19.73471543000828,9.998922484537502
118.79373192156181,344.7626760738813,19.208456351874716,9.077969097803816
118.09431420724401,344.3804681264804,19.90307898886074,9.427774257881424
117.2379259226808,344.6954384983366,19.392882920916804,9.478543899549209
116.35295320531225,344.6244517545609,18.936387716490742,9.418622162652468
115.9512467719136,344.7625603768423,18.078313578286114,9.697638409544197
114.65565821584485,344.14965432636006,19.155828957124356,10.17653413347233
114.55904938093293,344.18021280942423,18.5212926772801,9.696441460458402
114.15007313630696,344.0228969004898,18.072081872024796,10.264942503310067
114.23257246253775,344.2243204744787,18.754129367214148,10.453121286643977
112.38920067445747,344.17398406747895,18.58543456946842,9.929204769989951
113.43694625836993,344.449132166078,17.135317603111773,8.975642554010903
111.38618655821698,344.26667407687006,18.330839575366113,11.202179740501492
110.5878948365104,344.42155812059593,19.541682408577486,10.009154404393371
109.37994744229094,344.170453985145,19.065056008368273,10.803531738075378
109.16561561608705,344.24828791701725,19.03610502614231,11.014601650346492
107.35656433985227,344.4828134065766,19.95296089469076,10.360191233781734
107.66645847294382,344.5943644598169,21.83975174254249,9.867357715004118
106.70063372006734,344.48137598555127,18.521292677280087,10.894878045458881
106.04410169434533,343.7528947596663,19.228695111834384,11.855285708048257
104.61681445534984,344.0838157969324,19.332961281234006,10.905773030439718
104.91857118014835,344.4381815835008,19.275552888106375,10.415981995436368
103.52543630686579,344.2225912873659,19.275552888106375,10.894877719364501
102.85174085361511,344.74789325091183,19.036105026142323,11.732945236238663
101.19011414327606,344.29374935853997,20.661353044545237,11.806487454025842
100.97361662795677,344.2979482573863,18.680960103579807,10.64989314316233
101.58780091670833,344.8848463273928,18.585434569468404,9.420014781785369
99.92870875040619,343.1726390199826,20.04832388587009,11.137957714372249
99.88028108167087,344.00170071969154,18.837244325304937,10.31091268332483
99.53773611257641,344.252882935207,20.44305938840114,7.96376209106387
99.50695884556691,344.2457645409264,19.487623464470005,10.375355085250249
100.05120593742251,344.5266721881345,18.74730507489548,9.691403470920534
99.91382368936702,344.3615415892016,17.312459598956877,10.69298975229691
99.67163054485873,344.5181214930627,19.155828957124342,10.894877719364445
99.68500337166589,344.3365634580066,19.036105026142323,9.218742685616121
99.63776719433851,342.7514368336737,19.369018854663793,11.682900261543239
99.90059366554975,343.91238677779006,18.534517410978125,11.352391914224086
99.82593824441525,344.1684824240986,19.065056008368288,10.962407204811768
99.76694949627839,343.89425080763857,20.144816287908952,11.895034379527203
99.34277056420326,344.2704553094008,19.807001731739177,10.264942503310067
99.66226204563495,344.1832553566483,18.855548515762806,9.602362670064394
99.42721895695949,344.2900457905266,19.72953484597727,9.716052336209941
99.9928761566966,343.761121974832,18.76388184657681,10.75233678848781
99.77174704483869,344.0694340020237,19.997844969075047,10.262052023604326
99.41055790253647,343.95625874095333,20.11300453408225,11.202179740501492
99.32267039711694,344.12774610732265,20.62219452228686,11.965964722808451
99.79095527092899,344.3542358471845,18.855548515762806,10.126127906613362
100.2765594500524,343.98258337656574,18.30283594334091,11.584073381861344
99.7890634015842,343.9843859158598,19.208456351874716,10.525181562671094
99.59300027308346,344.07863764736254,18.52847176118952,10.086063257099113
99.93030975060678,344.092985859324,19.174985360007625,9.80539024091297
99.66466677614541,344.6745289722527,19.501831701371387,9.478543899549209
99.64258239628569,344.41440630862184,20.336059742259508,13.02778827238501
99.99015004141359,344.5966503793687,19.204725340128775,10.47530473097936
99.86969361834828,344.45711407713253,19.036105026142323,9.697638409544197
99.96793780007856,344.3371963795696,18.91638109516029,8.859570892670035
99.50796389590656,343.98747627985847,19.382806941841096,8.738150670502137
99.58074725419003,344.60887486214347,19.349219551775334,8.65622979947841
100.14515761075828,344.28070829701187,18.906180541631883,9.214777070711364
100.24008513545623,344.70087974028326,18.79496514690578,8.963752608524317
78.13953559311756,345.351811267257,18.111803207949876,9.691403470920534
76.635650367723,345.41350937100975,18.680960103579807,10.47530473097936
76.399180464967,345.34930477118854,18.331783279213838,10.300716318796333
75.6197518293819,345.6649088759636,18.55063250420777,9.341098636870584
74.57063154676428,344.9446182679165,18.41811774894532,9.784625054127218
74.00945701725318,345.1168525191662,17.709731181038777,10.330676522272597
73.86466338387768,345.1575038407947,17.2842528061159,9.776951082247365
72.0405560310618,344.97623276903334,18.855548515762806,10.300716318796333
71.5178792191098,345.21781143835767,18.55063250420777,9.867357715004118
72.07383061851652,344.6224724048613,17.412552447419955,10.916677959263268
71.08888529828728,345.0651829390705,17.892808656540822,9.998922484537502
69.8770468453137,345.0573422790185,19.39527681908841,9.697638409544197
70.101065910848,344.41867328747145,18.342221580361596,9.698186122949835
68.14682699930795,344.8450080093502,20.077667401043726,9.951539494430392
67.81615634677922,344.5863100738157,19.174985360007625,10.459082923640551
67.09883875313903,344.5475064107092,19.395276819088394,10.415981995436368
67.35589365842691,344.0877176250103,17.7829285620724,10.69867246823867
66.58519721142429,344.67936701572415,18.58541867444825,10.46557556425239
65.6021391034862,344.82809309888654,18.521292677280087,10.132236582276732
64.7373752096648,345.0255588110668,18.453760181507306,9.637793779005847
64.66199983503083,344.81061296797833,18.14324058700423,10.905773030439718
63.79977117688271,344.72315517527915,17.944953804632597,10.112625900953162
62.66920725816884,344.4487031658232,19.37644821953556,10.674043405147643
62.61446417235852,344.8257999880456,17.64970243364339,10.459082923640551
61.47723146387969,344.55100275327146,18.936387716490742,9.914339118581552
60.640423382128056,344.775187913102,18.73810093411911,9.815195727395746
60.750822033945816,344.6582211255908,17.98260645484786,9.951539494430392
59.5779896501534,345.1369794640424,18.24238397819005,9.319478771466663
59.236646800855866,344.56397439729716,17.953875321433017,10.28513460624805
58.76515073797305,344.8094983965642,18.303395116370915,9.587492680003834
57.99742789403466,344.932421855922,18.361235181977193,9.397482573452919
57.423304535015475,344.4451944853734,18.609973142163497,10.360191233781734
56.697074375576484,344.3829549292637,18.506371691396815,10.126127906613362
55.33213017088817,344.94770400629864,19.065056008368295,9.691403470920534
55.169175669249455,344.95989366241395,18.766198878615356,9.730621640763502
54.93229965277756,345.0344546620353,18.331783279213838,10.64989314316233
54.27801164650022,345.4427504206991,19.349219551775334,9.16541978768305
53.423464577220614,345.440813383368,17.905583856325592,9.232566675917894
53.36741980679337,344.6813706877445,18.99368392859987,9.97648044734541
53.250169636004685,344.78292228630727,18.919679541170737,9.797691190963405
53.12878566369798,344.9452260482462,18.74490809959086,9.232566675917894
51.469723185284295,344.21119668437865,20.175020544895915,9.863343377504691
53.02674045521033,343.8846212247469,18.446684623489332,10.453121286643977
52.424978302673225,343.38535874304677,17.90612528003659,11.48694829285364
52.310045375542956,344.7479568019999,18.919679541170737,9.121988350207346
51.933987232040806,343.4325489413956,18.934528114432865,11.137957714372249
50.750098653382636,341.5767256502643,18.534517410978125,10.889028978949625
50.58629676151804,341.94916412074684,18.919679541170737,10.81124545209758
48.4270104483756,341.13597688324734,19.39807068225889,12.932047121505946
50.834428772698786,341.3785841918123,17.349198597143797,9.2529059184767
50.30559808220242,340.5135913445866,18.74490809959086,11.470764657958568
49.46990368136899,339.55752946840676,18.934528114432865,11.88048822866375
50.31653421172163,340.5370848885336,18.94902225752155,9.745211446725364
49.58862429030316,339.09537432705923,18.993683928599864,10.935757413436306
49.5979438318714,339.91454296869216,18.550632504207776,9.735792945470735
49.96113126553843,338.55305124807944,17.216905648590043,11.682900261543239
49.40635960919667,338.62164340018035,18.58842960815909,10.326905337866151
49.36130541334806,337.7195494126756,18.216658527000988,10.409519158286287
49.74750653369918,338.10330441580385,16.99967494079506,9.850278937656924
49.37300728460233,337.8596481071159,18.11180320794987,10.009154404393371
50.06855977142301,336.8766975797251,18.766198878615356,10.889028978949625
49.45545271742087,337.2142330486271,18.465133351835775,10.631440414693316
48.82310795368342,336.738791593944,18.74490809959086,10.071890919183147
49.84950917515687,336.9167796585183,18.30283594334091,9.267258705489041
49.36125232927664,337.17550458178266,18.997880346252586,8.803895770214638
50.04723960964995,336.0531958405624,17.60779154042922,10.193984576037963
49.25714456774476,335.96403190840743,18.429554141422685,9.373652537447754
49.777107509279915,336.45978721166796,17.905583856325592,9.512341423672979
49.666986620355345,335.43323679408695,16.78648486530524,9.792116171428063
49.06807613109553,334.47885232300763,18.331783279213845,11.353599965764147
49.10306445140726,335.36329192233944,17.905583856325592,9.512341423672979
49.63496097515478,335.1699863186888,17.075129996418056,9.209058874472646
48.92946697691515,334.6786233288842,18.18535860408069,10.631440414693316
49.576179726393896,333.8942255428684,17.649061213342073,10.920356625755403
49.711888989328,334.1995167590458,17.72091495458878,10.047941469096713
49.35189193067005,334.3960078927098,18.13139144725399,9.487355989842229
49.68073324516709,333.3758311563834,18.24397670041465,11.48694829285364
48.71915028480862,333.8839663783252,19.257530961548795,9.797691190963405
49.36498796942254,334.1448075858097,18.3308395753661,9.929204769989951
49.30533300829745,333.62150373524946,17.982606454847854,10.300716318796333
49.264440800479264,332.9166722342188,18.331783279213838,11.872012028443237
49.45604013227448,333.3971236948723,18.076244581263794,10.69298975229691
49.45604013227448,333.3971236948723,18.076244581263794,10.69298975229691
49.45604013227448,333.3971236948723,18.076244581263794,10.69298975229691
49.45604013227448,331.3349788993133,18.076244581263794,10.69298975229691
49.45604013227448,332.26944616553857,18.076244581263794,10.69298975229691
49.65798907613808,330.88616564925667,17.821649587161488,10.69298975229691
49.65798907613808,330.88616564925667,17.821649587161488,10.69298975229691
49.65798907613808,330.88616564925667,17.821649587161488,10.69298975229691
49.65798907613808,330.88616564925667,17.821649587161488,10.69298975229691
49.65798907613808,330.88616564925667,17.821649587161488,10.69298975229691
50.2805420538401,328.7072302272996,17.82164958716148,10.69298975229691
49.65798907613808,328.49173113601444,17.821649587161488,10.69298975229691
49.475982364201855,328.63867976209605,17.635176807740663,11.121282671548158
49.20677664422318,327.6828508726399,18.49839072043511,11.420745575225169
49.475982364201855,328.63867976209605,17.635176807740663,11.121282671548158
49.595856097835245,326.8905465752314,17.90486779481845,10.64989314316233
49.50092848781313,327.0846445604228,17.982606454847854,10.64989314316233
50.143005554880844,326.1267040910945,18.505811836953384,9.831212538381465
49.73229684762755,325.2860567039737,18.766198878615356,9.4989401731263
49.587248479714944,324.4554215583413,18.585434569468404,10.18379976409227
50.195354171865176,324.0667140003777,17.567054593059183,9.929204769989951
50.26315232001241,322.93382395361357,18.02050679036283,10.64989314316233
49.86164946401952,322.74039028923164,18.24397670041465,9.797691190963405
50.569158965412925,322.29601372163154,17.288070914823578,10.541506655380203
50.61280653350944,320.6876007791185,17.458841218298886,11.697423616260266
50.250064842085806,320.75343590346824,17.905583856325592,10.351665666938231
51.3015667861234,319.73567274221716,17.075129996418056,10.360191233781734
50.36902216348666,318.4671601301993,18.07115447570368,10.657347511312423
49.27645417479775,317.83032894468863,19.185542112792007,10.541506655380203
51.129383765156376,317.2816731624653,17.84581041344677,9.616908945024079
50.31547678846893,315.99936480745356,19.432104672419825,10.70748624806805
52.074659616665556,316.3506608213086,17.076933143724645,11.001485775284152
51.283113236184974,315.2438381897113,18.560597768186696,10.606055867535247
50.98354155314399,314.7579355049473,18.9747119796844,8.85486559051941
51.12783669909125,314.3386192371759,20.264473164553507,9.696441460458402
51.308679234767936,312.3005410352697,19.304457595101027,12.310088901223821
51.308679234767936,312.3005410352697,19.304457595101027,12.310088901223821
51.308679234767936,312.3005410352697,19.304457595101027,12.310088901223821
51.353505007834016,311.50135202539263,18.49839072043511,10.938178860779033
51.48544359497198,311.41671923424946,17.748075150845978,10.131153479266743
51.522136976965626,310.5928790976882,17.810253399717183,10.815884705839949
51.294234522892744,309.5727694045759,17.939981066047004,10.78823185728504
51.1375822861461,308.64017909921654,18.09028774367563,11.802809686422506
51.2185544565605,308.2474805523601,18.121006261140167,10.224237477615759
51.28159188597556,306.8930481150888,18.54301925660579,11.966184840469737
51.58405229344733,306.86254236369433,17.821649587161488,12.220559716910714
51.90114444315014,305.69313466336445,17.284252806115894,11.173658379711298
51.48955195335941,305.2498179888647,17.905583856325592,10.9112151624484
51.015839367795024,303.2534566010474,18.667277595751614,11.151880122137356
51.228987218389776,303.5065815823326,17.842551569290777,10.360191233781734
51.74006512133574,301.81418688958496,17.539139087617308,11.138600178865943
51.635434309749314,300.9541459570648,17.812259877035117,11.600805150684437
52.36676710873479,300.9846530551611,16.98275957098741,10.552486839764128
51.98436686889842,299.26917995138115,17.81876497776291,11.273096210421443
51.53098981985807,298.4270149562096,18.429554141422678,10.485780804602541
51.643100583106474,296.5831853966552,19.63472468105246,12.211840960166796
51.93149574360197,296.07549299614624,18.341527369375854,10.211769292138968
52.61742794778863,295.43172951312084,19.610780481825984,11.548570728186405
52.954456784357745,294.76196242492506,17.24024606141191,12.092117029184749
51.90631316179198,292.8894676925377,19.373271766810582,12.14443901800064
52.70279942452243,293.6790265050599,16.971855269807115,9.472663406403967
50.64595923898628,290.7527897668833,20.27108522268294,14.527611076256107
51.478489347311594,290.4582350170162,18.974711979684415,11.384827187810629
52.49071119526866,288.73784577143255,18.198943977145134,12.50353353891228
52.62552697943258,287.6776623086215,17.625809108570508,13.7089626399993
50.01426671288766,288.4719603988068,21.38597950459379,10.18379976409227
53.79266607626219,285.7747759713486,16.548674616649947,10.43839475819459
52.87475041203123,284.8911848788468,18.342221580361596,10.963166921595416
52.55272776668244,283.9096624953623,18.74730507489548,10.803531738075378
52.82908460802787,282.40126981846925,18.9747119796844,10.75233678848781
52.75973268800146,280.9104420383839,18.993683928599864,11.703178986309013
52.8031819779156,280.70727226338636,18.801828535381688,11.895034379527203
53.09758998023121,279.4789742708876,18.550632504207762,11.314570179871396
52.864011047506565,277.94744378116457,18.76388184657681,11.384827187810629
53.34614494268004,276.74708247422626,17.842551569290777,10.743902020218115
52.989332945457164,275.0872865248948,18.997880346252586,12.742480720047467
53.49017616121637,274.7447034726907,18.185358604080676,13.149413144489131
53.87352539278373,272.60944819210175,17.905583856325592,13.988737387754384
54.919955395474204,271.6904289147245,17.543301355566825,11.83152882119623
53.47626782341784,270.16656959407237,18.840029563570724,12.475154711013033
54.443237578825546,267.6399131799959,18.545268168300893,12.337098314256934
54.51817312455023,267.18011089518075,19.09462455767303,12.220559716910714
53.43773117673374,264.4264133515677,18.401349283036375,12.67703492429439
54.211423041765684,264.8126465427282,18.13139144725399,9.909016256057384
54.39903458101266,264.1883464812781,18.585434569468404,11.456774734603812
54.84435534295538,261.7844514422983,18.974711979684415,11.806487454025842
53.15899434074103,258.5495662357737,19.304457595101027,14.268512135509468
53.892086558623205,258.1134830957719,19.094624557673015,11.202179740501492
54.24548790559305,255.81316439968592,19.34921955177532,12.984344699217644
54.70015601142009,254.1709592279906,17.524350392314858,12.605234492717699
54.85327940203538,254.16162521440958,19.18553932181804,12.086889772745394
56.15020190232647,251.2044535875149,18.139239879764517,12.912679236442528
55.48401368959192,252.810221501479,18.30283594334091,12.047436317135777
55.64586607563628,251.44374298400632,17.066259613060325,15.107836378774692
54.715412569072555,251.3807584993044,18.185358604080676,13.708962639999271
54.506895122882966,251.09272013147935,20.291353085838267,15.064792442516278
54.62954929391198,252.04917206759606,18.534517410978125,13.66920659059636
55.87592385902866,252.66488135960967,18.766198878615356,11.815754849498575
55.00971438680985,251.84689792975587,19.094624557673015,11.456774734603812
55.12457952378409,250.39164164683103,19.584232342856126,14.268512135509468
55.122517013727105,251.10637087113082,19.933233802304883,13.176205394743931
53.729831250546454,251.20680895271698,20.598797829563097,12.912679236442557
54.75143255428924,252.0081284246708,19.304457595101027,10.911215162448428
55.993986811890224,251.30405770966289,17.268862369632913,11.441641203235548
55.98236248599774,251.21237824796427,19.03489057119785,10.451563038131638
54.640912014296816,250.06422492568947,19.584126226344793,12.799167664953302
56.11976220312594,250.9393373184654,17.356952226197272,11.8378823287685
55.58416861440173,251.91063460699823,17.90612528003659,10.500499657980384
55.44676222071452,251.72154684848445,17.567054593059183,12.220559716910742
55.00726180022204,252.8680188128375,19.257530961548795,13.514056815121961
55.14984281041043,250.078298126733,19.061574110938977,12.488425767617002
55.09065053591321,251.93342421197696,17.838771187269472,10.271872231689372
57.09073344376503,219.1997363783471,18.595012333175617,9.438409447397504
57.4424459760815,216.97998277233833,18.359268860476902,10.831276154026398
58.00789865376297,216.15723433844545,19.733371457936478,10.344744383811445
58.33861416116589,215.0517779679198,19.024682847345943,12.290743343991181
58.48526932065798,212.83591091609696,17.840348811311216,12.036433695810757
59.26753713950739,212.03371739178831,18.159444343214183,11.265394141126535
58.95246371438658,209.8376910056129,17.568273859658547,12.164813046694633
58.227625212631054,208.0327548111706,18.051235625692257,12.826329593529323
58.527140896296146,205.86347133650307,18.056236576143675,13.971279968116505
57.6459723295512,204.06870674449488,19.314363235468804,15.281509999870309
59.052138709204755,202.87044874766042,18.780675402459096,14.054701313836233
59.03720101497504,202.33860321628626,18.305809803657255,12.357248949576984
59.03720101497504,202.33860321628626,18.83307218442087,12.352076790766006
59.03720101497504,202.33860321628626,18.471782318003065,10.04568811619228
59.03720101497504,201.45226173845955,18.392011487296074,10.964528097621127
59.44240652812021,197.4761370585442,18.670544695405006,13.260449567159128
60.37940362314315,194.62093821931964,18.607251661038717,12.336176125609882
60.21898965207729,192.88429411946822,18.687458646571635,13.623552531101211
60.51214902305775,192.01396715970725,17.80340495704005,11.81994412481302
61.378094190569165,190.2006386020945,16.8507600422844,10.489697811376544
61.549933764698274,188.6232702907136,16.870317413304655,10.456822750773426
61.14723998127968,187.61358185960268,17.27954639131785,12.239030977390797
61.14723998127968,186.45759132857265,17.661189416072347,13.395021508420825
61.42510945598411,184.7038527143397,17.907718743398064,13.064739062370563
61.34984273785227,183.92823778478376,18.88618607911205,12.277525433903179
62.67552209215405,182.75876639140867,16.657306107228116,11.397522214143976
62.622187989362395,180.79194732222012,16.542072387276498,11.501556973349437
63.10312173189049,179.85651636331121,16.68784347187013,11.827413868190064
61.50298368600781,178.48395990738726,18.165151013368046,10.381896378639112
62.261567440481556,176.96679239843976,17.255462953192776,9.75032052065879
61.39180223152725,175.4768579816478,18.581830377605016,10.795923734041082
62.61320667258433,174.560804650855,17.544794437558274,11.21676330439172
63.1729253543348,173.25045407813838,17.207716146158752,10.55562766748929
62.878559967140376,172.04586999739684,17.440032667363255,10.144816419036914
63.92914259560988,170.97574744841586,15.98712667369076,11.990345005268068
63.501212008210885,169.35470566842938,16.89413885036059,11.169710339970067
63.888950521404084,166.99108213165073,17.34104816205071,12.321707905118501
63.97750664353205,166.05599387678905,17.821649587161488,12.984344699217644
63.57037528187888,164.77795938198952,17.325152477876827,12.471548195035496
64.25929108835521,163.83370789134185,17.295015446532858,11.983698155277494
64.41201369798465,162.0941318468196,16.72651932700954,12.081685671276801
64.5863922053725,161.19300573598193,16.47659753483157,12.578852874844387
63.32622970167674,160.63409282221505,18.03532410512807,11.209596296555532
64.50065698382383,158.6207889099629,17.078451673969965,12.70113747962759
64.31020240895766,158.0587182987022,17.207807195963227,11.948497864184674
63.849994938225706,156.7931477541893,18.58842960815909,12.868912805648591
64.95620594428775,155.50256824711693,17.66658710310739,12.868912805648591
63.849994938225706,153.61246134471295,18.58842960815909,12.868912805648591
63.849994938225706,153.61246134471295,18.58842960815909,12.868912805648591
65.49359307291883,152.09529383576546,17.450553976448475,12.48962092841171
65.53313282714313,150.67991553180667,17.24622699999098,12.868912805648591
65.62540929871976,150.03733592325702,17.214349611969865,12.258210585120054
65.62061527753283,148.70493830849796,17.82984585368534,12.868912805648591
65.66739459684001,147.89957523471705,17.783066534378165,12.753860937965612
65.38993590921633,146.9554277196232,17.66658710310739,12.131438801607231
65.95094175138088,146.3035543501424,17.33801697198915,12.035304381535298
66.43304554082991,145.7964423374802,16.81840084772034,12.742482179902964
66.75079647430272,144.8655881634001,17.071262099211594,12.48962092841171
66.44230571955492,144.76191505377975,17.4379109313292,12.408705334916647
66.62436584855709,144.23343503467197,16.81840084772034,12.110329051174858
66.49793522281148,143.98057378318074,17.19769272495722,11.983898425429231
66.68549689691032,143.7416061529758,17.33801697198915,12.452108593591959
66.37150459706585,143.47485128019824,17.576984602194088,12.48962092841171
66.48097235131767,142.53421565455037,18.58842960815909,12.868912805648591
66.48097235131767,142.53421565455037,18.58842960815909,12.868912805648591
66.48097235131767,142.53421565455037,18.58842960815909,12.868912805648591
66.48097235131767,142.53421565455037,18.58842960815909,12.868912805648591
66.48097235131767,142.53421565455037,18.58842960815909,12.868912805648591
66.48097235131767,142.53421565455037,18.58842960815909,12.868912805648591
66.48097235131767,142.53421565455037,18.58842960815909,12.868912805648591
66.48097235131767,142.53421565455037,18.58842960815909,12.868912805648591
66.48097235131767,142.53421565455037,18.58842960815909,12.868912805648591
66.48097235131767,142.53421565455037,18.58842960815909,12.868912805648591
66.48097235131767,142.53421565455037,18.58842960815909,12.868912805648591
66.48097235131767,142.53421565455037,18.58842960815909,12.868912805648591
66.48097235131767,142.53421565455037,18.58842960815909,12.868912805648591
66.48097235131767,142.53421565455037,18.58842960815909,12.868912805648591
66.48097235131767,142.53421565455037,18.58842960815909,12.868912805648591
66.48097235131767,142.53421565455037,18.58842960815909,12.868912805648591
66.48097235131767,142.53421565455037,18.58842960815909,12.868912805648591
66.48097235131767,142.53421565455037,18.58842960815909,12.868912805648591
68.5649934116009,142.25634617984593,16.782278022580286,12.868912805648591
68.70960267361612,141.9264073848326,17.372813068723573,12.868912805648591
69.24649986647276,141.796741650509,17.11348160007637,12.868912805648591
69.95619436587607,141.83917125163867,17.60979060631216,12.868912805648591
69.95619436587607,141.83917125163867,17.7020881303324,12.868912805648591
69.95619436587607,141.83917125163867,18.58842960815909,12.868912805648591
69.95619436587607,141.83917125163867,18.58842960815909,12.868912805648591
72.16861637800014,141.65480275062833,16.92911309906603,12.868912805648591
72.3874274447471,141.6365684950661,17.170210312150985,12.463707292503415
72.97482823386771,141.52142031816587,17.48221860209705,12.868912805648591
72.97482823386771,141.52142031816587,18.58842960815909,12.868912805648591
74.1962326749248,141.52142031816587,17.367025167102014,12.258210585120054
75.00288174498145,141.52142031816587,17.113481600076383,12.315807302617571
75.37161874700212,140.7839463141245,17.85095560411773,12.315807302617571
76.47008850206856,141.36254485142948,17.980621338441324,11.855899022785678
76.47008850206856,141.36254485142948,18.58842960815909,12.868912805648591
79.30652709408476,140.55213382513912,17.77801858186875,12.058501779358238
80.75972610395142,139.93266565080185,18.58842960815909,12.868912805648591
81.36753437366917,139.93266565080185,17.980621338441324,12.868912805648591
82.78261611588141,140.31195752803873,17.576984602194088,12.48962092841171
84.00137020911279,139.73006289422926,17.372813068723573,12.463707292503415
85.68071456118172,140.20082301718915,16.504408547875855,12.868912805648591
86.42745756825168,140.10235890123434,16.96760755557841,12.261104535930826
87.90367035881715,140.20082301718915,17.06014749728473,12.59104333094416
88.85562827858588,139.9037427361145,17.33801697198915,13.007847543000821
89.41136722799475,139.20906904935345,18.58842960815909,12.868912805648591
90.88631523607746,139.0247005483431,18.58842960815909,12.868912805648591
93.95066594475246,139.20906904935345,16.96760755557841,13.274118318793768
93.95066594475246,139.20906904935345,18.58842960815909,12.868912805648591
95.95442945791095,139.20906904935345,17.697868046755318,12.868912805648591
97.9661994249612,139.20906904935345,17.29785010108671,12.868912805648591
98.85676098636497,139.20906904935345,17.697868046755318,12.868912805648591
100.39743250383223,138.60126077963568,17.77801858186875,12.868912805648591
102.15632131735293,138.51071540062148,18.58842960815909,12.868912805648591
103.815637826446,138.51071540062148,17.48221860209705,12.684544304638251
105.318773313967,138.51071540062148,17.78185896103939,12.868912805648591
106.36574529301835,138.51071540062148,18.06494361863342,12.659518409838313
110.87941464974108,138.66959086735787,16.37139798477213,11.907968343094552
110.87941464974108,138.66959086735787,18.25287895611706,11.526710197480469
112.90544221546693,137.65657708449496,17.778018581868736,12.666310049076003
114.0369691185424,138.01176701969092,18.42065428213806,12.030036175543529
116.61812813268715,137.64303001767024,17.482218602097035,12.684544304638251
118.641736052211,137.46899503970695,17.78306653437818,12.753860937965612
120.0599553482191,137.35394317202397,17.98062133844134,12.261104535930826
121.63308461196871,137.123839436658,17.898118402061158,12.063549731867681
123.72575098777588,136.71844130507836,18.03532410512807,12.868912805648591
125.6816327383867,136.71844130507836,17.66801466669517,12.98396467333157
127.45234841653328,136.3968923945022,17.672376277366283,12.716237250516457
128.75336184315975,136.3172834089328,18.128222137427144,12.868912805648591
130.7028106467539,136.03505145356525,17.754821184045795,12.729978068296361
132.3526882389447,136.21321728134873,18.58842960815909,12.868912805648591
134.1963732490481,136.0288487803384,17.85095560411773,12.500175803627911
136.16806655541296,135.68695820321517,18.58842960815909,12.868912805648591
137.69634866628732,135.68695820321517,18.449494870806888,12.59104333094416
140.08741595352734,135.8133888289608,17.829845853685356,12.110329051174858
142.49929453161292,136.07066898965152,17.829845853685356,11.983898425429231
144.26932329205167,135.81780773816027,17.450553976448475,11.857467799683604
146.25887913986247,135.54620887857007,17.576984602194102,11.60460654819235
149.54607540924872,134.66119449835068,17.829845853685356,12.868912805648591
151.2858576260362,134.21570210110997,18.58842960815909,12.868912805648591
153.56160888945746,134.46856335260122,17.956276479430954,12.363190302666084
155.93420304921506,134.08760989173413,17.349861826965622,12.583089471527018
156.88694749628695,133.70651211290536,18.58842960815909,12.868912805648591
159.95663378777783,134.4739336857781,17.51970072223415,12.10553502998792
161.2472132948502,133.92082818274707,18.03532410512807,12.684544304638251
163.1341431225059,133.8384318188325,18.58842960815909,12.868912805648591
165.50104624279427,133.68063827747994,17.957255442748846,12.71111926429603
167.6690108975651,133.5005904303328,18.171625396102456,13.007847543000821
169.89196669520052,133.3616556929806,18.032690658750226,12.729978068296361
172.27036822350448,133.18410176305056,17.672376277366283,12.563561695384323
174.1024748850901,133.64212842844697,17.672376277366283,12.10553502998792
175.87466627016556,132.45673991920575,18.58842960815909,12.868912805648591
178.2286564660197,132.9696785513343,17.85095560411773,12.684544304638251
180.38235115860027,133.07165068843005,17.672376277366283,12.10553502998792
182.04166766769333,132.88728218741971,17.85095560411773,12.500175803627911
184.30170055671465,132.56592818544755,17.956276479430954,12.868912805648591
186.5598364839973,132.2930679640225,17.339948936708623,12.766775590763473
188.47036909735698,132.10503842769953,17.798523643872898,12.877755342331568
192.04585371930114,131.38734954349493,18.206010107369934,13.022354451799345
194.38239485732512,131.3264750046336,18.061515855787974,13.337734785812643
196.73242879423583,131.7333681988191,17.44863390618542,12.58314945157602
198.87434843510994,131.41499166616683,17.50577690637911,12.78199583640378
201.0395097452049,131.58065140736898,17.626439821814927,12.561370907500304
202.82660707762938,131.40487018393605,18.168391060724105,12.672071075967239
204.8512821207585,131.31892210194104,17.95314885587871,12.895923826053718
206.3635697197464,131.28337600988056,18.523350696961188,12.770757312811753
208.8675007891714,131.26992926493915,18.339385330492405,12.504126361699349
210.93549544138756,130.7010270115809,18.993683928599864,13.429877525272616
212.68017428909062,130.96798815701717,18.339385330492405,12.643061099051579
216.0558457888195,131.1152157634028,17.194565101404947,12.643062574562464
218.65157497919267,130.91613427237678,17.109664393932917,11.872012028443237
220.34005492653438,130.47711038962623,16.941703849913694,13.27521570329057
222.09955508507517,130.98182254072336,17.42383706524234,12.561370907500304
224.20952966003648,130.3695486313324,17.557688840195567,12.36671996570297
226.15579133772803,130.32693719347918,17.826718230133082,12.76949320030809
227.9439485343575,129.78298701080342,18.33244073311556,13.65450758052745
229.49624441578624,129.70465590327055,18.455285862311484,13.422026081681082
231.4340454996979,130.04555984911363,18.779093281252642,12.672071075967239
233.5784600147354,129.52307420340816,18.638402564644196,13.346016651226705
237.5329556770068,129.477153889463,18.617254805196836,12.92093057375601
239.7284802171287,129.32578980773891,18.74730507489548,13.822165606067017
240.9400381288128,129.6170016601503,19.471585890941498,13.682736031472388
242.0287393327904,128.32681528971233,19.377394715036246,14.19729909814535
245.1022534988169,128.4862834777075,18.007918039683176,14.448213310908585
246.11715783908062,128.2309419965652,18.206946921287624,14.392158042541666
247.33203364900953,127.86637470872209,19.24543783085244,14.4817155954929
248.95333671500438,127.59184933128546,18.617254805196836,14.588147421982598
251.12238773396598,127.87392947355659,17.589129248062648,14.34351611300346
251.80529858026915,127.17153133094574,18.813845151997214,14.999056273251242
253.17774410212166,127.32302248664811,18.00687004965897,14.672264484907288
254.31106591557355,127.2773538059921,18.206010107369963,15.045244463729318
256.2747866124292,128.00961294010946,17.45479698564236,13.931127825967138
256.6327446887254,128.17674375027184,17.791586810411218,14.068663384254592
257.2657518011901,126.87866158239947,18.608005381340263,14.883307804673962
257.78261963198565,126.49883079964349,18.585301984606815,15.298105715220572
259.0975804008346,126.50350280681818,16.95003795697022,14.727082159334799
259.14066994063216,125.96248766369257,18.33244073311556,15.298105715220572
259.9195321869305,126.57547025326218,17.065643258536966,14.238818915098335
260.98072265689024,126.5622336473155,16.85624886272666,14.971699300434253
260.63067619312193,127.28537745950145,17.833039490863257,13.921275989641643
260.3169923744155,126.802337842287,18.53140402920883,14.4482133109086
261.6581688848272,126.9203121903276,17.761243887007424,14.472124648672732
261.25639039909277,127.04163293224144,18.58842960815906,13.663290139330599
261.96568172282997,127.3253649845364,17.633429630481885,13.26871932590717
260.298810326786,127.05453784725864,19.396372245899613,12.860638119563873
261.5423693723857,126.59064840795301,18.906180541631898,13.663290139330599
262.6416364681659,126.99078613491614,18.157194867030853,13.268719325907142
263.0710873769726,126.86421998409065,18.186535133512905,13.200258704115697
263.1741592231079,126.2097222933357,18.092512846902764,13.981041072803421
262.49872921399856,125.63318706228533,19.564886785623457,15.03066438759221
262.6397984555547,126.24914872755157,18.697044988847836,13.864084770907155
262.4665885105019,126.13409685986858,19.445514272315563,14.129589067517685
262.11230485647815,126.13409685986858,19.799797926339295,14.180995023623751
263.09874163923,126.13409685986858,18.81336114358743,13.750297190280804
263.3420823181914,126.02401740802277,18.303395116370893,13.94544389818735
262.98815666662904,125.68749572356812,18.763881846576794,13.703958651994284
262.98815666662904,125.68749572356812,18.763881846576794,13.703958651994284
262.98815666662904,125.68749572356812,18.763881846576794,13.703958651994284
262.98815666662904,125.68749572356812,18.763881846576794,13.703958651994284
262.98815666662904,125.68749572356812,18.763881846576794,13.703958651994284
262.98815666662904,125.68749572356812,18.763881846576794,13.703958651994284
262.98815666662904,125.68749572356812,18.763881846576794,13.703958651994284
262.98815666662904,125.68749572356812,18.763881846576794,13.703958651994284
262.98815666662904,125.68749572356812,18.763881846576794,13.703958651994284
262.98815666662904,125.68749572356812,18.763881846576794,13.703958651994284
262.98815666662904,125.68749572356812,18.763881846576794,13.703958651994284
262.98815666662904,125.68749572356812,18.763881846576794,13.703958651994284
262.98815666662904,124.50570708646586,18.763881846576794,13.703958651994299
262.98815666662904,124.3134157273789,18.763881846576794,13.70395865199427
262.98815666662904,124.06667367098744,18.763881846576794,13.703958651994284
263.1725251676394,123.65944221245438,18.763881846576794,13.703958651994284
263.5951681887058,124.21118228195175,18.044095800435173,13.172189934317686
263.7483375266165,123.90430035558053,17.34919859714381,14.023935532691254
263.7483375266165,123.90430035558053,17.34919859714381,14.023935532691254
263.7483375266165,123.90430035558053,17.34919859714381,14.023935532691254
263.7483375266165,122.93175719411502,17.34919859714381,14.02393553269124
263.7483375266165,122.75378167875064,17.234146729460804,13.33362432659331
263.47321278886994,121.90879507031917,17.407798065956285,14.045776980256562
262.46720637556626,121.00255139070231,18.27067867468628,14.298792006276187
261.05711187092135,119.97377187081509,19.340021121408085,13.682736031472388
262.02874530926687,119.49024182690121,18.24238397819005,13.582644592456717
