594.5092196967685,344.74467091962237,15.50756925758617,9.773678103520695
594.953540902832,345.425477096934,14.89942928670041,7.992696760212482
595.24396583124,345.5636607123061,14.061120209073579,8.492359730232522
593.6458136513755,344.606613722845,15.850681521384217,10.340384528399966
593.1523989480178,344.7172456948659,16.038856803749923,10.072020195211962
592.9222283764971,344.4568273089955,15.857632399100112,9.812757142690998
593.251887599473,344.8875169855523,15.515937830583198,9.525607402320077
592.3674587079831,345.01153459453667,15.996146626578025,9.62151836198268
592.8555950681671,344.85752296137906,15.749204143379757,9.839864206621087
591.7456801431549,344.61981980665826,16.72505844486284,10.052994483334203
591.8233464031308,344.5580932059228,16.50665635261271,10.251502366359489
590.8015837345042,344.6978461569945,16.430864031047577,9.473651333216594
590.8531127777823,345.0463846624241,16.370791510476465,9.56884292513763
590.9798254293229,344.95488847077365,16.08659149661821,10.262958966685176
590.8478122586298,344.97781891052136,15.985393520424964,10.121186658312581
590.1206833121873,345.02732293048166,15.789167508537048,10.07149555361832
589.7986931064984,345.63892262916005,16.889584199188675,9.107693868504498
590.7432197306588,344.8696756489266,14.709621048290956,10.54189508460854
589.9470212362451,345.268419494978,15.22736702498878,9.26053041645082
589.2723062832125,344.5133657463045,16.313724568621296,10.596052613702568
589.042576667421,345.1335360686525,15.803149248219825,10.08711654141689
588.9104867779972,345.1018399134407,16.170618751704865,10.605830922170753
587.8240327919269,345.4405799849638,16.288624400609933,10.232597379870356
587.9980521869536,345.82322766410584,16.14940538863891,9.8845498499428
587.6047172737859,345.8812289863955,15.962852668190862,9.818421284006263
587.5767805882432,345.35971928552897,15.724762104331148,10.512133782453361
586.7146383089331,345.78533882080006,16.74084619019891,10.33642994305876
586.622820431812,345.74650736181945,16.711058207654105,9.94918616997586
586.8839920070462,345.62682525048365,16.432491120153486,10.409426645834287
586.8882676893016,345.4174205967672,16.563427304377797,10.442160691890365
586.4743177231697,345.823430187178,15.776311207309845,10.00250659020162
585.807956931301,345.69261702933693,16.48363376765269,10.277565418680354
585.6751811371942,345.62028580666606,16.91510995447959,10.371816391841378
586.0023593867149,345.7533419418644,16.167400985539416,10.198507223152035
584.9087360449234,345.93707677615356,16.530693258321776,10.474894737946443
584.6116370500778,345.8616775381429,16.94191495630355,11.493395106356331
584.7706156761682,346.125252233353,16.711058207654105,10.574733803417473
584.4127335588789,346.073870687757,16.127871887775314,10.751914591850209
584.3565273672464,346.20519662063225,15.935365295047745,10.827415245619363
583.7551768355407,346.19843296779595,16.770634172743826,10.723673716141661
584.0629649957036,346.8514524243155,16.366180274629755,10.01903984760986
583.3334373512262,346.5424892787841,16.21623128197166,10.768591085684307
582.7099793200913,346.8157723214588,16.469609895752455,10.578557125348652
582.9480705501825,346.8284940319934,16.026197321636005,10.515212471903453
582.8940544719178,346.70415176721633,15.57911487095032,10.693885733596858
581.6763742850802,346.7429618466585,16.76033745200175,10.593798200793572
582.0123094554443,346.88537275136116,16.523162865416907,11.305321960548383
581.9158222227443,346.7305748828823,16.198912336375884,11.232091019653978
581.8544001523453,346.759224374394,15.586561759799224,11.384966850635976
580.81202787396,346.8274755381266,16.727097534658242,11.195043751180265
580.5154856541651,347.43539157736365,16.754877196774487,10.597101816763313
580.7955352050758,347.2953111652304,16.39975707409735,10.50762878400252
580.6152071879457,347.4561191258468,16.208813156604492,10.491141201685764
579.8747903792337,347.72766162506286,16.6812702251093,11.051341524134898
579.8865607012275,347.662138987713,16.59616135043393,10.37669259977821
579.6618219628775,347.98694902461966,15.768200673680099,10.077748088963574
579.6582199979142,347.7668504754648,15.899508014745606,10.705246432239107
579.4290112238264,348.0323119235212,15.757756468769344,10.17369713760354
578.7970958171079,347.6756345769094,16.313724568621296,10.80587543773629
578.8773891984991,347.8586232841682,15.540479755330693,10.360319836887129
577.8297199425244,347.84242886062634,16.798680796359577,11.438930392381906
578.3284181574559,348.2185584463233,16.182917166261177,11.845786937447428
577.4423714119582,348.05799069609975,17.069860302680695,11.19901239511131
577.6419490992382,348.57306135658047,16.694363488602107,10.082086185273454
577.4570280975241,348.5913229918725,15.745076152975798,10.343958553722132
576.7005889555661,348.45103277123735,16.550094921961772,10.859642337245248
576.7524161743589,348.92922314317383,16.943193040722463,9.914128435593
576.799010982123,348.79576560475283,16.40299452492502,9.92812826508623
576.4500043841606,348.55069571343444,15.930226398954574,11.50296744936918
575.4355211848701,348.8971897814,17.120158727505327,10.779359198799625
575.7326116926492,348.86168372166014,16.497452918566523,11.20713046366751
575.1914976602146,349.2986716381147,16.391564379802503,10.84365028202319
575.1973247119345,349.4526394208151,16.14940538863891,10.650254415783422
574.8182793050369,349.93995506238826,16.52354739265502,10.438685495677305
574.7749372637272,349.4970740249313,16.366180274629755,10.438685495677305
574.8935837825535,349.42180537801556,15.20271682684836,11.085314352910302
573.6332925976809,349.4378891809352,17.076570234115025,10.475210907501094
573.4967132344443,349.2785363983913,17.098301980737006,10.93218959395557
573.7841521616576,349.9006062241858,15.495406323548877,10.277565418680354
573.1024378506341,349.7262355899346,16.399757074097465,9.885681908936988
572.8200841498928,349.97606917134954,16.752165508792928,11.764465745657162
572.5364729686113,349.59581585147635,17.037041136350922,10.751914591850209
571.5912258101987,350.1739105572526,16.68127925647343,10.633327298557731
571.7615356122318,350.4144123103071,16.23445048693668,10.991765559045234
571.3233286471311,350.38520966259387,16.26126886261295,11.540255321854318
570.9611937403438,351.03616066397694,16.486078774634734,9.626486557216765
570.944736468175,351.0924337229914,16.21623128197166,9.628387323670665
570.5934610314417,350.7478321087076,16.563938425301217,10.119754888080308
570.7471336479224,350.79457021538076,16.08954197508126,10.135144551232258
570.156294967699,350.7813082728703,15.909642453843276,10.779359198799625
569.3513692917036,350.6853588328849,16.941042046102552,11.77185229357383
569.821772948206,350.98259630682827,15.841623214545507,10.85833114374475
568.7393389634594,351.49013874013235,16.706281436523,10.371816391841378
568.9359095666878,351.7069610976834,15.635030639196202,10.75959097751138
568.2437015883713,351.8543625831887,16.675684030056914,10.17369713760354
567.8969298436232,351.2955241287107,16.532954549197598,10.705246432239107
567.8584481549246,351.96429462665486,16.636972060659673,9.730239534171744
567.6413675437241,351.45375234113754,16.576003098663477,10.753419731727888
567.5764672402742,351.5221039231884,15.847918032276652,10.883509973973162
567.0677973604492,351.60519061099484,16.890737334714004,10.386229789668903
567.1109308375119,352.1774025026321,15.125867172617632,9.103531168705047
567.1867966329603,351.7589169024386,15.055840009781377,10.57410158826508
566.8303241891422,351.44851647952083,15.018442054009029,10.47338722187476
565.8386257179766,351.7032936434437,15.18922422824221,10.721805337582737
565.100801258152,352.31872039951463,16.121079279582545,9.91620344175766
564.6459813491613,352.3663431921071,15.749703798184214,9.306643153472521
564.5558062040882,352.407693794619,16.27149927950927,9.538465094884714
564.4504665337693,352.2775364893209,16.456383266505213,9.873829959903162
564.1005214965749,352.2348167690995,16.04221381917455,10.343006278152018
563.0935483831381,351.86354878794833,16.440947435635962,11.232945452919012
563.022845950151,352.7335663604369,15.159726961774481,10.465598308636174
562.4323347746612,352.0964902077698,16.27149927950927,11.109506404630451
562.1955081505735,352.38511181735635,15.930359005957826,10.620239337305236
561.8663186944943,352.536404902944,16.46901624245129,10.264140404626346
561.6060486849805,352.3622992976025,15.661087168008066,10.975092582304853
561.5103800075065,352.7238087570687,15.852317207038823,9.771976360503402
560.5993263339674,352.65965739380795,16.36417221589386,10.30942849601314
561.154681362209,352.50312158838256,14.59356837615428,10.572891374560754
559.980002352813,352.5602506011241,16.532428765558734,11.111960317834587
559.8479282828985,352.2051404329254,15.635162176805466,11.074906541903886
559.8160728919371,351.8603704981107,15.849239726378755,10.662215815927482
559.999930190895,352.71847552141145,15.20950436683222,9.44038202079247
558.8204002844827,353.2913767434252,15.537771521015884,9.495304818398608
558.8973527655337,352.68230143795483,15.18922422824221,10.87071930060472
557.3713390719414,352.94310698448396,15.907718461992431,11.098408229297036
557.7003771351382,353.3447990090472,15.485978624636346,10.548420222578386
557.239268254641,353.24374950797187,15.218680160781219,10.963995384648854
556.513349424389,353.15365057202234,15.933794043352123,10.87071930060472
556.4884847161945,353.50075388218596,15.21605313366706,11.461442620164803
555.3190435133743,353.083928920771,15.51107192245422,11.454330035043085
555.635571031008,353.23223782519665,14.76654205587181,11.074906541903886
556.1383821949654,353.06452899708165,14.984735741303552,11.238551805977636
555.06127236246,353.4502985231036,14.795176295264014,10.261170656392778
555.748827014341,353.8137732141483,13.867369952434956,9.66513663351526
553.9399913051515,353.82902225354144,15.418007146571995,9.337666300036574
553.8885478849921,353.56203358872506,16.401719611615135,10.868609381190765
552.5749698248035,354.11653818522257,16.18434617669095,10.4299119805342
553.0727018796052,353.5207165439935,15.382321882940232,10.30942849601314
552.0050715342534,354.0107938079219,15.598195861046747,9.426247858474312
551.6428254350822,354.06435625086215,15.852317207038823,11.2920615721373
551.9575112469774,353.6646617894653,15.272903736328544,11.238551805977636
551.5812133472328,354.27346872864734,14.984735741303552,11.238551805977636
550.7819556823994,354.00688820810564,15.56107173135365,10.085879825877385
550.1844263942,353.9921527058786,16.006497452299186,11.263831540506828
549.1927554313687,354.1338246909836,15.78488008033014,11.466375152692649
548.4015046837568,354.7201888054977,15.105389764911592,10.96939018642388
547.82971086599,354.8868427160037,15.78488008033014,10.27506344851679
547.9871833776298,354.3366090750454,15.635966117308158,12.210944967802561
546.9785757137082,354.19276552776415,15.382321882940232,10.800353662489954
547.1062646831092,355.1913467087783,13.71799131523494,8.590747526282314
545.8684533355073,355.1420133070601,15.312823364820815,9.079284649938018
546.5274620298148,355.0282408640998,14.961262410878248,9.664417954853036
545.286953281865,354.7865201493467,15.18922422824221,10.721805337582737
544.9145098305048,354.3629258514015,15.448335076013905,10.434401761869083
543.6142219443526,354.1733342259258,15.78488008033014,10.27506344851679
543.0470988389584,354.56052074178285,16.529449895440052,11.019633263626702
542.494027377402,354.6319317668512,16.125893631979466,10.705425184255262
542.6580547754758,354.4024615686741,15.854870209593287,10.298890050675936
541.7363888330455,354.5439004851696,15.18922422824221,10.572891374560754
541.7208750807745,354.58796973629757,15.167824580039337,10.23519870035176
541.2141824337081,354.9423426369406,15.852317207038823,10.423441451203644
540.5684738492865,354.9076626888724,16.004520108061115,10.789564117793986
540.7964574058524,355.10912209185796,14.76654205587181,10.20628642097023
540.5875721528196,354.8532024548301,13.897921934938154,10.20628642097023
538.4731880818316,354.5234412886313,15.167824580039337,10.23519870035176
538.0338308582549,354.2949167081735,15.537771521015884,11.221723876289275
537.8977438633266,354.5229365101593,15.448335076013905,10.705425184255262
537.1484176684377,354.13808356776656,15.448335076013905,11.654007162607002
536.0181790409869,354.50158538864446,16.18434617669095,10.96939018642388
536.4564475814791,354.76006565761315,15.749703798184214,10.499802532122828
535.5085345893443,354.34538571932535,16.72093732797248,11.074906541903886
535.1848517271777,355.00393682356173,15.338138191264193,10.423977411538772
534.7134436178137,355.0922461367876,14.82083097435111,10.47338722187476
533.5896505798853,354.68978819976513,15.487052154286175,11.466375152692649
533.4101975662904,354.6449733226819,15.317652890344107,11.539298510725871
533.4342656199717,355.29531507507244,15.11341751847283,10.313886279498377
532.1188493046487,355.1107380446342,15.18922422824221,10.27506344851679
532.2469817071985,355.5072502966339,15.485978624636346,9.987334040526378
530.8770584800617,355.9731787689821,15.448335076013905,9.214796361131107
530.3842278083904,355.2264675974086,16.125893631979466,9.756843205903522
530.5150052927356,355.3598329439246,14.727754994304405,9.818503329536327
529.0059334389704,356.00872649159254,15.040310265220228,8.488095892253
529.3886348668774,355.73611958699144,14.22799773537713,10.275776142216728
527.6701771685669,355.83643872869715,15.784402815000249,9.865251759375155
526.7949494818401,356.16922751303116,14.79787763906279,10.358514347343942
526.1744808741204,355.6894749094003,15.044508933047155,10.605145641328306
525.4362558251967,356.3840378119005,16.36417221589386,9.982145051695227
524.5047668791767,356.2440931145374,15.78488008033014,9.67940759642886
524.042817839502,356.6401282454062,15.044508933047155,9.61862046539079
523.7476060275784,355.65086260626634,15.29114022703152,10.851776935312671
522.4641563310341,355.78007117066176,16.125893631979466,11.518495451413912
522.8322556645256,356.7022415950392,14.588240733353132,10.436202986167984
521.3759179765948,356.5544863514265,16.38053593241807,10.126149485494807
521.1539390741207,357.3943709073649,14.891396716463419,10.47307021817204
521.5519372438184,357.2750984153083,13.897921934938154,9.12051126980316
520.4058404857893,356.6446506146687,15.018442054009142,10.67099830153279
519.3975156685515,357.0633853054167,15.51107192245422,10.738434407852878
519.4401692209838,357.8798643603677,14.549387025638453,10.20628642097023
518.0083901638918,357.6827129381918,15.661087168008066,10.481829994336124
516.6518287877785,357.38198548851756,15.465041902171379,10.96939018642388
517.0055449220553,357.7859800088279,15.046615507613524,10.255235150440512
516.0357954173644,357.732920598817,15.754707793137868,10.885070838895217
515.7633062056858,358.5673482309707,14.802579943284968,9.109279965098438
514.9536471629636,358.4231123757882,15.015296833649245,8.758923152962097
514.0543738978527,358.415398941337,14.413272711377658,10.910982145996229
512.509096216851,358.3376749423828,16.26657156978672,11.082719091503066
511.51964235812187,357.7698617433435,15.835348110690745,11.368967874342047
511.26159691394224,358.65345058783026,16.08781803605285,10.725212024035216
510.6549719887356,358.33074232453185,15.32173281726591,11.196650904925093
509.93494466754515,359.38207047382645,16.94347526317773,10.687422858312118
509.75583557525596,359.52342166749224,16.445325103520588,10.367704956567366
509.60632284407603,359.43773179853787,14.617244409868306,9.846338248314112
508.7532315784049,359.5169012990624,15.35619709436503,9.429243829873258
507.6858627358762,359.7266733175524,15.714597761298364,10.410921016860186
505.59883704055835,359.1058552620855,16.36852860778106,10.702499474318415
506.51117679647075,359.5850518856312,15.453242797934877,10.410605674398198
504.9881331730049,359.644243076169,16.837070047607938,10.792993620261484
506.2933543716887,359.68424440676245,14.639914229622491,9.922608533410823
504.63226916001145,358.98214216096255,14.711734594423206,10.298214216096255
504.14124939057785,360.60749185413476,15.098631812313897,9.917728739461097
504.6322691600115,359.7177288906837,14.711734594423262,10.298214216096255
503.16109570056915,361.9244890798472,16.918494783586652,7.355867297211603
502.425508970848,361.18890235012606,17.654081513307915,9.562627486375106
501.30071359891093,360.717573736784,14.076117910947744,9.384078607298477
500.16124774469927,360.2946058226561,15.911030233314591,11.000218432908866
499.3825200876933,361.1865029721059,15.892979051155919,9.725554344737247
498.6961855048468,361.7965154937215,15.372803901117152,9.47393728789774
497.86136707608176,361.34766666512,14.928867873233514,9.62519112879528
497.01932227877353,361.9756540187798,15.118793311758623,9.123409757095715
496.6615872510418,361.02724970598547,15.69073502063992,9.917728739461097
496.112393959083,361.28343703589553,15.194050367383227,10.90396555776914
496.0311032269235,361.5072443897,15.321732817265968,10.018056072827733
493.8878291242563,360.88804340006345,17.67892248146069,11.78594832097383
495.430742291905,361.3912094753415,13.995309910719413,10.437180272400894
493.38765692170637,361.8357466130609,15.730310968584945,10.367704956567366
493.49569521960245,361.12631952122337,14.232518553273962,11.860432127728302
492.5888398614007,362.36255570635547,15.110191068366078,9.28197451342487
491.3002715529947,361.3059380995035,15.015296833649302,10.54645849030129
490.7579451009868,361.0090521975622,16.189490430392198,11.440573237477167
490.696130705731,361.8681034998509,15.518165289282194,10.80378596089264
489.12238419344686,361.7321967691898,16.696760121379555,11.589515848957546
488.1130631105929,361.36369501971274,16.696760121379555,11.196650904925093
488.1130631105929,361.36369501971274,16.696760121379555,11.196650904925093
488.1130631105929,361.36369501971274,16.696760121379555,11.196650904925093
486.10791848237557,361.36369501971274,16.696760121379555,11.196650904925093
486.10791848237557,361.36369501971274,16.696760121379555,11.196650904925093
484.4474579844937,361.36369501971274,16.696760121379555,11.196650904925093
484.4474579844937,361.36369501971274,16.696760121379555,11.196650904925093
483.26886315239636,361.36369501971274,16.696760121379555,11.196650904925093
483.26886315239636,361.36369501971274,16.696760121379555,11.196650904925093
482.2261877515853,361.36369501971274,16.696760121379555,11.196650904925093
481.5111736166496,362.07870915464844,16.160499520177837,10.302883236255468
481.4741869914268,362.53155311814373,16.164417994068458,10.372168212860572
481.4741869914268,362.53155311814373,16.164417994068458,10.372168212860572
479.7554915958119,362.53155311814373,16.164417994068458,10.372168212860572
479.7554915958119,362.53155311814373,16.164417994068458,10.372168212860572
479.0404774608762,362.53155311814373,16.164417994068458,10.372168212860572
479.0404774608762,362.53155311814373,16.164417994068458,10.372168212860572
477.90011001167676,362.53155311814373,16.164417994068458,10.372168212860572
477.06467590967446,362.53155311814373,16.164417994068458,10.372168212860572
477.06467590967446,362.53155311814373,16.164417994068458,10.372168212860572
475.811524756671,362.53155311814373,16.164417994068458,10.372168212860572
474.7737903108403,362.53155311814373,16.164417994068458,10.372168212860572
474.08196734695315,362.53155311814373,16.164417994068458,10.372168212860572
474.08196734695315,362.53155311814373,16.164417994068458,10.372168212860572
472.69832141917885,362.53155311814373,16.164417994068458,10.372168212860572
472.030400248126,363.1994742891966,16.164417994068458,10.372168212860572
471.1244244376614,362.53155311814373,16.164417994068458,10.372168212860572
471.1244244376614,362.53155311814373,16.164417994068458,10.372168212860572
469.3948670279435,362.53155311814373,16.164417994068458,10.372168212860572
469.3948670279435,362.53155311814373,16.164417994068458,10.372168212860572
468.3571325821128,363.56928756397446,16.164417994068458,10.372168212860572
468.3571325821128,363.56928756397446,16.164417994068458,10.372168212860572
466.83664264984685,363.56928756397446,16.164417994068458,10.372168212860572
466.83664264984685,363.56928756397446,16.164417994068458,10.372168212860572
464.3249447797526,364.1269645131241,16.26657156978672,10.90396555776914
464.2158661475415,364.06113858262563,15.246657614395474,9.325625531135074
464.2158661475415,364.06113858262563,15.246657614395474,9.325625531135074
464.2158661475415,364.06113858262563,15.246657614395474,9.325625531135074
463.835743664475,364.06113858262563,15.246657614395474,9.325625531135074
463.835743664475,364.06113858262563,15.246657614395474,9.325625531135074
462.4520977367007,364.7529615465128,15.246657614395474,9.325625531135074
462.21488909414614,364.7529615465128,15.246657614395474,9.325625531135074
462.21488909414614,364.7529615465128,15.246657614395474,9.325625531135074
460.3944221900038,365.33047767432157,15.730310968584945,10.367704956567366
460.3944221900038,365.33047767432157,15.730310968584945,10.367704956567366
459.25405474080435,365.33047767432157,15.730310968584945,10.367704956567366
457.3653783629834,365.33047767432157,15.730310968584945,10.367704956567366
456.5588077158637,365.33047767432157,15.730310968584945,10.367704956567366
456.02953602087774,365.33047767432157,15.730310968584945,10.367704956567366
455.8942049035411,365.33047767432157,15.730310968584945,10.367704956567366
454.4670962613279,364.9737005137683,15.730310968584945,10.367704956567366
454.4230314440988,365.33047767432157,15.730310968584945,10.367704956567366
453.47613437843813,365.8039262071519,15.730310968584945,10.367704956567366
451.8407468735454,365.33047767432157,15.730310968584945,10.367704956567366
451.4806845252142,365.33047767432157,15.730310968584945,10.367704956567366
451.4806845252142,365.33047767432157,15.730310968584945,10.367704956567366
450.0095110657719,365.33047767432157,15.730310968584945,10.367704956567366
448.5383376063296,365.33047767432157,15.730310968584945,10.367704956567366
448.5383376063296,365.33047767432157,15.730310968584945,10.367704956567366
448.5383376063296,365.33047767432157,15.730310968584945,10.367704956567366
446.6946525962262,366.4366886803836,15.730310968584945,10.367704956567366
447.0671641468873,365.33047767432157,15.730310968584945,10.367704956567366
447.0671641468873,365.33047767432157,15.730310968584945,10.367704956567366
444.86040395772386,366.80165113376387,15.730310968584945,10.367704956567366
444.86040395772386,366.80165113376387,15.730310968584945,10.367704956567366
444.86040395772386,366.80165113376387,15.730310968584945,10.367704956567366
443.38923049828156,366.80165113376387,15.730310968584945,10.367704956567366
443.38923049828156,366.80165113376387,15.730310968584945,10.367704956567366
440.8829281922747,366.80165113376387,15.730310968584945,10.367704956567366
440.2533693996677,366.80165113376387,15.730310968584945,10.367704956567366
440.2533693996677,366.80165113376387,15.730310968584945,10.367704956567366
439.1075724692578,366.80165113376387,15.730310968584945,10.367704956567366
439.1075724692578,366.80165113376387,15.730310968584945,10.367704956567366
437.6363990098155,366.80165113376387,15.730310968584945,10.367704956567366
437.6363990098155,366.80165113376387,15.730310968584945,10.367704956567366
436.29419640164735,367.47275243784793,15.730310968584945,10.367704956567366
436.1652255503732,366.80165113376387,15.730310968584945,10.367704956567366
434.3409748888925,368.9984285847299,15.892979051155919,9.962762987291796
434.3409748888925,368.9984285847299,15.892979051155919,9.962762987291796
433.5344042417728,368.9984285847299,15.892979051155919,9.962762987291796
432.8698014294502,368.9984285847299,15.892979051155919,9.962762987291796
432.57435427017464,368.9984285847299,15.892979051155919,9.962762987291796
432.13421469972906,368.9984285847299,15.892979051155919,9.962762987291796
431.127562743603,368.9984285847299,15.892979051155919,9.962762987291796
430.29241696394587,368.9984285847299,15.892979051155919,9.962762987291796
429.1045585078302,368.9984285847299,15.892979051155919,9.962762987291796
427.5325512717514,369.73590258877124,15.892979051155919,9.962762987291796
427.12373766591554,368.9984285847299,15.892979051155919,9.962762987291796
426.5328433473644,369.589322903281,15.892979051155919,9.962762987291796
425.04356072571557,370.8804267613425,15.892979051155919,9.962762987291796
424.2293093202546,370.41664788073797,15.892979051155919,9.962762987291796
424.7097639236358,370.5189185169958,15.892979051155919,9.962762987291796
424.7097639236358,370.5189185169958,15.892979051155919,9.962762987291796
423.244790501093,371.2821373493708,15.65577040860137,9.725554344737247
423.00130979565273,371.71493307254764,14.836543299915377,8.937676686696022
421.673464875868,371.10005986415376,15.418561766046821,8.776719774518938
420.5444377781907,371.83754163813256,15.870967364696867,9.745330837971778
420.5444377781907,371.83754163813256,15.870967364696867,9.745330837971778
420.5444377781907,371.83754163813256,15.870967364696867,9.745330837971778
419.7090036761884,371.83754163813256,15.870967364696867,9.745330837971778
419.7090036761884,371.83754163813256,15.870967364696867,9.745330837971778
418.18224812486704,372.4482438586611,15.870967364696867,9.745330837971778
417.1246282649914,372.0601820284835,15.870967364696867,9.745330837971778
416.39230163051496,371.83754163813256,15.870967364696867,9.745330837971778
416.21166397995256,372.20627864015324,15.870967364696867,9.745330837971778
415.32116424875176,372.5086429422166,15.870967364696867,9.745330837971778
414.98561359670975,372.3408676161956,15.870967364696867,9.745330837971778
413.90613592433937,373.0879542743025,15.870967364696867,9.745330837971778
413.10417106959613,373.26665830874043,15.870967364696867,9.745330837971778
413.08872310869805,373.30871509757486,15.870967364696867,9.745330837971778
412.17266977790524,373.461390652707,15.870967364696867,9.745330837971778
411.67050381268996,373.71392061072004,15.870967364696867,9.745330837971778
410.4548872732544,373.30871509757486,15.870967364696867,9.745330837971778
411.0205676220769,374.4173484132255,15.870967364696867,9.745330837971778
409.2109288135094,374.4173484132255,15.870967364696867,9.745330837971778
408.82146553969255,373.95714094249354,15.870967364696867,9.745330837971778
408.64198465308925,374.1032568195101,15.870967364696867,9.745330837971778
407.72165538232514,374.7226995234898,15.870967364696867,9.745330837971778
407.81631454723157,374.9730873626344,15.870967364696867,9.745330837971778
406.1858719977409,374.4173484132255,15.870967364696867,9.745330837971778
406.1858719977409,374.4173484132255,15.870967364696867,9.745330837971778
406.1858719977409,374.4173484132255,15.870967364696867,9.745330837971778
404.50811873753076,375.0884497173096,15.870967364696867,9.745330837971778
404.3797204121621,375.38989157469103,15.870967364696867,9.745330837971778
402.8412361768668,375.04950154195365,15.870967364696867,9.745330837971778
402.7148055511212,375.6816546706818,15.870967364696867,9.745330837971778
402.4856257944375,375.7082316707928,15.870967364696867,9.745330837971778
400.66802788767217,375.3391909182772,15.870967364696867,9.745330837971778
400.3420912029318,375.9456305240999,15.870967364696867,9.745330837971778
399.6945622815247,375.75955102139363,15.870967364696867,9.745330837971778
398.8300047005294,375.890409146988,15.870967364696867,9.745330837971778
398.8300047005294,376.1659489258096,15.870967364696867,9.745330837971778
397.8574615390639,376.4033477791166,15.870967364696867,9.745330837971778
397.01367563803814,375.8885218726678,15.870967364696867,9.745330837971778
396.41655645994086,376.4120078621935,15.870967364696867,9.745330837971778
396.1084186049172,376.02745661002,15.870967364696867,9.745330837971778
395.42745031091283,376.2336774757168,15.870967364696867,9.745330837971778
395.8876577816448,375.8885218726678,15.870967364696867,9.745330837971778
394.04682789871697,376.69388494644875,15.870967364696867,9.745330837971778
393.15217806474624,376.64710562714157,15.870967364696867,9.745330837971778
392.5756544392747,377.0390405494977,15.870967364696867,9.745330837971778
391.88534323317674,376.57883307876574,15.870967364696867,9.745330837971778
391.68100460530394,377.2792587558697,15.870967364696867,9.745330837971778
390.54312897359335,376.8999668786328,15.870967364696867,9.745330837971778
390.6573045131481,377.4664572861934,15.870967364696867,9.745330837971778
389.54275647314364,377.3144198084869,15.870967364696867,9.745330837971778
388.9342350579507,376.7767841575211,15.870967364696867,9.745330837971778
387.8169784578988,377.3144198084869,15.870967364696867,9.745330837971778
387.060617024991,376.62410860238896,15.870967364696867,9.745330837971778
385.8450004855555,377.2319168721067,15.870967364696867,9.745330837971778
385.50213429253444,377.2920297734418,15.870967364696867,9.745330837971778
384.75186598230766,377.0428973940095,15.870967364696867,9.745330837971778
384.5539767564018,377.1993679408039,15.870967364696867,9.745330837971778
383.81941480511,378.01484548559085,15.112383610223105,9.23960833498927
383.3826833763853,377.730319608451,15.686598863686527,8.639119831909738
382.27120547756755,377.31878228915,15.732032627344665,7.939179252392989
381.7233668672922,377.730319608451,15.870967364696867,7.164171823827019
381.65690536114045,378.2348347499508,15.180656158598936,6.523878542848081
380.4403364575007,377.88047497725057,15.556875770981435,7.023203692438301
380.4403364575007,376.62410860238896,15.870967364696867,9.745330837971778
380.4403364575007,376.62410860238896,15.870967364696867,9.745330837971778
378.93035852331155,378.3018618625991,15.367641386633807,6.893150295614532
378.7810199484076,378.283425111482,15.317861861665847,6.795434821806339
377.32864487779773,378.2348347499508,15.410759893964894,7.444293484312027
376.60073678788757,378.4475334115422,15.870967364696867,6.503686732810422
376.60073678788757,378.6501361681148,15.26315909497913,5.895878463092629
376.1224966977113,379.0262904915558,15.618106113205613,5.825981439857401
375.398211145403,379.2052676165337,15.133493360655507,6.242329318775319
374.9766997673014,379.0262904915558,15.870967364696867,6.078842691348655
373.2597109305171,379.4374846699994,16.20651801673887,7.06092562163559
373.93081223460115,378.09528206183126,15.870967364696867,9.745330837971778
373.0691358518152,378.9569584446172,15.870967364696867,9.745330837971778
372.30999018202044,379.10829584469417,15.870967364696867,9.745330837971778
371.2717878011211,379.5725178582091,15.870967364696867,9.745330837971778
370.3956565681422,378.703090331549,15.870967364696867,9.745330837971778
369.563141764774,379.4374846699994,15.870967364696867,9.745330837971778
369.0467798160175,379.4846294353534,15.870967364696867,9.745330837971778
369.1170764901853,379.24107899224117,15.870967364696867,9.745330837971778
367.9426492080382,379.5766296442832,15.870967364696867,9.745330837971778
367.45775998109224,379.7941844952722,15.870967364696867,9.745330837971778
366.6956961165803,380.0464420660221,15.870967364696867,8.93996776419084
365.9371123621065,379.7468014952237,15.870967364696867,9.745330837971778
365.86208769246696,379.65788320429783,15.870967364696867,9.745330837971778
364.8510868391794,379.3561308599242,15.870967364696867,9.745330837971778
364.71327745537116,379.7468014952237,15.870967364696867,9.745330837971778
363.28670760040893,379.8517812127697,15.870967364696867,9.745330837971778
363.06967932067806,380.12609337246056,15.870967364696867,9.745330837971778
363.0503274818952,380.3497123078918,15.870967364696867,9.745330837971778
362.41262717198265,380.1270719175409,15.870967364696867,9.745330837971778
362.08178429232936,380.3497123078918,15.870967364696867,9.745330837971778
360.54800122246826,380.3497123078918,15.870967364696867,9.745330837971778
360.40046084629023,380.3497123078918,15.870967364696867,9.745330837971778
359.6646531739289,380.5523150644644,15.870967364696867,9.745330837971778
359.7649852942437,380.3497123078918,15.870967364696867,9.745330837971778
357.7516813819915,380.6852629599338,15.870967364696867,9.745330837971778
357.47485196726166,380.96041452842036,15.870967364696867,9.745330837971778
357.7085645142514,381.1099572740248,15.870967364696867,9.745330837971778
356.7925111834586,381.41530838428906,15.870967364696867,9.745330837971778
356.09600533013173,381.86854102849856,15.870967364696867,9.745330837971778
355.9637604635788,381.1099572740248,15.870967364696867,9.745330837971778
354.9523154576138,381.4892491512617,15.870967364696867,9.745330837971778
353.97897824686106,381.87333504968547,15.870967364696867,9.745330837971778
353.69759552771245,381.5401858628819,15.870967364696867,9.745330837971778
352.814149924391,382.0718220017727,15.870967364696867,9.745330837971778
352.87850264898975,381.9453913760271,15.870967364696867,9.745330837971778
351.5974059730832,381.9453913760271,15.870967364696867,9.745330837971778
351.5974059730832,381.9453913760271,15.870967364696867,9.745330837971778
350.7110644952565,381.9453913760271,15.870967364696867,9.745330837971778
350.1224579650005,382.12975987703743,15.317861861665847,9.376593835951098
348.760967381067,381.9453913760271,15.870967364696867,9.745330837971778
348.7030808985209,382.39067215672895,15.203046193644013,9.745330837971778
348.67338661607516,381.9453913760271,15.870967364696867,9.745330837971778
347.0061697678486,383.195804012197,15.870967364696867,9.745330837971778
346.7795924847538,382.89228844168775,15.870967364696867,9.745330837971778
346.1900863360696,383.05160238208913,15.870967364696867,9.745330837971778
344.934406807144,383.6126082242537,15.870967364696867,9.745330837971778
344.8941154529648,383.84185076221144,15.870967364696867,9.745330837971778
344.87491696852663,384.02086026768853,15.870967364696867,9.745330837971778
343.7687059624646,383.65212326566785,15.870967364696867,9.745330837971778
343.2156004594336,383.65212326566785,15.870967364696867,9.745330837971778
342.73745919667675,384.63156248821707,15.870967364696867,9.745330837971778
342.241081133083,385.03387405055145,15.870967364696867,9.745330837971778
341.8549611001484,384.5241862457516,15.870967364696867,9.745330837971778
340.38763363484526,384.47888693308494,15.870967364696867,9.745330837971778
340.28676562295175,384.7583342717299,15.870967364696867,9.745330837971778
339.533083308736,385.23647680712406,15.870967364696867,9.745330837971778
339.1724948128436,384.93691359848134,15.870967364696867,9.745330837971778
338.8990210906004,384.6919615717726,15.870967364696867,9.745330837971778
338.4091170371829,385.0895891536135,15.870967364696867,9.745330837971778
337.2281528865958,385.69861352789866,15.870967364696867,9.745330837971778
336.55705158251175,385.53083820187766,15.870967364696867,9.745330837971778
335.7181749524067,385.86638885391966,15.870967364696867,9.745330837971778
335.5247186754954,385.65980905315183,15.870967364696867,9.745330837971778
334.684164199147,386.10273594765937,15.870967364696867,9.745330837971778
334.07346197861847,385.49203372713083,15.870967364696867,9.745330837971778
333.71706524738545,385.897239240276,15.870967364696867,9.745330837971778
333.2368967666034,386.04513923016185,15.870967364696867,9.745330837971778
332.2517250102546,386.50347873309585,15.870967364696867,9.745330837971778
330.98117083076403,386.4124486685947,15.870967364696867,9.745330837971778
330.36219181298446,386.74840010199244,15.870967364696867,9.745330837971778
330.23343746302476,386.3309103572359,15.870967364696867,9.745330837971778
330.03998118611344,386.227620456852,15.870967364696867,9.745330837971778
328.54430690623457,386.9179316629499,15.870967364696867,9.745330837971778
327.9559601258302,386.78335940626084,15.870967364696867,9.745330837971778
326.93442136991723,386.8354287265697,15.870967364696867,9.745330837971778
326.4542528891352,387.1494629619037,15.870967364696867,9.745330837971778
325.89930380997646,386.73094643491504,15.870967364696867,9.745330837971778
325.72711888933077,387.2364772102904,15.870967364696867,9.745330837971778
324.81106555853796,387.3891527654225,15.870967364696867,9.745330837971778
323.08092593262205,387.9267884163883,15.870967364696867,9.745330837971778
322.7464744823688,387.2364772102904,15.870967364696867,9.745330837971778
321.36053162035387,387.99506096476415,15.870967364696867,9.745330837971778
320.5623050155089,388.07405479353145,15.870967364696867,9.745330837971778
319.9953052122361,388.45788165134746,15.870967364696867,9.745330837971778
319.61613309377077,388.7464551444795,15.870967364696867,9.745330837971778
318.4548293354802,388.7076506697327,15.870967364696867,9.745330837971778
317.61595270537515,388.5398753437117,15.870967364696867,9.745330837971778
317.19052307802394,389.08694254696957,15.870967364696867,9.745330837971778
316.2387738589732,388.7076506697327,15.870967364696867,9.745330837971778
315.149866559723,388.9539525900749,15.870967364696867,9.08852571705927
314.90815492947377,388.6085072785469,14.8795334528387,9.3487572732285
314.02635184684914,388.892019170743,15.870967364696867,9.745330837971778
313.4834620925488,389.24536443447914,15.870967364696867,9.745330837971778
312.3972072352561,389.4294145017501,15.870967364696867,9.745330837971778
311.99710268762846,388.8522273247089,15.726390709720647,9.745330837971778
310.595939350831,389.93094942204135,15.870967364696867,9.745330837971778
309.2610347643553,389.2985449882838,15.870967364696867,9.745330837971778
308.86349497608666,389.9580633059026,15.870967364696867,9.745330837971778
307.6631400935648,390.08827308192855,15.870967364696867,9.745330837971778
306.26213573787675,389.5130137435136,15.870967364696867,9.745330837971778
305.61817144057017,389.92905511078976,15.870967364696867,9.745330837971778
304.7967772746838,389.6801938311982,15.870967364696867,9.745330837971778
304.3401768409181,390.05193508159886,15.870967364696867,9.745330837971778
303.33094982129745,389.8820779518798,15.870967364696867,9.745330837971778
302.20014400557363,390.38708177618616,15.870967364696867,9.745330837971778
301.48542123506627,390.72095458198487,15.870967364696867,9.745330837971778
300.44050424402417,391.1847476879514,15.870967364696867,9.745330837971778
299.7215995341933,390.31967789593665,15.870967364696867,9.745330837971778
299.0370763054637,390.57805184729096,15.870967364696867,9.745330837971778
298.08927522498334,390.79904153021306,16.073570121269427,9.340125324826602
296.815049631675,390.3967299678787,16.023642919829,9.13462861744324
296.21872947470723,390.4181808760783,15.365244861714359,9.745330837971778
295.43791651637974,390.8975056461679,15.870967364696867,9.189591888562916
295.3067495437292,390.4571290514342,15.032090734591804,9.91310616399278
293.7008997118596,389.9703962483605,15.870967364696867,9.745330837971778
292.957894979435,390.6249043774552,15.870967364696867,9.745330837971778
292.19113075974883,389.78602774735015,15.870967364696867,9.745330837971778
291.1796857537838,391.17676463055204,15.238814235968789,8.354593954769882
289.0033995653496,390.7926797034762,15.870967364696867,9.745330837971778
288.422031635164,389.9954221431604,15.45217857307631,9.012450452635846
288.13149264603953,390.5446115018239,15.112383610223105,8.986747083498017
286.75087023384367,390.93654642418005,15.525811761647901,8.364708425775916
286.6071015307245,391.0245955285436,14.822948472917801,6.982371941463271
285.4470874297033,390.96045502949727,15.367641386633807,7.396476273677592
284.0674632736499,391.7708099640679,15.870967364696867,7.149846400725494
283.7621121633856,391.0074321884072,14.95491403390406,7.149846400725494
282.909813608635,391.29600568153927,15.032090734591804,7.5642515996985935
281.4648358926439,392.07616107433216,15.412940699300464,6.844495290461225
280.5473539730992,391.61813440893576,16.787020695489673,6.691819735329091
279.9987286823695,391.29600568153927,16.542068668780928,7.228700947656591
279.48821312954806,391.17676463055204,15.618106113205613,6.837426445822416
278.1907385482556,391.42962588204324,15.618106113205613,7.343148948804924
277.6609942420912,391.051598291863,15.065604290915928,8.594812161141874
276.5051488229727,391.9773399756155,15.013497362332146,8.030390833242336
275.5522889994602,391.5200226922347,15.610868122964177,8.791633618285289
274.82534500426914,391.88206553090833,15.013497362332146,8.411488612071139
273.628046141144,391.97201323332695,15.065604290915928,8.479760293458924
272.9755239075356,391.8700488076334,14.898424203231343,8.07811398974519
270.7475555245994,391.6006534729046,15.397586740639213,8.561879277827586
270.3357638978435,391.8700488076334,14.898424203231343,8.217048727097392
268.75715750962104,392.188209636517,16.376689867679374,8.101732703278685
267.99857375514733,391.8089177592801,15.870967364696867,8.607455206261136
267.96245093000726,391.8700488076334,14.481619991174739,8.633852939154053
266.5265867567532,391.93534838502575,15.365244861714359,8.607455206261136
265.5487850025207,391.984668903358,14.928692583550628,8.38426726520504
264.5018130234693,391.984668903358,15.870967364696867,8.174872869394733
263.9899771993732,391.63155633358133,15.535416712654865,8.403128229803656
262.5968437912519,391.17676463055204,15.365244861714359,9.618900212226151
261.5741226624139,392.07403409696224,15.870967364696867,8.246292195122464
260.7155968112228,391.984668903358,15.870967364696867,8.174872869394733
259.3257702293757,391.85696136564394,15.870967364696867,8.594812161141874
258.83104724893036,392.4034576949785,15.24278417726606,7.756084077774233
257.5816510179863,392.2021169686929,15.870967364696867,7.904500955043943
257.12866888759794,392.2631633097371,15.013497362332146,7.839841943827992
256.27786803746704,392.6471194064096,14.657170903277688,7.144338420644999
255.31196145448408,392.3003204174327,15.610868122964149,8.098035640331489
253.84620068381219,392.5081548928836,15.975664562601992,8.070175671489608
253.53210909009678,392.5081548928836,15.033389781455782,8.488964463110165
251.71133846508803,392.2021169686929,14.375293084817883,8.93996776419084
250.61482531489696,391.9773399756155,14.632399583503286,8.792586390899885
249.6239709875148,392.1269209229443,15.090669639498657,8.5315343765526
248.47512792348178,392.182860123952,14.845309345905008,8.561879277827586
247.686160216719,392.4195504359809,14.76641257522877,7.930705112417343
246.7506699651588,392.60682187361164,14.830570397765939,8.1847353875757
245.5450564101951,392.4195504359809,14.687515804552362,8.64077604850388
244.4385910966781,391.9153753132723,15.870967364696554,9.328526625915117
243.42493669084692,392.251805954995,15.180656158598623,8.594812161141874
242.82476261257554,392.26002288463474,15.43746862847533,8.791633618285289
241.52946836548966,392.49844720665715,15.792070594020117,8.088498653769932
240.69217338098875,392.218391662688,14.517005804435428,8.20526415033305
239.6401578490165,391.801118462407,14.611587195739588,8.743941943907146
238.34547366897704,391.9894959656798,15.114879958081389,9.007857752795985
237.48436268685572,391.6123882709544,16.309550721185587,9.608727556667475
235.81101275930004,391.665803221919,15.815557821393583,9.336895581304645
235.4103658669855,392.195039585119,15.390488092054795,8.794564624031295
234.57504864538046,392.06091297244467,15.495185289959949,8.899261821936477
233.27047952440188,392.1518726883777,15.384870281874498,8.678644774390762
232.34277998208177,392.23281213669725,15.621560593903325,7.810780296951691
231.78829927565866,392.527721014751,15.18684653415454,7.248267664028276
229.8423452757178,392.64718266271615,15.243911153150435,8.574700023647097
228.49045780766608,392.8925243835513,15.292560686157799,7.753974432418033
227.10718342359542,393.3443107905909,15.101396064611862,6.896700564940829
226.37879846349645,392.933917189143,15.495185289959949,8.27107863450567
226.04587891710307,392.78542002615194,14.134121717193182,8.375775832410795
224.77289590395247,393.041197081382,15.148636708443235,8.384151134232752
223.52518072622763,393.2416226617792,14.867002102529113,8.375775832410795
222.21625883700932,393.1759383830384,14.971699300434267,7.642895447074807
221.45971161710253,392.7537349471722,15.053362263736062,8.669974468354326
220.42463314370357,393.23403588735925,15.243911153150435,8.19360224481835
219.52652637291197,392.6759625829412,14.49653532805661,9.549305017688084
218.29398833672516,393.2134225090516,14.956742798788554,7.823527002443257
217.38080535020057,393.2740650836638,14.971699300434267,7.747592644979989
216.04055506761068,393.06987122906133,15.30189840183752,8.39878634085818
214.02251306991155,393.36154193881976,16.332762873201006,7.224106655454307
213.5730061004148,393.03502655496237,15.770880645975268,8.220990975029679
213.1517337347225,393.31560755977154,15.11821708284782,7.559108541423939
211.5645928691111,393.7999842714148,15.770880645975268,7.3821143449246165
210.93325896857644,393.35838182369025,15.18684653415454,7.593423267077242
209.8973330785644,393.3190639143005,15.390488092054795,7.852289842885114
206.61781369928116,393.68256195346663,15.57290662347782,6.870399980946104
207.71072645904687,393.3186721485373,14.381483460373602,7.708475134760249
205.5639033090612,393.63503119170616,16.18312009543996,6.9536844160093665
205.69581124701813,393.1438661547222,13.243147814299448,7.33613224245363
205.11798279637915,393.1750172062539,13.337734785812643,8.33608424113288
203.97520652455293,393.51167768650856,14.53952196074684,6.9536844160093665
203.5181242019795,393.39258502728296,13.6432690747651,6.637266036372239
200.3296869369524,393.2495391286803,16.04005958789952,6.637266036372239
199.36412005436839,393.7883953881391,15.424536340966199,5.18365565557059
199.42774266153472,393.36582836488617,15.913974081580477,5.339557093161886
197.40861815914684,393.8584634652329,15.30189840183752,5.29238591341749
196.67901277572832,393.47479190990185,15.532002137203506,5.9826971195154215
195.39296444738054,393.78265494736615,15.877157740252471,5.177334045734483
194.93787908978032,393.543900509032,15.704579685770199,5.967740280592693
193.2316867199147,393.4631398093214,18.638402564644196,6.557956457930345
192.89141284003344,393.56542682057307,14.86281337432166,7.526681131868031
192.16640438042248,393.9540753522675,14.825656778762806,7.976376746468873
190.61189889806604,393.54112723595557,15.910832266100755,8.574700023647097
188.47750430600348,392.78840435014104,16.68884259842244,8.723713176448086
188.79535177086814,393.1312741466619,15.071794666471533,8.283734473175173
186.0681472326861,392.88526178899986,15.195206742943896,8.914521289193772
185.39133973690758,393.0552580940008,14.762304904623988,7.852289842885114
184.26295147594686,392.6359044172726,15.00495163403923,9.030757927894001
183.42251656905952,392.7649034360816,14.665952586492466,7.965129421974325
182.48179901648595,393.29035722025475,14.86281337432166,7.812504465989605
181.34664858369186,392.86097397442296,14.792383212238093,8.59728255070246
179.86546437460504,392.74730001140335,15.416950269520498,8.168682605492222
178.5329396426619,393.06135009949827,15.435329993933237,7.88544032298762
177.99706796348647,393.3160670186521,15.432555009472395,8.063076493713083
177.26373669551234,392.8596018197075,15.424536340966199,8.344421299211206
175.7365097854525,393.0941736190493,15.550966966711826,7.965129421974325
174.77504084446974,393.1756606105878,15.647054004886485,8.283734473175173
174.49065104819266,392.9847062600041,14.841690931105575,8.053630737809215
172.65303633544565,392.7045031230664,15.30189840183752,8.628890076224138
172.45398376706999,393.1194033224106,14.867002102529113,7.642895447074807
171.76871765777776,393.41436803373574,14.767538929614489,7.526681131868031
170.2769561332024,392.9824427568997,14.91881383798372,8.091560047719952
169.50447109742225,393.7490993684763,15.267555513213523,7.633777756606776
168.38312530864928,393.37516321271914,14.825656778762806,7.542878010247762
167.73911928632262,393.19452888643343,14.392158042541666,7.6295777574919725
165.30188921946382,392.9044934136959,15.071794666471533,7.823527002443257
164.5642767883953,392.896325495632,14.657607706718863,7.747592644979989
163.36288696706782,392.92964768173226,15.085756020495467,7.976376746468873
162.69123512849987,392.68240569987427,14.266431592690623,8.28373447317523
161.296434566766,393.71707253711935,15.339185597857607,6.66921112950331
159.61125854647128,392.93361481678784,16.29193004492953,8.098327800111178
158.45435962714427,392.9080423347694,14.867002102529142,7.9569870407902386
158.13954293555312,392.2394606578226,14.218758548053216,8.149776240957351
156.55772818612337,392.8120510984473,15.14388637139146,8.33608424113288
155.92487323344182,392.5406747027098,14.588147421982598,8.058214766428478
155.15889635129253,393.2342361580249,14.657607706718863,7.328803853359432
154.5013057578164,393.1734010963855,14.674799345787989,7.179606131541448
153.1309147015248,393.3757501559136,14.576990040200087,6.383387795381736
152.24495141229707,392.7225196781429,14.588147421982598,6.946736867610753
150.88487678660442,392.6047601445012,15.076396498339392,7.433501051264557
150.06918679677395,393.1167150440112,14.381483460373602,6.903112060979311
148.76061358721404,393.4157713734888,14.448213310908585,6.700620665928625
147.70857840410596,392.3201199182657,14.719298187739781,8.279570067299915
146.42655768087002,392.8988968245447,15.30189840183752,8.168682605492222
146.69382170485866,393.0858750189451,14.448213310908585,7.852289842885114
144.49767050193057,393.2327325807583,14.762304904623988,7.433501051264557
143.56036354840825,393.6207436613453,14.448213310908585,7.119409457549182
142.36776883035242,393.37828595801363,14.53952196074684,7.585837544737501
141.7944516776696,393.5067906815697,14.386441150785714,6.383387795381736
140.89472998579646,392.9023802235864,14.386441150785714,7.145583353039285
139.7037943366581,392.7728390729975,14.045359053564738,6.675880537805483
138.65389460436276,392.64589718574535,14.413091335001212,7.459406918991874
137.41452187402294,392.75898194650074,14.726639063422596,7.018163928662318
136.46918026010343,392.66335563677154,14.53952196074684,8.091560047719952
135.61836749670258,393.1076964582072,14.867002102529142,8.061684238695364
134.51452774547897,392.84865210609485,14.674799345787989,7.33739967289398
133.31316406585083,393.1817107452924,15.006005499769856,7.227663199430424
132.59407193796875,393.28151591136293,13.975773134289085,6.75952426102873
131.86868303201672,392.69960308378927,14.380431574207563,7.730521019660728
130.7145531548862,393.277152633041,15.157235235974554,6.82577480825347
129.825646057497,393.61945770707035,14.341152824074442,6.30279964879702
131.0021056499468,393.47055217440607,12.481050550448373,6.353989371137345
127.61477383853621,393.47697797291727,14.637857004866035,7.077645145209942
127.01947391146976,393.3510461726902,15.096178631014624,6.70245275318905
125.96611041184691,393.3603685571744,14.380431574207577,6.400538908751344
123.9328028551626,393.695256430717,15.25761427727241,7.026532890849126
123.51428236504073,393.7928143171724,14.339862235840442,6.83901122017005
121.80453452382324,393.23709516621096,14.78836277066037,7.6366135618984
120.79245994446512,393.00102924160717,15.273227123796772,8.242694003318888
119.75749822350332,393.4881686556391,14.980567281198773,6.668179338582377
119.4334576182232,392.9765451176482,14.158462979181763,7.216248873260383
117.93666279934324,392.65408641894174,15.442928561674321,7.9420775460039295
117.39737603797188,393.578574067827,16.687157227127287,8.782714330066995
116.4002349972128,393.132480544394,16.261404690250856,7.829565221231917
114.96245942723793,393.90408462684144,17.07661937581541,6.830647750326136
115.09808502639926,393.2528865535278,15.3722240731055,8.498472608994234
113.51715557593704,393.2728145243705,15.492753711652597,8.156833495187414
112.4000845704789,393.74158185103056,15.59693259735758,7.096328087028098
112.68961741971601,392.9392224700875,15.288548299480581,8.260603529517596
110.93720476239501,393.36759747550826,16.703037401393118,6.719621613620632
110.91084337284943,393.45844359518213,14.677911963820364,6.373652531147741
109.99648067159923,392.9203910258004,15.787843482764742,7.25161438001669
109.24836573421271,392.83726714386864,15.870967364696583,7.999729317403194
107.69871405131839,392.6083025723373,15.77058832339874,7.737750012014885
106.77715571093873,393.30806193913634,14.424714505808069,6.666884855625597
104.87543840941214,393.28405618341793,13.6780224403401,7.059624485336826
103.13056721533738,393.7738158745608,15.112008663924144,5.625638261752783
100.73798500371754,393.26094538524484,17.316584732579983,7.592656382746611
102.02210614114276,393.2725295649665,14.519290275778602,7.592656382746611
103.26795163015596,394.5062542165369,12.442178634261566,4.830492881536827
98.75268016511573,393.53218001640874,15.924701576722398,5.790800573353579
101.05818971405675,394.1990389454056,15.01241221550599,6.098792462549284
97.07923737251181,393.47732402972554,16.239390265026856,6.444202486121753
96.91962280953733,393.50863347115427,14.918903769607368,6.127406905374471
96.74565765775009,394.14187070383866,14.447761546276595,5.294991142614435
95.20359893690669,394.1915860320661,15.442928561674321,5.735944894336171
94.04338386909612,394.4283333736545,13.9757731342891,4.749935967209353
90.97498643498415,394.6164450806556,17.69754888947881,6.303236590773281
91.93046089043716,394.9466855465683,16.316708873201108,6.410135628757587
91.01384812578094,395.2843582876565,14.90957885894447,5.57594006106865
89.68690800080593,395.42038830562274,16.969378579588764,6.7170456877539095
89.49885662987927,395.29961093648404,14.959568147830126,6.595078430763806
87.72912065536882,395.20808965905326,16.00052365350139,6.303236590773281
87.32316794997192,396.0402819425653,16.41982586070968,5.8642235216820495
87.12559482657332,395.2251788396251,14.477001433384004,4.825667144461306
85.5126102016676,394.44960304749077,15.056856194676726,5.821984395275024
85.48881873748144,395.0844488469563,14.785699271664441,5.194975419773982
83.95700146306841,395.29892075897146,14.515126469443103,4.2691548439538565
83.17184879788985,395.06241280780324,14.155290290419913,5.3082338589074425
81.5742008691724,395.0114399290811,16.085557148204444,5.469089430389488
80.96652311144796,395.8633351218445,14.308705392904145,4.222240935611069
79.86655126846858,395.018106076427,14.560475501007204,5.074105098835844
79.67626977447415,395.31159589305116,14.119676781949835,5.994202407431544
77.57403492837378,395.6341596581018,15.924701576722398,6.273367287799715
76.23285575136453,395.6078256283245,17.07661937581541,6.403732265930785
76.34018035653577,396.0547702041011,14.568490065358134,5.438902957733717
75.52368040177723,395.6003841408567,14.08821098504771,6.1902745237330805
73.7439418631585,396.0081101373886,14.155290290419913,5.469089430389488
72.69811789526199,394.8507499349273,16.649703891420017,7.04410549252384
71.68638259396428,395.4641125520117,17.123532683311524,6.333361403416575
71.0444829917901,395.63150965769273,14.317913176528023,5.833223886733663
69.87688219555044,395.34379654504266,17.012694563361464,7.47527488390125
70.33084248647383,396.8981611174803,15.481550097240557,5.160516699080176
67.47183236806063,395.94408055445075,17.270462662806338,5.413130088342257
68.19087634580609,396.7977806706556,15.378499337752316,5.479695166325541
63.37250172191527,396.1935196410427,19.000084210249767,6.098792462549284
66.00557795809765,396.872067917065,17.190870518532435,5.3252945954913
65.25529543755685,394.89371539852084,17.818294817966702,6.1658527020208
63.62371608873521,396.5002973739112,17.55372430733847,5.750211471621242
62.09666012187799,395.3941094971218,16.522746658790822,6.609098663516306
60.12964010808405,395.46962767460536,15.411592900894064,6.390172666224373
60.059511066319445,396.81786915208704,14.074136452036868,4.691378817345594
59.68244753390424,397.06195151500305,15.86265209379927,4.248924667981953
59.926003334124985,397.41389214349107,14.659807881338253,4.134817607556954
56.296307788521034,394.78710180913276,15.862652093799255,7.648064402367481
57.2989440439362,396.1929226434938,14.942041953838483,6.1902745237330805
55.834992036589014,396.243032989481,16.761041592695747,6.499179393086081
54.641860274514926,396.83191024486047,14.308705392904145,6.567930344283866
52.3481108539073,396.09656848950533,15.787485410671962,7.1419576857801985
51.85760708003612,395.7458204409368,16.761041592695747,6.499179393086081
50.65861910711313,395.6403041086649,13.696165509444434,6.536806265871235
49.20146067210608,396.08516725093443,15.116458403038436,4.943734483169635
49.60798852664779,396.2355419655072,12.139783065189391,4.980423821616171
47.4015353375851,396.5623720743468,16.42917538286352,6.51501782423901
47.15725327195784,396.0146978891343,18.1750213246699,6.609098663516306
46.738325461014696,396.51389577558206,15.696609325851284,7.848304662925614
44.01372530418048,395.81812672066496,13.340420859492525,5.130931099804798
42.729090998762146,395.94170314251977,15.787485410671962,6.390172666224373
43.60844001459471,395.2352898104113,14.659807881338253,6.766065176002257
39.68167104495496,396.43214059607317,14.708669152773815,5.815055246445468
39.52902457934357,396.36700973693775,15.528183944768386,6.750264008068939
40.39358396944063,396.48273949629356,13.905020222614432,5.922411725150312
40.14168721311024,395.6337155909209,15.89534497387313,6.634990583755382
37.75045129105156,396.2740888175139,15.345998441515476,5.72111696873435
37.323535806656174,395.6337155909209,12.820146032925273,6.1658527020208
37.45254875417552,394.4608708865845,13.315086624333041,8.042404228959072
35.22050751910684,396.1665335826926,14.905077656104204,6.299057199963727
35.266592292527505,396.34077303173706,15.358350656832272,6.1658527020208
33.07442578599793,396.8257291643044,16.376835662647565,5.434295748198679
33.400120435735445,395.6337155909209,14.46730952518324,6.68138890091052
31.853511839066222,395.89148369036576,15.756150022407596,6.1658527020208
31.108839560636024,396.6308235530705,12.431778189105604,5.244656423528909
29.700119473735192,395.6337155909209,15.75615002240761,6.423620801465688
29.700119473735192,395.6337155909209,14.722500269536745,6.400421642888091
27.951900665892218,396.79919479614955,17.108512084872054,6.9428388388399185
27.225418430878495,397.40135919296137,15.535115017036343,6.3426170622248605
31.163905195413022,397.39025845693425,10.569344299358804,6.1658527020208
26.382815792355085,398.4792567956476,16.539270430227777,4.510710117334838
23.62391281630604,397.5786326575821,15.481550097240557,5.8642235216820495
23.14152732404319,397.3956427956508,14.728584211640786,5.976816781535376
23.040117742134743,395.6337155909209,15.426207092138615,6.1658527020208
20.69442833346193,396.1028534726554,17.30275861907687,6.1658527020208
20.72020484713091,396.1492517898106,17.30275861907686,6.1658527020208
18.672703327330858,395.86828453178816,15.426207092138625,6.1658527020208
19.14184120906542,395.86828453178816,14.01879344693495,6.634990583755382
18.372455034953003,396.48754655971163,15.381638939297648,6.379310444218504
17.958944650085947,396.34077303173706,15.535115017036382,6.1658527020208
16.925869668729568,396.02220865933043,15.94303287964346,6.1658527020208
16.18184043946522,396.57199135439,16.12991391474049,6.400421642888091
16.18184043946522,396.10285347265545,16.12991391474049,6.869559524622616
13.677548718888012,396.92056016277724,15.69420290425646,5.039863701646482
13.034126432959834,395.95542673388496,15.050780618328282,6.809274987948982
12.238995753554912,396.0606310753163,15.381638939297671,6.379310444218504
10.96888218511012,396.41070172774,14.971800208619603,6.1658527020208
10.702764334705646,397.2245948327573,14.828057576220209,6.1658527020208
10.018995176354762,395.42025784872317,15.595096681495365,6.379310444218504
9.720114278933845,395.6337155909209,14.527807970506903,6.806225928613856
9.250976397199283,395.6337155909209,13.238379076349398,6.328160391820461
6.201580165924629,397.04112923612456,16.1299139147405,4.75843905681711
4.107268420197141,395.86828453178816,16.59905179647506,6.1658527020208
4.147066546405028,396.7667621690494,15.886450396416254,6.1658527020208
4.5068088261989345,395.89148369036576,17.302758619076904,6.1658527020208
3.7859089291496977,395.8471733331186,16.02201216589075,6.1658527020208
5.119257553051502,396.59884901981314,12.798802617579664,5.200719273128527
4.503126987714446,397.3819343987638,14.000567537595728,5.000373496792179
1.4378737649750795,396.2740888175139,15.808554423693057,5.098563991032336
0.5840427961843089,396.48754655971163,15.38163893929767,6.1658527020208
5.280113124533546,395.6337155909209,12.376810860864001,6.400421642888091
1.2244160227773866,397.12791978630474,13.67397700171613,4.8851062488346315
1.2557358512193022,396.66478798870037,12.461734772356785,6.1658527020208
1.6124124039949967,397.2422713057413,11.820308411796605,4.879008130164436
1.4181299612624285,397.51026711785914,12.343161624377451,5.227576938551692
0.9979677517744316,396.9225560881452,10.718795254005915,6.418484374282571
0,397.18768786455905,10.59479872236173,6.1658527020208
0,396.2164551935352,10.789045256566506,6.1658527020208
0,397.04112923612456,9.7736195908961,6.1658527020208
0,397.5761809329686,10.400552188156956,6.1658527020208
0,396.9934413303543,8.26384031190443,6.1658527020208
0,397.40135919296137,7.61894108630395,6.1658527020208
0,397.38193439876386,6.127128435651905,6.1658527020208
0,0,0,0
0,0,0,0
0,0,0,0
0,0,0,0
0,0,0,0
0,0,0,0
0,0,0,0
0,0,0,0
0,0,0,0
0,0,0,0
0,0,0,0
0,0,0,0
0,0,0,0
0,0,0,0
0,0,0,0
0,0,0,0
0,0,0,0
0,0,0,0
0,0,0,0
0,0,0,0
0,0,0,0
0,0,0,0
0,0,0,0
0,0,0,0
0,0,0,0
0,0,0,0
0,0,0,0
0,0,0,0
0,0,0,0
0,0,0,0
0,0,0,0
0,0,0,0
0,0,0,0
0,0,0,0
0,0,0,0
0,0,0,0
0,0,0,0
0,0,0,0
0,0,0,0
0,0,0,0
0,0,0,0
0,0,0,0
0,0,0,0
0,0,0,0
0,0,0,0
0,0,0,0
0,0,0,0
0,0,0,0
0,0,0,0
0,0,0,0
0,0,0,0
0,0,0,0
0,0,0,0
0,0,0,0
0,0,0,0
0,0,0,0
0,0,0,0
0,0,0,0
0,0,0,0
0,0,0,0
0,0,0,0
0,0,0,0
0,0,0,0
0,0,0,0
0,0,0,0
0,0,0,0
0,0,0,0
0,0,0,0
0,0,0,0
0,0,0,0
0,0,0,0
0,0,0,0
0,0,0,0
0,0,0,0
0,0,0,0
0,0,0,0
0,0,0,0
0,0,0,0
0,0,0,0
0,0,0,0
0,0,0,0
0,0,0,0
0,0,0,0
0,0,0,0
0,0,0,0
0,0,0,0
0,0,0,0
0,0,0,0
0,0,0,0
0,0,0,0
0,0,0,0
0,0,0,0
0,0,0,0
0,0,0,0
0,0,0,0
0,0,0,0
0,0,0,0
0,0,0,0
0,0,0,0
0,0,0,0
0,0,0,0
0,0,0,0
0,0,0,0
0,0,0,0
0,0,0,0
0,0,0,0
0,0,0,0
0,0,0,0
0,0,0,0
0,0,0,0
0,0,0,0
0,0,0,0
0,0,0,0
0,0,0,0
0,0,0,0
0,0,0,0
0,0,0,0
0,0,0,0
0,0,0,0
0,0,0,0
0,0,0,0
0,0,0,0
0,0,0,0
0,0,0,0
0,0,0,0
0,0,0,0
0,0,0,0
0,0,0,0
0,0,0,0
0,0,0,0
0,0,0,0
0,0,0,0
0,0,0,0
0,0,0,0
0,0,0,0
0,0,0,0
0,0,0,0
0,0,0,0
0,0,0,0
0,0,0,0
0,0,0,0
0,0,0,0
0,0,0,0
0,0,0,0
0,0,0,0
0,0,0,0
0,0,0,0
0,0,0,0
0,0,0,0
0,0,0,0
0,0,0,0
0,0,0,0
0,0,0,0
0,0,0,0
0,0,0,0
0,0,0,0
0,0,0,0
0,0,0,0
0,0,0,0
0,0,0,0
0,0,0,0
0,0,0,0
0,0,0,0
0,0,0,0
0,0,0,0
0,0,0,0
0,0,0,0
0,0,0,0
0,0,0,0
0,0,0,0
0,0,0,0
0,0,0,0
0,0,0,0
0,0,0,0
0,0,0,0
0,0,0,0
0,0,0,0
0,0,0,0
0,0,0,0
0,0,0,0
0,0,0,0
0,0,0,0
0,0,0,0
0,0,0,0
0,0,0,0
0,0,0,0
0,0,0,0
0,0,0,0
0,0,0,0
0,0,0,0
0,0,0,0
0,0,0,0
0,0,0,0
0,0,0,0
0,0,0,0
0,0,0,0
0,0,0,0
0,0,0,0
0,0,0,0
0,0,0,0
0,0,0,0
0,0,0,0
0,0,0,0
0,0,0,0
0,0,0,0
0,0,0,0
0,0,0,0
0,0,0,0
0,0,0,0
0,0,0,0
0,0,0,0
0,0,0,0
0,0,0,0
0,0,0,0
0,0,0,0
0,0,0,0
0,0,0,0
0,0,0,0
0,0,0,0
0,0,0,0
0,0,0,0
0,0,0,0
0,0,0,0
0,0,0,0
0,0,0,0
0,0,0,0
0,0,0,0
0,0,0,0
0,0,0,0
0,0,0,0
0,0,0,0
0,0,0,0
0,0,0,0
0,0,0,0
0,0,0,0
0,0,0,0
0,0,0,0
0,0,0,0
0,0,0,0
0,0,0,0
0,0,0,0
0,0,0,0
0,0,0,0
0,403.5246827496008,10.282270946825308,7.8979364613146
0,403.4338355334183,10.610728540317997,6.701970585566642
0.0,405.0,12.7,5.899999999999977
0.3552397868561279,404.2628774422735,12.255772646536412,6.216696269982265
0.20592184159163018,405.2322423502621,14.079792444122655,4.812400506880749
0.0,404.3927648578811,14.728682170542635,7.493540051679588
1.2237762237762237,405.5944055944056,15.270505525170456,5.711693595581664
3.041144901610018,405.36672629695886,13.453136847336662,5.9393728930284055
3.501945525291829,405.70687418936444,12.992336223654851,5.599225000622823
3.2467532467532467,405.8441558441558,13.680428935093865,5.894843778731854
4.025764895330113,405.31400966183577,13.595731024309,6.636211911404359
3.9630692208631775,403.30168930700023,14.27943133592648,8.392902951396593
8.446606592727054,405.4463347258298,10.597029957008793,6.426287753221743
8.751656678891411,404.1981155690824,12.100495913969407,6.796707132053825
8.440138126726024,404.84321328141755,12.679732105495143,7.004286544498882
10.514806775853073,405.2720287564896,10.275118703960294,7.044608951161422
8.952380952380953,406.4761904761905,14.733016631164798,6.1482954865450665
9.263209710548114,405.0374598156223,14.810680941407188,7.340333090906256
10.745749594120626,406.3971855550557,17.78332414358359,4.8331190457187745
10.745749594120625,406.5914320892605,17.783324143583588,5.415858648333142
12.845849802371541,406.71936758893276,15.683223935332672,6.339800633009759
13.019498573708114,407.21934940473614,15.509575163996098,5.855545288608198
