364.51890295600253,342.12300098247647,6.524637684359902,3.513266445424563
364.52201345378955,342.4418459240617,6.524637684359902,3.2121293215310516
364.9411364077906,342.3744394950913,6.0134155542630765,3.382546249272991
364.59054209919265,342.67589388696655,6.395370432158302,3.841510509448028
364.29872495446267,342.6229508196721,6.406579111382541,4.037726952346702
363.9271294629826,343.6082643133761,6.783258143671901,3.8191453413950853
364.0222989018309,342.9280869450985,6.982406082274167,4.821185152046439
363.67095698622256,343.1468568221214,6.94221410592138,4.47590119987035
365.0669657741949,343.4029535920851,5.446276603832018,4.614206567135454
364.5562318737649,344.79123418345375,4.572701411054197,3.1946270132022505
364.4891655970155,344.64234332397524,4.674177880513412,3.477132325747789
363.874838062891,344.70745661164034,5.602173186723064,3.5791662026286417
363.3651094298492,345.10823504504845,6.028764881458017,3.47110705296069
363.6104793149971,345.39393521281744,5.919800334771594,3.0287350549994017
363.64195383971895,346.0904231956353,5.93741995901172,2.83169259583633
363.67127448018175,345.917536011541,7.524286344241091,2.736104125178599
362.9735648147322,345.89159433420355,6.353989371137345,3.5552083386125446
364.29002185176853,346.8229746976867,4.8411347589618,2.5718528406984547
364.4182640857016,347.496353483823,4.658591044763057,2.1922781387120267
362.65246372601064,347.11581193371643,5.860997909488617,2.79729445680141
362.30680209857996,347.33468097482296,5.697156149352793,2.909186118818411
362.7721796044658,348.2222956301218,5.294991142614435,2.1936391876545827
361.4150759209308,347.66240594581166,5.72779341154569,3.463316946515988
361.88357272526014,348.2031673704759,5.48069534678001,2.9230375182826833
361.51081085635457,348.4239724008361,6.089189143645456,3.076027599163922
362.7343653624378,349.475689518715,3.9924234815901514,2.065046628408709
361.29122343364764,348.73820825703547,5.625638261752783,2.7576658145846977
0,0,0,0
0,0,0,0
0,0,0,0
0,0,0,0
0,0,0,0
0,0,0,0
0,0,0,0
0,0,0,0
0,0,0,0
0,0,0,0
0,0,0,0
0,0,0,0
0,0,0,0
0,0,0,0
0,0,0,0
0,0,0,0
0,0,0,0
0,0,0,0
0,0,0,0
0,0,0,0
0,0,0,0
0,0,0,0
0,0,0,0
0,0,0,0
0,0,0,0
0,0,0,0
0,0,0,0
0,0,0,0
0,0,0,0
0,0,0,0
0,0,0,0
0,0,0,0
0,0,0,0
0,0,0,0
0,0,0,0
0,0,0,0
0,0,0,0
0,0,0,0
0,0,0,0
0,0,0,0
0,0,0,0
0,0,0,0
0,0,0,0
0,0,0,0
0,0,0,0
0,0,0,0
0,0,0,0
0,0,0,0
0,0,0,0
0,0,0,0
0,0,0,0
0,0,0,0
0,0,0,0
0,0,0,0
0,0,0,0
0,0,0,0
0,0,0,0
0,0,0,0
355.4145443373279,363.0150817277235,3.8854556626720864,2.084918272276525
355.33553397324386,363.18585852248435,4.121347001659444,2.303105677397923
353.1687671858258,363.57999259666343,5.994202407431544,1.864862971200921
353.79541718916624,363.145728495296,5.93741995901172,2.2836230611583233
353.37304249949045,363.5667567620933,6.3174150268195035,2.161220930227728
354.17021881195393,362.9446843657619,5.562385742375739,2.7811928711878977
353.8968665520586,363.93131273052927,5.091075707932248,1.9394574125456074
353.10961206213585,363.70978109235966,5.562385742375739,2.6348142990200927
353.63495673079115,363.7356862326058,5.320089188785801,2.4090969911482603
353.5552932263755,363.99956025003024,5.73554785329668,1.9118492844322077
352.700424940449,363.8385627662888,5.625638261752783,3.0885857123348615
352.9713028471302,364.53187345604385,5.48069534678001,2.1009332162656733
353.40985540054504,364.61972918877024,5.370633873223255,2.1936391876545827
352.7419496020408,364.37059620060063,5.29471836400262,2.537052549417922
352.9183504745625,364.6788912709535,5.572040269226363,2.2836230611583233
0,0,0,0
0,0,0,0
0,0,0,0
0,0,0,0
0,0,0,0
0,0,0,0
0,0,0,0
0,0,0,0
0,0,0,0
0,0,0,0
0,0,0,0
0,0,0,0
0,0,0,0
0,0,0,0
0,0,0,0
0,0,0,0
0,0,0,0
0,0,0,0
0,0,0,0
0,0,0,0
0,0,0,0
0,0,0,0
0,0,0,0
0,0,0,0
0,0,0,0
0,0,0,0
0,0,0,0
0,0,0,0
0,0,0,0
0,0,0,0
0,0,0,0
0,0,0,0
0,0,0,0
0,0,0,0
0,0,0,0
0,0,0,0
0,0,0,0
0,0,0,0
0,0,0,0
0,0,0,0
0,0,0,0
0,0,0,0
0,0,0,0
0,0,0,0
0,0,0,0
0,0,0,0
0,0,0,0
0,0,0,0
0,0,0,0
0,0,0,0
0,0,0,0
0,0,0,0
0,0,0,0
0,0,0,0
0,0,0,0
0,0,0,0
0,0,0,0
0,0,0,0
0,0,0,0
0,0,0,0
0,0,0,0
0,0,0,0
0,0,0,0
0,0,0,0
0,0,0,0
0,0,0,0
0,0,0,0
0,0,0,0
0,0,0,0
0,0,0,0
0,0,0,0
0,0,0,0
0,0,0,0
0,0,0,0
0,0,0,0
0,0,0,0
0,0,0,0
0,0,0,0
0,0,0,0
0,0,0,0
0,0,0,0
0,0,0,0
0,0,0,0
0,0,0,0
0,0,0,0
0,0,0,0
0,0,0,0
0,0,0,0
0,0,0,0
0,0,0,0
0,0,0,0
0,0,0,0
0,0,0,0
0,0,0,0
0,0,0,0
0,0,0,0
0,0,0,0
0,0,0,0
0,0,0,0
0,0,0,0
0,0,0,0
0,0,0,0
0,0,0,0
0,0,0,0
0,0,0,0
0,0,0,0
0,0,0,0
0,0,0,0
0,0,0,0
0,0,0,0
0,0,0,0
0,0,0,0
0,0,0,0
0,0,0,0
0,0,0,0
0,0,0,0
0,0,0,0
0,0,0,0
0,0,0,0
0,0,0,0
0,0,0,0
0,0,0,0
0,0,0,0
0,0,0,0
0,0,0,0
0,0,0,0
0,0,0,0
0,0,0,0
0,0,0,0
0,0,0,0
0,0,0,0
0,0,0,0
0,0,0,0
0,0,0,0
0,0,0,0
0,0,0,0
0,0,0,0
0,0,0,0
0,0,0,0
0,0,0,0
0,0,0,0
0,0,0,0
0,0,0,0
0,0,0,0
0,0,0,0
0,0,0,0
0,0,0,0
0,0,0,0
0,0,0,0
0,0,0,0
0,0,0,0
0,0,0,0
0,0,0,0
0,0,0,0
0,0,0,0
0,0,0,0
0,0,0,0
0,0,0,0
0,0,0,0
0,0,0,0
0,0,0,0
0,0,0,0
0,0,0,0
0,0,0,0
0,0,0,0
0,0,0,0
0,0,0,0
0,0,0,0
0,0,0,0
0,0,0,0
0,0,0,0
0,0,0,0
0,0,0,0
0,0,0,0
0,0,0,0
0,0,0,0
0,0,0,0
0,0,0,0
0,0,0,0
0,0,0,0
0,0,0,0
0,0,0,0
0,0,0,0
0,0,0,0
0,0,0,0
0,0,0,0
0,0,0,0
0,0,0,0
0,0,0,0
0,0,0,0
0,0,0,0
0,0,0,0
0,0,0,0
0,0,0,0
0,0,0,0
0,0,0,0
0,0,0,0
0,0,0,0
0,0,0,0
0,0,0,0
0,0,0,0
0,0,0,0
0,0,0,0
0,0,0,0
0,0,0,0
0,0,0,0
0,0,0,0
0,0,0,0
0,0,0,0
0,0,0,0
0,0,0,0
0,0,0,0
0,0,0,0
0,0,0,0
0,0,0,0
0,0,0,0
0,0,0,0
0,0,0,0
0,0,0,0
0,0,0,0
0,0,0,0
0,0,0,0
0,0,0,0
0,0,0,0
0,0,0,0
0,0,0,0
0,0,0,0
0,0,0,0
0,0,0,0
0,0,0,0
0,0,0,0
0,0,0,0
0,0,0,0
0,0,0,0
0,0,0,0
0,0,0,0
0,0,0,0
0,0,0,0
0,0,0,0
0,0,0,0
0,0,0,0
0,0,0,0
0,0,0,0
0,0,0,0
0,0,0,0
0,0,0,0
0,0,0,0
0,0,0,0
0,0,0,0
0,0,0,0
0,0,0,0
0,0,0,0
0,0,0,0
0,0,0,0
0,0,0,0
0,0,0,0
0,0,0,0
0,0,0,0
0,0,0,0
0,0,0,0
0,0,0,0
0,0,0,0
0,0,0,0
0,0,0,0
0,0,0,0
0,0,0,0
0,0,0,0
0,0,0,0
0,0,0,0
0,0,0,0
0,0,0,0
0,0,0,0
0,0,0,0
0,0,0,0
0,0,0,0
0,0,0,0
0,0,0,0
0,0,0,0
0,0,0,0
0,0,0,0
0,0,0,0
0,0,0,0
0,0,0,0
0,0,0,0
0,0,0,0
0,0,0,0
0,0,0,0
0,0,0,0
0,0,0,0
0,0,0,0
0,0,0,0
0,0,0,0
0,0,0,0
0,0,0,0
0,0,0,0
0,0,0,0
0,0,0,0
0,0,0,0
0,0,0,0
0,0,0,0
0,0,0,0
0,0,0,0
0,0,0,0
0,0,0,0
0,0,0,0
0,0,0,0
0,0,0,0
0,0,0,0
0,0,0,0
0,0,0,0
0,0,0,0
0,0,0,0
0,0,0,0
0,0,0,0
0,0,0,0
0,0,0,0
0,0,0,0
0,0,0,0
0,0,0,0
0,0,0,0
0,0,0,0
0,0,0,0
0,0,0,0
0,0,0,0
0,0,0,0
0,0,0,0
0,0,0,0
0,0,0,0
0,0,0,0
0,0,0,0
0,0,0,0
0,0,0,0
0,0,0,0
0,0,0,0
0,0,0,0
0,0,0,0
0,0,0,0
0,0,0,0
0,0,0,0
0,0,0,0
0,0,0,0
0,0,0,0
0,0,0,0
0,0,0,0
0,0,0,0
0,0,0,0
0,0,0,0
0,0,0,0
0,0,0,0
0,0,0,0
0,0,0,0
0,0,0,0
0,0,0,0
0,0,0,0
0,0,0,0
0,0,0,0
0,0,0,0
0,0,0,0
0,0,0,0
0,0,0,0
0,0,0,0
0,0,0,0
0,0,0,0
0,0,0,0
0,0,0,0
0,0,0,0
0,0,0,0
0,0,0,0
0,0,0,0
0,0,0,0
0,0,0,0
0,0,0,0
0,0,0,0
0,0,0,0
0,0,0,0
0,0,0,0
0,0,0,0
0,0,0,0
0,0,0,0
0,0,0,0
0,0,0,0
0,0,0,0
0,0,0,0
0,0,0,0
0,0,0,0
0,0,0,0
0,0,0,0
0,0,0,0
0,0,0,0
0,0,0,0
0,0,0,0
0,0,0,0
0,0,0,0
0,0,0,0
0,0,0,0
0,0,0,0
0,0,0,0
0,0,0,0
0,0,0,0
0,0,0,0
0,0,0,0
0,0,0,0
0,0,0,0
0,0,0,0
0,0,0,0
0,0,0,0
0,0,0,0
0,0,0,0
0,0,0,0
0,0,0,0
0,0,0,0
0,0,0,0
0,0,0,0
0,0,0,0
0,0,0,0
0,0,0,0
0,0,0,0
0,0,0,0
0,0,0,0
0,0,0,0
0,0,0,0
0,0,0,0
0,0,0,0
0,0,0,0
0,0,0,0
0,0,0,0
0,0,0,0
0,0,0,0
0,0,0,0
0,0,0,0
0,0,0,0
0,0,0,0
0,0,0,0
0,0,0,0
0,0,0,0
0,0,0,0
0,0,0,0
0,0,0,0
0,0,0,0
0,0,0,0
0,0,0,0
0,0,0,0
0,0,0,0
0,0,0,0
0,0,0,0
0,0,0,0
0,0,0,0
0,0,0,0
0,0,0,0
0,0,0,0
0,0,0,0
0,0,0,0
0,0,0,0
0,0,0,0
0,0,0,0
0,0,0,0
0,0,0,0
0,0,0,0
0,0,0,0
0,0,0,0
0,0,0,0
0,0,0,0
0,0,0,0
0,0,0,0
0,0,0,0
0,0,0,0
0,0,0,0
0,0,0,0
0,0,0,0
0,0,0,0
0,0,0,0
0,0,0,0
0,0,0,0
0,0,0,0
0,0,0,0
0,0,0,0
0,0,0,0
0,0,0,0
0,0,0,0
0,0,0,0
0,0,0,0
0,0,0,0
0,0,0,0
0,0,0,0
0,0,0,0
0,0,0,0
0,0,0,0
0,0,0,0
0,0,0,0
0,0,0,0
0,0,0,0
0,0,0,0
0,0,0,0
0,0,0,0
0,0,0,0
0,0,0,0
0,0,0,0
0,0,0,0
0,0,0,0
0,0,0,0
0,0,0,0
0,0,0,0
0,0,0,0
0,0,0,0
0,0,0,0
0,0,0,0
0,0,0,0
0,0,0,0
0,0,0,0
0,0,0,0
0,0,0,0
0,0,0,0
0,0,0,0
0,0,0,0
0,0,0,0
0,0,0,0
0,0,0,0
0,0,0,0
0,0,0,0
0,0,0,0
0,0,0,0
0,0,0,0
0,0,0,0
0,0,0,0
0,0,0,0
0,0,0,0
0,0,0,0
0,0,0,0
0,0,0,0
0,0,0,0
0,0,0,0
0,0,0,0
0,0,0,0
0,0,0,0
0,0,0,0
0,0,0,0
0,0,0,0
0,0,0,0
0,0,0,0
0,0,0,0
0,0,0,0
0,0,0,0
0,0,0,0
0,0,0,0
0,0,0,0
0,0,0,0
0,0,0,0
0,0,0,0
0,0,0,0
0,0,0,0
0,0,0,0
0,0,0,0
0,0,0,0
0,0,0,0
0,0,0,0
0,0,0,0
0,0,0,0
0,0,0,0
0,0,0,0
0,0,0,0
0,0,0,0
0,0,0,0
0,0,0,0
0,0,0,0
0,0,0,0
0,0,0,0
0,0,0,0
0,0,0,0
0,0,0,0
0,0,0,0
0,0,0,0
0,0,0,0
0,0,0,0
0,0,0,0
0,0,0,0
0,0,0,0
0,0,0,0
0,0,0,0
0,0,0,0
0,0,0,0
0,0,0,0
0,0,0,0
0,0,0,0
0,0,0,0
0,0,0,0
0,0,0,0
0,0,0,0
0,0,0,0
0,0,0,0
0,0,0,0
0,0,0,0
0,0,0,0
0,0,0,0
0,0,0,0
0,0,0,0
0,0,0,0
0,0,0,0
0,0,0,0
0,0,0,0
0,0,0,0
0,0,0,0
0,0,0,0
0,0,0,0
0,0,0,0
0,0,0,0
0,0,0,0
0,0,0,0
0,0,0,0
0,0,0,0
0,0,0,0
0,0,0,0
0,0,0,0
0,0,0,0
0,0,0,0
0,0,0,0
0,0,0,0
0,0,0,0
0,0,0,0
0,0,0,0
0,0,0,0
0,0,0,0
0,0,0,0
0,0,0,0
0,0,0,0
0,0,0,0
0,0,0,0
0,0,0,0
0,0,0,0
0,0,0,0
0,0,0,0
0,0,0,0
0,0,0,0
0,0,0,0
0,0,0,0
0,0,0,0
0,0,0,0
0,0,0,0
0,0,0,0
0,0,0,0
0,0,0,0
0,0,0,0
0,0,0,0
0,0,0,0
0,0,0,0
0,0,0,0
0,0,0,0
0,0,0,0
0,0,0,0
0,0,0,0
0,0,0,0
0,0,0,0
0,0,0,0
0,0,0,0
0,0,0,0
0,0,0,0
0,0,0,0
0,0,0,0
0,0,0,0
0,0,0,0
0,0,0,0
0,0,0,0
0,0,0,0
0,0,0,0
0,0,0,0
0,0,0,0
0,0,0,0
0,0,0,0
0,0,0,0
0,0,0,0
0,0,0,0
0,0,0,0
0,0,0,0
0,0,0,0
0,0,0,0
0,0,0,0
0,0,0,0
0,0,0,0
0,0,0,0
0,0,0,0
0,0,0,0
0,0,0,0
0,0,0,0
0,0,0,0
0,0,0,0
0,0,0,0
0,0,0,0
0,0,0,0
0,0,0,0
0,0,0,0
0,0,0,0
0,0,0,0
0,0,0,0
0,0,0,0
0,0,0,0
0,0,0,0
0,0,0,0
0,0,0,0
0,0,0,0
0,0,0,0
0,0,0,0
0,0,0,0
0,0,0,0
0,0,0,0
0,0,0,0
0,0,0,0
0,0,0,0
0,0,0,0
0,0,0,0
0,0,0,0
0,0,0,0
0,0,0,0
0,0,0,0
0,0,0,0
0,0,0,0
0,0,0,0
0,0,0,0
0,0,0,0
0,0,0,0
0,0,0,0
0,0,0,0
0,0,0,0
0,0,0,0
0,0,0,0
0,0,0,0
0,0,0,0
0,0,0,0
0,0,0,0
0,0,0,0
0,0,0,0
0,0,0,0
0,0,0,0
0,0,0,0
0,0,0,0
0,0,0,0
0,0,0,0
0,0,0,0
0,0,0,0
0,0,0,0
0,0,0,0
0,0,0,0
0,0,0,0
0,0,0,0
0,0,0,0
0,0,0,0
0,0,0,0
0,0,0,0
0,0,0,0
0,0,0,0
0,0,0,0
0,0,0,0
0,0,0,0
0,0,0,0
0,0,0,0
0,0,0,0
0,0,0,0
0,0,0,0
0,0,0,0
0,0,0,0
0,0,0,0
0,0,0,0
0,0,0,0
0,0,0,0
0,0,0,0
0,0,0,0
0,0,0,0
0,0,0,0
0,0,0,0
0,0,0,0
0,0,0,0
0,0,0,0
0,0,0,0
0,0,0,0
0,0,0,0
0,0,0,0
0,0,0,0
0,0,0,0
0,0,0,0
0,0,0,0
0,0,0,0
0,0,0,0
0,0,0,0
0,0,0,0
0,0,0,0
0,0,0,0
0,0,0,0
0,0,0,0
0,0,0,0
0,0,0,0
0,0,0,0
0,0,0,0
0,0,0,0
0,0,0,0
0,0,0,0
0,0,0,0
0,0,0,0
0,0,0,0
0,0,0,0
0,0,0,0
0,0,0,0
0,0,0,0
0,0,0,0
0,0,0,0
0,0,0,0
0,0,0,0
0,0,0,0
0,0,0,0
0,0,0,0
0,0,0,0
0,0,0,0
0,0,0,0
0,0,0,0
0,0,0,0
0,0,0,0
0,0,0,0
0,0,0,0
0,0,0,0
0,0,0,0
0,0,0,0
0,0,0,0
0,0,0,0
0,0,0,0
0,0,0,0
0,0,0,0
0,0,0,0
0,0,0,0
0,0,0,0
0,0,0,0
0,0,0,0
0,0,0,0
0,0,0,0
0,0,0,0
0,0,0,0
0,0,0,0
0,0,0,0
0,0,0,0
0,0,0,0
0,0,0,0
0,0,0,0
0,0,0,0
0,0,0,0
0,0,0,0
437.1000000000001,367.3,3.3999999999999204,2.3000000000000114
436.7938112774333,366.27779571502293,3.9162838382658833,3.8230389849738344
435.97941931497866,365.51456952177483,5.548068770876625,3.962906264911908
437.9672348483528,364.2784370357824,4.092451411598461,5.5595566346243
437.90561023351296,362.23504419311286,5.131735010695934,3.7825464632829267
438.22226300947915,361.58335909919725,5.499065622428191,3.1012172405554566
439.269183919344,360.1814224010606,4.68851454591686,3.930371768279258
439.7273015972425,359.63461944911336,4.449101037189223,4.68851454591686
440.0764854568181,359.09744094784577,3.9902251454611815,3.6909582595515644
439.9990506635502,357.8868302944602,5.003858663390986,3.5741847595650142
440.9224147118534,356.96803942047626,4.738591858256768,3.358772006810341
441.1279316439433,356.1468873327904,4.947879180371842,3.1522778649143106
441.64207448431875,355.7537178535742,5.3276083394916895,3.464041636377317
441.9236156651645,354.8564557283642,5.515929477330872,3.1619977895527427
442.84030962653407,353.75161549673635,4.889122056405938,2.4993718135887093
443.1043122573442,352.84119794429995,4.780999550044783,3.232436802703262
443.8539277557139,351.9181979717491,4.583294711664564,3.338280327301959
444.06077044778175,350.93626003542533,5.020667941331681,3.157101238217308
443.8252174593555,349.87049155393004,5.830421937034828,3.5898052422239175
444.8192572321704,348.8286415093231,5.295088532688851,3.547709316901546
445.23161666560054,347.88571003623633,4.914901137004563,3.1079521895763946
445.97005708220945,347.070177854332,4.528905540098435,3.611153756642352
445.80258232397074,346.0378389429728,5.5464129521910195,3.192180116368945
446.81368831286903,345.03594448411985,4.8295612931868845,2.695250919993782
446.8780647122391,344.02918989518497,5.089509351460379,3.543502478570531
448.0768585302764,342.1165865440777,4.720109479176983,3.023606362023486
448.76432299101083,340.8924295408009,5.247146066281459,3.311886870732792
449.0992759591654,340.00991998396614,4.728416797371494,3.4914470022785054
449.75608508767476,338.91011614080884,5.065391296757241,3.0864391413933276
449.9389143064611,337.8572291216477,5.132322780866048,3.1836262724577296
450.015851553976,336.8827243897403,5.299321504361103,3.1651589529938633
450.8866284532951,335.91633227974404,5.01902647223767,2.945704024338113
451.30445646614595,334.9966467803319,4.847525004423574,3.013817043948734
451.9821124797885,333.7346841009067,4.992507690173738,3.436239706952506
452.1036645289045,332.90244426972464,4.939936648534172,3.238219341514025
452.6359665835333,331.8672724272579,5.144672044117101,3.2888785211890763
453.1068490619442,330.0861837069983,4.818205676052969,4.120997619569835
453.0775870800493,328.8728153821358,5.883035003032148,4.24125779288363
454.0173958885316,327.9807028458154,4.829369480062439,3.7945045914776188
454.85967478539004,326.91036596698785,5.006518396745037,3.954097112143984
455.0417094142432,325.9551391592236,5.036587576305067,3.1422292640231717
455.1582352085802,324.84746133999545,5.637971167505668,3.4429210596234725
455.7921815732375,323.7997373345886,5.247071833225277,3.427886469843429
455.9758801521877,322.8183623789822,5.896716479783379,3.338280327301959
456.8492158811917,321.732440204096,5.207243814826825,3.311886870732792
457.1693194030924,320.06799589458376,5.206531828214679,3.9796461102789635
457.8857860999783,317.8750005895269,5.517694449265548,3.5030594187435327
458.44886971549437,316.782329825645,5.241510567489115,3.63544200880483
458.911453829825,315.94560486485585,4.980057537450477,3.4887765715656087
459.43141732629493,314.0481232156559,5.609405468007424,3.858176443849004
460.7737703243512,313.0075038596788,5.103190828211609,3.776087583341564
460.89889816458356,311.7750530670683,5.1917099920260625,4.370000496885268
460.7654943517189,310.7775099746866,6.06135251161885,3.738778184736873
461.44539141681423,308.92788491270517,5.431546270241313,4.008672688112597
461.9072639892868,307.75345345869425,5.5026598594855045,3.593266957423623
462.81483661338393,306.8085344875953,5.452103993365483,3.915601958871548
462.7895661566713,305.77918134152515,6.0138359199546585,3.6016929410717466
463.48388175454187,304.7691834921203,5.6463680763136495,3.376927531171475
464.04797804551725,303.77007111925457,5.979779129434689,3.2167087730751973
