546.1455701979288,63.337828116022834,4.925139468828434,4.130762135146469
545.8591668700639,63.99972663521627,5.603368476166224,2.839040027924206
545.9342843529456,64.0237322534184,5.31495663764656,2.5176110388852067
545.3915542982515,64.14414752833541,6.239648648668663,3.28402560456243
546.079498203179,64.6975971120883,5.582843527756154,3.6124281650186703
546.1542517500858,65.63280015423767,5.840611854300505,2.715372177876546
546.3581181260278,65.60219272542544,5.635678105026841,2.8690724898318223
546.1436094698837,65.47904759918737,5.778940697054509,3.399376880620281
546.5246183439347,66.00640884931764,5.5007428876421045,3.4482268847905573
546.8840632618893,66.13247113059597,5.493912889095554,3.3252630644525567
546.6413898548269,66.40388882038532,5.58444466770834,3.5351071749713583
547.0685475154713,66.91020294170738,5.090239687071744,3.3661262446764937
547.4809581319026,67.49769244553168,4.926038406843645,2.6272204836499498
547.183996609352,67.5174801083243,5.005675838708498,3.1378863466530618
546.7976159247553,67.38220473193132,5.3792337371195345,3.959713723157435
546.9060838835891,67.41978184328758,5.642965621829603,3.8073021062947134
547.257993108754,68.17394422577634,4.926038406843645,3.3661262446764937
546.8556291712065,67.98331324217749,5.382573528429134,3.7739883360250275
547.8790453299075,68.87459654640514,4.258560041886312,3.063174766970846
547.2431768024014,68.93731329909272,5.142567303123997,2.7968348490674515
546.9096368557329,68.99046701406728,5.052346824121855,3.1577167650761595
547.6150127916584,69.52376381746653,4.6321179402973485,2.5401937091953357
547.5120106721346,69.72227917859806,4.871905866117459,2.9772758070718055
547.3387383770687,69.72510769081917,5.155456341662443,2.974301735574457
547.6356955270388,70.45206311048976,4.466899998638155,2.505821950455541
547.3948313609669,70.41919092574813,4.4208034711066375,2.9772758070718055
547.5671775150016,70.71798315958665,4.691140095255946,2.923464117333438
547.7939849972695,70.92250942134012,4.064879038618415,2.3794413884595684
547.4579257387743,71.78884816522563,5.167052858542775,2.175601203596983
547.2021265547181,71.78726829826562,4.871905866117459,2.8870553280696356
547.3524691258874,71.7081600343059,5.4819777930715645,2.66413874055813
547.8161617431484,71.74824453739632,4.5164122709808225,2.7222210948377352
547.6133205623898,72.36298147091995,4.88762423845867,3.4646450297934734
547.8826686617234,72.58907892975107,4.222535978540009,2.8150239856933723
547.9151597462544,73.41846878606498,4.6401495934734385,2.536615111098797
548.1600851254412,73.47471224268094,4.895102708093191,2.855476579721028
547.5977528696507,73.28102090183164,4.843937766729596,3.0377236842202535
547.9820815232742,74.36438580896254,4.582052144177624,2.5880109332855312
547.8265354950959,74.09299879433487,5.382573528429134,2.784089756084043
548.0467862729579,74.55996177225191,4.597635846387448,2.709321123763999
548.0351793514378,74.59997607771459,4.149395971496006,2.6108558921772413
547.733646672879,74.71733365441938,4.559775921339906,2.6129053032396996
547.961711444788,74.61413890278094,4.166235498826154,3.321728303118178
547.995053160162,74.90114341422269,4.487177482418815,3.603339493457497
548.416044500425,75.71965612699246,3.77641655832781,3.123702585283496
549.0771318185675,76.54515606812663,5.011361560951286,2.536615111098797
549.2613688433164,76.7083764849996,4.88762423845867,2.351009127359859
548.776307349156,76.51790086317563,5.5073008251732745,3.1128222055327086
548.4183830068071,76.07708806979927,6.427978046820726,4.140053657274379
547.9718155773916,76.80976014589041,6.246033644706358,3.3708753003177208
548.1138070523789,77.42613929497628,5.3045221574373045,2.9137516076064145
548.2782288316473,76.91421034159013,5.849460079963137,3.4700186915035403
547.424444888013,77.36199171050765,6.943987996957617,3.2325461365147277
547.9879944242392,77.58635328286574,5.986196549101351,3.352270067496761
548.8400944365709,77.98719411990332,5.691916834660674,3.3409077073008433
548.7317755665051,79.33458872778218,5.254599732848192,3.3708753003177208
0,0,0,0
0,0,0,0
0,0,0,0
0,0,0,0
0,0,0,0
0,0,0,0
0,0,0,0
0,0,0,0
0,0,0,0
0,0,0,0
0,0,0,0
0,0,0,0
0,0,0,0
0,0,0,0
0,0,0,0
0,0,0,0
0,0,0,0
0,0,0,0
0,0,0,0
0,0,0,0
0,0,0,0
0,0,0,0
0,0,0,0
0,0,0,0
0,0,0,0
0,0,0,0
0,0,0,0
0,0,0,0
0,0,0,0
0,0,0,0
0,0,0,0
0,0,0,0
0,0,0,0
0,0,0,0
0,0,0,0
0,0,0,0
0,0,0,0
0,0,0,0
0,0,0,0
0,0,0,0
0,0,0,0
0,0,0,0
0,0,0,0
0,0,0,0
0,0,0,0
0,0,0,0
0,0,0,0
0,0,0,0
0,0,0,0
0,0,0,0
0,0,0,0
0,0,0,0
0,0,0,0
0,0,0,0
0,0,0,0
0,0,0,0
0,0,0,0
0,0,0,0
0,0,0,0
0,0,0,0
0,0,0,0
0,0,0,0
0,0,0,0
0,0,0,0
0,0,0,0
0,0,0,0
0,0,0,0
0,0,0,0
0,0,0,0
0,0,0,0
0,0,0,0
0,0,0,0
0,0,0,0
0,0,0,0
0,0,0,0
0,0,0,0
0,0,0,0
0,0,0,0
0,0,0,0
0,0,0,0
0,0,0,0
0,0,0,0
0,0,0,0
0,0,0,0
0,0,0,0
0,0,0,0
0,0,0,0
0,0,0,0
0,0,0,0
0,0,0,0
0,0,0,0
0,0,0,0
0,0,0,0
0,0,0,0
0,0,0,0
0,0,0,0
0,0,0,0
0,0,0,0
0,0,0,0
0,0,0,0
0,0,0,0
0,0,0,0
0,0,0,0
0,0,0,0
0,0,0,0
0,0,0,0
0,0,0,0
0,0,0,0
0,0,0,0
0,0,0,0
0,0,0,0
0,0,0,0
0,0,0,0
0,0,0,0
0,0,0,0
0,0,0,0
0,0,0,0
0,0,0,0
0,0,0,0
0,0,0,0
0,0,0,0
0,0,0,0
0,0,0,0
0,0,0,0
0,0,0,0
0,0,0,0
0,0,0,0
0,0,0,0
0,0,0,0
0,0,0,0
0,0,0,0
0,0,0,0
0,0,0,0
0,0,0,0
0,0,0,0
538.4725959533454,91.21011726406492,3.0781171408259524,1.995075924609381
538.5897421606805,91.79887838252293,3.491203041137055,1.8287254025003818
538.5590262417048,91.5733726646211,3.3797621305143366,1.8268984489266842
537.2519763545947,91.99878748935036,4.046013968188845,1.5561592185341908
536.8570374304284,91.74180926299854,5.358203911808118,2.1660824324330434
537.2445107051616,91.65687866661753,5.240532044586303,2.405490118826492
537.0508154779943,91.76200499546742,4.9443947673079265,2.240984678707889
537.4114860631191,91.82536633210206,3.507825739986856,2.317670578205565
538.4293592627514,92.4433919649442,2.5650976173549225,2.052078093883935
538.0294203867056,92.46471233781352,3.408079159205272,2.493716457955074
537.3040399832412,92.70383348689316,3.5911366642968687,2.2800867709821517
537.5133152882971,92.6680639988522,3.491203041137055,2.5768403398868998
537.063760973291,92.68379227738465,3.942270020286628,2.386110801752423
537.5099110017086,92.776411933403,3.9334219916564734,3.1013519549598954
537.9635286702871,93.28782624150514,2.973820186404737,2.3129712560925526
538.6831231108306,93.61528981474754,2.571852840698398,2.117996457045777
537.7285723812978,93.7322047442091,3.008574489166108,2.2304948798989983
537.9501411587692,94.4145264944223,4.059500571917511,1.7937328108472883
537.5708004465572,94.29926017135398,4.88727702056724,2.0650466284086946
538.1242918918811,94.77432274885157,5.162616571021772,1.7897070779542048
537.2126061745402,94.4984011881954,5.9886352223852555,2.4092210664768174
537.6472200667048,94.71695759602814,5.512297591407787,2.317670578205565
537.4644711805062,94.76005796143465,5.477962547952643,2.3121270494605284
538.0977328185359,94.62093083777432,5.290941343016243,2.541726723605848
538.1770290145533,94.50272457601338,5.097977462408039,2.5961922262263357
537.4156984080713,94.59150703936221,5.798949393599514,2.6632212029864633
537.5288962151077,94.71936145613279,5.381198432541851,2.5961922262263357
537.6270137687093,94.71513636389247,5.550301212771956,2.801086593361532
537.27247065481,94.99404428573831,6.1760959755932845,2.618977407371844
538.2059018520849,95.4364631033461,4.218160526316979,2.451093278805814
538.3508665581641,95.40667727054559,3.933149679944222,2.6791019559040308
538.5132796637138,95.61628301289136,3.587465621694605,2.548988731204034
538.776234946553,95.74960007559046,3.1921214793750323,2.5650976173549225
538.7039098282357,95.75033597659299,3.5272942286775333,2.852958567312683
538.6815127579031,95.43960331522531,3.7051410028459486,3.0211149715513557
538.4448835678736,96.03844836440277,3.5652799975464404,2.7061763836798036
539.236359817142,96.23379198973618,3.3514481465830386,2.9266166913824208
538.4860624824579,96.44622213835795,3.994831804479645,2.8779971064531225
539.5101145198306,96.74292504558682,2.5768403398868713,2.909335867614246
539.726473298698,97.79971408121335,2.571852840698398,1.6641400733931135
539.4543681928717,97.61913810340454,3.1587075134098086,2.410592576023234
539.6236430029916,97.93394088754869,4.3019586707521285,2.7576658145846977
539.5413938976645,97.57852867055084,3.6308510692213076,2.647495571307232
539.6368186829648,97.87949160367853,3.5624519754070434,2.557657828497355
539.5727153351539,97.90676489631817,3.7064937998301275,2.4205673794809
539.3958099372793,98.21561391537072,4.201866432531347,2.1922781387120125
539.7220572469273,98.38462470765019,4.115540693211642,2.007580825956893
539.82459572996,98.34116549892293,3.5132664454246196,2.107959867254735
539.7445721325441,98.83205544330657,3.16419041101949,1.3486713227296292
539.8189653216327,98.7941001826584,3.324955277273375,2.410592576023234
0,0,0,0
0,0,0,0
0,0,0,0
0,0,0,0
0,0,0,0
0,0,0,0
0,0,0,0
0,0,0,0
0,0,0,0
0,0,0,0
0,0,0,0
0,0,0,0
0,0,0,0
0,0,0,0
0,0,0,0
0,0,0,0
0,0,0,0
0,0,0,0
0,0,0,0
0,0,0,0
0,0,0,0
0,0,0,0
0,0,0,0
0,0,0,0
0,0,0,0
0,0,0,0
0,0,0,0
0,0,0,0
0,0,0,0
0,0,0,0
0,0,0,0
0,0,0,0
0,0,0,0
0,0,0,0
0,0,0,0
0,0,0,0
0,0,0,0
0,0,0,0
0,0,0,0
0,0,0,0
0,0,0,0
0,0,0,0
0,0,0,0
0,0,0,0
0,0,0,0
0,0,0,0
0,0,0,0
0,0,0,0
0,0,0,0
0,0,0,0
0,0,0,0
0,0,0,0
0,0,0,0
0,0,0,0
0,0,0,0
0,0,0,0
0,0,0,0
0,0,0,0
0,0,0,0
0,0,0,0
0,0,0,0
0,0,0,0
0,0,0,0
0,0,0,0
0,0,0,0
0,0,0,0
0,0,0,0
0,0,0,0
0,0,0,0
0,0,0,0
0,0,0,0
0,0,0,0
0,0,0,0
0,0,0,0
0,0,0,0
0,0,0,0
0,0,0,0
0,0,0,0
0,0,0,0
0,0,0,0
0,0,0,0
0,0,0,0
0,0,0,0
0,0,0,0
0,0,0,0
0,0,0,0
0,0,0,0
0,0,0,0
0,0,0,0
0,0,0,0
0,0,0,0
0,0,0,0
0,0,0,0
0,0,0,0
0,0,0,0
0,0,0,0
0,0,0,0
0,0,0,0
0,0,0,0
0,0,0,0
0,0,0,0
0,0,0,0
0,0,0,0
0,0,0,0
0,0,0,0
0,0,0,0
0,0,0,0
0,0,0,0
0,0,0,0
0,0,0,0
0,0,0,0
0,0,0,0
0,0,0,0
0,0,0,0
0,0,0,0
0,0,0,0
0,0,0,0
0,0,0,0
0,0,0,0
0,0,0,0
0,0,0,0
0,0,0,0
0,0,0,0
526.1669849966949,112.74349989790426,6.363516967345845,2.828229763264801
526.2735664362307,111.82309595472567,5.461384415659836,2.9304989547443085
526.9475049039946,112.6685957735221,4.963798466252456,2.0958260190843703
526.7318681651708,112.36097909443879,4.5672461223166465,2.1009332162656875
526.6495150617827,112.91007926639641,5.569300089433,1.41310599284121
527.6376668846466,112.88463230703975,4.658591044763057,1.8268984489266842
527.5429356106098,112.61020994814761,3.8364867427460467,2.2836230611583517
527.5392958964098,112.07236314789152,3.9463039574851564,2.5055898142762913
527.2703440730578,112.80099579748568,4.384782174983457,1.8165526153503038
527.6840328667737,112.72288414082843,3.510579268294805,1.9273768531814426
527.2581299083744,112.7361927410785,4.322142429626638,1.7539128699933997
527.3193822513681,112.88504890931529,4.560173541964332,2.1660824324330434
526.4196671734342,112.95162713527337,5.011179628552554,1.9418321060641262
527.0897344099864,112.8518655942372,4.7203496295536524,2.334238827801286
527.1045468533229,112.55892833491508,4.543102582499159,2.4092210664768174
527.6160054532677,113.03903025807386,4.161158357042382,2.1660824324330434
527.1666336344889,112.75448447642212,4.295518047029077,2.3601747511148545
527.8474728638874,112.91183084099453,3.135728190613122,2.018893492586514
527.4017476335232,113.23851107021231,3.5794141559083528,2.0650466284086946
527.1821734592272,113.33890037906819,3.890398046335463,1.7636471143387524
527.0713088647053,113.22758949348707,3.9463039574851564,2.0044718514210302
526.9855457306093,113.3584235534237,4.3365979196582884,1.7897070779542048
526.2239179350781,113.62740316190818,5.136459119266419,1.8165526153503038
527.4778312167289,113.48180242954743,3.9518766237863474,1.9329831311998618
527.2718108698049,113.45011878601966,3.883664212128224,1.879192360707222
527.0251613748057,113.59748187666455,4.384782174983457,2.0044718514210302
527.1460896840862,113.84485574294554,4.201629890042341,1.7117751403876014
526.7716358791082,113.35395227919238,4.573438159141915,2.228085257017838
527.5178076857555,113.65133590322051,3.7347821244820807,1.8673910622410261
526.9709426101888,113.58148722584737,4.0847074528739995,2.4205673794809
527.2310447722892,113.27444886753202,4.09788594214001,2.541726723605848
527.2014498367254,113.52904405011931,4.259502684269705,2.6308693049900995
528.7571771413349,114.59673217836801,2.8744237631335636,1.512854612175559
528.5906162254404,114.68267997977046,2.736104125178599,1.539058570412962
528.135036934533,114.34256659778337,3.2679343589218206,1.6080311924853277
528.7057879942754,114.61577340650696,3.049817829226413,1.8470727698131952
527.0063141123055,114.00594114097925,6.216796163976483,2.6023797895715717
527.9808786193488,114.42862424168466,6.315108937602645,2.10503631253421
527.4298955917722,114.58026294575296,6.650526128905085,1.7349198597143811
527.686091480571,114.56209973322996,6.4597712507705864,2.2696493583788566
527.3141376000247,114.22043666320431,7.308271469874512,2.859758401255249
527.1909456575382,114.55127243164041,6.808948075136527,2.61882618274484
527.4807879746993,114.44863606055381,6.634359662953557,2.2696493583788566
527.0464163499058,114.42343861072752,7.236062324336331,2.6312953906677734
527.6386511916629,114.45964437774137,6.634359662953557,2.968003007110809
527.2797158436922,114.69525260536886,6.84136801573618,2.236601082067608
526.728603306785,114.11157753380252,7.098649549072661,3.4533970779272494
527.9340925573978,114.64169294153054,5.78306619904788,2.313226479619175
527.8610508343533,115.04296901743933,6.196143202719668,1.906505600836823
527.588144414396,114.82060881132281,6.505949473928922,2.8915330995239685
527.5830383298634,114.62550851463504,6.4466737071360285,2.762860160201157
527.4781686492745,114.48692550532637,6.216796163976483,2.8915330995239685
527.1778920161667,114.2260636178637,6.255399626205076,3.9385849498328582
528.3841510059584,115.02254889724871,5.525720320402343,1.9734715430008265
527.6506175747012,114.59979636385927,6.505949473928922,2.746956444547763
528.2060548419929,114.92695979892454,6.196143202719668,2.0653810675732274
528.1851455229996,114.55127488392489,5.270753327690159,2.740791730398854
527.919547670559,114.60995640234133,6.023718158567931,3.2435405469211673
527.7739548430652,114.78496542974582,6.285182838587616,2.444237770561841
528.5395192658982,114.69994887927331,5.5603552232934135,2.780177611646721
527.4807066666574,114.2118919644874,6.7149387626362795,2.8778308982727054
527.5156582584873,114.21379678745484,6.110594426404646,3.142591419293794
527.8209704142347,114.8360786396634,6.350484272988297,2.390770549830904
528.0971901435992,115.00542596367907,5.493912889095554,1.8794965146905724
527.8492995179122,114.40566231444114,6.505949473928922,3.1806864094763654
527.664999959001,114.67435537175297,6.285182838587616,2.444237770561841
528.0732877009344,114.73426357053634,6.14689025352061,2.478584779645388
527.5765865606259,114.55164418961397,6.536926827275352,2.7237195113647203
527.7966557328707,114.95748348716799,6.831645069665342,1.906505600836823
528.0786278875883,115.0011516478016,5.927642854024157,2.457803134595366
528.3905760416022,114.86661073436693,5.5073008251732745,2.155030757676485
528.5273873653042,114.65683109554499,5.927642854024157,2.457803134595366
528.5826213385193,114.59109477339265,5.627024756155265,2.8733743435686563
528.5084494352604,114.79851913865923,5.78306619904788,2.1686498246429693
528.4592593829411,114.94872502720197,5.38757689419117,2.753650412586623
528.2638269947204,114.51383838470699,5.7556617965453825,2.4941201118363523
528.8937367514793,114.48059714344694,5.719516802510498,3.3363848014644475
528.4606573665101,114.68504657877287,5.920414629002494,2.368165851600992
528.9625442635884,114.69634913030805,4.908681170263094,2.633926481604604
529.1680133262323,114.18867509389548,5.525720320402343,2.894424929734541
527.9161915997832,114.35167964330941,6.983536487319611,3.142591419293794
528.1946392389077,114.14759440705626,6.523083369418146,3.8371078643636025
528.3788329576087,114.316514152264,6.4597712507705864,3.142591419293794
528.3633127702611,114.47703149643257,6.315108937602645,2.894424929734541
528.5000563585121,114.30698171205522,5.4017658690377175,3.018633867991639
528.0392448473596,114.35940696950598,6.84136801573618,2.894424929734541
527.7053600342095,114.27259558530832,6.990520536401732,3.018633867991639
528.9110719612253,114.57171552504136,5.155456341662443,2.280297997273749
528.0974462876691,114.28261353560778,6.355018669456058,2.7008829345188445
528.6475870064932,114.29428288089116,6.831645069665342,2.5420074677824402
528.8067850057018,114.38424739919242,5.560641335774108,2.859758401255249
529.1082819581603,114.49913493066148,5.41224077767265,2.7934145949278246
528.7318850339085,114.37535639732278,5.371951010109001,3.4533970779272494
528.1626201811614,114.2967721680043,5.927642854024157,3.3252630644525567
529.3812219798638,114.64575306089455,6.023718158567931,2.3168146763722604
529.1499062987447,114.76022634476712,5.692413593905371,2.3191314641836556
529.0633448751238,113.68596527186574,5.4017658690377175,3.9718866684100647
529.231142749883,114.71387068191822,5.719516802510498,2.859758401255249
528.7226108782864,114.25875319678343,6.355018669456058,3.177509334728043
529.1047025047448,114.46787703447211,5.41224077767265,3.3171798314767926
528.7879318226445,114.76423342485835,6.051979398535877,3.1575544688013224
528.9179966338692,114.43785028495378,6.110594426404646,2.968003007110809
529.3862808608877,114.60057381930481,5.323008261128393,3.3381577230805135
529.1974489911007,114.28553635375994,5.180095616890867,3.4533970779272494
529.0712531766693,114.38593556613954,5.371951010109001,3.645252471145426
529.4379279808063,113.92478897838126,5.927642854024157,2.6023797895715717
0,0,0,0
0,0,0,0
0,0,0,0
0,0,0,0
0,0,0,0
0,0,0,0
0,0,0,0
0,0,0,0
0,0,0,0
0,0,0,0
0,0,0,0
0,0,0,0
0,0,0,0
0,0,0,0
0,0,0,0
0,0,0,0
0,0,0,0
0,0,0,0
0,0,0,0
0,0,0,0
0,0,0,0
0,0,0,0
0,0,0,0
0,0,0,0
0,0,0,0
0,0,0,0
0,0,0,0
0,0,0,0
0,0,0,0
0,0,0,0
0,0,0,0
0,0,0,0
0,0,0,0
0,0,0,0
0,0,0,0
0,0,0,0
0,0,0,0
0,0,0,0
0,0,0,0
529.7683920975485,75.43546398836042,6.331227976199898,3.069686291490882
531.8506577618836,73.4467896846086,4.364710304574714,3.142591419293794
531.4563149606372,73.1974351053808,5.03594545959163,3.0775222253059553
530.9339762720199,71.70280696369252,4.582709893841525,2.5459499410230677
531.083857747614,70.21280018949213,4.0057725290445205,3.373282129721673
532.2233762317467,69.93948309672011,2.7801776116467636,2.3168146763722604
530.4692866508562,69.22691759858746,5.761417602038591,2.7934145949278246
530.1545313595086,67.89566395361535,4.837304887943787,3.5643299174323033
530.8325321290182,67.42120335782585,4.6382629283673396,2.5299615972912477
530.5927336780721,66.60836591502414,4.837304887943787,2.2913549469207624
530.5960135117147,65.21018944302801,5.06306395330671,3.4917682436597772
530.4595693672507,63.99587128912807,5.792036690930672,4.170266417470081
530.0104040509009,63.17500643088225,5.792036690930672,3.2435405469211673
530.622307745322,62.63580177573394,5.06306395330671,3.4917682436597772
530.4623646498299,62.1647412437175,4.73633170320204,2.762860160201157
530.3189895769891,60.88801445235444,5.493912889095554,3.4698397194287622
529.9739056064573,60.42168751328796,5.927642854024157,2.313226479619175
530.8039288612831,59.05186618494422,4.633629352744492,3.938584949832851
529.9418027317319,58.60040755321617,6.634359662953557,3.3171798314767926
531.3697385338259,58.28307399807599,4.289637601882873,2.2242565343096317
529.7421822975532,57.323849023983605,6.355018669456058,3.018633867991646
530.1022399680775,55.612971369293916,6.216796163976483,4.192722994309754
529.6957901686665,53.8063024059867,6.355018669456058,3.654135734937256
530.4580780536297,53.33324136005348,5.242890402301327,3.018633867991646
530.3175237226122,52.5880183082579,5.148129032227189,3.471993998478787
529.4065564661939,51.65713553436254,6.650526128905085,3.758993029381159
529.9803831545232,51.31498922294303,6.037267735983278,3.018633867991646
529.7958371896406,49.32759207088496,6.110594426404646,4.015533480208745
529.8764059163536,49.330917890602144,5.5638064033272485,3.2615416847090657
528.9023369818364,48.29117482536364,7.332713311685552,4.19012189239173
529.1619717993705,47.14970442815287,5.7556617965453825,4.028963257581786
529.2693645580791,47.08416730778714,6.225644411065446,3.2325461365147348
530.4464172164065,45.340468514081266,4.028963257581836,4.22081865079997
529.3599254134585,45.10591014993378,6.051979398535877,3.1575544688013224
530.6106018105118,44.63547573773748,3.6541357349371992,2.5420074677824402
530.2990668880491,43.79812584659061,4.539298716757685,3.666356655842769
530.1190336822186,42.85684846908888,5.084014935564824,3.9718866684100576
529.9818058385994,41.889143502462645,6.487081093842335,3.4752220145583976
529.5095619149494,41.07127543628867,6.799803230343855,4.263250884653715
530.3026990339483,40.392019214012386,4.849093061474946,4.216602662152091
529.3546466658397,39.22712964757047,6.216796163976483,4.192722994309754
529.7410195246864,39.437574000406,5.011643900911054,3.81320731591061
529.4216680077815,39.37035342807695,5.936006014221675,3.142591419293801
529.7141720977176,39.24513117028238,5.3493362341193915,2.74695644454777
529.7330276217108,38.25224897569183,5.493912889095554,3.1806864094763654
529.4912890091542,37.80814665348103,5.920414629002494,4.2100726250684275
529.2306704683248,37.34745022446347,6.183544168069261,4.604766933668593
529.4560120799365,37.911827774185646,5.3493362341193915,3.6144163744049607
529.9887018882513,38.04839851433532,4.604766933668543,3.420684007868097
529.0222221829371,37.630730963579516,5.657285089935726,3.420684007868097
529.1883402340209,37.133031076580444,6.037267735983278,4.130762135146462
529.4752631805984,37.3305467664841,6.672769602928952,3.9718866684100576
530.3131326721655,37.68336010132311,4.988240223672733,3.069686291490889
529.9983128500688,37.28585013495902,5.927642854024157,4.048146339333556
529.30913120945,36.77840405493595,7.228832748809964,4.481876304262151
529.3586679778524,37.27399239736401,6.285182838587616,3.666356655842769
529.7576704835496,37.209262591236296,5.878392269246888,3.8130112016736604
530.0447639511473,37.01357666959551,5.346494876148427,3.564329917432296
529.4581759102421,36.71973545146911,6.355018669456058,4.130762135146462
529.74560422247,36.947669468902184,6.037267735983278,4.289637601882866
529.6999207711876,36.99996063007201,5.719516802510498,3.3363848014644475
529.6999207711876,36.99996063007201,5.719516802510498,3.3363848014644475
529.6999207711876,36.99996063007201,5.719516802510498,3.3363848014644475
529.6999207711876,36.99996063007201,5.719516802510498,3.3363848014644475
529.6999207711876,36.99996063007201,5.719516802510498,3.3363848014644475
529.6999207711876,36.99996063007201,5.719516802510498,3.3363848014644475
529.6999207711876,36.99996063007201,5.719516802510498,3.3363848014644475
529.6999207711876,36.99996063007201,5.719516802510498,3.3363848014644475
529.6999207711876,36.99996063007201,5.719516802510498,3.3363848014644475
529.6999207711876,36.99996063007201,5.719516802510498,3.3363848014644475
529.6999207711876,36.99996063007201,5.719516802510498,3.3363848014644475
529.6999207711876,36.99996063007201,5.719516802510498,3.3363848014644475
529.6999207711876,36.99996063007201,5.719516802510498,3.3363848014644475
529.6999207711876,36.99996063007201,5.719516802510498,3.3363848014644475
529.6999207711876,36.99996063007201,5.719516802510498,3.3363848014644475
529.6999207711876,36.99996063007201,5.719516802510498,3.3363848014644475
529.6999207711876,36.99996063007201,5.719516802510498,3.3363848014644475
529.6999207711876,36.99996063007201,5.719516802510498,3.3363848014644475
529.6999207711876,36.99996063007201,5.719516802510498,3.3363848014644475
529.6999207711876,36.99996063007201,5.719516802510498,3.3363848014644475
529.7941043819072,36.25166091976044,6.418254687380909,3.1528268639765784
529.9475419925496,36.369557792781116,5.9486034711488855,2.974301735574464
530.326293746314,36.543597369545175,5.23765236548968,2.2696493583788566
530.3349515147571,36.16231602563954,5.78306619904788,2.8915330995239685
531.3688908949309,36.0556253640892,4.412674044018104,4.028963257581786
531.1777872364694,35.89929332738399,5.692413593905371,3.5841122628292794
530.2123237137426,35.62138699106339,6.4597712507705864,3.8409450680257535
530.8431514089374,36.15988383521093,5.936006014221675,3.3171798314767855
530.7307231017147,35.328516350185176,6.171316372071715,4.2848713649900105
530.7307231017147,35.48837290897669,6.139345060313417,4.125014806198493
530.7307231017147,35.281484038645644,6.101949318503216,4.331903676529542
530.7307231017147,35.34864985859396,6.013290132226416,4.17704059996408
530.7307231017147,35.292680358185855,5.94751718976363,4.320707356989331
530.7307231017147,34.625147491502496,5.94751718976363,4.98824022367269
530.8239679550068,35.46435117113089,5.9008947631176625,4.19565897069031
530.7307231017147,35.43321359327709,5.806983954672319,3.8288410341700114
530.7307231017147,34.625147491502496,5.94751718976363,4.98824022367269
530.7307231017147,34.625147491502496,5.94751718976363,4.98824022367269
530.7307231017147,34.625147491502496,5.94751718976363,4.98824022367269
531.2422640898476,35.328516350185176,6.011459813280226,4.2848713649900105
531.3455243495358,35.34241561396045,5.742583440489966,4.3222055385331615
531.5387892034893,35.398080284504275,5.771850645899576,4.109907504352485
531.3500283785672,35.30075324806891,5.94751718976363,4.368934946820147
531.4731470366704,35.1819654427193,6.133123173502554,4.802634239933752
531.9252555999902,35.32781366695866,6.228583659946139,4.496373900853371
531.7553918480833,34.93254811541305,5.94751718976363,4.98824022367269
531.5189298177089,34.625147491502496,5.94751718976363,4.98824022367269
531.9603255973569,34.67638092882092,5.94751718976363,4.98824022367269
531.5752302974228,34.51254653207476,5.94751718976363,4.98824022367269
532.0008199563124,34.475724332138064,5.94751718976363,4.98824022367269
531.7206216816558,34.50141016900987,5.94751718976363,4.98824022367269
532.1584613915752,34.55715995389009,5.94751718976363,4.98824022367269
532.0001878030945,34.625147491502496,6.299822761844439,5.177495282567527
531.1940860369891,34.625147491502496,7.10592452794981,5.219921691309914
531.9822927529833,34.625147491502496,6.374018291669472,4.8821188130267075
532.1731569965556,34.625147491502496,6.126853568383353,5.219921691309914
532.2197794232017,34.625147491502496,6.080231141737272,5.173299264663889
532.0332897166176,34.48528021156443,7.012679674657761,4.5672077182656
532.1162879087208,34.164046555636666,7.10592452794981,4.707587318125661
532.0906249931758,33.952743274362554,7.10592452794981,5.219921691309914
532.0906249931758,34.1768780134092,7.10592452794981,5.219921691309914
532.4314592619154,34.06832954028569,7.10592452794981,5.219921691309914
532.1792937183578,34.13254365081813,7.10592452794981,5.219921691309914
532.2074946718387,34.00584221464995,7.10592452794981,5.219921691309914
533.5991999964308,33.94159182940372,5.792036690930672,4.865310820381758
533.6254623877768,34.38681609070351,6.110594426404646,3.666356655842769
533.2951242929852,34.36970081075326,6.795102783881362,4.192722994309754
534.1513656002919,34.13641129680053,5.94751718976363,4.98824022367269
533.440944401058,34.007629201992806,7.426067504654725,4.323987946368703
534.4994543072341,34.45866382238769,6.037267735983278,3.654135734937256
534.2718129793366,34.219960425897014,5.936006014221675,3.8409450680257535
534.3274830834332,33.87009936199862,6.487081093842335,4.865310820381758
534.6416511722017,34.73715275157665,7.098649549072661,3.2615416847090657
534.525808597378,34.51621049920491,6.285182838587616,3.3171798314767855
535.0414217773348,34.63243398787421,5.556387803184066,3.3774121940922512
535.4975389291552,34.18075809489243,5.560641335774108,3.9718866684100576
535.5693374354997,34.77764405021182,6.355018669456058,3.495260268200852
535.5088971538235,34.260037086794696,6.513894136192448,3.3363848014644475
536.1766354826951,34.47008616993145,6.831645069665342,3.8130112016736604
536.6414663400909,35.00439424103317,5.627024756155265,2.3944786196405445
536.6414663400909,35.00439424103317,5.627024756155265,2.3944786196405445
536.6414663400909,35.00439424103317,5.627024756155265,2.3944786196405445
536.6414663400909,35.00439424103317,5.627024756155265,2.3944786196405445
536.6414663400909,35.00439424103317,5.627024756155265,2.3944786196405445
536.6414663400909,35.00439424103317,5.627024756155265,2.3944786196405445
536.6414663400909,35.00439424103317,5.627024756155265,2.3944786196405445
536.6414663400909,35.00439424103317,5.627024756155265,2.3944786196405445
536.6414663400909,35.00439424103317,5.627024756155265,2.3944786196405445
536.6414663400909,35.00439424103317,5.627024756155265,2.3944786196405445
536.6414663400909,35.00439424103317,5.627024756155265,2.3944786196405445
537.1025672759567,34.696993617122615,5.627024756155265,2.3944786196405445
536.6414663400909,35.00439424103317,5.627024756155265,2.3944786196405445
536.6414663400909,35.00439424103317,5.627024756155265,2.3944786196405445
536.6414663400909,35.00439424103317,5.627024756155265,2.3944786196405445
536.6414663400909,35.00439424103317,5.627024756155265,2.3944786196405445
536.6414663400909,35.00439424103317,5.627024756155265,2.3944786196405445
536.6414663400909,35.00439424103317,5.627024756155265,2.3944786196405445
536.9212008999671,34.39830269463488,5.627024756155265,2.9539477393928095
536.6414663400909,35.00439424103317,5.627024756155265,2.3944786196405445
536.6414663400909,35.00439424103317,5.627024756155265,2.3944786196405445
536.6414663400909,35.00439424103317,5.627024756155265,2.3944786196405445
537.0610681799051,34.39830269463488,5.720269609447314,2.7208356061627015
536.868555566,34.24528141842282,5.57072427644141,3.013783896493088
536.6414663400909,35.00439424103317,5.627024756155265,2.3944786196405445
536.6800743722758,34.65692195136915,5.627024756155265,2.3944786196405445
536.6414663400909,35.00439424103317,5.627024756155265,2.3944786196405445
536.7958984688305,34.65692195136915,5.627024756155265,2.3944786196405445
536.6765996488638,34.40712799189543,6.083757770201828,2.5350118547317777
536.6414663400909,35.00439424103317,5.627024756155265,2.3944786196405445
536.6414663400909,35.00439424103317,5.627024756155265,2.3944786196405445
536.6414663400909,35.00439424103317,5.627024756155265,2.3944786196405445
536.6414663400909,35.00439424103317,5.627024756155265,2.3944786196405445
536.6414663400909,35.00439424103317,5.627024756155265,2.3944786196405445
536.6414663400909,35.00439424103317,5.627024756155265,2.3944786196405445
536.6414663400909,35.00439424103317,5.627024756155265,2.3944786196405445
536.6414663400909,35.00439424103317,5.627024756155265,2.3944786196405445
536.6414663400909,35.00439424103317,5.627024756155265,2.3944786196405445
545.2273724253266,32.16772582051345,5.270753327690159,3.5841122628292794
544.6910659784041,31.89646300214742,5.761417602038591,3.4917682436597772
544.6910659784041,31.89646300214742,5.761417602038591,3.4917682436597772
544.6910659784041,31.89646300214742,5.761417602038591,3.4917682436597772
545.1386643430204,31.928434313905726,5.761417602038591,3.4917682436597772
545.3709413545282,32.032438077372234,5.761417602038591,3.4917682436597772
545.2850357007975,32.108595045859346,5.931123237008137,3.746326696114089
545.4836472313865,32.2694424153156,6.507376428374982,3.6316355235978435
545.9302084895207,32.43949484329717,5.761417602038591,3.3171798314767926
545.9302084895207,32.43949484329717,5.761417602038591,3.3171798314767926
545.9302084895207,32.43949484329717,5.761417602038591,3.3171798314767926
545.9302084895207,32.43949484329717,5.761417602038591,3.3171798314767926
545.9302084895207,32.43949484329717,5.691150984492992,3.8090461542961123
545.7605028545512,32.354642025812396,6.4826665506591326,4.462692867521213
545.9302084895207,33.255345294646034,5.761417602038591,3.3171798314767926
546.0261224247956,33.01497845494663,5.761417602038591,3.3171798314767926
545.4032088579287,33.28269425384457,7.201883261723651,4.125245933251378
545.4247231322989,33.550197129488666,7.001717275068472,3.6127582286882998
545.2050961410554,33.46341823337231,7.202328298425641,3.7943973474632955
545.5924518941657,33.37058471660153,6.8652806006690525,4.149908422792464
545.6417402723188,33.535488475760616,6.837064945192651,3.811300033277597
546.2205835311996,33.61016379605349,5.41224077767265,3.8409450680257535
545.7459731562851,33.82198480592842,6.675328666833593,4.110597126418568
546.2205835311996,33.61016379605349,5.41224077767265,3.8409450680257535
545.4957145477568,34.60300375876683,7.186191665798219,3.171234378834029
545.4986327887088,34.444838901810854,7.039986423549408,3.7297941316817784
545.4025302133113,34.52431314820518,7.069816092263068,3.6658305663586006
545.476247720603,34.60289351484129,6.937774651551877,3.6447295404466047
545.9087697186815,34.57107773951769,6.429750437819507,3.985863393580388
545.9874059302058,34.371936321720106,7.1280038790306435,4.218614540650776
546.3760557544724,34.91277728700315,6.151829267645894,4.369920100465734
546.156294285327,34.87161405163095,6.139372582981764,4.22081865079997
546.156294285327,34.87161405163095,6.139372582981764,4.22081865079997
546.156294285327,34.87161405163095,6.139372582981764,4.22081865079997
546.156294285327,34.87161405163095,6.139372582981764,4.22081865079997
546.156294285327,34.87161405163095,6.139372582981764,4.22081865079997
546.4656375915586,35.42843200284776,6.139372582981764,4.22081865079997
546.156294285327,34.87161405163095,6.139372582981764,4.22081865079997
546.8353130547449,35.56112791701693,5.548068770876625,4.242640824788026
545.7341625943037,36.09631694992338,7.319720983425441,3.8230389849738273
546.6853084609486,36.67883783077235,6.489596989668939,3.4421173222230266
546.7199159604198,36.31367800210489,6.5336669463274575,3.8183767868147243
546.4024768830675,36.379437046534576,6.86865852509186,4.16623549882619
546.2267732458764,36.390235986675656,7.121447787261104,3.9449746735187645
546.8144584255388,36.86271108901902,6.455413102121611,3.6888074869266347
547.168336275893,37.29476995126598,5.719516802510498,3.3363848014644475
547.0201096027025,37.153266744868915,6.037267735983278,3.495260268200852
546.7178682361777,37.286776894288,6.4597712507705864,3.666356655842769
546.7313821583431,37.38478544470003,6.355018669456058,3.654135734937256
546.7313821583431,37.38478544470003,6.355018669456058,3.654135734937256
546.7313821583431,37.38478544470003,6.355018669456058,3.654135734937256
546.7313821583431,37.38478544470003,6.355018669456058,3.654135734937256
546.7313821583431,37.38478544470003,6.355018669456058,3.654135734937256
546.943514202055,37.85147594086627,6.355018669456058,3.654135734937256
547.0047796363082,38.08336363911811,6.394262196651084,3.618730803599256
547.0283670195398,38.40301925451729,6.355018669456058,3.654135734937256
546.9773153197527,38.40365139911147,6.355018669456058,3.654135734937256
547.4486502808011,38.51192106570539,6.355018669456058,3.654135734937256
547.5481564283031,38.75652061495335,5.7811809041068045,3.543304425097695
547.3441386191165,38.62117212343266,6.0609154639828375,3.4966819984516704
547.9848812191638,39.38696445463845,5.728369096477991,4.158482348065654
547.7776801093569,39.39387202856034,5.78306619904788,3.6144163744049607
547.7776801093569,39.39387202856034,5.78306619904788,3.6144163744049607
547.7776801093569,39.39387202856034,5.78306619904788,3.6144163744049607
547.7776801093569,39.39387202856034,5.78306619904788,3.6144163744049607
547.7776801093569,39.39387202856034,5.78306619904788,3.6144163744049607
547.7776801093569,39.39387202856034,5.78306619904788,3.6144163744049607
547.7776801093569,39.39387202856034,5.839366678761735,4.121120691829766
547.7501831423479,40.22313962584856,5.685138771479728,4.030508830526649
547.3841399644715,40.57790329798188,6.40638772010027,3.775950378072338
547.5202749096542,40.51602133974685,6.710461975606336,3.7241307299176754
547.5622928484038,40.26745960541159,6.681815414601715,4.021462981010281
547.848424570943,40.48337421345862,6.0516379542594905,4.557406360615161
547.4631699657043,41.054535833088394,6.856756404165367,3.6990396390892144
548.3011039622883,41.543363922326485,5.0284051012450846,2.633926481604597
547.703096142683,41.81168796730964,6.434340769616483,3.4027763685471584
547.3958916410032,41.69973857895782,6.883615092495575,3.680086530218766
547.6097803177094,41.71350684760064,6.673664779168007,3.662083200121039
547.6908350546813,41.726023448349835,6.605062049287994,3.688997421144869
547.7172261220702,41.62199289319673,6.872229728910611,3.8994112506739995
547.6676581362084,41.65486606261811,6.778877158425075,3.811300033277597
547.5452665315438,41.79907823985392,6.841860716276983,3.7406434757215123
547.6406273418202,42.1199036038207,6.75640563235595,4.131059443783343
547.8642204827503,42.427229849998696,6.1550444506119675,3.9168464685712223
547.8642204827503,42.427229849998696,6.1550444506119675,3.9168464685712223
547.8642204827503,42.427229849998696,6.1550444506119675,3.9168464685712223
547.8642204827503,42.427229849998696,6.1550444506119675,3.9168464685712223
547.8642204827503,42.427229849998696,6.1550444506119675,3.9168464685712223
547.8642204827503,42.427229849998696,6.1550444506119675,3.9168464685712223
547.7267265293349,43.466944677524275,6.720689371657386,3.4912672060558094
547.7245654737885,43.34684747486211,6.506646539439998,4.252375297429317
547.3095138418944,43.39162130258582,7.167194989652899,4.321396979055422
548.5748565872618,42.98433476330209,5.7556617965453825,4.60452943723633
548.5748565872618,42.98433476330209,5.7556617965453825,4.60452943723633
548.5748565872618,42.98433476330209,6.370463044366488,4.86069662382846
548.5748565872618,42.98433476330209,5.7556617965453825,4.60452943723633
548.5748565872618,42.98433476330209,5.7556617965453825,4.60452943723633
548.5748565872618,42.98433476330209,5.7556617965453825,4.60452943723633
548.5748565872618,42.98433476330209,5.7556617965453825,4.60452943723633
548.5748565872618,42.98433476330209,5.7556617965453825,4.60452943723633
548.5938811719267,44.15303665122089,6.967747475305828,3.9449746735187645
548.5966073198888,44.076557276690195,6.75605756566415,4.447737897395527
548.698978347085,44.31035521072155,6.74594678100209,3.868528722754725
548.5489327461721,44.405770616783364,7.085210259978339,4.115361648011422
548.6214961063998,44.66649273609319,6.762813726032164,3.6375740496082116
548.6312531500192,44.55832443205706,6.530855646808618,3.603230701687515
548.7800568583015,44.48732388786131,6.620384583735131,4.009528691557918
548.3694245968992,44.83649912184346,7.042783851236095,4.115361648011422
548.5275253840408,45.51895485867439,7.011628305495378,3.4912672060558094
548.4928441187806,45.414623275858226,5.94751718976363,3.2615416847090657
548.6173543544318,45.62400749810944,6.7149387626362795,3.2615416847090657
548.8953057330456,45.19551685213561,6.874064840762344,4.83730488794383
549.2855586821939,45.3200183733801,6.523083369418146,3.4533970779272494
548.5372474284369,45.25489217820069,7.135401707989786,4.486529442215939
548.5388477085513,45.56131628540956,6.672769602928952,3.9718866684100576
548.6539296379,46.07196997433191,6.642607209449579,4.164022429804248
548.6539296379,46.07196997433191,6.642607209449579,4.164022429804248
548.6539296379,46.07196997433191,6.642607209449579,4.164022429804248
548.6539296379,46.07196997433191,6.642607209449579,4.164022429804248
548.6539296379,46.07196997433191,6.642607209449579,4.164022429804248
548.6539296379,46.07196997433191,6.642607209449579,4.164022429804248
548.6539296379,46.07196997433191,6.642607209449579,4.164022429804248
549.1944420884885,46.18779407088658,6.642607209449579,4.164022429804248
548.6539296379,46.07196997433191,6.642607209449579,4.164022429804248
549.0472510992602,47.08549069297365,6.573762157089163,4.056151118203935
548.8577776012812,47.20575526104062,6.480517303797114,4.056151118203935
549.2584467931616,47.52723466651378,6.050890847504093,4.079252256744333
549.2711500495332,47.62906923816819,5.827803330752772,3.589926851743712
548.7761535598203,47.5931872647893,7.103877922019933,3.8994112506739995
548.9285964904285,47.794242512137174,7.0866088501953755,3.5433044250976877
549.0740250296512,47.38696817218528,5.878392269246888,3.3363848014644475
549.8540425646133,47.872035344820496,4.915606269190789,2.4578031345953733
549.8540425646133,47.872035344820496,4.915606269190789,2.4578031345953733
549.8540425646133,47.872035344820496,4.915606269190789,2.4578031345953733
548.5812397690418,47.88115356436577,6.921261828243246,3.1971310983255563
548.8305273091854,47.69034131979001,7.0866088501953755,3.450059571805646
548.634023226342,47.840159530192636,6.633407691506022,3.2585160589854283
548.8922062208419,47.522271768721964,6.40638772010027,3.8183767868147243
548.5511578144635,48.04610614726779,6.921261828243246,3.4781975685080226
548.550703389825,47.82512606691702,6.640195358060737,3.829530656236102
548.5269268598804,47.69228129040806,6.75640563235595,4.015235347228675
548.7559019337805,47.76611016978338,7.297342303690357,4.157788056753809
548.7248944089426,47.762385715743385,7.480081848490158,4.867176545250423
548.6245781100206,47.902894970318314,6.6185197638121736,4.030508830526649
548.8923307916309,47.84764664000936,6.3056537279531994,4.335136937967796
549.1802123202501,47.869456919912004,6.09677904089267,4.149908422792464
549.0383581734952,48.86627477261178,6.370325310507042,3.32029076790063
549.362804812187,48.70520647188678,5.967850849669958,3.4906297422597845
549.57905077641,48.27462647713927,6.5578799767585,4.201141860110887
549.6693252579622,48.18888665907643,6.634359662953557,4.015533480208745
549.6693252579622,48.18888665907643,6.634359662953557,4.015533480208745
549.6693252579622,48.18888665907643,6.634359662953557,4.015533480208745
549.6693252579622,48.18888665907643,6.634359662953557,4.015533480208745
549.6693252579622,48.18888665907643,6.634359662953557,4.015533480208745
550.223539678227,48.772206762096104,5.4017658690377175,3.018633867991646
550.223539678227,48.772206762096104,5.4017658690377175,3.018633867991646
550.223539678227,48.772206762096104,5.4017658690377175,3.018633867991646
550.223539678227,48.772206762096104,5.4017658690377175,3.018633867991646
550.223539678227,48.772206762096104,5.4017658690377175,3.018633867991646
550.223539678227,48.772206762096104,5.4017658690377175,3.018633867991646
550.223539678227,48.772206762096104,5.4017658690377175,3.018633867991646
550.223539678227,48.772206762096104,5.4017658690377175,3.018633867991646
550.223539678227,48.772206762096104,5.4017658690377175,3.018633867991646
550.223539678227,48.772206762096104,5.4017658690377175,3.018633867991646
549.3038971124598,49.72469633945397,6.830651807524077,3.224407064421321
549.9481126921655,49.320111529787034,6.100069085212795,3.667763057564656
550.223539678227,48.772206762096104,5.4017658690377175,3.018633867991646
549.8403269572029,49.795767557983396,5.031077783317983,3.3313893430078707
549.8013971868006,49.80061224012606,6.254501213952381,3.397506832270416
550.0578291600912,49.83898193675436,6.248734785877559,3.7121196747787195
549.8240605951183,49.46754438722187,6.136752288811522,3.99733405968459
549.911540675501,49.41150640739373,6.050890847504093,3.60333949345749
549.9697783341416,49.437660463428735,5.93969722393399,3.521391925618019
550.0707673511828,49.71723566112164,5.982123632676348,3.1819806556789345
549.6302160781931,49.31734950692514,6.667007010381212,3.916283838265869
550.0379123493159,49.70652089408569,6.1930527685253765,3.4906297422597845
549.6388210692913,49.430872526841384,6.0241513293838125,3.9410335799707212
549.8405598128109,49.91241985811746,6.100069085212795,3.011426510421508
549.8735073664938,49.497444295066664,6.253728961559887,3.4781975685080226
550.223539678227,48.772206762096104,5.4017658690377175,3.018633867991646
550.223539678227,48.772206762096104,5.4017658690377175,3.018633867991646
550.223539678227,48.772206762096104,5.4017658690377175,3.018633867991646
550.223539678227,48.772206762096104,5.4017658690377175,3.018633867991646
550.223539678227,48.772206762096104,5.4017658690377175,3.018633867991646
550.223539678227,48.772206762096104,5.4017658690377175,3.018633867991646
550.223539678227,48.772206762096104,5.4017658690377175,3.018633867991646
550.223539678227,48.772206762096104,5.4017658690377175,3.018633867991646
550.223539678227,48.772206762096104,5.4017658690377175,3.018633867991646
550.223539678227,48.772206762096104,5.4017658690377175,3.018633867991646
550.223539678227,48.772206762096104,5.4017658690377175,3.018633867991646
551.0516038840584,48.56088285297562,5.683890177137073,3.3381577230805064
551.0516038840584,48.56088285297562,5.683890177137073,3.3381577230805064
551.0516038840584,48.56088285297562,5.683890177137073,3.3381577230805064
551.0516038840584,48.56088285297562,5.683890177137073,3.3381577230805064
551.0516038840584,48.56088285297562,5.683890177137073,3.3381577230805064
551.0516038840584,48.56088285297562,5.683890177137073,3.3381577230805064
551.0516038840584,48.56088285297562,5.683890177137073,3.3381577230805064
551.0516038840584,48.56088285297562,5.683890177137073,3.3381577230805064
551.0516038840584,48.56088285297562,5.683890177137073,3.3381577230805064
551.0516038840584,48.56088285297562,5.683890177137073,3.3381577230805064
551.0516038840584,48.56088285297562,5.683890177137073,3.3381577230805064
551.0516038840584,48.56088285297562,5.683890177137073,3.3381577230805064
551.0516038840584,48.56088285297562,5.683890177137073,3.3381577230805064
551.0516038840584,48.56088285297562,5.683890177137073,3.3381577230805064
551.0516038840584,48.56088285297562,5.683890177137073,3.3381577230805064
550.3772321564334,47.45525476455179,7.410641599752239,3.9432771815195196
550.434212025044,47.64738275386538,6.86865852509186,3.4906297422597845
550.4581049886477,47.88096166003169,6.873465330763906,3.436732665381925
550.5584687482042,47.71141447702598,6.350484272988297,3.735578984110788
551.0516038840584,48.56088285297562,5.683890177137073,3.3381577230805064
551.0516038840584,48.56088285297562,5.683890177137073,3.3381577230805064
551.0516038840584,48.56088285297562,5.683890177137073,3.3381577230805064
551.1991272781246,47.96577683137929,5.849460079963137,2.974301735574464
550.480705045757,47.45057705573804,7.367627093869714,3.5522487774014877
551.0528807726165,47.36196388415081,5.920414629002494,2.894424929734548
551.0528807726165,47.36196388415081,5.920414629002494,2.894424929734548
551.0528807726165,47.36196388415081,5.920414629002494,2.894424929734548
551.0528807726165,47.36196388415081,5.920414629002494,2.894424929734548
551.0528807726165,47.36196388415081,5.920414629002494,2.894424929734548
551.0528807726165,47.36196388415081,5.920414629002494,2.894424929734548
551.0528807726165,47.36196388415081,5.920414629002494,2.894424929734548
551.0528807726165,47.36196388415081,5.920414629002494,2.894424929734548
551.0528807726165,47.36196388415081,5.920414629002494,2.894424929734548
551.0528807726165,47.36196388415081,5.920414629002494,2.894424929734548
551.4992023572958,46.77660289734217,6.699757085950182,4.053634539398459
551.0528807726165,47.36196388415081,5.920414629002494,2.894424929734548
551.0528807726165,47.36196388415081,5.920414629002494,2.894424929734548
551.0528807726165,47.36196388415081,5.920414629002494,2.894424929734548
551.9196242927915,46.5802132628343,5.439003008992472,3.9432771815195196
551.0528807726165,47.36196388415081,5.920414629002494,2.894424929734548
551.0528807726165,47.36196388415081,5.920414629002494,2.894424929734548
551.5594143532219,46.530559889145074,6.679189567986214,3.86080321848911
551.0528807726165,47.36196388415081,5.920414629002494,2.894424929734548
551.427428332905,46.44891639799054,6.788225398781719,4.115361648011422
552.1269954227265,46.74419546271189,5.954551614143611,3.2479372440783365
552.1269954227265,46.74419546271189,5.954551614143611,3.2479372440783365
552.1269954227265,46.74419546271189,5.954551614143611,3.2479372440783365
552.1269954227265,46.74419546271189,5.954551614143611,3.2479372440783365
552.1269954227265,46.74419546271189,5.954551614143611,3.2479372440783365
552.1269954227265,46.74419546271189,5.954551614143611,3.2479372440783365
552.1269954227265,46.74419546271189,5.954551614143611,3.2479372440783365
552.1269954227265,46.74419546271189,5.954551614143611,3.2479372440783365
552.1269954227265,46.74419546271189,5.954551614143611,3.2479372440783365
552.1269954227265,46.74419546271189,5.954551614143611,3.2479372440783365
552.1269954227265,46.74419546271189,5.954551614143611,3.2479372440783365
552.1269954227265,46.74419546271189,5.954551614143611,3.2479372440783365
552.1269954227265,46.74419546271189,5.954551614143611,3.2479372440783365
552.1269954227265,46.74419546271189,5.954551614143611,3.2479372440783365
552.1269954227265,46.74419546271189,5.954551614143611,3.2479372440783365
552.1269954227265,46.74419546271189,5.954551614143611,3.2479372440783365
552.1269954227265,46.74419546271189,5.954551614143611,3.2479372440783365
552.1269954227265,46.74419546271189,5.954551614143611,3.2479372440783365
552.1269954227265,46.74419546271189,5.954551614143611,3.2479372440783365
552.1269954227265,46.74419546271189,5.954551614143611,3.2479372440783365
552.1269954227265,46.74419546271189,5.954551614143611,3.2479372440783365
552.1269954227265,46.74419546271189,5.954551614143611,3.2479372440783365
552.1269954227265,46.74419546271189,5.954551614143611,3.2479372440783365
552.1269954227265,46.74419546271189,5.954551614143611,3.2479372440783365
552.1269954227265,46.74419546271189,5.954551614143611,3.2479372440783365
552.1269954227265,46.74419546271189,5.954551614143611,3.2479372440783365
552.1269954227265,46.74419546271189,5.954551614143611,3.2479372440783365
552.1269954227265,46.74419546271189,5.954551614143611,3.2479372440783365
552.1269954227265,46.74419546271189,5.954551614143611,3.2479372440783365
552.1269954227265,46.74419546271189,5.954551614143611,3.2479372440783365
552.1269954227265,46.74419546271189,5.954551614143611,3.2479372440783365
552.1269954227265,46.74419546271189,5.954551614143611,3.2479372440783365
552.1269954227265,46.74419546271189,5.954551614143611,3.2479372440783365
552.1269954227265,46.74419546271189,5.954551614143611,3.2479372440783365
552.1269954227265,46.74419546271189,5.954551614143611,3.2479372440783365
552.1269954227265,46.74419546271189,5.954551614143611,3.2479372440783365
552.1269954227265,46.74419546271189,5.954551614143611,3.2479372440783365
552.1269954227265,46.74419546271189,5.954551614143611,3.2479372440783365
552.1269954227265,46.74419546271189,5.954551614143611,3.2479372440783365
552.1269954227265,46.74419546271189,5.954551614143611,3.2479372440783365
552.1269954227265,46.74419546271189,5.954551614143611,3.2479372440783365
552.1269954227265,46.74419546271189,5.954551614143611,3.2479372440783365
552.1269954227265,46.74419546271189,5.954551614143611,3.2479372440783365
552.1269954227265,46.74419546271189,5.954551614143611,3.2479372440783365
552.1269954227265,46.74419546271189,5.954551614143611,3.2479372440783365
552.1269954227265,46.74419546271189,5.954551614143611,3.2479372440783365
552.1269954227265,46.74419546271189,5.954551614143611,3.2479372440783365
552.1269954227265,46.74419546271189,5.954551614143611,3.2479372440783365
552.1269954227265,46.74419546271189,5.954551614143611,3.2479372440783365
552.1269954227265,46.74419546271189,5.954551614143611,3.2479372440783365
552.1269954227265,46.74419546271189,5.954551614143611,3.2479372440783365
552.1269954227265,46.74419546271189,5.954551614143611,3.2479372440783365
552.1269954227265,46.74419546271189,5.954551614143611,3.2479372440783365
552.1269954227265,46.74419546271189,5.954551614143611,3.2479372440783365
552.1269954227265,46.74419546271189,5.954551614143611,3.2479372440783365
552.1269954227265,46.74419546271189,5.954551614143611,3.2479372440783365
552.1269954227265,46.74419546271189,5.954551614143611,3.2479372440783365
552.1269954227265,46.74419546271189,5.954551614143611,3.2479372440783365
552.1269954227265,46.74419546271189,5.954551614143611,3.2479372440783365
552.1269954227265,46.74419546271189,5.954551614143611,3.2479372440783365
552.1269954227265,46.74419546271189,5.954551614143611,3.2479372440783365
552.1269954227265,46.74419546271189,5.954551614143611,3.2479372440783365
552.1269954227265,46.74419546271189,5.954551614143611,3.2479372440783365
552.1269954227265,46.74419546271189,5.954551614143611,3.2479372440783365
552.1269954227265,46.74419546271189,5.954551614143611,3.2479372440783365
552.1269954227265,46.74419546271189,5.954551614143611,3.2479372440783365
552.1269954227265,46.74419546271189,5.954551614143611,3.2479372440783365
552.8197708037607,47.70673327810891,6.110594426404646,2.7934145949278246
552.8197708037607,47.70673327810891,6.110594426404646,2.7934145949278246
552.8197708037607,47.70673327810891,6.110594426404646,2.7934145949278246
552.8197708037607,47.70673327810891,6.110594426404646,2.7934145949278246
552.8197708037607,47.70673327810891,6.110594426404646,2.7934145949278246
552.8197708037607,47.70673327810891,6.110594426404646,2.7934145949278246
552.8197708037607,47.70673327810891,6.110594426404646,2.7934145949278246
552.8197708037607,47.70673327810891,6.110594426404646,2.7934145949278246
554.7666082592871,47.331128172606675,5.059923194582552,3.373282129721673
553.7584378184791,47.223919754180464,5.94751718976363,3.2615416847090657
554.3009805280105,47.147295429102606,5.7556617965453825,3.8371078643636096
554.3368507045597,47.53708931646964,5.5638064033272485,3.2615416847090657
554.8087419294463,47.04363181349805,5.262590781335575,3.946943086001653
554.5344762576135,46.51524544546446,5.719516802510498,3.9718866684100576
554.5344762576135,46.51524544546446,5.719516802510498,3.9718866684100576
554.5344762576135,46.51524544546446,5.719516802510498,3.9718866684100576
554.5071202629988,46.50426227248629,6.506646539439998,3.9449746735187645
554.9663964681904,46.563475697001806,5.877522818399598,3.7739883360250346
555.0065653995799,46.53093015605401,6.151829267645894,3.4789655168756326
555.4076025205998,46.57092462588048,6.6493305917172165,3.735578984110788
555.4251528817796,46.31494708449189,7.042783851236095,4.242640874238575
556.6069734122028,46.570966268960234,5.394155550868959,3.0259896992679316
556.5778372567145,45.67877224623027,6.491240537584986,4.53962573543528
556.4178445180493,45.75155021762684,6.372472108370175,4.207068964749219
556.4894796363204,45.631629201357974,6.524757439246628,3.8994112506739995
558.120160388075,45.39426019774083,5.750316688777275,3.866592256246804
557.7622548831848,45.863679702562806,6.183544168069261,2.894424929734548
558.4461072017621,45.50639857969397,5.927642854024157,3.1806864094763654
559.4623065288752,45.513949399932805,5.560641335774108,3.1775093347280503
559.6098599620357,44.70744325830554,5.394155550868959,4.078507855535044
560.1077460849036,44.763150630346416,6.047746862334748,3.2717319091319084
560.1665078359924,44.16265158541562,6.634359662953557,4.3647103045747215
560.3174704464564,43.91845665679739,6.246033644706358,3.866592256246804
560.6810213884341,43.927785593408856,6.513894136192448,3.654135734937256
561.2849930784984,43.68089768986964,5.878392269246888,3.654135734937256
560.6903883033468,42.80559849785445,8.031066960417434,4.539298716757713
562.0571746962792,43.36307186221492,6.634359662953557,4.539298716757713
562.651853774674,43.065274495584305,6.465092273029427,4.4297854463350035
562.7431058177008,43.70654571742987,6.681815414601715,3.7739883360250346
563.1055361117435,43.375099877411124,6.12634953394172,3.5114442450641405
563.6630570902458,43.59472697893924,6.390828535566129,3.0594391925582443
563.7638087007468,43.302365737223695,6.814047163350551,3.2277065510608054
564.7658151553347,42.88698102549094,5.774110656139214,3.9697010760957383
565.3136717037354,42.57880904095356,5.9486034711488855,2.8751583443886446
566.3313514823628,42.21630313939511,5.394155550868959,3.815378316468262
566.3612279355344,43.03144516007559,5.1550989980728446,2.5401937091953357
566.258606018871,42.70358681125407,6.67631544616097,3.6088191600870374
566.0468096958199,42.414861488610256,7.114896043325871,3.4027763685471584
567.9147602315763,42.29424063164335,5.993346728326401,3.28402560456243
567.8278461067911,42.02661652678398,6.972721949093625,4.357951218183551
567.903889890224,42.477242764727144,6.20106111362395,3.362021085699709
568.9127087250703,41.68614964361411,6.310603447123867,4.207068964749219
568.9127087250703,41.68614964361411,6.310603447123867,4.207068964749219
570.5114911040947,40.999099947975566,6.315108937602645,3.946943086001653
571.2190678690008,41.403693831301624,6.405654009154546,3.2479372440783365
571.060485570833,40.17813468005225,6.405654009154546,4.240362513102269
571.9412660963552,40.414727617493455,6.543463818263831,3.866592256246804
572.1868344800506,40.68578669984167,6.662778686015713,3.2634018053954605
572.7982982885934,40.33937416989937,7.228832748809964,4.048146339333556
573.0180544601462,40.51787469508461,7.389057610265468,3.6124281650186774
573.9008083681157,40.33022996079417,6.709803246202796,3.420684007868097
573.8013676621001,39.829226105638924,6.9347288364654105,3.3313893430078707
574.5980236991289,39.90764043223503,6.405654009154546,3.1577167650761595
575.0555706035583,39.66229039689864,6.814353129467008,3.5303275249046138
576.0198364075577,39.43436192012401,5.78306619904788,3.325263064452564
576.4055041026062,39.67689228072279,6.505949473928922,4.048146339333556
576.686427325062,39.529192860628875,6.485950569010811,3.858730085360854
576.7044342362151,39.288357480173694,6.948176910446023,4.333271621568514
576.7972293471565,39.1473097782597,6.679189567986214,4.053843379413564
577.3405961850552,38.53220793603283,6.929290059586947,4.825755577212334
577.7721046657662,38.473015704036165,6.873465330763906,3.8102905637930036
579.5047439346253,38.549056596470834,6.0516379542594905,3.735578984110788
579.2226578232292,38.843916162040756,7.3078587991763015,3.5185986810848604
580.141798878603,38.288955091761196,6.321749288782712,3.858730085360854
581.4237279536301,38.49075901704411,5.746748687137256,3.471993998478787
581.7441531684991,38.390813984398775,5.752791635530571,3.436732665381925
581.9342487079318,37.965492185736366,5.849460079963137,4.064879038618429
582.5520082657307,36.98816435961768,7.308271469874512,5.560641335774086
583.2056833074043,37.56073448580467,5.920414629002494,3.289119238334713
583.5117484785249,37.11591363942687,6.795102783881362,4.62645295923835
583.5666833389886,37.02053791383782,7.104497554802947,4.2100726250684275
584.580913668207,37.533224689787346,5.657285089935726,3.1575544688013224
584.5680985453278,36.688735867584946,6.795102783881362,4.9156062691907465
584.7823059177953,37.30792529581795,6.578238476669412,3.420684007868097
585.112577803622,36.99247678084862,6.118878385116545,4.6231525576435715
585.5428960631909,36.35180769846443,6.372472108370175,4.763886915966026
585.9213743061581,36.83248084718249,7.022888490128253,3.2873095060174933
585.9339546616296,36.01001535319276,7.138324165378663,4.957169559290769
586.6876259151866,36.26318077944821,7.408517070912012,4.140053657274372
587.7068617909569,36.3856573222675,6.505949473928922,3.6144163744049607
588.2591775097081,34.895485213218166,6.535734126335797,5.05992319458251
588.7617222563439,35.47281612008807,6.196143202719668,4.925139468828476
589.4447600915186,34.84720533089751,6.543463818263831,4.758882776919137
590.165758120944,34.81897094556463,6.361372818952759,4.481876304262151
590.5740154628993,35.67165712214293,6.037267735983278,3.1775093347280503
590.2641117503429,35.60659439986888,7.408517070912012,3.2684634136376616
591.5594668480734,35.776046427417015,6.709803246202796,2.6312953906677663
591.1735928554097,34.53587214606422,7.398079278178443,5.052346824121855
591.6795317627526,34.537153763502765,7.373409403786127,5.638489544071739
591.9194010502206,35.11644514808194,7.217638320174046,4.330582992104446
592.5672812861574,35.38704435376611,6.07221950900032,3.036109754500167
593.732330200816,35.34068397767284,5.878392269246888,3.018633867991646
593.1970223446903,34.969102743516224,6.506646539439998,4.815943107932
593.3782686553812,34.7734729520366,7.5532588904935665,4.269233285931158
594.223276341763,34.79637055687036,6.485950569010811,3.9408307254749175
596.232031682745,35.24434045855183,4.867896472735424,4.2100726250684275
594.5285059519923,34.6482292371488,6.7987537510816765,5.229810577755103
595.3263766715991,34.82711083897667,5.927642854024157,4.62645295923835
595.2851721435366,35.13317344530185,6.355018669456058,3.9718866684100576
596.1124889458595,34.53408991830469,6.07221950900032,3.9035696843573575
595.5480316443285,33.70697848379412,6.505949473928922,5.783066199047937
595.333812564612,33.823894331390534,7.963762091063927,5.582843527756133
595.7686143054633,33.831590855203245,7.578520236182726,4.691464908113147
595.917048731011,33.796590541376965,7.308271469874512,4.130762135146462
596.591750878888,34.4814765931782,6.578238476669412,3.946943086001653
596.6151683241977,33.20603101026541,6.4466737071360285,5.26259078133554
597.6779425849868,34.102419454387736,5.242890402301327,3.3363848014644475
597.2252146700937,34.024895334629676,5.883234144547828,3.3774121940922512
597.0410464432154,33.49916394066116,6.139372582981764,4.4126740440181464
597.2368325242503,33.47811833067322,5.657285089935726,4.999461242268758
596.8180732502763,33.49817202673944,6.345368342047436,4.54950937731703
596.7027287365324,33.42780955164537,6.84136801573618,4.867896472735374
596.2247323633418,33.561272312667455,6.634359662953557,4.015533480208745
596.3677793600793,33.41330915517095,6.983536487319611,4.19012189239173
595.5988523000105,32.64420091279713,6.795102783881362,4.771029614214548
595.7316746307957,33.29807972042978,6.196143202719668,3.654135734937256
596.0402443094089,32.75181873877705,6.523083369418146,4.60452943723633
594.8720133880336,32.49476792984328,7.127417841171905,4.60124442911097
594.7071797839532,32.641764410565,6.543463818263831,4.560595994547512
593.4724741725602,31.9428188279471,8.057926515163558,4.4126740440181536
593.8704561581127,31.846897617811976,8.380243784783488,5.586829189855642
592.7899326922552,31.267440076688892,8.819175953548097,5.204759579143143
592.6977400564531,32.04863702292542,6.840893991821304,3.866592256246804
592.2821812078743,31.948179235051164,5.5007428876421045,3.694528805132734
591.1122102825843,31.270018687385388,6.345368342047436,4.310061515352977
589.7852244651187,31.225893933135804,7.467146936610902,4.7662640020920755
589.9384406472644,31.569630568846417,6.56805120912486,3.8587300853608575
589.0256361666595,31.59165614629992,6.7240421713994465,3.362021085699709
587.9063817297048,30.7659749041281,6.795102783881362,5.060182924166945
586.6642721463072,30.476939189503575,7.236062324336331,4.604766933668593
586.1969449009458,30.207751208744522,6.9396794388575245,4.7710296142145445
585.2870953417622,30.5492708874312,5.936006014221675,4.713887128940698
583.8827351557748,30.40698942663366,6.983536487319611,4.190121892391733
584.388252971027,29.995384209929924,6.216796163976483,4.9156062691907465
581.9238737547386,30.57612624526139,7.868786619460934,3.6579574670715935
581.2980031977175,29.274635725754287,6.8242640659755125,5.866472618119332
580.2123776006043,29.71417800532963,7.217638320174046,4.150142034100092
579.3393526676653,29.349510583776347,6.526803610790921,4.555165020031172
577.4674645368589,29.314244396783632,7.070703911690202,4.2152273319691425
576.6344393402794,29.259030920103537,7.700324608218466,3.3589948309694257
575.2878948533242,29.21364629782103,7.3078587991763015,4.240362513102269
574.6714080064335,28.75398346890461,6.856756404165367,4.781685387115328
573.9931548400654,28.49773393838744,6.896453769581058,4.597635846387405
571.831042112088,28.361833679848232,6.403849928896761,3.9408307254749175
570.5775713424214,27.63892541400737,7.3776149738532695,4.252375297429317
569.6450408102253,27.34045398124521,7.410641599752239,4.623152557643575
568.6050836205504,27.394314495559314,7.389057610265468,5.090239687071765
567.9351275938775,27.466010362734202,7.545869547903749,4.706829519979593
566.469314745552,27.119724504405735,8.025450941536747,4.736331703201984
566.2027656409458,27.133437227100586,6.8637731686391135,4.031104876819786
565.7997308846138,26.879253721345965,7.1427556899233196,4.761837126615525
565.251525875959,27.057070557699394,7.336610947750387,4.164022429804248
564.868096172283,26.742109585917174,6.65015184923891,4.926038406843649
563.8968954882432,27.01258810742495,7.336610947750387,4.75888277691914
563.0604359764625,27.184209783861455,6.9396794388575245,4.048146339333556
562.1856761652697,26.85893681035651,7.4882997571805845,5.052346824121852
562.420323023505,27.38718244012695,7.0637119279396074,4.070613653388925
559.9812415412524,26.22427877191967,9.151697558185447,5.120592681365672
560.7637002643587,27.046251366912937,6.645875607729863,4.793746340001906
560.1316638462063,27.02893312158159,7.38328198795125,4.976729816226271
559.6600432841719,27.166890146217945,7.931471294865219,5.155456341662401
558.8746075678181,27.34762790035132,8.625475033165912,5.25459973284822
560.1190476190476,27.38095238095238,7.14285714285711,4.761904761904766
560.096795656789,27.107842978745985,6.946976883167508,5.774110656139257
560.15642698977,27.767145512257187,6.21008048591159,4.5758487790927305
558.8145708667898,27.785576433353615,7.5532588904935665,4.187132645817098
558.4799047460591,28.253529203725694,7.735363412275774,3.8132073159106064
559.0485570093466,28.155250559193554,7.039180774192914,4.064879038618436
558.9226086878059,27.533147899852054,6.84136801573618,4.999461242268758
559.0612211628647,27.834422573119596,6.465092273029427,4.070613653388925
558.3555962588234,27.70294097364272,7.237467556564525,4.461452603361693
558.2877632278721,27.322786946836807,7.542607651867684,5.148129032227168
558.3103181647303,28.00028486359375,7.127417841171905,4.330582992104446
559.0583155704699,27.546753714270427,6.350484272988297,4.706829519979596
559.4233125365449,28.61806618193622,6.134992572148008,3.5185986810848604
558.778420101946,28.101448395145525,6.134992572148008,4.330582992104446
559.0396530705622,27.96735436910634,6.427978046820726,4.140053657274372
558.5631535006429,27.96997003898567,6.730766223628166,4.487177482418765
558.5824779641143,27.864698093561625,7.018980912624329,4.508542484021444
559.4798471591813,28.963431973468197,5.829145448098302,3.0377236842202464
558.8024302237698,27.891964556262618,6.6493305917172165,4.183848462204086
558.8462363788557,28.11175298071984,6.3872724505050655,4.0095286915579145
558.773342813769,28.45947272255158,6.405654009154546,3.4283782020826834
558.5821263157501,27.59656040706352,6.530855646808618,4.616639336537133
558.0766390602543,27.633859761250044,8.02962263119366,4.691464908113147
558.2134766968808,27.304354607478782,6.972932785269563,4.604766933668596
558.627679368391,27.750375765523543,6.65015184923891,3.8587300853608575
558.65809558451,27.46642979364149,6.361372818952759,3.7589930293811555
559.2950118266479,27.459877939170728,5.746748687137256,3.471993998478787
559.1516800354724,27.40020859352186,5.746748687137256,3.831165791424869
558.7612119402895,26.811113114385233,5.94751718976363,4.22081865079997
559.2973109961142,27.67507229991742,6.536926827275352,3.3774121940922512
558.7885638867964,27.258368574570962,6.662778686015713,4.079252256744329
559.3895274456455,26.736403194339445,6.051979398535877,4.604766933668596
559.1592636358878,27.56719369596038,7.098649549072661,3.6452524711454295
559.1658877759114,26.75325872374561,6.535734126335797,5.05992319458251
558.9028059829626,27.607933327813825,6.634359662953557,3.142591419293801
559.2469143969088,26.892891539322243,6.139372582981764,4.60452943723633
559.4744865487365,27.622981140394096,5.94751718976363,3.2615416847090657
559.346513753135,27.339077015190597,6.196143202719668,3.654135734937256
559.1461194782819,27.528416034644607,6.578238476669412,3.946943086001653
557.6698757396019,26.765450085016127,8.261524270292966,4.607388535355668
558.7414182877894,27.344935700827214,6.427978046820726,4.031104876819786
559.8163712815907,26.992600449932247,5.5603552232934135,3.475222014558401
558.6044458389997,27.335547914242078,6.874064840762344,3.818924911534605
559.4881743030828,27.58119576837393,5.481583460797765,3.584112262829276
559.3352025697288,27.412795210718578,5.74347414642682,3.3785142037804903
559.9556177753244,27.77430685901536,5.180095616890867,2.6859755050545253
560.1424236617515,27.76038748925062,5.3493362341193915,3.1806864094763654
559.7264256855575,27.2953509401437,5.06306395330671,3.840945068025757
558.8648737356267,27.342080461441483,6.650526128905085,4.048146339333556
558.065618020465,28.72696027722149,6.047746862334748,2.974301735574464
558.6912801914164,27.83021941827494,6.21008048591159,3.268463413637665
558.9671299828793,27.29636807060067,5.493912889095554,4.192722994309751
558.9177365382423,27.012792286408022,6.319029266366101,4.031104876819786
559.2920915847806,26.779357829633927,5.3493362341193915,4.481876304262148
558.6580737650631,26.758972119465593,6.650526128905085,4.048146339333552
558.4938446707848,26.613017062423392,5.774110656139214,3.428378202082687
558.7200724967294,26.756398463143547,5.323008261128393,3.4283782020826834
557.9223269199143,26.37820299431757,6.458816073178468,3.263401805395464
557.9369336639593,26.085783646158973,6.315433530152291,3.879480597093565
558.2138490038877,25.95566965504868,6.943987996957617,2.8733743435686527
557.9545655438832,25.825032844684948,5.155456341662443,2.776014953202832
557.7777758496275,25.657220509785738,5.883234144547828,3.3774121940922512
557.7355772025192,25.55908959934732,5.954551614143611,3.428378202082687
557.6959303090008,25.798104351664392,5.630048173414366,2.722221094837728
556.7296446425179,24.807821481026274,5.683890177137073,3.6088191600870374
556.8885862256417,24.003545413792736,5.2678529632091795,4.070613653388925
556.8483918707468,23.651667177806452,5.846928234666848,3.60333949345749
557.189267996005,23.712392911726777,5.2678529632091795,3.352270067496761
556.987337349818,23.52142095052102,5.353743124034054,3.668305473875172
556.4034618710691,22.751889708979732,5.6511732975915265,4.6597393857333245
556.1339226981937,22.863615674019584,5.452886515219802,3.3708753003177243
555.8637282079266,22.669912726108876,5.452886515219802,3.8665922562468005
555.8634060003858,21.859302657609348,5.3792337371195345,4.034425302839651
555.3773895809106,21.355913920739408,6.465092273029427,4.190337584370951
554.9000755270267,21.379703722569246,5.683890177137073,3.969701076095742
554.3153516054033,20.234508133068438,5.920414629002494,4.210072625068431
553.7511364205551,20.09809215281657,6.196143202719668,4.607388535355668
553.3360932537232,19.618525647738608,6.645875607729863,4.684797559547317
553.1800700842913,18.84658602765665,5.86647261811936,4.669233308299059
553.3849551327464,19.28805237915652,5.9022147948950305,4.258560041886302
553.1134031093571,18.65389703378368,6.1868659227288845,4.419189944806359
552.7813232208542,18.7448894551737,6.315108937602645,3.683813546934875
552.3604484646959,17.613012085941953,6.586094967158829,4.691464908113147
552.29635384281,17.546201405155774,6.037267735983278,4.607388535355671
552.0233433801682,16.639490649331663,5.560641335774108,3.971886668410061
551.0816316093682,16.12884258647154,6.21008048591159,4.2490024377289615
551.0430575345689,16.79691048465324,6.34517703589222,3.3708753003177243
550.7994109850281,16.752122732589665,5.593669698134931,2.706614370065278
549.7303151868025,15.460080999936867,6.465092273029427,4.0706136533889214
549.7991364883251,15.550660151688094,6.8242640659755125,4.190337584370949
549.3272707373635,14.164429589055048,6.8242640659755125,5.507300825173251
549.9408295888173,14.761242948470727,5.552029906405664,3.9657356474326164
549.4462064270357,14.012284294093133,5.846928234666848,4.147239794356738
548.2603138205712,13.776108044710178,7.4711579682216325,3.362021085699709
548.7170950681541,13.576420429984815,6.405654009154546,3.879480597093565
548.4818177389867,12.921714405014594,5.752791635530571,3.6608674044285756
547.8707367885208,12.312799723542295,6.56805120912486,4.187132645817098
547.5601798072842,11.714820175021693,6.681815414601715,4.2689376259955285
547.9095440160612,11.389830034466879,5.778940697054509,3.9432771815195196
547.2522737494319,10.798634767773505,6.350484272988297,4.333271621568516
546.5287221872627,10.320000231293939,6.972721949093739,3.8132073159106064
547.1087774420131,10.450999203776448,5.752791635530571,4.183848462204084
545.9849733705315,9.589602203558599,6.499907432352757,3.959713723157437
545.9333286334057,9.686059719390697,6.418254687380909,3.659531181401384
546.0694619081804,8.746017701155148,6.301712790166334,4.508542484021444
545.3219411578502,8.629586963903495,6.465092273029427,3.232546136514733
545.4143404499542,7.69256904090571,6.321749288782712,4.022931365588978
545.2842407537537,7.424529364449631,5.883234144547828,3.7042585354560185
544.5358692920104,6.843015124727055,6.642607209449579,4.75888277691914
544.7672205521708,6.468793791028592,6.050890847504093,4.2832148695815455
544.7214401050302,6.43886025136942,5.710953159442056,3.3993768806202747
544.1442710226439,5.834649593511109,6.246033644706358,3.9657356474326164
544.0725767386305,5.202718264660054,5.878392269246888,4.289637601882865
543.9094292440345,5.256610469360725,6.12634953394172,3.8102905637930053
543.340629837796,4.143371604136931,6.355018669456058,4.925139468828474
542.9248820348201,4.535930075131892,6.536926827275352,4.466899998638139
542.7198693007498,4.370081374091274,6.681815414601715,3.773988336025033
542.9056998916031,4.079855341585409,6.405654009154546,3.6088191600870374
542.1789981656449,3.0581889865155016,6.427978046820726,4.46689999863814
541.1262623032462,2.88403776699586,7.807139368714729,4.626452959238347
541.7567374312242,2.547064910505335,6.65015184923891,4.351333926045221
541.8676195367606,2.676549987629638,6.34517703589222,3.7674488650609863
541.9256246446537,2.4679759811835904,5.829145448098302,3.9408307254749175
541.410812083855,2.074911798839125,5.911246088212351,4.1050320057030385
540.9146168226019,1.5496680485135617,6.301712790166334,4.66224279597672
540.8552360143515,0.7940333585334916,6.109402858903536,4.072935239269035
541.0691826445207,0.707366759981813,5.5007428876421045,4.0229313655889785
540.4799342971197,0.7114681782725869,6.107537890628919,3.4966819984516695
540.0864143491858,0.18131109861156625,6.1868659227288845,4.011264719131924
539.4127822736463,0,7.856478548234463,3.914451557382221
539.3162236688395,0.06580916773575662,6.594791148403374,2.71950150449622
539.470443520538,0.1931979008740239,6.465092273029427,2.9930982745506793
539.0546840540362,0.22034989469600585,6.499907432352757,2.091924231102042
539.4401992568561,0,6.465092273029427,2.269366925143976
0,0,0,0
0,0,0,0
0,0,0,0
0,0,0,0
0,0,0,0
0,0,0,0
0,0,0,0
0,0,0,0
0,0,0,0
0,0,0,0
0,0,0,0
0,0,0,0
0,0,0,0
0,0,0,0
0,0,0,0
0,0,0,0
0,0,0,0
0,0,0,0
0,0,0,0
0,0,0,0
0,0,0,0
0,0,0,0
0,0,0,0
0,0,0,0
0,0,0,0
0,0,0,0
0,0,0,0
0,0,0,0
0,0,0,0
0,0,0,0
0,0,0,0
0,0,0,0
0,0,0,0
0,0,0,0
0,0,0,0
0,0,0,0
0,0,0,0
0,0,0,0
0,0,0,0
0,0,0,0
0,0,0,0
0,0,0,0
0,0,0,0
0,0,0,0
0,0,0,0
0,0,0,0
0,0,0,0
0,0,0,0
0,0,0,0
0,0,0,0
0,0,0,0
0,0,0,0
0,0,0,0
0,0,0,0
0,0,0,0
0,0,0,0
0,0,0,0
0,0,0,0
0,0,0,0
0,0,0,0
0,0,0,0
0,0,0,0
0,0,0,0
0,0,0,0
0,0,0,0
0,0,0,0
0,0,0,0
0,0,0,0
0,0,0,0
0,0,0,0
0,0,0,0
0,0,0,0
0,0,0,0
0,0,0,0
0,0,0,0
0,0,0,0
0,0,0,0
0,0,0,0
0,0,0,0
0,0,0,0
0,0,0,0
0,0,0,0
0,0,0,0
0,0,0,0
0,0,0,0
0,0,0,0
0,0,0,0
0,0,0,0
0,0,0,0
0,0,0,0
0,0,0,0
0,0,0,0
0,0,0,0
0,0,0,0
0,0,0,0
0,0,0,0
0,0,0,0
0,0,0,0
0,0,0,0
0,0,0,0
0,0,0,0
0,0,0,0
0,0,0,0
0,0,0,0
0,0,0,0
0,0,0,0
0,0,0,0
0,0,0,0
0,0,0,0
0,0,0,0
0,0,0,0
0,0,0,0
0,0,0,0
0,0,0,0
0,0,0,0
0,0,0,0
0,0,0,0
0,0,0,0
0,0,0,0
0,0,0,0
0,0,0,0
0,0,0,0
0,0,0,0
0,0,0,0
0,0,0,0
539.0721964169942,0,4.7710296142145125,1.919949344553988
538.2837027721594,0,6.634359662953557,2.907975846099196
538.0281723838177,0,7.2741434416323045,2.844755852570139
538.8055331694883,0,6.454958773780504,2.307259431866065
538.8528690129157,0,5.270753327690159,2.807519119746935
537.0827170262098,0,8.108434089073171,3.3132589003000703
538.5785002654159,0,6.757028407560938,2.933162231398751
538.100462197264,0,6.331227976199898,2.963889417173893
538.2451361886796,0,6.634359662953557,3.320929667166349
538.698543527994,0.1112529466541865,6.361372818952759,4.33729964928595
538.6094887311917,0,6.990520536401732,4.131680788134317
538.812386390787,0,6.355018669456058,4.7931002170750165
538.4736227969298,0.06424130750738222,7.3078587991763015,4.601244429110973
539.0131950723953,0.5619626657795438,6.285182838587616,4.015533480208744
538.6223037416346,0.3204847004300184,6.361372818952759,4.048146339333554
538.6677877233228,0.23869881084067401,6.355018669456058,5.719516802510487
538.7756612122124,0.4030857302582902,6.355018669456058,4.130762135146463
538.8981592266737,0.5186033204181655,6.355018669456058,3.97188666841006
538.2869108890221,0.09376734208161253,7.681890136051493,5.761417602038634
538.8014272782838,0.9251645918030569,6.105920480083341,3.950889722406897
539.4217443819355,0,5.761417602038591,5.1256588200852224
538.6043367873264,1.4663288872874318,6.831645069665342,3.8130112016736577
538.0829330233151,0.5067549919775711,7.517465851366637,5.011643900911084
539.0245597031912,1.3979210906681097,6.310603447123867,3.7121196747787213
538.9290287546905,0.6212255976712235,6.225644411065446,4.9086811702631135
539.0635646090444,1.4401318357123358,5.986196549101351,3.831165791424869
538.7816519279166,1.8187699550035035,6.4597712507705864,3.666356655842767
539.9355906204787,1.5151173524117958,4.549509377317008,3.831165791424869
538.953782698204,0.8345576317301067,6.714593946122136,3.916846468571224
538.5941006769376,1.0239378106118906,7.413806964391256,5.560355223293439
538.9590830881516,1.4364977676300974,6.505949473928922,4.626452959238347
538.7551911710551,1.3664258054329252,6.225644411065446,4.669233308299059
538.4058609911923,1.677216212270224,7.00271637407775,4.895102708093196
538.7035926640634,1.965657883924143,6.427978046820726,4.031104876819785
538.4931775318993,1.3240305163772725,7.237467556564525,4.75888277691914
538.4698533029737,1.7208312058473183,6.924959004805714,4.729240295964866
538.7450891780593,1.5989013803920482,6.350484272988297,4.407983201250731
538.9593672606119,1.9395006269619994,6.239648648668663,3.9408307254749175
539.9394401658287,1.4961460879953403,5.586829189855621,3.8409450680257553
538.6290617613743,1.4433741489827074,6.662778686015713,4.82711517048079
538.860831484135,1.7503412624437367,6.645875607729863,4.357951218183551
538.9851163598745,1.8699187974603237,6.1011317054569645,3.8132073159106072
539.1345730938831,1.8433094311152427,6.465092273029427,4.310061515352978
538.6647434417222,1.67241322043472,6.4466737071360285,4.867896472735372
538.8169014920476,1.9082338693319691,6.8242640659755125,4.429785446335005
538.7941260844698,1.0767678001092005,6.650526128905085,5.4939128890955375
539.0979690947552,1.4083983399021478,6.650526128905085,5.204759579143142
538.8544554140311,2.2979936479358685,6.315433530152291,3.6088191600870374
539.092565452542,1.1173801644538202,5.481583460797765,4.005772529044487
538.7016461151351,1.4738197716956023,6.808948075136527,5.063063953306678
538.6653312202334,1.3986530329093725,7.332713311685552,4.364710304574722
537.8179700507139,0.6579068198948619,8.554832196966458,5.761417602038634
538.2747224675858,2.1329955269828353,7.662331582849788,4.429785446335005
538.5169708910665,1.63298772932517,6.978554409695221,5.5007428876420725
538.7372873999143,2.321811207085805,6.645875607729863,4.031104876819785
538.7458523449305,1.5762985986107836,6.536926827275352,4.902695120456495
538.0134316430007,1.4929677135813026,7.499191863403098,4.999461242268761
539.0401937510543,2.437403245194842,7.183435858921598,4.310061515352978
538.0987457208769,1.2183744291783256,8.288580480603514,5.394155550868926
538.3741414617284,0.9933859266719889,7.274666524527333,5.303027933767629
538.7026712260913,1.7310261577343224,6.67631544616097,4.420803471106621
538.7420018912456,1.3821986771280184,6.586094967158829,4.962126345119676
538.6938664301921,1.6706964588753315,6.867421398340639,4.763886915966024
538.6543877619981,1.559208137043818,6.6493305917172165,4.930964259026243
538.9273563386853,1.7248560196884952,6.345368342047436,4.549509377317032
538.4156438921513,1.4214403354433234,6.972932785269563,5.131026011802149
538.7079052525655,1.62709276035077,6.465092273029427,4.549509377317032
538.7246923723352,1.3078603853522797,6.5746190120349866,5.005675838708458
538.7258198449879,1.4750923559629303,6.867421398340639,5.011361560951273
538.6692925563009,1.6774001038587887,6.866741298852958,4.82711517048079
