222.29801014460742,208.63018011081584,17.929908856060507,8.328466942774497
221.02503517409588,208.63018011081584,19.202883826572048,9.601441913286038
221.02503517409588,208.63018011081584,19.202883826572048,9.601441913286038
221.02503517409588,208.63018011081584,19.202883826572048,9.601441913286038
221.91396014675402,214.8526549194229,19.202883826572048,9.601441913286038
221.91396014675402,214.8526549194229,19.202883826572048,9.601441913286038
221.91396014675402,214.8526549194229,19.202883826572048,9.601441913286038
221.4232143849571,219.5147396564936,20.53080860354865,6.439283332012167
221.4232143849571,219.5147396564936,18.806670672514173,7.013995975690307
221.4232143849571,219.5147396564936,19.95609595987048,6.439283332012167
220.86849665861934,225.2468228286506,19.202883826572048,9.601441913286038
220.86849665861934,225.2468228286506,19.202883826572048,9.601441913286038
220.86849665861934,225.2468228286506,19.202883826572048,9.601441913286038
221.31507535226055,229.4893204182421,19.202883826572048,9.601441913286038
221.31507535226055,229.4893204182421,19.202883826572048,9.601441913286038
221.31507535226055,229.4893204182421,19.202883826572048,9.601441913286038
221.7214619616592,233.55318651222876,19.202883826572048,9.601441913286038
221.7214619616592,233.55318651222876,19.202883826572048,9.601441913286038
221.7214619616592,233.55318651222876,19.202883826572048,9.601441913286038
221.5683413873223,237.53432144498817,19.202883826572048,9.601441913286038
221.5683413873223,237.53432144498817,19.202883826572048,9.601441913286038
221.5683413873223,237.53432144498817,19.202883826572048,9.601441913286038
220.9558590899747,243.96538556713796,19.202883826572048,9.601441913286038
220.9558590899747,243.96538556713796,19.202883826572048,9.601441913286038
220.9558590899747,243.96538556713796,19.202883826572048,9.601441913286038
220.9558590899747,243.96538556713796,19.202883826572048,9.601441913286038
220.9558590899747,245.3642593059134,19.202883826572048,9.601441913286038
220.9558590899747,248.13672454241174,19.202883826572048,9.60144191328601
220.9558590899747,248.13672454241174,19.202883826572048,9.60144191328601
220.9558590899747,250.77823750350308,19.202883826572048,9.60144191328601
220.9558590899747,250.77823750350308,19.202883826572048,9.60144191328601
220.9558590899747,250.77823750350308,19.202883826572048,9.60144191328601
220.21974044727932,255.44032224057378,19.202883826572048,9.60144191328601
220.21974044727932,255.44032224057378,19.202883826572048,9.60144191328601
220.21974044727932,255.44032224057378,19.202883826572048,9.60144191328601
218.65671501953508,260.5759772174477,20.423744750579857,6.182643472207474
218.65671501953508,260.5759772174477,20.423744750579857,7.3320687595638105
218.65671501953508,260.5759772174477,20.998457394258025,6.182643472207474
220.68965517241378,262.1609195402299,18.319368961049662,8.591212234181967
220.38085295056956,262.8748277921603,19.27431946322355,8.481494046920147
220.38085295056956,261.72540250480404,19.27431946322355,9.056206690598287
219.76615047221063,266.492966298384,19.202883826572048,9.60144191328601
219.76615047221063,266.492966298384,19.202883826572048,9.60144191328601
219.76615047221063,266.492966298384,19.202883826572048,9.60144191328601
219.76615047221063,271.40042391635313,19.202883826572048,9.60144191328601
219.76615047221063,271.40042391635313,19.202883826572048,9.60144191328601
219.76615047221063,271.40042391635313,19.202883826572048,9.60144191328601
219.76615047221063,278.1058029714311,19.202883826572048,9.60144191328601
219.76615047221063,278.1058029714311,19.202883826572048,9.60144191328601
219.76615047221063,278.1058029714311,19.202883826572048,9.60144191328601
219.76615047221063,278.1058029714311,19.202883826572048,9.60144191328601
220.57892369100796,285.82714855000575,19.202883826572048,9.60144191328601
220.57892369100796,285.82714855000575,19.202883826572048,9.60144191328601
220.57892369100796,285.82714855000575,19.202883826572048,9.60144191328601
220.1725370816093,293.5484941285804,19.202883826572048,9.60144191328601
220.1725370816093,293.5484941285804,19.202883826572048,9.60144191328601
220.1725370816093,293.5484941285804,19.202883826572048,9.60144191328601
219.1045481438534,302.1365449600264,19.044008359835658,7.059434445503598
219.2254474248721,302.1365449600264,18.923109078816964,6.80369443573511
219.58117454406263,302.1365449600264,18.56738195962643,6.582808045294371
219.61873013653712,307.52100463538727,19.202883826572048,9.60144191328601
219.61873013653712,307.52100463538727,19.202883826572048,9.60144191328601
219.61873013653712,307.52100463538727,19.202883826572048,9.60144191328601
219.46560956220023,314.4114304805478,19.202883826572048,9.60144191328601
219.46560956220023,314.4114304805478,19.202883826572048,9.60144191328601
219.46560956220023,314.4114304805478,19.202883826572048,9.60144191328601
218.79255210278012,319.1228326964885,19.202883826572048,9.60144191328601
218.79255210278012,319.1228326964885,19.202883826572048,9.60144191328601
218.79255210278012,319.1228326964885,19.202883826572048,9.60144191328601
218.21783945910198,321.4216832712011,19.202883826572048,9.60144191328601
218.21783945910195,321.4216832712012,19.202883826572048,9.60144191328601
219.3672647464583,321.4216832712012,19.202883826572048,9.60144191328601
219.16236392033863,322.2662331457359,19.202883826572048,9.60144191328601
219.16236392033863,322.2662331457359,19.202883826572048,9.60144191328601
219.16236392033863,322.2662331457359,19.202883826572048,9.60144191328601
219.16236392033863,322.2662331457359,19.202883826572048,9.60144191328601
219.16236392033863,322.2662331457359,19.202883826572048,9.60144191328601
219.16236392033863,322.2662331457359,19.202883826572048,9.60144191328601
219.16236392033863,322.2662331457359,19.202883826572048,9.60144191328601
219.16236392033863,322.2662331457359,19.202883826572048,9.60144191328601
219.16236392033863,322.2662331457359,19.202883826572048,9.60144191328601
219.16236392033863,322.2662331457359,19.202883826572048,9.60144191328601
219.16236392033863,322.2662331457359,19.202883826572048,9.60144191328601
219.16236392033863,322.2662331457359,19.202883826572048,9.60144191328601
219.16236392033863,322.2662331457359,19.202883826572048,9.60144191328601
219.16236392033863,322.2662331457359,19.202883826572048,9.60144191328601
220.90654996685026,322.2662331457359,19.202883826572048,9.60144191328601
220.90654996685026,322.2662331457359,19.202883826572048,9.60144191328601
223.81352671103633,322.2662331457359,19.202883826572048,9.60144191328601
223.0697268573731,322.2662331457359,19.202883826572048,9.60144191328601
223.0697268573731,322.2662331457359,19.202883826572048,9.60144191328601
226.19577771286157,323.6059692266595,19.202883826572048,9.60144191328601
226.19577771286157,323.6059692266595,19.202883826572048,9.60144191328601
226.19577771286157,323.6059692266595,19.202883826572048,9.60144191328601
227.54398046421983,323.8756097769312,19.202883826572048,9.60144191328601
227.54398046421983,323.8756097769312,19.202883826572048,9.60144191328601
227.54398046421983,323.8756097769312,19.202883826572048,9.60144191328601
227.54398046421983,323.8756097769312,19.202883826572048,9.60144191328601
229.55358458560528,323.8756097769312,19.202883826572048,9.60144191328601
229.55358458560528,323.8756097769312,19.202883826572048,9.60144191328601
229.55358458560528,323.8756097769312,19.202883826572048,9.60144191328601
229.55358458560528,323.8756097769312,19.202883826572048,9.60144191328601
229.55358458560528,323.8756097769312,19.202883826572048,9.60144191328601
229.55358458560528,323.8756097769312,19.202883826572048,9.60144191328601
229.55358458560528,323.8756097769312,19.202883826572048,9.60144191328601
232.05830419297973,324.233426863699,19.202883826572048,9.60144191328601
232.05830419297973,324.233426863699,19.202883826572048,9.60144191328601
232.05830419297973,324.233426863699,19.202883826572048,9.60144191328601
232.05830419297973,324.233426863699,19.202883826572048,9.60144191328601
232.05830419297973,324.233426863699,19.202883826572048,9.60144191328601
232.05830419297973,324.233426863699,19.202883826572048,9.60144191328601
232.05830419297973,324.233426863699,19.202883826572048,9.60144191328601
234.75470969569622,324.3406139198377,19.202883826572048,9.60144191328601
234.75470969569622,324.3406139198377,15.24529030430378,10.234098723840418
234.75470969569622,324.3406139198377,15.820002947981948,9.659386080162278
234.75470969569622,324.3406139198377,14.67057766062561,10.234098723840418
234.75470969569622,324.3406139198377,16.969428235338256,9.659386080162278
234.75470969569622,324.3406139198377,15.40808100197819,10.240781428999469
234.75470969569622,324.3406139198377,15.820002947981948,8.509960792805941
231.84930458436065,322.488561611071,19.202883826572076,9.60144191328601
229.02920300724224,324.2126995421055,19.202883826572076,9.60144191328601
229.6039156509204,323.6379868984274,19.202883826572048,9.60144191328601
230.75334093827672,324.21269954210555,19.202883826572076,9.60144191328601
230.17862829459855,324.2126995421055,19.202883826572076,9.60144191328601
231.3280535819549,323.6379868984274,19.20288382657202,9.60144191328601
230.17862829459855,324.2126995421055,19.202883826572076,9.60144191328601
230.7533409382767,324.21269954210555,19.202883826572076,9.60144191328601
231.3280535819549,324.2126995421055,19.202883826572076,9.60144191328601
231.90276622563306,324.2126995421055,19.20288382657202,9.60144191328601
232.4774788693112,323.0632742547492,19.202883826572048,9.60144191328601
230.17862829459855,324.2126995421055,19.202883826572076,9.60144191328601
231.90276622563303,324.7874121857837,19.202883826572076,9.60144191328601
230.75334093827672,324.2126995421055,19.202883826572076,9.60144191328601
231.90276622563303,324.7874121857837,19.202883826572076,9.60144191328601
230.15858017912143,323.6513523087455,19.202883826572048,9.60144191328601
230.17862829459855,324.82082571157895,19.202883826572048,9.60144191328601
230.17862829459855,323.09000507538536,19.202883826572076,9.60144191328601
231.32805358195486,323.63798689842736,19.202883826572076,9.60144191328601
229.14330559016716,324.5748229269745,19.20288382657202,9.60144191328601
229.71801823384536,324.57482292697455,19.20288382657202,9.60144191328601
227.99388030281085,324.00011028329635,19.202883826571963,9.60144191328601
228.02061112344703,324.00011028329635,19.20288382657199,9.60144191328601
228.60200647228427,324.0001102832964,19.202883826572048,9.60144191328601
228.5819583568071,324.57482292697455,19.20288382657199,9.60144191328601
227.4191676591327,323.4253976396182,19.20288382657199,9.60144191328601
226.26974237177637,323.4253976396182,19.202883826571963,9.60144191328601
226.26974237177637,323.4253976396182,19.202883826572105,9.60144191328601
225.12031708442007,323.4253976396182,19.202883826572076,9.60144191328601
226.26974237177637,323.4253976396182,19.202883826572048,9.60144191328601
225.6950297280982,323.4253976396182,19.202883826572048,9.60144191328601
227.4458984797689,323.4253976396182,19.20288382657199,9.60144191328601
228.02729382860608,322.85068499594007,19.202883826572076,9.60144191328601
225.6950297280982,322.2759723522619,19.20288382657202,9.60144191328601
228.61537188260235,322.85068499594,19.202883826571963,9.60144191328601
226.84445501545454,323.4253976396182,19.20288382657202,9.60144191328601
225.69502972809823,323.4253976396182,19.20288382657202,9.60144191328601
226.8444550154545,323.4253976396182,19.202883826571963,9.60144191328601
227.20302440762575,323.091972487417,19.20288382657199,9.60144191328601
227.78441975646297,323.6733678362543,19.20288382657199,9.60144191328601
227.20302440762575,322.51057713857983,19.20288382657199,9.60144191328601
226.62162905878853,323.0919724874171,19.20288382657199,9.60144191328601
226.04023370995134,322.51057713857983,19.20288382657199,9.60144191328601
225.45883836111412,323.0919724874171,19.20288382657199,9.60144191328601
224.87744301227693,321.92918178974264,19.20288382657199,9.60144191328601
224.2960476634397,321.92918178974264,19.20288382657199,9.60144191328601
224.2960476634397,321.92918178974264,19.20288382657199,9.60144191328601
225.45883836111412,321.92918178974264,19.20288382657199,9.60144191328601
224.87744301227693,321.92918178974264,19.20288382657199,9.60144191328601
222.55186161692808,321.92918178974264,19.20288382657199,9.60144191328601
222.55186161692808,321.92918178974264,19.20288382657199,9.60144191328601
222.55186161692808,321.92918178974264,19.20288382657199,9.60144191328601
222.55186161692808,321.92918178974264,19.20288382657199,9.60144191328601
222.55186161692808,321.92918178974264,19.20288382657199,9.60144191328601
222.55186161692808,321.92918178974264,19.20288382657199,9.60144191328601
222.55186161692808,321.92918178974264,19.20288382657199,9.60144191328601
222.55186161692808,321.92918178974264,19.20288382657199,9.60144191328601
222.55186161692808,321.92918178974264,19.20288382657199,9.60144191328601
222.55186161692808,321.92918178974264,19.20288382657199,9.60144191328601
222.55186161692808,321.92918178974264,19.20288382657199,9.60144191328601
222.55186161692808,321.92918178974264,19.20288382657199,9.60144191328601
222.55186161692808,321.92918178974264,19.20288382657199,9.60144191328601
222.55186161692808,321.92918178974264,19.20288382657199,9.60144191328601
222.55186161692808,321.92918178974264,19.20288382657199,9.60144191328601
222.55186161692808,321.92918178974264,19.20288382657199,9.60144191328601
222.55186161692808,321.92918178974264,19.20288382657199,9.60144191328601
222.55186161692808,321.92918178974264,19.20288382657199,9.60144191328601
222.55186161692808,321.92918178974264,19.20288382657199,9.60144191328601
222.55186161692808,321.92918178974264,19.20288382657199,9.60144191328601
222.55186161692808,321.92918178974264,19.20288382657199,9.60144191328601
219.09510926169148,320.2008056121243,19.20288382657199,9.60144191328601
219.09510926169148,320.2008056121243,19.20288382657199,9.60144191328601
219.09510926169148,320.2008056121243,19.20288382657199,9.60144191328601
219.09510926169148,320.2008056121243,19.20288382657199,9.60144191328601
222.25581395348837,321.7906976744186,17.786365181286726,9.174340548666123
221.67441860465118,322.37209302325584,18.367760530123917,9.174340548666123
222.25581395348837,322.95348837209303,17.786365181286726,8.011549850991742
221.09302325581396,322.37209302325584,18.949155878961136,9.174340548666123
220.8392953082031,321.9449916586359,19.20288382657199,9.60144191328601
220.2578999593659,321.94499165863596,19.20288382657199,9.60144191328601
221.42069065704032,321.94499165863596,19.20288382657199,9.60144191328601
220.8392953082031,322.52638700747315,19.20288382657199,9.60144191328601
219.09510926169148,320.2008056121243,19.20288382657199,9.60144191328601
219.09510926169148,320.2008056121243,19.20288382657199,9.60144191328601
220.51162790697674,321.2093023255814,17.786365181286726,8.592945199828932
221.83908045977012,321.9310344827586,16.45891262849335,7.871213042651732
221.26436781609195,321.35632183908046,17.03362527217152,8.445925686329872
221.26436781609195,321.9310344827586,17.03362527217152,7.871213042651732
220.6896551724138,321.9310344827586,17.60833791584966,7.871213042651732
221.83908045977012,320.7816091954023,16.45891262849335,9.020638330008012
220.6896551724138,320.2068965517241,17.60833791584966,9.595350973686209
221.26436781609195,320.7816091954023,17.03362527217152,9.020638330008012
221.26436781609195,321.35632183908046,17.03362527217152,8.445925686329872
221.83908045977012,321.35632183908046,16.45891262849335,8.445925686329872
221.26436781609195,321.9310344827586,17.03362527217152,7.871213042651732
221.26436781609195,321.35632183908046,17.03362527217152,8.445925686329872
221.26436781609195,320.7816091954023,17.03362527217152,9.020638330008012
221.83908045977012,321.35632183908046,16.45891262849335,8.445925686329872
221.26436781609195,321.35632183908046,17.03362527217152,8.445925686329872
221.26436781609195,321.35632183908046,17.03362527217152,8.445925686329872
221.83908045977012,320.7816091954023,16.45891262849335,9.020638330008012
221.26436781609195,321.35632183908046,17.03362527217152,8.445925686329872
221.26436781609195,320.7816091954023,17.03362527217152,9.020638330008012
220.6896551724138,320.7816091954023,17.60833791584966,9.020638330008012
219.09510926169148,320.2008056121243,19.20288382657199,9.60144191328601
219.09510926169148,320.2008056121243,19.20288382657199,9.60144191328601
219.09510926169148,320.2008056121243,19.20288382657199,9.60144191328601
221.26436781609195,321.9310344827586,17.03362527217152,7.871213042651732
224.13793103448276,320.7816091954023,14.160062053780706,9.020638330008012
222.98850574712642,321.35632183908046,15.309487341137043,8.445925686329872
222.98850574712642,321.9310344827586,15.309487341137043,7.871213042651732
222.98850574712642,321.9310344827586,15.309487341137043,7.871213042651732
223.5632183908046,321.35632183908046,14.734774697458874,8.445925686329872
222.9885057471264,324.2298850574712,17.241379310344854,8.045977011494244
222.78598143369803,323.46019717853756,17.443903623773252,8.240952246749828
223.93540672105433,324.0349098222157,16.869190980095084,7.091526959393491
224.51011936473247,330.9314615463536,18.01861626745142,9.390377534106165
223.54651499456085,330.32567426294975,18.96217252214592,8.826691414676532
224.70930569223526,330.907069611787,16.73255477288103,9.488279225422332
224.14127575371614,332.6445729531396,19.20288382657199,9.60144191328601
224.7159883973943,333.79399824049585,19.20288382657199,9.60144191328601
224.7159883973943,333.21928559681777,19.20288382657199,9.60144191328601
227.58955161578513,337.816986746243,19.20288382657199,9.60144191328601
228.16426425946327,337.816986746243,19.20288382657199,9.60144191328601
227.58955161578513,338.3916993899212,19.20288382657199,9.60144191328601
227.58955161578513,340.1158373209557,19.20288382657199,9.60144191328601
227.95220714231442,339.40209852525004,19.20288382657199,9.60144191328601
228.52691978599256,338.23930782757566,19.20288382657199,9.60144191328601
229.67634507334887,343.41172162067915,19.20288382657199,9.60144191328601
229.67634507334887,343.4117216206791,17.5794688801395,9.192929542111642
229.6763450733489,344.5611469080355,16.998073531302282,10.369085650104068
229.10163242967073,345.1358595517136,16.99139082614323,10.37576835526312
228.94014292648842,348.76462368204517,19.20288382657199,9.60144191328601
228.52691978599256,348.00942277010444,19.20288382657199,9.60144191328601
229.6763450733489,348.02278818042254,19.20288382657199,9.60144191328601
234.36092138984182,350.30827334481705,15.220473958995399,10.435912701694576
234.3609213898418,350.8896686936543,14.639078610158208,10.435912701694576
235.52371208751623,352.0524593913287,13.47628791248377,9.854517352857386
235.52371208751623,354.9594361355147,15.801869307832618,8.691726655183004
234.3613807271253,353.8415448251676,16.382805319386335,8.646827267855656
235.52417142479968,353.2601494763304,14.638619272874735,9.228222616692847
238.11200710166966,359.5268559355474,19.20288382657199,9.60144191328601
238.69340245050688,360.62950228679034,19.202883826571963,9.60144191328601
238.11200710166966,362.3870537436201,19.20288382657199,9.60144191328601
240.68293897892752,364.4440144237822,19.20288382657199,9.60144191328601
240.68293897892752,364.4440144237822,19.20288382657199,9.60144191328601
240.68293897892752,364.4440144237822,19.20288382657199,9.60144191328601
242.98178955364017,366.16815235481675,19.202883826571906,9.60144191328601
242.58225346884524,366.8181575361794,19.20288382657202,9.60144191328601
242.58225346884524,366.8181575361794,19.20288382657202,9.60144191328601
244.88110404355788,371.99057132928283,19.202883826571934,9.60144191328601
246.60524197459236,371.99057132928283,19.202883826571878,9.60144191328601
248.91077525446406,371.94379239316953,19.202883826571906,9.60144191328601
250.071365764828,376.470446722685,19.20288382657202,9.60144191328601
251.14942528735628,378.2528735632184,15.825973729331054,6.689637900873436
250.071365764828,378.2146327691966,19.20288382657202,9.60144191328601
250.071365764828,378.2146327691966,17.744726189194978,8.084217805516062
255.81849220160962,381.0881959875874,17.600112449553194,7.562966803110271
253.51964162689694,379.9387707002311,19.20288382657202,9.60144191328601
253.55973785785125,381.70300486221987,19.20288382657202,9.60144191328601
253.4862281011017,382.23762127494376,19.20288382657202,9.60144191328601
254.21203583722115,382.41479651745453,19.20288382657202,9.60144191328601
253.61727507806575,384.1790306794434,19.20288382657202,9.60144191328601
259.9925757997979,388.14855754391806,18.168343740431965,7.345695329645139
260.5672884434761,386.9991322565618,19.20288382657202,9.60144191328601
262.2914263745106,389.8726954749525,19.20288382657202,9.60144191328601
273.7856792480738,395.61982191173416,14.145355234684814,8.495120617001476
273.21096660439565,397.34395984276864,14.720067878362954,5.621557398610662
273.7856792480738,397.34395984276864,14.145355234684814,5.621557398610662
0,0,0,0
0,0,0,0
0,0,0,0
0,0,0,0
0,0,0,0
0,0,0,0
279.88585482874373,407.5970277887078,19.20288382657202,9.60144191328601
279.88585482874373,407.5970277887078,19.20288382657202,9.60144191328601
279.3044594799065,405.8528417421962,19.695540520093516,9.54250709501315
279.88585482874373,407.5970277887078,19.20288382657202,9.60144191328601
279.88585482874373,407.5970277887078,19.20288382657202,9.60144191328601
279.88585482874373,407.5970277887078,19.20288382657202,9.60144191328601
280.9767441860465,410.16279069767444,18.111994469269234,7.035679004319377
284.483555978169,413.9188668691676,20.11414517125627,8.012167613591032
285.2166693939066,414.21270552125935,19.015888745628274,8.740782850833682
284.15324506482216,414.5037882502657,19.49791772587554,9.031095470664525
290.4750841452819,419.6762020433692,14.960386236980582,7.368548445079966
288.80440785551986,418.57355569212615,18.3351270282011,9.031095470664582
288.2230125066826,417.99216034328896,18.3351270282011,9.031095470664525
291.42526760701537,419.68728987119897,19.679939772227954,10.018878429497875
291.42526760701537,419.68728987119897,19.679939772227954,10.018878429497875
291.42526760701537,419.68728987119897,19.679939772227954,10.018878429497875
294.6814033878774,423.59465280823343,19.679939772227954,10.018878429497875
294.6814033878774,423.59465280823343,19.679939772227954,10.018878429497875
294.6814033878774,423.59465280823343,19.679939772227954,10.018878429497875
298.5334116027294,428.33558599574354,19.679939772227954,10.018878429497875
298.5334116027294,428.33558599574354,19.679939772227954,10.018878429497875
298.5334116027294,428.33558599574354,19.679939772227954,10.018878429497875
300.96017655517426,434.8069592022631,19.679939772227954,10.018878429497875
300.96017655517426,434.8069592022631,19.679939772227954,10.018878429497875
300.96017655517426,434.8069592022631,19.679939772227954,10.018878429497875
309.05748162482337,438.9782981775369,19.679939772227954,10.018878429497875
309.05748162482337,438.9782981775369,19.679939772227954,10.018878429497875
309.05748162482337,438.9782981775369,19.679939772227954,10.018878429497875
313.2057981638947,443.42292304082764,19.679939772227954,10.018878429497875
313.2057981638947,443.42292304082764,19.679939772227954,10.018878429497875
313.2057981638947,443.42292304082764,19.679939772227954,10.018878429497875
313.2057981638947,443.42292304082764,19.679939772227954,10.018878429497875
316.6540740259637,446.8711989028966,19.679939772227954,10.018878429497875
316.9155202357445,447.3422710983417,19.679939772227954,10.018878429497875
316.3408075920663,446.7675584546636,19.679939772227954,10.018878429497875
321.3663645393124,448.92802867668644,19.679939772227954,10.018878429497875
322.2517438610406,448.9280286766865,19.679939772227954,10.018878429497875
322.2517438610406,448.9280286766865,19.679939772227954,10.018878429497875
328.4245159532732,457.00011525883684,19.679939772227954,10.018878429497875
328.4245159532732,457.00011525883684,19.679939772227954,10.018878429497875
328.4245159532732,457.00011525883684,19.679939772227954,10.018878429497875
328.4245159532732,457.00011525883684,19.679939772227954,10.018878429497875
329.00591130211046,460.4884873518601,19.679939772227954,10.018878429497875
330.16870199978484,460.4884873518601,19.679939772227954,10.018878429497875
335.5469452904647,462.69805872859,19.679939772227954,10.018878429497875
335.5469452904647,462.69805872859,19.679939772227954,10.018878429497875
335.5469452904647,462.69805872859,19.679939772227954,10.018878429497875
341.59626191212874,465.2906229950175,19.679939772227954,10.018878429497875
341.59626191212874,465.2906229950175,19.679939772227954,10.018878429497875
341.59626191212874,465.2906229950175,19.679939772227954,10.018878429497875
342.66971317243207,470.3000622097664,19.679939772227954,10.018878429497875
342.66971317243207,470.3000622097664,19.679939772227954,10.018878429497875
342.66971317243207,470.3000622097664,19.679939772227954,10.018878429497875
342.66971317243207,474.95168433774757,19.679939772227954,10.018878429497875
342.66971317243207,474.95168433774757,19.679939772227954,10.018878429497875
342.66971317243207,474.95168433774757,19.679939772227954,10.018878429497875
345.5766899166181,474.95168433774757,19.679939772227954,10.018878429497875
355.19266539580394,477.0388430416429,19.679939772227954,10.018878429497875
355.19266539580394,477.0388430416429,19.679939772227954,10.018878429497875
355.19266539580394,477.0388430416429,19.679939772227954,10.018878429497875
0,0,0,0
0,0,0,0
0,0,0,0
0,0,0,0
0,0,0,0
0,0,0,0
0,0,0,0
0,0,0,0
0,0,0,0
0,0,0,0
0,0,0,0
0,0,0,0
0,0,0,0
0,0,0,0
0,0,0,0
0,0,0,0
0,0,0,0
0,0,0,0
0,0,0,0
0,0,0,0
0,0,0,0
0,0,0,0
0,0,0,0
0,0,0,0
0,0,0,0
0,0,0,0
0,0,0,0
0,0,0,0
0,0,0,0
0,0,0,0
0,0,0,0
0,0,0,0
0,0,0,0
0,0,0,0
0,0,0,0
0,0,0,0
0,0,0,0
0,0,0,0
0,0,0,0
0,0,0,0
0,0,0,0
0,0,0,0
0,0,0,0
0,0,0,0
0,0,0,0
0,0,0,0
0,0,0,0
0,0,0,0
0,0,0,0
0,0,0,0
0,0,0,0
0,0,0,0
0,0,0,0
0,0,0,0
0,0,0,0
0,0,0,0
0,0,0,0
0,0,0,0
0,0,0,0
0,0,0,0
0,0,0,0
0,0,0,0
0,0,0,0
0,0,0,0
0,0,0,0
0,0,0,0
0,0,0,0
0,0,0,0
0,0,0,0
0,0,0,0
0,0,0,0
0,0,0,0
0,0,0,0
0,0,0,0
0,0,0,0
0,0,0,0
0,0,0,0
0,0,0,0
0,0,0,0
0,0,0,0
0,0,0,0
0,0,0,0
0,0,0,0
0,0,0,0
0,0,0,0
0,0,0,0
0,0,0,0
0,0,0,0
0,0,0,0
0,0,0,0
0,0,0,0
0,0,0,0
0,0,0,0
0,0,0,0
0,0,0,0
0,0,0,0
0,0,0,0
0,0,0,0
0,0,0,0
0,0,0,0
0,0,0,0
0,0,0,0
0,0,0,0
0,0,0,0
0,0,0,0
0,0,0,0
0,0,0,0
0,0,0,0
0,0,0,0
0,0,0,0
0,0,0,0
0,0,0,0
0,0,0,0
0,0,0,0
0,0,0,0
0,0,0,0
0,0,0,0
0,0,0,0
0,0,0,0
0,0,0,0
0,0,0,0
0,0,0,0
0,0,0,0
0,0,0,0
0,0,0,0
0,0,0,0
0,0,0,0
0,0,0,0
0,0,0,0
0,0,0,0
0,0,0,0
0,0,0,0
0,0,0,0
0,0,0,0
0,0,0,0
0,0,0,0
0,0,0,0
483.7281829025048,507.2584616514289,19.590375557810148,4.741538348571112
483.30229409085894,507.4676583968915,19.94609086377352,4.532341603108478
483.4353022690552,507.7076311432922,19.62437972080943,4.29236885670781
485.8806113330178,504.8663373266718,20.27848550878082,7.133662673328217
486.9009204358406,504.52401288795625,18.820101863399202,7.475987112043754
486.34613555793896,504.857850861307,19.62437972080943,7.142149138693014
491.63197813435636,500.2088414737124,20.97862569411575,9.518080176034005
491.99052754471126,500.16506182690125,20.267802006737554,9.329623145958578
491.8789960043771,499.9015469482029,20.911224292665793,9.168767574476533
491.27199465905716,500.4777606483834,21.232935435629827,8.364489717066306
495.8960811005554,498.4591991922686,20.64669718115306,7.592656382746611
494.8183645800287,498.3599743953269,20.51349268321013,8.391883370404173
495.50952382135614,498.7900981209824,20.428657578219656,7.881923002620169
500.03157840757575,497.1869367825548,19.04824320583799,7.592656382746611
498.9962454314347,496.507874323886,19.614728670482975,8.63633575789919
502.4205806753303,496.7862001515733,15.516128649785003,6.733414319718008
502.96145396802865,495.3380138072111,18.383493461221178,5.12616644591742
503.0093343770689,493.7270731276233,19.469222091984363,6.333361403416575
501.8497667550713,494.6742661557508,20.40749785545347,6.098792462549284
505.3904485366429,492.0670417327254,19.62084398264949,6.7170456877539095
505.3808425690299,492.08646315761297,19.444079622445486,6.540281327549849
505.7038782423134,492.22753183220163,19.85157002438541,5.763359039337729
507.67241219335193,491.78553006641295,20.59013262570619,5.633149491938468
508.6419664405121,491.4993786050264,16.4356882549248,5.625638261752783
508.9924691951192,490.57088222995634,17.49967166020093,5.479695166325541
512.7625586990001,490.16336638844933,17.31658473257994,4.795361925945201
511.9566146496768,488.80512865896065,18.249016218180486,6.393815901260325
512.7425655085096,489.3153837035826,16.489992631025302,6.8939186219987505
0,0,0,0
0,0,0,0
0,0,0,0
0,0,0,0
0,0,0,0
0,0,0,0
0,0,0,0
0,0,0,0
0,0,0,0
0,0,0,0
0,0,0,0
0,0,0,0
0,0,0,0
0,0,0,0
0,0,0,0
0,0,0,0
0,0,0,0
0,0,0,0
0,0,0,0
0,0,0,0
0,0,0,0
0,0,0,0
0,0,0,0
0,0,0,0
0,0,0,0
0,0,0,0
0,0,0,0
0,0,0,0
0,0,0,0
0,0,0,0
556.5576872088476,466.90183344205354,12.791150000454763,6.633050278876681
556.4502935103985,466.37730535724484,14.179996996948603,5.438902957733717
554.3741126227917,465.95736963872974,16.137515284185042,5.833328035688851
555.7037456065918,466.21485218634405,15.389277649222095,7.901426883423426
556.7524508915907,465.5593693201699,14.92196771306044,8.556909749597594
558.3023255813954,465.3953488372093,15.116279069767415,8.139534883720899
558.4966369381023,466.14076466900707,14.340572364223362,7.394119051923155
557.9152415892651,464.9779739713327,13.759177015386058,7.394119051923155
561.4036136822883,464.39657862249544,14.340572364223362,7.975514400760403
560.8222183334511,464.9779739713326,15.503363061897744,7.97551440076046
560.2408229846139,464.97797397133263,15.503363061897744,6.812723703085965
564.3105904264743,463.8151832736582,16.08475841073505,7.975514400760403
564.3105904264743,464.39657862249544,13.759177015386172,7.394119051923155
561.9850090311256,464.97797397133263,14.92196771306044,6.231328354248774
565.4733811241489,463.81518327365825,13.759177015386058,7.394119051923155
566.6361718218233,463.233787924821,14.340572364223362,6.812723703085965
566.4418604651163,463.0697674418605,15.116279069767415,7.558139534883708
567.7989625194976,463.8151832736582,14.340572364223249,6.231328354248774
567.7989625194976,463.23378792482106,13.759177015386058,5.649933005411526
566.9821290414396,462.0291488410132,15.896299122304981,8.222223683950858
568.0119313261521,461.8296662215703,15.896299122304981,7.125927192757445
569.3742046432694,463.6403464745629,16.444447367901716,6.577778947160709
569.7561173726638,463.6403464745629,15.348150876708246,7.125927192757445
567.9454371196712,462.0291488410132,19.426655903584674,8.017362786893784
572.2558139534884,461.90697674418607,12.209302325581348,8.720930232558146
572.8372093023256,463.06976744186045,13.37209302325573,7.5581395348837646
571.0930232558139,463.06976744186045,13.953488372093034,8.139534883720955
572.2558139534883,463.0697674418605,15.116279069767529,8.139534883720899
573.9635360023173,462.7403070550859,13.408557020938588,9.050390619332688
571.0451674107094,463.02385702222085,14.582739566034661,8.766840652197743
570.8992184286732,462.79363089338256,15.891479245745472,8.99706678103604
572.6151083780125,462.9967906095016,15.338379994080697,8.212511716079803
571.5335505224159,463.1919395386876,16.419937849677126,9.761548833405413
571.8489690453292,463.7068406810439,17.26731002443819,9.828043039886325
0,0,0,0
0,0,0,0
0,0,0,0
0,0,0,0
0,0,0,0
0,0,0,0
0,0,0,0
0,0,0,0
0,0,0,0
0,0,0,0
0,0,0,0
0,0,0,0
0,0,0,0
0,0,0,0
0,0,0,0
0,0,0,0
0,0,0,0
0,0,0,0
0,0,0,0
0,0,0,0
0,0,0,0
0,0,0,0
0,0,0,0
0,0,0,0
0,0,0,0
0,0,0,0
0,0,0,0
0,0,0,0
0,0,0,0
0,0,0,0
0,0,0,0
0,0,0,0
579.4268694962417,452.1872762969141,19.67993977222818,8.068537656574335
581.1710555427534,450.44309025040246,19.67993977222784,8.068537656574335
581.1710555427534,449.28029955272797,19.679939772227954,8.068537656574335
582.3338462404279,449.86169490156516,19.679939772228067,8.068537656574335
583.4966369381023,447.53611350621634,19.679939772227954,8.068537656574335
582.3338462404279,448.6989042038907,19.67993977222784,8.068537656574335
582.3338462404278,447.53611350621634,19.679939772228067,8.068537656574335
584.6594276357768,446.95471815737915,19.679939772227954,8.068537656574335
584.0780322869394,446.373322808542,19.679939772228067,8.068537656574335
584.6594276357768,446.95471815737915,19.679939772227954,8.068537656574335
583.4966369381023,446.37332280854196,19.679939772227954,8.068537656574335
587.5664043799628,445.79192745970477,18.410339806083698,6.231328354248717
587.5664043799627,445.2105321108676,16.66615375957224,7.394119051923155
587.5664043799628,445.2105321108675,16.666153759572126,7.394119051923212
0,0,0,0
0,0,0,0
0,0,0,0
0,0,0,0
0,0,0,0
0,0,0,0
0,0,0,0
0,0,0,0
0,0,0,0
0,0,0,0
0,0,0,0
0,0,0,0
0,0,0,0
0,0,0,0
0,0,0,0
0,0,0,0
0,0,0,0
0,0,0,0
0,0,0,0
0,0,0,0
0,0,0,0
0,0,0,0
0,0,0,0
0,0,0,0
0,0,0,0
0,0,0,0
0,0,0,0
0,0,0,0
618.3803578683347,425.4430902504024,21.31731655026988,6.231328354248774
618.9617532171721,425.44309025040246,18.99173515492089,5.649933005411469
618.961753217172,426.60588094807684,18.991735154921003,5.068537656574335
0,0,0,0
0,0,0,0
0,0,0,0
0,0,0,0
0,0,0,0
0,0,0,0
0,0,0,0
0,0,0,0
0,0,0,0
0,0,0,0
0,0,0,0
0,0,0,0
0,0,0,0
0,0,0,0
0,0,0,0
0,0,0,0
0,0,0,0
0,0,0,0
0,0,0,0
0,0,0,0
0,0,0,0
0,0,0,0
0,0,0,0
0,0,0,0
0,0,0,0
0,0,0,0
0,0,0,0
0,0,0,0
0,0,0,0
0,0,0,0
0,0,0,0
0,0,0,0
0,0,0,0
0,0,0,0
0,0,0,0
0,0,0,0
0,0,0,0
0,0,0,0
0,0,0,0
0,0,0,0
0,0,0,0
0,0,0,0
0,0,0,0
0,0,0,0
0,0,0,0
0,0,0,0
0,0,0,0
0,0,0,0
0,0,0,0
0,0,0,0
0,0,0,0
0,0,0,0
0,0,0,0
0,0,0,0
0,0,0,0
0,0,0,0
0,0,0,0
0,0,0,0
0,0,0,0
0,0,0,0
0,0,0,0
0,0,0,0
0,0,0,0
0,0,0,0
0,0,0,0
0,0,0,0
0,0,0,0
0,0,0,0
0,0,0,0
0,0,0,0
0,0,0,0
0,0,0,0
0,0,0,0
0,0,0,0
0,0,0,0
0,0,0,0
0,0,0,0
0,0,0,0
0,0,0,0
0,0,0,0
0,0,0,0
0,0,0,0
0,0,0,0
0,0,0,0
0,0,0,0
0,0,0,0
0,0,0,0
0,0,0,0
0,0,0,0
0,0,0,0
0,0,0,0
0,0,0,0
0,0,0,0
0,0,0,0
0,0,0,0
0,0,0,0
0,0,0,0
0,0,0,0
0,0,0,0
0,0,0,0
0,0,0,0
0,0,0,0
0,0,0,0
0,0,0,0
0,0,0,0
0,0,0,0
0,0,0,0
0,0,0,0
0,0,0,0
0,0,0,0
0,0,0,0
0,0,0,0
0,0,0,0
0,0,0,0
0,0,0,0
0,0,0,0
0,0,0,0
0,0,0,0
0,0,0,0
0,0,0,0
0,0,0,0
0,0,0,0
0,0,0,0
0,0,0,0
0,0,0,0
0,0,0,0
0,0,0,0
0,0,0,0
0,0,0,0
0,0,0,0
0,0,0,0
0,0,0,0
0,0,0,0
0,0,0,0
0,0,0,0
0,0,0,0
0,0,0,0
0,0,0,0
0,0,0,0
0,0,0,0
0,0,0,0
0,0,0,0
0,0,0,0
0,0,0,0
0,0,0,0
0,0,0,0
0,0,0,0
0,0,0,0
0,0,0,0
0,0,0,0
0,0,0,0
0,0,0,0
0,0,0,0
0,0,0,0
0,0,0,0
0,0,0,0
0,0,0,0
0,0,0,0
0,0,0,0
625.1627906976744,378.1860465116279,13.47890229172549,7.651162790697583
624.5813953488372,378.7674418604651,14.060297640562794,7.651162790697697
624.0,379.34883720930236,15.22308833823729,8.23255813953483
0,0,0,0
0,0,0,0
0,0,0,0
0,0,0,0
0,0,0,0
0,0,0,0
0,0,0,0
0,0,0,0
0,0,0,0
0,0,0,0
0,0,0,0
0,0,0,0
0,0,0,0
0,0,0,0
0,0,0,0
0,0,0,0
582.2191650768091,377.43322490996405,19.93835997371889,8.444481871222138
582.8161020476238,378.0843596621529,17.146142939792867,7.070574408161974
581.6680377641694,378.1319827407906,18.647667283658393,6.410135628757587
576.7482713244069,378.08153343794015,20.065027766583057,8.324851945710009
575.8245777901731,378.31538120284984,20.6214479555897,7.47527488390125
577.2031127836051,377.7077560290555,16.649703891420017,8.324851945710009
570.3194949699333,378.22062395021845,17.076619375815426,8.111394203512305
570.6910105834187,378.2958385974916,17.27046266280638,7.217506784456361
570.9401908511278,378.5242645464781,16.808930397954555,7.781912221275263
563.633477514711,378.6719956338141,17.845483605524123,7.931326046899642
562.59579607514,378.6541189112395,17.787227812656738,5.472993173125133
563.3781439102066,378.24776383984687,17.278960316459916,7.081541113303217
563.2593590205585,377.63871878345674,16.888963742444275,7.037068226018448
550.8957636793272,377.78948452401625,16.43624614922237,6.1902745237330805
552.1273047450054,377.54007731648244,15.246981156373295,6.098792462549284
548.4490711846084,377.5182806356657,20.11157676178118,5.948494535174746
544.558114270152,378.7614182318943,18.296377387647908,7.506206107752973
545.327145330366,378.50405692451994,17.372401720060793,7.077645145209942
545.3341171706927,378.83390730233367,18.14390808680389,7.257563234721545
541.7642324590627,379.14500368798167,13.791503928538987,5.438902957733717
539.8583919871082,378.9546095968915,15.733969270586726,6.0216425603480275
538.8974724314243,379.7780936992588,17.503534860210834,4.696070328349265
533.9293478344964,377.88599362289534,17.396233560852465,7.276797074779097
532.7209302325582,377.0232558139535,18.023255813953483,8.139534883720955
535.046511627907,377.0232558139535,15.69767441860472,7.558139534883708
529.232558139535,376.4418604651163,15.697674418604606,8.139534883720899
530.3953488372093,377.0232558139535,13.372093023255843,8.720930232558146
530.1973468753423,376.74883119076526,12.295800062093804,8.197200041395831
525.1777892170521,375.98858168527204,13.994434718937896,9.007912002994487
525.5821184765787,376.3877195469202,13.447837758454625,9.392140656698473
525.7711134864443,375.7746833672684,12.868445718563521,9.65133428892267
523.701547368888,378.1819959858416,14.198721500274928,7.904442897060278
525.1700327648515,377.1875415041937,12.88131435076491,8.782714330066995
525.3302256526437,376.9651666655926,13.511868004491703,9.007912002994487
521.7067940467005,376.758936423852,13.586858790178098,8.791496864232897
522.2594848090123,376.8795818601607,13.190156861527612,8.042778574102215
522.7139049696541,377.2062434592492,13.014517791719982,7.769861368191016
522.1305589787313,377.1056334639027,13.208764325924676,7.964107902395767
516.5013754916822,375.9218857031229,16.863161633617665,9.392140656698473
516.6966065492674,376.1462257941312,16.833535799295078,8.9290929022348
517.1341077019146,375.87376046801825,16.262321138772563,9.722039811222714
514.7109752015426,376.2235605904513,16.46216277284657,8.933734675508163
515.2020266433242,376.01249759339623,15.884155092007859,9.155450504421196
514.906214726944,375.85565258695,16.24802151062397,9.368228618738101
514.6822344774461,375.64858963612215,15.662507221952751,9.075471474402548
514.3816211215153,375.87262891407505,16.101642938456166,9.075471474402548
514.71917236336,376.2406050284464,15.442134862276248,8.686200860030397
513.7705845423097,376.334002986515,16.8074657301255,8.495077787509047
513.632467526867,375.84657577407353,16.46216277284657,8.833355634210363
513.9208617845647,375.98459804674724,16.361783731548712,8.933734675508163
513.5190729691194,375.8541901913478,16.076706350554787,8.9518023997407
513.7500855920028,375.88225502637476,16.076706350554787,8.9518023997407
513.9752099108365,375.57991615051037,15.959785330912382,9.143627012501895
513.8718071337214,375.7245680244088,15.553235194257695,9.045143871837809
513.5330787022809,375.9963796731307,15.759509483761576,8.532218510316795
513.4333932479822,375.9632257456495,15.808885794120556,9.368228618738101
513.5927316391812,375.4956303711725,15.758091476933146,8.848774444739377
513.5853159387436,375.6382274477613,15.458372359868122,8.030323303827572
513.7968465634507,375.3077263568884,15.451721761379076,8.525087868347043
513.741905464388,376.0247954264154,15.394443212080887,7.6366135618984
513.426390616646,375.77943139294786,15.994461724591247,8.162690811170705
513.670994197329,375.80724055850806,15.394443212080887,8.848774444739377
513.3419370532182,375.76255017166824,15.988278051994143,8.367696924408165
513.4545013675227,375.66642176033696,15.579675605006173,8.498004875457923
513.1441840886896,375.48669996122385,16.259516154473772,8.922905206723385
513.4023452253579,375.50046741692984,16.314031422140147,7.893886172003249
514.379626075336,375.86877414241656,15.698363346378642,7.758961194187123
514.1543252323746,374.28832639978566,16.124419507279185,9.587492680003777
515.050038782169,373.86305779233896,14.891395462548417,9.975789193357684
514.815904222535,373.73967235953023,16.999674940795103,10.009154404393371
514.8470272100498,374.09612513730144,16.69078861540254,9.743811732234974
514.4399257091188,373.46020946367526,16.039484628445393,10.69298975229691
515.9986289454594,374.00941595738686,15.728671206903869,9.532528004184144
515.5688348689652,373.27707628801164,15.803558889627539,11.373773443292578
516.1349908416892,373.5758804380052,15.348431457454467,9.209058874472646
516.0822727669463,372.2594015172224,15.784889634343017,11.456774734603812
515.7472922416132,373.55011050541196,16.25592674258405,9.113171052660732
515.7551838947534,373.4804177955811,16.162730682573624,10.17653413347233
515.8657560204697,373.9976847904823,16.16037276328791,9.616908945024079
515.8427512872988,373.4934890759517,16.149465741389463,10.46557556425239
515.8386232955722,373.65629266141326,16.249021489364964,9.858192953798778
516.0579779150041,373.67929254514326,16.061229372102048,9.418622162652468
515.9238442251351,374.1305960340378,16.314031422140147,8.02545094153669
515.7772254565862,373.39193102086875,16.451265848642947,9.587492680003834
515.9192152045738,373.9187418361239,16.457716606045892,8.578526502868101
516.0076126240186,373.3165887789704,16.510347657398142,9.112268379219756
516.0131167097385,373.32573137807583,16.307708423545364,9.017203481254455
515.4176009472005,373.4660946870121,17.96117655764715,6.466023560752944
516.0822667709325,374.03267163011157,15.887546673640259,7.784897870083739
515.9730326380644,374.04330932905674,16.77089197723899,7.373409403786127
515.9405018466459,373.66336416662244,16.162730682573624,6.345368342047436
516.4475353116602,373.5426294782218,16.149465741389463,9.473150295228493
516.4842620614126,373.50108566495663,16.149465741389463,9.92425269023937
516.3343113255263,373.4348692776467,16.113046414140058,9.65423034096159
516.4835667375484,371.9236369389757,17.77343436342869,11.187339396269806
515.9981147738285,370.59460313240714,18.287502965141016,12.761782644738673
516.694049256059,373.3794543477368,16.681924007322323,9.373652537447754
515.0888019771613,370.87471350390115,17.782928562072357,11.999862363024477
512.9659201814354,373.1256704103847,19.828007687005538,8.87042449155507
512.9659201814354,373.1256704103847,19.828007687005538,8.87042449155507
512.9659201814354,373.1256704103847,19.828007687005538,8.87042449155507
512.9659201814354,373.1256704103847,19.828007687005538,8.87042449155507
512.9659201814354,373.1256704103847,19.828007687005538,8.87042449155507
512.9659201814354,373.1256704103847,19.828007687005538,8.87042449155507
512.9659201814354,373.1256704103847,19.828007687005538,8.87042449155507
512.9659201814354,373.1256704103847,19.828007687005538,8.87042449155507
511.9117695158974,372.9148402772771,19.828007687005538,8.87042449155507
512.9659201814354,373.1256704103847,19.828007687005538,8.87042449155507
512.9659201814354,373.1256704103847,19.828007687005538,8.87042449155507
510.88078697270043,373.1256704103847,16.352785672447112,8.87042449155507
509.1469952699008,373.1256704103847,19.828007687005538,8.87042449155507
509.88839795612944,373.1256704103847,19.828007687005538,8.87042449155507
508.2176339566411,372.6508417879053,19.82800768700548,8.87042449155507
508.2176339566411,372.6508417879053,19.82800768700548,8.87042449155507
508.2176339566411,372.6508417879053,19.82800768700548,8.87042449155507
508.2176339566411,372.6508417879053,19.82800768700548,8.87042449155507
503.4693477318468,372.6508417879053,19.828007687005424,8.87042449155507
503.4693477318468,372.6508417879053,19.828007687005424,8.87042449155507
503.4693477318468,372.6508417879053,19.828007687005424,8.87042449155507
499.98097563882357,372.6508417879053,19.828007687005424,8.87042449155507
500.20355238380023,372.17601316542584,19.828007687005424,8.87042449155507
497.2965756396142,372.17601316542584,19.828007687005368,8.87042449155507
497.2965756396142,372.17601316542584,19.828007687005368,8.87042449155507
496.6744186046512,374.69767441860466,18.60465116279073,6.976744186046517
496.715180290777,373.9201992119374,19.145284825502074,8.335614741550955
495.51162790697674,373.5348837209302,18.023255813953483,7.558139534883708
494.9709942442654,373.3388038631003,17.401098778990445,9.49840543922528
494.93023255813955,373.5348837209302,17.441860465116292,8.720930232558146
491.4418604651163,373.5348837209302,17.441860465116292,8.139534883720955
491.59863216986105,372.6508417879053,19.828007687005368,8.87042449155507
492.60465116279073,372.95348837209303,16.860465116279045,8.139534883720899
451.90697674418607,373.5348837209302,19.38403814664929,7.986382558530124
451.46300720383,372.6508417879053,19.828007687005368,8.87042449155507
451.3255813953488,374.1162790697675,19.965433495486536,7.404987209692877
451.3255813953488,374.69767441860466,18.02325581395354,6.976744186046517
452.0444025526672,373.81363248557966,16.141643958960742,7.279390770234272
451.46300720383,374.3950278344169,18.467225354309562,7.860786119071463
451.46300720383,373.81363248557966,17.304434656635124,8.44218146790871
448.5324850010541,372.9764553659915,19.828007687005368,8.87042449155507
448.5324850010541,372.9764553659915,19.828007687005368,8.87042449155507
448.5324850010541,372.9764553659915,19.828007687005368,8.87042449155507
448.5324850010541,372.9764553659915,16.74658476638774,9.86075393633405
448.5324850010541,372.9764553659915,19.828007687005368,8.87042449155507
448.5324850010541,372.9764553659915,19.828007687005368,8.87042449155507
443.7674418604651,373.5348837209302,18.569357555238582,8.972797471249635
445.32474508482113,372.7849045828724,17.74599647210323,8.473850926811792
445.6189856244463,374.65552636527065,16.615409760670104,6.180807622995246
443.7674418604651,373.5348837209302,17.441860465116292,9.302325581395337
442.8057653103427,373.93423028226914,16.659350968727097,8.90297902005642
442.8057653103427,373.93423028226914,16.077955619889906,9.484374368893668
441.06157926383105,374.51562563110633,16.659350968727097,8.902979020056478
441.06157926383105,374.51562563110633,16.077955619889906,8.32158367121923
439.69767441860466,374.1162790697675,19.18604651162792,8.139534883720899
436.4541907284754,372.3489197024939,19.828007687005368,8.87042449155507
436.6448674076588,372.9261628784529,19.828007687005368,8.87042449155507
436.6448674076588,372.9261628784529,19.828007687005368,8.87042449155507
434.91649123004055,372.9261628784529,19.828007687005368,8.87042449155507
