278.88036463657016,215.59827812727792,16.996884403101376,5.574978084217264
295.52815762431,215.81532597607395,16.149465741389463,8.210063589198
295.667258726854,216.06371798959628,16.138157453284464,9.227319692188956
295.75520192043626,215.86264115068244,16.126188726719022,9.06439366338455
312.42301605932727,216.8586328837517,20.838680211314283,9.012490854437402
312.61990474843407,216.67043116528407,16.087299317985583,8.351050282903344
312.45694656859206,216.74270545449735,17.57306900021996,8.96585153072445
330.02475253021623,217.80549888756124,13.325557372031483,7.682591750201823
330.36164169469555,217.45535993346553,13.399514171900478,8.726574355649461
330.494214308504,217.20492563674395,14.469223286463944,8.895475794791054
346.42445672673585,218.1657681249384,17.62327727219639,6.760251863673233
346.66283612362975,218.43303651250363,17.29639841883119,5.443732538069639
346.53799532082184,218.32802867501516,17.742320930268193,6.113195726468632
363.471177723165,218.66089140910762,18.13612396530266,8.06567980976186
363.58062182149763,218.28407283197436,18.116076532998704,8.442855339734763
363.6769082951683,218.63308194618097,17.914126933789476,7.605782340423531
362.8501776643385,218.5080175748903,18.75247266413453,9.248957105840105
382.14257842681627,218.31962421865552,13.474203232526975,6.75640563235595
382.23277240570354,218.9223863770091,16.71477678575809,8.496539757386046
382.3147635051801,218.13282930430918,16.868533699220905,8.221995540658213
399.2785559031051,218.43322501605377,16.580801214011615,7.362370688311131
399.66520206250624,218.17651532409403,17.624302437538347,6.404179664803195
399.7847968893938,218.31968359697575,17.67553587485679,5.943078728937365
415.90692468591317,215.96474786438108,20.774877014417086,10.021485389068403
415.01527962076693,216.1084690776312,21.679428390400346,9.27786290255844
414.62456825314774,215.93853271543225,21.77421086033081,9.683119653182416
430.2338660884295,215.70846974271117,16.94428330460437,7.307222175110638
429.8177681918894,215.68049217203804,17.050185075258184,7.307222175110638
429.98769887527834,215.64773809569067,16.903552055986893,7.477130599636212
440.8002334167941,214.21648571934568,16.369805646393843,10.115304432441462
440.9807219379714,214.65301498929364,16.07960891336421,9.418662740809651
440.8664691984944,214.20168161739574,15.991167368720369,9.954766441455064
447.7868667105743,213.97656474142315,16.350768081694696,9.833735963723882
447.89258929742994,214.22734158443214,15.880255565309369,9.696793221295081
447.8705791151507,213.87648210507766,16.16132203549182,9.802193147613508
452.72018660417774,214.83757719123972,16.46522555552633,9.303651721666341
452.603485487145,214.77284483605757,16.552857186486506,9.317833515571891
452.9565839193028,214.93640951259638,16.176204721391912,9.106388629128901
455.7079495229906,217.04998784880343,16.46522555552633,9.047881227599902
456.0534991656601,217.1491308993711,15.94933604263241,9.347949221361603
455.85870556248017,216.70396402770425,16.414774451335518,9.928290998791624
455.9056838061978,217.03574919466826,16.414774451335518,9.663536572157199
457.9517157098157,220.4429963178631,16.308872680681702,10.060668212108851
457.8220350242225,220.7881274788111,16.59983766370658,9.540690442420612
457.8173361408595,220.9706985935198,16.11437090340081,8.857422918331878
459.61565155376786,225.89561118080388,16.5516523584418,9.926172884538602
459.92471312115634,225.8588191428519,16.35891113738279,10.070728800332859
459.76741660499545,225.8783486157793,16.583519228765113,9.74645428357249
461.00700865738173,230.91126073136454,16.16616991632378,9.853894926641487
460.89007268847314,231.0109242591354,16.49420077932581,9.795913785474426
460.72976675170923,230.98904135505342,16.54778843199267,9.907593073931935
461.667264088444,236.76959160424687,16.561139490801224,6.26637710462748
461.5082470735058,236.49018322134114,16.72099604959277,6.618061533968842
461.6247191528113,236.48853422253654,16.601453839503165,6.486149407061703
461.75947491835785,241.81390477464817,16.59758388598391,8.345414369637979
461.8041446080494,242.02561346655315,16.548400253851412,8.96585153072445
462.08332301981073,241.66780638088107,16.55234103587702,9.289579152788122
462.45310998686654,246.67827325754607,16.71600504449998,9.121677879612946
462.499378395976,246.80651457753655,16.529168179042927,8.983938604083306
462.535213644303,246.66140197916613,16.550961459337884,9.231240475912415
462.2288142372528,252.53814597860807,16.79449400042762,7.374134147314209
462.3546588409906,252.60718189867484,16.573627107316156,7.571976601745092
462.12750071420095,252.56184445546603,16.477521814447073,8.11579432651871
462.69482771919445,257.7103735674096,16.215373517654257,7.296918082944387
462.5920758219741,257.57623738598016,16.126188726719022,7.834727856336258
462.47018210821847,257.56518243554444,16.457716606045835,9.091373195974313
462.4201542898573,257.6438937002992,16.41109417939981,7.739322823239718
462.40609296962003,262.67766377225996,16.91031809698228,8.300726919751582
462.2732502147977,262.82579474206426,16.75588596824275,6.949445793280404
462.2078672931691,262.43197817713116,16.70210056580669,7.838715909719099
461.360848113757,268.43445389592233,18.13612396530266,7.273098556779473
461.5260732549607,268.4748903439815,14.035405861895242,6.1704631693525585
461.5777362582518,268.46280405137367,13.62863536126656,5.675380731179018
461.8088264370526,273.04611538778727,16.419020183303303,9.036825062128173
461.7148329755985,272.73212743260274,16.343466504577748,9.273252154635031
461.9238180179737,273.3582326967744,16.22460447281577,9.510975035788533
461.5395508427009,277.9209035828879,16.717277936057826,10.38556065773571
461.54480295790455,277.2971036865307,16.948926129167205,10.462776722105502
461.8273520004092,276.4489607476949,16.758588284629525,11.69939182134516
461.0376141773293,282.9399886395525,16.46144659204566,9.164104288355304
460.7408529518157,283.01332031699184,17.219182354461452,8.995671499079606
460.84877643745546,282.7910696563714,17.1046517906924,9.143795162874824
461.12447475148815,288.38027351856243,16.29258029492712,8.611792441604337
460.6698623628748,288.2956237349294,16.618055049538327,8.537394031792417
460.4211206928544,288.46752650017737,16.874458162603105,7.9135390003932
460.57167120012946,290.70496121679093,16.73247976329685,6.804188764505227
460.8571697936237,290.6516733359582,16.177483749701594,6.713975469243735
460.6884686061802,290.58162719662937,16.44124989399893,6.830664207168638
460.12613576230405,293.17484985111867,17.335006451016113,7.837430533532881
460.2249057838625,293.6739835564186,16.618055049538327,8.11579432651871
459.9571637313214,293.16292944750035,17.168594414208997,8.824082045291789
459.99712373799713,293.07452130871684,16.92813708821194,9.121677879612946
459.892202015273,295.6307819376335,16.46522555552633,8.05677056309247
459.8727031129647,295.647185768229,16.369311620251437,8.856053357050087
459.39336162650864,295.7242309917768,17.145054681130432,7.869861165109057
460.05116906752363,298.20151610575664,16.055922109173366,6.323995579105485
460.0087968423656,298.4164940626367,16.26672196181022,5.83212925628618
459.75419154284276,298.5120945080635,16.64170701553269,6.255187077516666
459.74058832280764,300.676178410461,16.618055049538327,8.256327561609965
459.77910716963754,300.6499250968444,16.433254243768033,7.001717275068472
459.6030084839517,300.8720429936066,16.562845807318297,6.601973503616364
458.6225341453745,304.0203005328829,17.636921003949737,6.956395137016045
459.377207351173,303.79692055805424,16.944795231900855,6.618061533968842
459.0517989903274,303.7456279722255,17.00873785541745,6.937774651551877
457.9471237346378,305.2224722059558,17.25029785902825,8.531904076222077
457.9461120200879,305.53534428148356,17.60526267631036,8.030470694457335
458.4739139308955,305.59792941163766,16.93425482849358,8.396860796701162
458.86666394932854,308.1941640318218,16.33416736581853,8.188296887280444
457.9923744982765,307.68855604395515,16.871710064797412,8.262118887566714
458.20418583321964,307.9301335758258,16.86398821094798,8.326594179155563
457.66192596636256,309.9425174267269,17.37361448320098,8.879847402524945
457.2110812467627,309.6930151608787,17.809766978780488,8.485281649576052
457.4215049772662,310.6542358479463,17.485429923662878,8.117196254079772
458.41749955231427,312.87121910026576,16.442388505674273,8.888727119520468
458.53759808478713,312.93011890331485,16.291740957076115,7.594327164887034
457.9640102661313,312.734899309604,16.784938673109366,7.737057445509436
458.68410381039405,313.13244415024906,16.164461730848984,7.297342303690357
458.61872129922705,314.9466031117204,16.249314548333757,9.079251470870531
459.1008347780491,315.05482452957335,16.22460447281577,8.951505916036297
458.7086934341904,315.1828160914791,16.457716606045835,7.179853703487424
458.5107990577738,317.7923795377994,16.784938673109366,8.184655810125719
458.2979244863177,317.559103770684,16.561139490801224,8.088741874850768
458.60282396447036,317.9532095463871,16.215373517654257,8.22351085538179
457.7033815997298,320.24283234331256,17.37361448320098,7.991862662272467
457.9797849195666,320.161156495878,17.14196629009166,8.995671499079606
457.9333468304982,320.2116139773369,16.524237775133372,8.841239370340077
458.128169663852,322.4324007610268,16.62508211431782,8.344512368917208
457.78492067035495,322.31877843611414,17.489438579755642,8.455159048491169
458.2954390189408,322.56179945671346,16.601453839503165,8.455159048491169
457.9162004789113,327.4687967847575,17.49638776885854,7.167194989652899
457.9141846875989,327.09293933048644,17.097842723181486,7.085210259978453
457.9891934466129,326.8194501267672,16.871710064797412,7.065269889835065
458.26428426572255,330.95592983192296,16.885710679469526,8.612560974704309
458.3584945734714,331.07459621968525,16.407255196901474,7.9752610914274555
458.2292918643776,330.9568890883885,16.618055049538327,8.15092763529151
457.9084303691657,359.31056384510777,16.497166816533024,6.25047935284789
457.5607834283242,359.3165589753871,16.550961459337884,6.200782743920968
457.53735114332767,359.3570436179965,16.419020183303303,6.109402858903536
457.69646869630594,360.5971519420977,16.291740957076115,6.321534902615497
457.8169035284475,360.8610287545,16.249314548333757,6.363961311357855
457.32466888937427,360.2164837795433,17.103358257906734,6.949445793280404
457.2758486763792,360.6062410285916,16.67357863575762,6.7033725812969465
457.5681117078432,361.45825991982537,16.26672196181022,8.78332719320207
457.7321610566138,361.9057807557575,16.23158865303742,8.818460501974869
457.70856795591567,361.35075315822803,16.433254243768033,7.193545145618316
457.266562334814,362.9493095863785,16.976766543659153,7.832971380784386
457.6595873673736,362.4757308135967,16.321674188310908,8.524510761452916
458.06174080127494,362.3459372493689,16.503873000788076,8.527708157219536
458.0687363186766,363.4233498243787,16.176204721391912,6.604313798122234
457.96430171533075,363.5177930424239,16.442388505674273,6.253728961559887
457.87006702162057,363.5734918603234,16.336988579355875,6.323995579105485
458.1332848086094,364.08141747168315,15.026516526402645,5.914692675286176
457.8080313836353,363.9307022222919,16.24142637321819,5.403151687153297
457.63993254436485,363.62863295429145,16.414774451335518,5.718695615304
457.9692229260189,364.0873073214734,16.369805646393843,5.868420892103472
457.87363848583027,363.9804991080104,15.880255565309369,7.026661754561644
457.9272309182173,364.07582303105283,16.234392508159544,6.546126011354659
457.8876734102109,364.27033772128624,16.350768081694696,6.138811503981458
458.16737454356866,364.4476008238217,15.856171894170132,6.895252731960227
457.77010461236125,363.95942712228685,16.249314548333757,6.7033725812969465
457.98331743068087,364.4771992184285,16.350768081694696,6.837064945192651
457.99502956591925,364.4438067983722,16.442388505674273,7.940127782654656
457.69549874830483,364.2630092839957,16.467143655229904,8.349947401150132
457.9564680033954,365.0634701015259,16.593110802559522,7.928885316059279
457.94303132254834,365.1387177291903,16.001641361089128,7.651693959938996
457.84720886918393,365.2443827050056,16.79449400042762,7.682998404793352
457.8990274705381,365.35882542015355,16.69989480230032,6.9534405187278026
457.7138891439291,366.42455524949,17.767307076675593,8.480140632889459
457.9284210834613,366.39038565057626,17.250454607448887,8.537394031792417
457.8479808834048,366.64700857751865,17.1366231024507,8.024799251334173
457.9794289517777,367.74102562397337,17.109921372357633,8.642793958110815
457.9710754032536,367.5569139531329,17.165397096441097,8.55360465483676
457.8392742461781,367.7174313786784,17.107209309673465,8.088102360695984
458.07198801456536,369.1947027265387,17.050185075258184,6.671811551188
458.3317967779634,368.6724767568726,16.75588596824275,8.22351085538179
458.0035350565514,368.64904024152054,16.816270375835472,7.738975640090359
457.99960908886527,370.7850948443721,17.00873785541745,8.983938604083278
457.8657890222239,370.9697227138344,17.328450973000486,8.408454992433803
457.3059410325869,369.8246980871326,18.044095800435173,10.736237001258928
458.0269398042721,373.5010995601549,17.34919859714381,9.2529059184767
458.27664050997936,373.3321498049234,16.843284270727167,8.485281748477178
458.0648746563903,373.388188224132,17.140269131923844,8.273149704765217
458.851465992107,377.92030767767415,16.407255196901474,6.042929108923033
458.7991254958904,377.83858398639774,16.33416736581853,6.448814128842628
458.77040247212364,377.95322966877086,16.33416736581853,6.491240537585043
458.93499537351204,380.82130195257037,15.994756095879438,6.873078216266492
458.6839114011545,380.5439805102335,16.273397684976487,6.650032845727139
458.7544552481567,380.77691604598624,16.414774451335518,6.804188764505227
457.78795071190484,383.4617225503778,17.352401175635805,6.957931033751265
458.4567904562309,383.48095673032043,16.255921795354823,6.115827255255624
457.820442967599,383.316317672757,17.072680478934103,5.946663987044474
458.29108475578863,383.5329731638771,16.69989480230032,7.5062244930199995
458.8354728194537,385.6125077502666,15.95232968713708,7.254915894947942
458.70140330627316,385.64104236104333,16.24142637321819,6.905803339793579
458.80997491098105,385.34078180444243,16.23158865303742,7.904994473881857
458.48288528858063,387.58376552161167,16.369805646393843,7.605782340423559
458.54613213517985,388.60968764728847,16.438049761846116,7.244379452565795
458.6507681633807,388.56051109256197,16.22944635269141,7.015992305812745
458.58818127486836,390.802472889294,16.657053426076118,6.745946781002033
458.7163983108951,390.76434978748614,16.28239723801829,6.963041420485865
458.7586698912331,388.7587889916625,16.17164926909612,11.977056166023317
458.47932012800607,393.03879030233327,16.70210056580669,9.52941934122714
458.58438038411697,392.52232336175524,16.588959177426943,9.246305115287157
458.62416507317084,392.628904548263,16.72124247501864,9.402180112215888
458.7263841808789,395.88157076775843,16.548400253851412,7.787482472400654
458.51039174635895,396.57352508672363,17.01718572579813,6.527139730443139
458.7678727484717,396.25494179018983,16.664941995304787,6.530855646808618
458.6725711970564,398.7943974875244,16.678669903872958,7.451350211683973
458.6016282541986,398.6834641428763,16.67357863575762,8.188296887280444
458.6868644766187,398.82543078404535,16.15823767787998,8.951776274504937
458.31594268336806,403.95493818890805,17.012989905696713,8.909545835901042
458.2283016108385,403.8478078585916,16.860909327876584,8.362467126325896
458.5036737356209,403.7182770761872,16.642669875257923,8.970955880715223
458.19261256090226,405.73418278464,16.890143914160262,9.402180112215888
458.40806150294804,405.84801386045484,16.6508671284883,9.273252154635031
458.1074482159553,405.4696382506842,16.9705634969543,9.418662740809623
458.3124058613105,405.5595473882567,16.92889686548898,9.586242803349194
458.42227224513306,407.7797263907225,16.511259109769696,9.189524300912524
458.22067792321315,408.3659154130784,16.804567440443577,8.094883096311207
458.82308460976554,408.09959507802785,16.520971639814547,7.886554363039011
458.67960068811493,410.5699403899509,16.333326569026383,8.228531945759471
458.41478258453805,410.3591390492462,16.3849965645897,8.498442201550688
458.6693053981921,409.6451790482932,16.70210056580669,9.324485591953419
458.4184733890903,411.9615908812478,17.00950118971724,9.631886215863972
458.7589768320146,412.13526657143035,16.085851924041094,9.28029918694682
458.6718784198907,412.5555307316745,16.497166816533024,9.017084968042866
457.97868441386174,415.3669749590105,17.14196629009166,8.184902823196921
458.0030038347591,414.6446095867698,17.3435427123203,8.811638636098223
458.2212773672531,415.0205706010407,16.970563299152104,8.298791942991954
458.88145966915596,417.3730204474408,16.24099962994086,7.889949347037543
458.65101183803347,417.55383402836054,16.44702171076358,8.33933495193645
458.4451397023428,417.5094248786768,16.6508671284883,8.146116533629652
458.08397707442543,419.8082551871967,16.804567440443577,7.685015597763822
458.29754438314404,419.82927976818615,16.496040556163166,7.600564761372084
457.75559889129966,419.6191814715923,17.758651214097995,8.171158534094161
458.4677683590383,421.64375508724373,16.3380273826981,8.374265291634174
458.023134108838,421.0127870651728,17.132859478326168,10.334105717085663
457.75152205894653,421.46504399791223,17.214434938990962,8.299816845584928
457.940252778635,425.4562575892198,16.15823767787998,7.9383676396553255
457.87096525066505,425.1225887037319,17.296920285674275,8.298791942991954
458.1771368705786,425.77158673339466,16.724934252651735,8.02252943826386
457.7968891778641,425.57145384616774,17.64970243364337,7.08167072954825
458.13777229371544,427.44101303053657,17.004521446039234,7.659061312472204
457.7647427024153,427.62958122431854,17.063808152444153,7.832567676531767
457.91053538240095,427.2834019784025,17.734651109868253,7.99466811936918
457.91230941067846,429.5101309743477,16.946444393874117,7.544264281658229
458.1132306597671,429.6684003543925,16.331197614208918,7.219702018574651
457.6939397724316,428.9097910688439,16.804567440443577,7.889949347037543
457.9572565234855,430.4123546848537,17.268834553551017,8.090516975876255
458.4091467116081,430.8450492989,16.588959177426943,7.342654062139786
457.652167748875,430.4445093474324,17.502772926422153,8.570945505206737
457.751376893545,431.62727371250895,17.2842472721573,7.9383676396553255
457.7979437493582,431.8184994268472,17.856389405426512,7.972434956469783
458.12504865516615,431.7644711703983,16.585970689451926,7.471157968221576
457.8152500716738,432.85351006815125,17.385093810213675,7.547976672050083
457.7814965985688,432.9054524283502,17.075750503982135,7.547976672050083
457.9542958920813,432.9071221577135,16.75588596824275,7.103877922019933
457.9383426660752,433.5361095922142,16.95201318148952,7.300502027064795
458.57878369497075,433.9013833370875,15.977071338915266,6.390828535566129
458.00387737221257,433.4880055918141,17.219182354461452,7.335526115129312
457.8852361072047,433.9014284606561,16.890143914160262,8.10726907879689
457.86028849560955,433.98514455278473,16.724934252651735,7.614604212589427
457.4664727546216,433.3303310556489,16.887060970461278,7.844312192730399
457.7850564720379,433.9507436727976,17.103420039340506,7.104497554803004
457.8699121275748,433.7399625433693,16.317009026977303,8.702404814387933
458.09531859819623,434.0591632259934,16.3834395967354,7.882067159941471
457.8096365313829,434.0050722093881,16.369805646393843,8.184902823196921
458.1529222122059,434.03902531810456,16.18103395175251,7.886554363039011
457.83567852319135,434.116907575421,16.777542954732496,8.27617051793851
457.67640687523595,433.9100088127488,17.07693314372466,7.060655049809213
457.66737761381677,433.6996799779847,16.65694671503934,8.838379889612725
457.9398168270828,434.2365334252186,16.091725462355896,7.471158250379517
457.6084510659692,433.7288959263757,16.287124370723063,8.143562185361532
457.7268188979637,433.9132356526808,16.42012802281215,7.635359530607673
457.5922697555936,433.8198718474594,16.748530583268405,9.277372332888888
457.771570587919,433.85326930349237,16.33416736581853,8.697413792189082
457.8205949846082,434.1067248362453,16.511259109769696,8.666543243137028
457.82195515566406,434.0437405733045,16.25592674258405,8.53846657186233
457.6519142475718,433.91577211588384,16.990833736138313,8.524510761452916
458.0040311713408,434.1994709614451,16.22460447281577,9.044750769328346
457.8805876680681,434.0110810582832,16.19645534426462,9.09952697215732
457.98404378496224,434.1715129430814,16.394699941896135,8.197349970948096
457.9015499575586,434.1684031370191,16.580801214011615,9.156561864454204
457.74573908539793,434.24713981967056,16.890144520243155,9.651511154424668
457.60386673556275,433.9949234330712,16.961450052409077,8.931827421215417
458.79016894296655,435.0954327031727,16.45126584864289,7.408517070912012
458.6977602632537,435.1470371015253,16.588959177426943,8.498442201550688
458.4549268429204,434.7553515405656,16.72124247501864,9.008076754218791
458.7193349244605,435.1528665743598,15.927524182127797,8.045862731177976
458.88450461808554,434.9138748581313,16.333326569026383,8.847218558222607
458.7969108427508,434.6300293498288,16.640061871688033,8.995671499079606
458.69447767727036,435.07468654168497,16.644206312629933,8.205547089699905
458.71273636814584,435.2016512755864,16.524237775133372,8.493767080676037
459.05451255440147,435.2156807188649,16.177982046169745,8.019057383115808
458.7003950783434,435.4452007056499,16.46144659204566,8.57013456596195
458.8591792226841,435.64951782911226,16.644206312629933,8.25216951634593
458.6359930236277,435.40104182081575,16.65694671503934,7.9545419006514635
459.0013069082066,435.4265898029445,16.497166816533024,8.248583408266484
458.68683682692813,435.59827680931517,16.70210056580669,7.941182784355931
458.7401129515012,435.67905005315527,16.79292179026413,8.226492051101047
458.5279186581499,435.8991374269523,17.638351907096194,7.228832748809907
458.7963125438767,435.8630413459829,16.361835950405236,7.919427446314899
458.75952233988914,435.8072133855702,16.664941995304787,8.163569558510801
458.84633618937335,435.8555376678029,16.271457907780075,7.857319978281623
458.8342851240654,435.9751283748719,16.833102032612487,8.146294791011996
458.77933899762803,435.8952197411719,17.01718572579813,8.019057383115808
458.4007574760299,435.8503141446182,17.405335704180914,7.717460170721722
459.18290896034125,435.87262647931067,16.92813708821194,7.891312026083767
458.7560289159351,435.70245847497233,17.632568455198907,7.547976672050083
459.110049008846,435.81140017013075,16.46144659204566,7.933738434826125
459.30391378015185,436.02826099525646,16.819126852140528,6.926883402123281
458.9298909369865,435.7918337776317,16.758082589067897,7.59350617317142
459.3701754534227,435.915932460452,16.593110802559522,7.609172198476244
459.19614600513603,435.918410481098,16.845364269219317,7.273473345949583
459.33146494844,435.7216633687576,16.70453853650423,8.104794623266855
458.7892165804479,435.5943178821481,17.808018042664855,8.380243784783488
459.13315650170335,435.9010276286912,16.457802936845383,8.030614686051024
459.39153042744755,435.68615270646023,16.520971639814547,7.886554363039011
459.34976122257024,435.66361830674265,16.084737192877697,7.646077969947669
459.07048880794144,435.70663461204316,16.890144520243155,7.919188639527931
459.25673115858075,435.6631644094866,16.952013181489463,8.47600659074476
459.16494028289384,435.62799033399443,16.748530583268405,8.127963371292026
459.3893201637175,435.90875935735454,16.511259109769696,7.545869547903806
459.7843339120195,435.7723570115202,16.25592674258405,8.374265291634174
459.3729254747435,435.46249401018446,16.5022286629262,8.045862731177976
459.6438055715135,435.4547977501501,16.45298410220215,8.362467126325896
459.8107517207427,435.99324294967334,16.137701211358603,7.770004286950439
459.7791350323393,435.9803921620339,16.192585357334224,7.51798605876229
459.42058870747303,435.5791290764196,16.669163409552084,8.062209753639593
459.6625204338791,435.68347196286953,16.518932552765307,8.661612574483684
459.4713630854004,436.04988828198697,16.828275858996847,8.723481235729992
459.8296637463423,435.6770659706399,16.45298410220215,8.498442201550688
459.6606885146681,435.99671178708445,16.65694671503934,8.838379889612725
459.7886733717995,436.0576944054475,16.337340308493083,8.56831155122535
459.7750909155874,436.14401237714145,16.29258958202405,8.995671499079606
459.70087880903833,436.346472295806,16.65694671503934,8.566429739163084
459.574729125551,436.3259302853182,16.58432930304025,8.127963371292026
459.5564106235719,436.28792770549285,16.59758388598391,8.858261062744248
459.812292183277,436.7540468810776,16.317009026977303,7.410641599752182
459.94614843582787,436.5472593609377,15.927524182127797,6.56805120912486
459.8812616812552,436.55325731029257,16.41109417939981,7.55283311665562
459.6939137746618,436.7100470748793,16.860909327876584,7.00271637407775
459.7967806953419,436.7231486295771,16.164461730848984,7.7640327998565795
459.8627698931145,436.9329535208084,16.394699941896135,7.992416221674375
459.97251449168004,436.8204106859346,16.214538157593836,8.445071957080131
459.9815378911858,436.7086979557995,16.585970689451926,8.068850605679302
459.8438391041899,436.96519787968066,16.45298410220215,6.594791148403317
459.6646586222631,436.83518631577374,16.855800877761965,5.6869115423452286
459.63295731512994,436.8985864706859,16.753334003125133,8.914618093406034
459.62259182983394,436.8288288775098,16.582921740765528,8.78332719320207
459.560982264514,436.71379566650626,16.88481700818079,9.189524300912524
459.8044762082421,436.80722584564796,16.327139117021545,9.345879632501976
459.86554744636624,437.13486209537024,16.3380273826981,8.374265291634174
460.0021249706783,436.99856682713414,16.173826102470002,8.948969772432633
459.7031009253969,437.9942542112763,16.259516154473715,7.5348977301219975
459.8740012762344,437.82990108779813,16.25592674258405,8.784768492204478
459.87874235874904,437.3010164742234,16.511259109769696,9.189524300912524
460.16100161029533,437.73256043996065,16.23968622039166,8.661165984208878
459.64117326139507,437.5648227465501,16.529168179042927,8.919995980566682
459.81751843770536,437.7996368609962,16.215373517654257,8.57098314504583
460.0979328080687,437.731944131028,16.15823767787998,9.233278673074267
459.80647537472845,437.7959246717474,16.42012802281215,8.948969772432633
460.2791078837429,438.0919566049622,15.969024783385123,9.653591253232833
459.7674252757399,438.11106178473335,16.961450052409077,9.202488858221955
459.6047122159878,438.1336159831142,16.420127178396,9.292709337224096
459.8082057933679,438.248530474806,16.343466504577748,9.06831840536131
459.87572822681454,438.29050326146404,16.419020183303303,8.782266609673854
459.9731120640664,438.13996231512124,16.138532755304027,9.222018717316587
459.7637601162942,438.4879861208695,16.496040556163166,8.445071957080131
459.95934494863184,438.70575265225597,16.062989631676373,8.517120083772625
459.7123561136868,438.74227882289193,16.496040556163166,8.332470997652365
460.1442283578687,438.6368175169836,15.758380206355525,8.392036796284003
459.9263115083181,438.4956982953404,16.214538157593836,8.445071957080131
459.770855823346,438.5957997828202,16.271457907780075,8.909087219468915
459.5643046052445,438.6644140416193,16.59758388598391,8.718393782806174
459.5867138691734,439.0707129042908,16.85580087776202,7.992416221674375
459.58074768253533,439.1516610684723,16.46144659204566,8.442855339734763
460.05466800715715,439.0743563953183,15.76414331294751,8.815966402501488
459.8597218886374,439.0900764999912,16.137701211358603,8.96538956186589
459.4658758407973,439.28678310035707,16.724934252651735,8.838379889612725
459.8168555661762,439.55869129185106,16.35865954565952,8.724618424351775
459.7916896333189,439.1642881992372,16.292233067259303,8.453517157540205
459.76818237025753,439.5507014416082,16.361835950405236,8.591831663454798
459.62821583863314,439.6808874955507,16.664941995304787,8.10726907879689
459.86725321411757,439.4752409806881,16.5103476573982,8.480725026204539
460.1405705274749,439.45335921635876,15.9882780519942,8.741254822819258
459.81913921625096,439.7399842352871,16.13135961952372,8.205547089699905
459.7947819873624,440.02047113265434,16.496040556163166,7.769466200513705
459.71405934663716,439.81523208032104,16.548400253851412,8.299816845584928
459.53650033444256,439.97189302729635,16.777542954732496,8.050968599083035
459.8346767523061,439.7471623393851,16.520971639814547,8.090516975876255
459.9072201358944,439.8683650642804,16.24099962994086,8.146116533629652
459.7834098300561,439.9937845394682,16.666429943154355,8.45636593174828
459.9338720955861,440.0681390403342,16.333326569026383,7.733582655789007
459.6720420216657,439.8931241043877,16.457063891519,8.228531945759471
459.66571593960833,439.83211371691493,16.73539384881633,8.442408504090395
459.6122358868427,440.56972323727024,16.599633691169856,8.299816845584928
459.9213916257833,440.1944704574977,16.214538157593836,8.219870038224656
459.51956334977643,440.0687315699166,16.518932552765307,8.909087219468915
459.6250184739234,439.7302846919326,16.599633691169856,9.119551842679755
459.8152763601969,440.91241747225564,16.048008702358004,7.51798605876229
459.75630755429984,439.9012790824176,16.511259109769696,9.04010114154812
459.7377762111486,440.22203006370665,16.3834395967354,8.219870038224656
459.5262926168307,440.1691858264447,16.600568136400398,8.931827421215417
459.664160500596,440.8309991743355,16.5103476573982,8.570945505206737
459.9011438734053,440.29261645827347,16.361835950405236,8.741254822819258
459.97993849041563,440.41301760550806,15.91356647231197,8.815966402501488
459.9558549080428,440.53076495253265,16.07960891336421,8.867119427158627
460.0771691392198,440.5439702236535,15.90908380130287,8.90636742722512
459.7329020299629,440.9560127843784,16.118016934624336,8.495416868069128
459.6963041904981,441.02154009480927,16.209589246533767,8.290400607005836
459.71538281187264,441.1494376739377,16.88481700818079,8.815966402501488
459.61518687257745,441.1946755836802,16.497166816533024,8.40228372022176
459.607956257759,441.5890834923426,16.212412791040833,7.844715866632669
459.8554576257784,441.5035562510295,16.27083863730769,7.656865241085995
459.9361277131165,441.24072858107843,16.376593774560888,8.35800252224999
459.8551319002518,441.36486723974076,16.12203532210657,8.018591252310898
459.53536055615905,441.0753178943624,16.724934252651735,8.838379889612725
459.79321343879286,441.80685717846535,16.65694671503934,8.158504513488651
459.4791031627531,441.68600637148086,16.666429943154355,7.96376209106387
459.7275394505766,441.5842142062587,16.317009026977303,8.566429739163084
459.7374948450091,442.1225168378404,15.923282820609586,7.422883720885693
459.7523141494278,441.67785042200563,16.361835950405236,8.741254822819258
459.80599091273115,441.4347176982396,16.33416736581853,8.654987383446723
459.7693016035586,441.42194240802615,16.548400253851412,8.709684344132313
459.7394426850397,442.147376863267,16.520971639814547,8.090516975876255
460.0261408929709,441.71905401751343,15.788583825380783,8.02962263119366
459.22934008739736,442.0953919040898,16.84029050027374,7.367627093869771
460.1653016164703,442.3612347811574,15.845423542013748,7.717460170721722
459.6133259950633,442.20340693659625,16.44593337921458,7.4800818484901015
460.04808239725156,441.62685830746636,15.898247486293599,8.438659222930028
459.8335701854185,441.87725170776906,16.327139117021545,8.388771477366276
459.8627793193834,441.8757880103967,16.23158865303742,7.940127782654656
459.7597875603823,442.1583964464279,16.44702171076358,7.760214469163088
460.14155969907154,442.59004326157225,15.614720153583107,7.3217348088571725
459.9260725584721,442.3088574175688,16.138157453284464,7.991862662272467
459.93912152731986,442.5381535477069,16.13135961952372,7.599455543301644
459.5917232270301,442.105415444607,16.271226899461794,7.925812529823759
459.53789247588276,442.3792879658414,16.12203532210657,7.933738434826125
459.842968761041,442.04459831766576,16.485629742948504,8.146294791011996
459.8263301882457,442.0011558403247,16.419020183303303,8.273149704765217
459.92072752534864,442.0736579488057,16.333326569026383,8.228531945759471
459.6579805846252,442.46790415122996,16.49719686728463,7.801000069026088
459.7866852836872,442.2692375946884,16.394699941896135,7.941182784355931
459.65447813287454,442.5698859128001,16.407255196901474,7.834727856336258
459.76514246654114,442.2886573076506,16.13135961952372,7.55283311665562
459.75155287046516,442.20499538252966,16.336988579355875,8.08066101774591
459.5343434675127,442.3783783236942,16.89912151972078,7.588794694926605
459.6705107466957,442.2037683043498,16.593110802559522,7.801000069026088
459.8980252028139,441.85869512022947,16.253981549839125,8.030470694457335
459.7822643838602,442.27609190204174,16.113046414140115,8.02252943826386
459.86303105639803,442.0822297359272,16.084737192877697,7.925812529823759
459.985508427495,442.2657035330404,15.991492339585648,7.925812529823759
459.91413033803525,441.92493866533766,16.14946574138952,8.02962263119366
460.5043520540697,442.0627031470996,16.81010542849856,9.04010114154812
460.8608463406048,442.0395026651573,16.038114766231672,7.972434956469783
460.7969007123902,441.8807560516171,16.546299409530434,8.35800252224999
462.00720626165145,441.55874273142797,16.584329303040306,8.702667852090428
461.9488795061233,442.16953394028417,16.10193719816607,8.445071957080131
461.78681747763034,441.63997661507364,16.58872581827285,8.273149704765217
463.85046710131024,442.11392161969496,16.317009026977303,7.9545419006514635
463.64736456982956,442.36659656520186,16.580801214011615,7.547976672050083
463.80204797035395,442.4389278168442,16.640061871688033,7.876038565717806
466.8462223390086,442.08791771448136,17.323225148967367,9.09469320320784
466.9850464829651,442.3793006870926,17.22624663214833,7.830112105521948
466.9327313529858,441.851037420105,16.99483250361061,8.702667852090428
466.98434799137766,441.81149185893634,17.482509645638515,9.338947460276984
471.22492537562266,441.55456995044176,17.322856092279608,9.260646338640072
471.1706361960886,441.6385952872027,16.644206312629933,9.091373195974313
471.09573186834365,442.3514269507232,16.952013181489463,8.723481235729992
476.5197749263058,442.9046684989309,16.70210056580669,8.351050282903373
476.66643355462884,442.2447027100488,16.546299409530434,8.9519722446434
476.8526492727661,442.5366051243599,15.983725324544935,8.648199209415623
482.82064892061334,442.67497146265833,16.520971639814547,9.110330040062365
482.8363518847417,442.3795570182984,16.640061871688033,9.18871166000406
482.6308950838426,442.2731661006534,16.777542954732496,9.289579152788122
489.69556205276876,442.454299441022,16.690828739275958,9.557597462434558
489.5068379653313,442.84362759802235,17.064871940713772,9.042342502449912
489.8251422918077,442.3182123489886,16.57716096120697,9.077969097803816
497.72281996739406,442.5751935923912,16.588959177426943,9.722217878573986
497.4226003820565,442.8648758429617,16.588959177426943,9.042342502449912
497.16172460801386,442.5382045634894,17.267548358150975,9.588368375779169
505.7394279835874,443.4697132113005,16.436547530087466,8.666543243137028
505.8877810551813,443.2833491513042,16.3849965645897,8.702404814387876
505.94244815570426,443.5475925374617,16.062989631676373,8.591831663454798
514.5805577302186,442.8411107697261,17.479693923375976,9.937086271508235
514.8880281537957,443.406623953819,16.79292179026413,9.042342502449912
514.5653152284405,443.6584759320051,17.479693923375976,8.62012303070594
524.7800259248949,443.90438947216074,16.3380273826981,9.523674253231036
524.637479156042,444.4401408103754,16.510347657398142,8.751386463211077
524.8653278458996,444.49636430529915,16.436547530087523,8.517120083772625
524.6571220978803,444.39390340287935,16.55694632803113,8.724618424351775
533.8032026487996,443.84317706668685,17.487436344294906,8.948969772432633
533.5605389561856,444.29382574676913,17.322856092279608,8.715902436367116
533.7197798817618,444.3234694148053,17.44923684870355,9.121191989094996
544.6827574540774,444.2695344592554,17.241134423952758,9.113171052660732
544.7726212039668,444.3969365425282,17.322331968417757,9.112268379219756
545.1592968690926,444.1377393957637,16.99483250361061,9.113171052660732
551.1872197942506,444.0441936240968,21.29978628632466,9.776951082247365
552.1683083761825,444.015414290941,20.720382467563468,9.592769660909028
552.0031251725436,444.51373969935355,20.661353044545194,8.433205324304197
563.9590604832338,443.3104817768121,19.20472534012879,11.52283520407724
564.4842945048188,444.8491867013045,18.429554141422727,6.513894136192505
563.8775710719477,443.71726327107046,19.1558289571243,6.824264065975569
574.8026655795084,444.5682487369901,18.875495340031875,9.546693791745554
575.665036081477,443.9020989996058,17.24024606141188,12.451288822130834
575.9757551097675,444.62623994663954,18.02437342607425,12.103958797071755
587.7947117629944,445.2373041430408,15.393078035406461,9.472663406403967
587.2472765654363,445.1338530895759,16.01547072682456,8.606953655912491
587.4663579752176,445.22149440000976,15.367225633801354,9.517765553838274
0,0,0,0
0,0,0,0
0,0,0,0
0,0,0,0
0,0,0,0
0,0,0,0
0,0,0,0
0,0,0,0
0,0,0,0
0,0,0,0
0,0,0,0
0,0,0,0
0,0,0,0
0,0,0,0
0,0,0,0
0,0,0,0
0,0,0,0
0,0,0,0
0,0,0,0
0,0,0,0
0,0,0,0
0,0,0,0
0,0,0,0
0,0,0,0
0,0,0,0
0,0,0,0
0,0,0,0
0,0,0,0
0,0,0,0
0,0,0,0
0,0,0,0
0,0,0,0
0,0,0,0
0,0,0,0
0,0,0,0
0,0,0,0
0,0,0,0
0,0,0,0
0,0,0,0
0,0,0,0
0,0,0,0
0,0,0,0
0,0,0,0
0,0,0,0
0,0,0,0
0,0,0,0
0,0,0,0
0,0,0,0
0,0,0,0
0,0,0,0
0,0,0,0
0,0,0,0
0,0,0,0
0,0,0,0
0,0,0,0
0,0,0,0
0,0,0,0
0,0,0,0
0,0,0,0
0,0,0,0
0,0,0,0
0,0,0,0
0,0,0,0
606.9689807581815,424.400160733654,17.20462194216759,10.69867246823867
606.0866148322867,423.3599973283805,17.476301341004273,10.644656271338988
607.471264367816,424.2298850574713,15.517241379310349,10.344827586206861
605.5812201547776,424.15678682508985,16.832572948670645,6.3949373128411935
608.0459770114943,424.2298850574713,15.517241379310349,6.8965517241379075
607.471264367816,423.6551724137931,16.091954022988602,8.620689655172441
0,0,0,0
0,0,0,0
0,0,0,0
0,0,0,0
0,0,0,0
0,0,0,0
0,0,0,0
0,0,0,0
0,0,0,0
0,0,0,0
0,0,0,0
0,0,0,0
0,0,0,0
605.6837484869619,386.09359561418387,18.342221580361638,9.487355989842229
605.6837484869619,386.09359561418387,18.342221580361638,9.487355989842229
606.6950559379009,386.13000049084485,16.314031422140147,9.867357715004118
0,0,0,0
0,0,0,0
0,0,0,0
0,0,0,0
0,0,0,0
0,0,0,0
0,0,0,0
0,0,0,0
0,0,0,0
0,0,0,0
0,0,0,0
0,0,0,0
0,0,0,0
0,0,0,0
0,0,0,0
0,0,0,0
0,0,0,0
0,0,0,0
0,0,0,0
0,0,0,0
0,0,0,0
0,0,0,0
0,0,0,0
0,0,0,0
0,0,0,0
0,0,0,0
0,0,0,0
0,0,0,0
0,0,0,0
0,0,0,0
0,0,0,0
0,0,0,0
0,0,0,0
0,0,0,0
0,0,0,0
0,0,0,0
0,0,0,0
0,0,0,0
0,0,0,0
0,0,0,0
0,0,0,0
0,0,0,0
0,0,0,0
0,0,0,0
0,0,0,0
0,0,0,0
0,0,0,0
0,0,0,0
0,0,0,0
0,0,0,0
0,0,0,0
0,0,0,0
0,0,0,0
0,0,0,0
0,0,0,0
0,0,0,0
0,0,0,0
0,0,0,0
0,0,0,0
0,0,0,0
0,0,0,0
0,0,0,0
0,0,0,0
0,0,0,0
0,0,0,0
0,0,0,0
0,0,0,0
0,0,0,0
0,0,0,0
0,0,0,0
0,0,0,0
0,0,0,0
0,0,0,0
0,0,0,0
0,0,0,0
0,0,0,0
0,0,0,0
0,0,0,0
0,0,0,0
0,0,0,0
0,0,0,0
0,0,0,0
0,0,0,0
0,0,0,0
0,0,0,0
0,0,0,0
0,0,0,0
0,0,0,0
0,0,0,0
0,0,0,0
0,0,0,0
0,0,0,0
0,0,0,0
0,0,0,0
0,0,0,0
0,0,0,0
0,0,0,0
0,0,0,0
0,0,0,0
0,0,0,0
0,0,0,0
0,0,0,0
0,0,0,0
0,0,0,0
0,0,0,0
0,0,0,0
0,0,0,0
0,0,0,0
0,0,0,0
0,0,0,0
0,0,0,0
0,0,0,0
0,0,0,0
0,0,0,0
0,0,0,0
0,0,0,0
0,0,0,0
0,0,0,0
0,0,0,0
0,0,0,0
0,0,0,0
0,0,0,0
0,0,0,0
0,0,0,0
0,0,0,0
0,0,0,0
0,0,0,0
0,0,0,0
0,0,0,0
0,0,0,0
0,0,0,0
0,0,0,0
0,0,0,0
0,0,0,0
0,0,0,0
0,0,0,0
0,0,0,0
0,0,0,0
0,0,0,0
0,0,0,0
0,0,0,0
0,0,0,0
0,0,0,0
0,0,0,0
0,0,0,0
0,0,0,0
0,0,0,0
0,0,0,0
0,0,0,0
0,0,0,0
0,0,0,0
0,0,0,0
0,0,0,0
0,0,0,0
0,0,0,0
0,0,0,0
0,0,0,0
0,0,0,0
0,0,0,0
0,0,0,0
0,0,0,0
0,0,0,0
0,0,0,0
0,0,0,0
0,0,0,0
0,0,0,0
0,0,0,0
0,0,0,0
0,0,0,0
0,0,0,0
0,0,0,0
0,0,0,0
0,0,0,0
0,0,0,0
0,0,0,0
0,0,0,0
0,0,0,0
0,0,0,0
0,0,0,0
0,0,0,0
0,0,0,0
0,0,0,0
0,0,0,0
0,0,0,0
0,0,0,0
0,0,0,0
0,0,0,0
0,0,0,0
0,0,0,0
0,0,0,0
0,0,0,0
0,0,0,0
0,0,0,0
0,0,0,0
0,0,0,0
0,0,0,0
0,0,0,0
0,0,0,0
0,0,0,0
0,0,0,0
0,0,0,0
0,0,0,0
0,0,0,0
0,0,0,0
0,0,0,0
0,0,0,0
0,0,0,0
0,0,0,0
0,0,0,0
0,0,0,0
0,0,0,0
0,0,0,0
0,0,0,0
0,0,0,0
0,0,0,0
0,0,0,0
0,0,0,0
0,0,0,0
0,0,0,0
0,0,0,0
0,0,0,0
0,0,0,0
0,0,0,0
0,0,0,0
0,0,0,0
0,0,0,0
0,0,0,0
0,0,0,0
0,0,0,0
0,0,0,0
0,0,0,0
0,0,0,0
0,0,0,0
0,0,0,0
0,0,0,0
0,0,0,0
0,0,0,0
0,0,0,0
0,0,0,0
0,0,0,0
0,0,0,0
0,0,0,0
0,0,0,0
0,0,0,0
0,0,0,0
0,0,0,0
0,0,0,0
0,0,0,0
0,0,0,0
0,0,0,0
0,0,0,0
0,0,0,0
0,0,0,0
0,0,0,0
0,0,0,0
0,0,0,0
0,0,0,0
0,0,0,0
0,0,0,0
0,0,0,0
0,0,0,0
0,0,0,0
0,0,0,0
0,0,0,0
0,0,0,0
0,0,0,0
0,0,0,0
0,0,0,0
0,0,0,0
0,0,0,0
0,0,0,0
0,0,0,0
0,0,0,0
0,0,0,0
0,0,0,0
0,0,0,0
0,0,0,0
0,0,0,0
0,0,0,0
0,0,0,0
0,0,0,0
0,0,0,0
0,0,0,0
0,0,0,0
0,0,0,0
0,0,0,0
0,0,0,0
0,0,0,0
0,0,0,0
0,0,0,0
0,0,0,0
0,0,0,0
0,0,0,0
0,0,0,0
0,0,0,0
0,0,0,0
0,0,0,0
0,0,0,0
0,0,0,0
0,0,0,0
587.9310344827586,229.97701149425288,12.75949162985819,10.284125951281169
586.7816091954023,230.55172413793105,13.90891691721447,10.28412595128114
586.7816091954023,229.97701149425288,13.90891691721447,10.284125951281197
581.9243272340015,230.28985228630347,18.075672765998547,7.733136219443651
581.3496145903233,229.71513964262533,19.225098053354827,8.88256150679996
581.9243272340015,229.14042699894716,19.225098053354827,10.031986794156296
578.1609195402299,231.1264367816092,17.816091954023022,10.344827586206918
579.0507640156108,232.01399021733792,15.20210954760762,8.307848863121848
578.4760513719325,232.01399021733792,16.351534834964013,8.307848863121848
573.303637578829,232.01399021733795,17.500960122320407,9.457274150478156
573.8783502225073,232.01399021733798,15.776822191285873,7.733136219443622
573.303637578829,232.5887028610161,16.926247478642267,7.733136219443679
568.1312237857256,233.16341550469423,15.776822191285873,9.457274150478213
568.1312237857256,233.7381281483724,18.075672765998547,7.733136219443708
569.2806490730819,233.16341550469429,15.776822191285873,7.733136219443622
563.5335226363003,233.73812814837243,15.202109547607733,7.733136219443679
562.9588099926222,233.73812814837243,14.627396903929593,6.583710932087342
563.5335226363003,233.73812814837243,15.776822191285873,7.158423575765482
557.2116835558406,233.73812814837243,16.351534834964013,7.158423575765482
557.7863961995188,234.88755343572876,14.62739690392948,7.158423575765482
556.6369709121624,233.73812814837248,15.776822191285873,7.733136219443622
556.6369709121624,234.88755343572876,14.627396903929593,6.583710932087342
551.464557119059,235.4622660794069,16.351534834964013,7.158423575765539
551.4645571190589,233.16341550469426,15.776822191285987,8.307848863121848
550.8898444753808,233.73812814837243,16.351534834964127,7.158423575765482
545.7174306822774,235.46226607940696,14.62739690392948,7.158423575765482
545.7174306822773,235.4622660794069,16.351534834964127,6.008998288409202
545.7174306822773,236.0369787230851,14.052684260251453,6.0089982884091455
557.471264367816,241.4712643678161,18.965517241379303,7.471264367816104
539.6670658784337,234.5818083427749,16.233920249285575,6.53573412633574
538.5485990350777,233.51987098825256,19.677058628724353,8.910366171497827
533.2590495981559,235.78489453932573,17.97654877500713,6.536926827275323
533.4411688323034,235.37340809054953,16.77089197723899,6.650526128905113
533.5860548811679,235.317872339004,17.635176807740663,6.8316450696653135
528.2201888169911,236.86663093729362,15.919337113539996,8.157015711070073
525.1091919081787,237.30060277602044,19.084118456858164,7.084256093833716
528.4814882831027,237.45435211514445,17.06004528719143,8.240869333643303
522.4482177265579,237.5253435730161,16.04642214037665,8.261524270292938
521.2124933053507,237.38038902069607,17.920561314146426,8.854865590519381
521.9954533437202,236.86174907850963,16.04800870235806,9.39748257345289
516.2572128499221,237.47749628419336,15.569795740167478,9.373652537447754
515.738447966223,238.3954691508437,16.28245461355573,8.979294823652026
516.0187755914903,237.4474725503895,16.239686220391718,9.743811732235002
509.9598454266976,238.98831714102673,14.976599514361169,8.390504547202369
509.5367629799855,238.6989212415566,16.669163409552084,9.36959511909464
510.1416569714671,238.02713972922308,14.87150867787227,9.914339118581552
510.1837834310652,239.02156612011183,15.714639956563246,8.661612574483684
505.0887043842613,240.1281777180687,15.157822005346475,7.733582655789007
504.9692301338305,240.16950521033277,15.96902478338518,7.758961194187123
504.4515390300795,239.82972776400052,16.58597068945187,8.367696924408165
492.14816464071987,242.0060012779404,16.777542954732496,8.670273875935578
491.6985639840001,242.25705465066392,18.579158305576243,9.008076754218791
491.91519833757064,241.59858715549728,17.565749670726632,9.233278673074267
486.6923306012279,242.48188354076763,17.980040184979316,8.784768492204506
486.7388695904668,242.0879482041473,17.78135596436738,10.758467474239069
486.5921733582965,242.81937258244508,17.227946792443447,8.388771477366248
480.31782316009503,242.8186399530468,16.69078861540254,8.661165984208878
480.0053940715031,242.8161936924107,16.912731863496504,8.127963371292026
480.5838883554367,242.93138396348405,17.336822091163413,8.362467126325868
475.28146497642786,244.17057817678477,16.958267752398854,7.531315285808546
474.6929683065671,243.33785771484392,17.12052213042989,9.697638409544197
475.1172646590497,244.13220004945012,18.13431627943737,8.751386463211077
469.5180173033923,244.21311252100713,16.88481700818079,9.413659039959185
469.37644915986675,244.0327471473413,16.3380273826981,9.605774893345114
469.73083777861376,243.60614846894137,16.233368287733754,11.548570728186405
463.6694453319113,244.47296113251613,16.588959177426943,10.53806832992285
463.79021090034286,244.72880586105177,15.845423542013748,9.11317105266076
463.93704182634224,245.2628011606551,16.009624822241847,9.687875533459163
458.2378913791457,245.82032910505774,16.40217854453772,8.260951237759883
457.85304497997197,246.0293513940825,17.70664438468515,9.189524300912552
457.952836477633,246.0918560841025,17.95387532143303,9.112268379219756
457.886901505428,245.82040113325397,16.828275858996847,8.290400607005807
447.0034777701702,247.55391909032366,17.110430579090178,6.620384583735159
447.33558209842795,247.6533164169371,17.074788063584833,7.167194989652899
446.88778116854155,246.8988957686796,17.336822091163413,9.518255265736798
442.229972359992,248.46816004024555,15.933599006030306,7.4288484111716855
441.32988406673064,248.41766996921305,16.761350337483805,6.704540134993522
441.8037582371706,248.92863359583814,16.023983262794786,7.300502027064823
436.7432728440099,248.45663616468502,14.419334878667655,7.247023229174914
436.67488286344553,248.0484891588729,13.121594759194238,7.342654062139786
436.94627886357074,248.43968226712252,13.013293078880054,8.760917781450758
430.73928712901784,248.41092386529238,17.25095006633188,8.82376181553758
430.8387712808389,248.36696336193245,17.203675432382227,9.091373195974313
430.98275636067655,248.69875105542133,17.340547751871156,8.388771477366276
426.00930699337266,249.08709308425813,16.518932552765307,7.919188639527931
425.98392461699433,248.923385017356,16.36182356600864,6.221729025909411
425.9925521624606,248.5713741241761,16.317849326107762,6.946741570257302
420.69522699036037,249.4644746452529,16.608641515590875,5.911550369956075
420.8583968141896,248.93898297897383,16.55234103587702,6.812358045377948
420.7962389202894,249.21989639511526,16.43974007644931,6.249353248239288
415.8996522299337,249.06813963436062,16.50433903269186,6.294027597213017
415.65608442718167,249.00064071616242,16.420127178396,7.217638320174103
415.5492900372096,248.43384731750106,16.92813708821194,7.25491589494797
410.54588216988816,248.06531778798026,16.946444393874117,6.699757085950239
410.69911732918354,248.1458765463919,16.25592674258405,7.060655049809213
410.7680524532103,247.9829118750276,16.724934252651735,6.934728836465354
410.53083987986093,248.85755032909955,16.77089197723899,5.783066199047937
405.53982223687973,247.30215021343432,16.69078861540254,7.307858799176245
405.67871944354033,247.93208153148612,16.588959177426943,6.662778686015741
406.0725716533974,247.19411960845255,15.845423542013748,8.045862731177948
395.8212287021125,244.8683131533789,17.5407536531888,8.824851216821685
396.24373562478235,244.90781916130203,16.457063891519,8.104794623266883
395.9859143426477,244.56303400421487,17.12052213042989,8.620123030705969
391.759826828742,242.58556908194853,16.04642214037665,8.897026137238527
391.2477471281668,242.50654191526792,16.69078861540254,8.300284068200199
391.71852851684633,243.15881256446548,16.233368287733754,8.171158534094161
386.76965809888264,240.25504141939527,17.407798065956285,9.637793779005847
386.7152019354788,240.50492665920555,16.92889686548898,9.450267728124373
386.79675936405,239.90419791746888,18.085497555461757,8.171158534094161
382.6366406987301,237.94001151288583,16.57716096120697,7.104497554802975
383.0465081972775,238.0424783875227,16.218526899977974,7.155730992121391
383.0465081972775,238.0424783875227,16.218526899977974,7.155730992121391
379.16229439463444,235.59725501861502,16.218526899977974,7.155730992121391
379.08507833026465,235.6744710829848,16.218526899977974,7.155730992121391
379.08507833026465,235.6744710829848,16.218526899977974,7.155730992121391
373.3109676741254,232.51675431790866,17.932716001019287,7.606833387132241
373.3109676741254,232.51675431790866,17.932716001019287,7.606833387132241
373.7050710321225,232.51675431790866,17.932716001019287,7.606833387132241
369.76179385060294,230.13719050147446,17.320828162507667,7.334883236682629
369.76179385060294,230.13719050147446,17.320828162507667,7.334883236682629
369.76179385060294,230.13719050147446,17.320828162507667,7.334883236682629
369.76179385060294,230.13719050147446,17.320828162507667,7.334883236682629
365.9896617097738,227.65996939406426,16.476320966799676,8.460892830959978
366.40016491034413,226.9210636330377,16.476320966799676,8.460892830959978
365.6612591493176,226.59266107258145,16.476320966799676,8.460892830959978
361.33067615721313,226.14155867757057,19.092714857862802,9.092436183975224
360.8824066791198,225.31973130106618,19.092714857862802,9.092436183975224
361.1793915403165,225.65914257100528,19.092714857862802,9.092436183975224
352.8116946159083,221.0270246307079,19.092714857862802,9.092436183975224
352.8820756119998,220.35495913214888,17.790951589582107,9.345879632502005
352.8628764524096,220.65489050957316,17.407798065956285,9.488370619641415
351.067077924808,218.29044075650694,16.708725730740355,9.735792945470735
355.5346270449875,219.30294929051328,11.654199300770586,8.670273875935578
350.81384086295833,219.16530886792415,16.41109417939981,9.044750769328317
347.0637426390225,217.28614967884258,17.141891010413417,11.367780354274174
346.90718053137914,217.45105989958543,17.569536984409012,10.673083214827898
347.3210006311075,217.0717005602154,17.323225148967367,10.888884379350912
344.46244610142895,216.26686618858935,16.996009750915846,9.914339021367567
344.48541768510773,215.6654754310488,16.45126584864289,9.042748777730878
344.4089758872808,214.08432163436882,17.431804872734233,10.56803170409512
342.55938653624344,214.99481535457164,17.35996999239393,9.937086271508264
342.36328259483764,215.5442145670177,18.072453988151437,7.938367639655297
342.5071895245959,215.53660492629098,17.565749670726632,7.600564761372112
339.1071018957884,215.66307667575796,17.948709929675033,9.858192953798806
339.6968205302872,215.32070892579833,16.996009750915846,9.36959511909464
338.9829580888453,215.50339904249407,18.08468500489988,9.51825526573677
339.6788136209623,214.95466549550076,17.498114347940657,10.130487254070914
338.7795182879238,215.82221818623995,17.84581041344677,9.121191989095024
338.71996421058776,215.66369726832374,17.719141785340014,10.775153788382454
338.4382253955213,215.74858894404187,17.758651214097995,9.478543899549237
337.394051415144,216.20011037533877,18.06564908392312,9.218430525700484
338.05838328208023,216.10835539162048,16.600568136400398,9.834032211237172
337.3870740863698,215.5338888763835,17.863654842430833,9.743811732235002
337.3376997848403,216.67614916875348,17.21390731182504,8.389056095003326
337.9218045040194,215.62015460091538,16.3380273826981,9.93417745380134
337.6361669279802,216.70308780681904,16.69078861540254,8.300284068200199
337.3675294907187,215.86320273584715,16.854376501588604,9.02204859790919
337.8439991597592,216.37744435567842,16.233368287733754,8.824851216821685
337.87073277509245,215.9397710464563,16.70453853650423,9.527773831932052
337.63424620417607,216.61157137482925,17.958589647304052,8.260951237759883
337.8607901063893,216.688546199589,18.550632504207783,9.472663406403967
337.91521799454046,214.8985441295458,18.41234389682552,10.459082923640523
338.7882089632426,215.52089149366032,16.69078861540254,9.382929816226294
338.6426655938728,215.70338586481012,16.784073592568006,8.998128342682293
338.42183654044084,216.16640495465913,17.20084701593862,8.90636742722512
339.1590899312435,215.00706404064138,17.07693314372466,9.76997617357324
339.1416584220256,215.77128374276248,17.40480962877581,9.110330040062337
338.1849276653879,214.19687793269858,17.867599994552563,11.33067316727724
339.1356847848896,214.57842624617288,17.350093457517687,8.427188250794302
339.7060129988621,214.0999938706469,16.327139117021545,10.021485389068403
339.508458635893,214.7685142990148,16.854376501588604,8.129758077236858
339.286452266578,214.78414683763754,16.656089719216993,10.310912683324801
340.1787730224961,212.11987974806135,16.521902475519767,11.254049512310559
340.01820101059,212.97061949461417,17.103420039340506,10.130487254070914
340.9300944736023,213.962696460976,16.65558051550073,8.22237519119659
338.61245771441537,214.03901912321524,18.303395116370893,8.60695365591252
341.086083180316,212.9384569536816,16.457802936845383,10.211769292138996
339.7773304102448,213.06385913893646,17.794052274477053,9.373652537447754
340.9436733473816,211.70444293255574,15.9882780519942,10.9078906336035
340.2926766685174,210.9451949244835,16.890143914160262,12.160903618195363
340.84821189378465,212.73650088496578,15.9620859809163,9.121191989095024
340.9162695351656,210.89042707180334,17.36813525094624,11.57875683396415
341.3979747695395,210.9802957731941,16.560214629097516,11.875417069550167
340.22747561642205,210.69494685061255,17.97654877500713,12.311212191368526
342.3910531342599,209.9473720658576,16.048008702358004,13.879358877715049
341.71933787367374,211.0411480970697,16.091725462355896,11.083586415398202
341.54744995353195,210.16283483069796,16.626315322262826,12.144439018000668
341.9878706987204,211.02252431525457,15.705121188465682,11.353918781271716
341.1826237574386,210.29909405065166,18.194446335916325,12.52910975227772
341.4943905054417,211.01588702545664,16.626315322262826,11.710709053072065
341.42270816864317,210.54491387696766,17.23498480887389,11.314570179871396
340.1332217095189,210.7634098180383,19.95157838671537,11.855285708048257
341.34116300279163,210.7391173448645,17.240246061411938,10.176534133472302
341.5967718089897,210.008333645589,18.198037509268147,11.852669167220682
341.9989927677007,210.70213795191583,17.498114347940657,11.446134949404808
342.22175782698326,210.41638932213803,16.887060970461278,10.023287801822164
342.6037485714794,210.22992360613978,16.043006751591633,12.092117029184749
342.4751474766203,210.17720475381242,17.958589647304052,11.13432558132854
342.90385814179314,211.60966088519726,15.9620859809163,10.013482509767357
343.2920936741107,210.00560896699588,15.656207574473228,11.183005410338012
342.0241271723542,210.0766837972891,16.881074268465852,11.97239309820273
341.64659268011616,209.67955702399732,17.366549578407273,12.103958797071726
342.1106938663686,210.20476855839442,17.97654877500713,11.766468289095599
342.3156787868989,210.1940331231477,17.20462194216759,11.132402433167272
342.39220264083383,209.805732968499,17.366549578407273,13.02491218380544
343.162359047299,210.81482327977974,15.683834958645548,11.014601650346492
342.6022518379458,209.9909083785278,16.5022286629262,12.315096017109113
343.5066016401219,209.694698939965,15.732142243890792,12.66245595239991
343.07531517482755,210.07052798013936,16.5103476573982,11.728662270282882
342.64704623392066,209.76764904232147,16.681924007322266,11.121282671548158
342.19037294988993,210.48322808709236,18.36123518197718,10.554095813262478
342.588563731535,209.7981444422194,17.9529277412135,11.280158138284577
342.6502201437088,209.59367017696385,16.233920249285575,10.752336788487838
343.1209005847633,209.76289124532119,16.69141920998169,11.511323593090822
341.9276963091397,209.86376296961893,18.418117748945292,11.895034379527175
342.8558821402626,211.03903492432897,16.138532755304027,9.580652778545556
342.74127510049607,211.0719792041294,16.9705634969543,9.418662740809651
343.30466406955054,211.02131205051413,16.126188726719022,9.521126677431056
343.20090643943837,211.42959842877056,16.099549421099596,8.841239370340048
343.1301133820502,211.46778920968734,16.36931162025138,7.896914004300982
342.87071543199124,211.27576899760038,16.177982046169745,9.883954448956729
342.76726824253177,211.52367567691257,17.012989905696713,9.842926828233516
343.16933234460447,211.6099219257567,16.6508671284883,9.119551842679726
343.10958270270476,211.6665494885545,16.626315322262826,9.2529059184767
343.2820084534969,211.4596634025814,17.232111489415615,10.37535508525022
343.2470921779923,211.49463962741243,16.70453853650423,9.83711713816362
343.2359678129117,211.77826486415296,16.45126584864289,9.260646338640043
343.60349597490966,212.15715064707518,16.18103395175251,8.90636742722512
343.41062954262895,210.79622945281983,16.25592674258405,9.605774893345114
343.28288685348485,211.15411941220293,16.890143914160205,9.965184909354548
343.31952841159625,211.02223521006886,16.800857861984753,9.67322119326397
343.5647089149899,209.82856636174455,16.599633691169856,9.375719029271863
343.8092182060015,209.7904938480085,16.41109417939981,10.117066582186823
343.8576102825424,210.27108099486006,16.24099962994086,8.96585153072445
343.15368365898865,207.47524795575015,16.83069601921403,10.583290848647039
343.99983092053753,207.3392076687508,16.436547530087466,9.712505358688048
343.580750173727,207.77964755222519,16.748530583268405,8.620567211976379
343.83797996343225,203.8513106590793,16.173826102469945,11.083586415398202
343.66652608937676,204.43424591483682,16.961450052409077,10.646016522256758
344.13321816884184,204.03900219904446,16.173826102470002,11.494089615968505
344.72659130921846,201.8936368731923,16.14772058528746,8.661612574483684
344.53711367184627,201.7627447650852,16.644206312629933,8.485281649576052
344.49025571350944,201.63560262853815,16.644206312629933,8.485281649576052
344.60337163572865,198.63126285650063,16.520971639814547,9.382280190511949
344.81801936547794,198.44310273886853,16.394699941896135,9.375719029271863
344.6895121337887,198.3871716166101,15.906521946369935,9.478543899549237
344.7294723373069,198.04674030304963,17.109664393932917,9.951539494430364
345.7916296981526,197.42970873555888,16.523048540585876,8.897026137238527
345.8041369750126,197.68002900124978,16.062989631676373,8.367696924408165
345.7548901451703,197.8771377684957,15.522658331694174,7.8771698996657165
345.9967363365298,195.84966602324513,16.192585357334224,10.120365848333876
345.889990488702,195.37198048314852,16.641626406501757,10.29625806445435
345.83992548610286,195.76470542810145,16.28245461355567,9.338466616598112
346.48964008577155,193.73718551858016,16.994832503610553,9.605774893345114
346.6136086291126,193.81871984095545,16.048008702358004,8.819175953548097
346.34262502287714,193.55069378158447,16.523048540585876,9.532528004184144
346.72542386397083,191.6775119082883,16.317009026977303,8.702404814387904
346.4129749291365,191.94679955024648,16.854376501588604,8.328044859608497
346.7587654902512,192.39182179639525,16.457063891519,6.681815414601687
347.94843813380595,190.33836084338756,14.772365286686522,7.634041121307774
347.57873720690657,189.84411652869676,16.009624822241847,8.374265291634202
347.70612019229657,190.44212587457366,15.427701909372104,7.488299757180613
347.7582600882782,187.91762811561534,16.58872581827285,8.145870478538058
347.7457911647857,187.7818878700705,16.518932552765307,8.723481235729992
347.72337123689636,188.33533084891073,16.70453853650423,8.166663284513191
348.4643305751746,185.8843032526204,15.98483244334875,8.607217469495481
348.69376369289387,185.7193919866222,15.595232880741264,8.55767291650784
348.60568907415916,185.7092183399122,15.467165311578015,8.723481235729992
348.99738297071036,184.3466772558281,16.091725462355896,6.485950569010811
348.8957713221023,184.1578728767474,16.233368287733754,6.536926827275323
348.8014710169445,183.4971387146225,16.7552331104028,6.7417506006354415
348.7429324058378,183.57951796501334,16.631152227015207,7.212489486205584
349.868327265029,181.00510250522743,16.259516154473715,8.62547503316594
349.7498428568727,181.38119209776858,16.996884403101376,7.818566825426643
350.20297028037646,181.26683025310484,16.656089719216993,8.129758077236858
349.6918413866924,179.39126441349296,16.588959177426943,8.634417276775508
350.0166973586148,179.11390434736057,16.6606822691341,8.591831663454826
349.523191396157,180.01197987980572,16.860909327876584,7.818566825426643
350.9128995947261,177.41620180547616,16.361835950405236,8.143562185361532
350.8934318426769,176.97757230382447,16.724934252651735,8.566429739163084
350.35338585386273,176.82365937708772,16.69078861540254,8.300284068200199
352.0042735655365,175.80504018361233,16.05090188307338,7.367627093869743
351.60554935974005,175.40035203386455,17.07693314372466,8.374265291634202
351.499231350641,175.7693574905699,16.58432930304025,7.060655049809213
352.0012375410457,173.06254622490025,16.35865954565952,7.634041121307803
351.9683060326759,171.99184940451454,16.45126584864289,9.151697558185447
352.15194002171825,172.0828291690217,16.271457907780075,9.404036509439436
352.8465679621653,168.8594062812813,16.39519523027269,9.156561864454176
353.2361695906276,168.91395906100288,16.3380273826981,9.27737233288886
352.65080150708604,168.93140422838755,16.585970689451926,9.413659039959185
354.17069849864515,166.31848101985645,16.641626406501757,8.021503375795817
354.56139739781867,166.03488907572356,15.290976864056972,7.8771698996657165
353.50695910542476,166.2468767318039,16.92889686548898,8.362467126325868
355.39951270829033,163.7499815278062,16.137701211358603,8.367696924408165
354.315816863969,163.26684144289177,17.051670531411276,8.480725026204539
354.38102824647666,163.10604296428153,16.830631223382454,8.866869132318556
354.8071760959089,163.03031831725926,16.871229573406936,8.480725026204539
356.9460922463478,156.1575290007124,16.287124370723063,10.086063257099141
356.72354882658516,157.02756226957897,16.664941995304787,9.064377233932646
356.9163003265262,156.49930967703978,15.933599006030306,9.42695246659028
358.89858770017076,151.3608540422578,16.04505887652772,9.110330040062337
358.7054389470545,150.9990826496028,16.585970689451926,8.96538956186589
358.52438241951893,150.55025686422596,16.45298410220215,9.858192953798806
360.45992682245725,144.69013113007153,16.761350337483805,6.704540134993522
360.4748461623023,144.4989310433396,16.666429943154355,6.732252489352987
360.4748461623023,144.4989310433396,16.666429943154355,6.732252489352987
362.94997250326776,136.73814523832857,15.564111027663557,8.620123030705969
362.94997250326776,136.73814523832857,15.564111027663557,8.620123030705969
362.94997250326776,136.73814523832857,15.564111027663557,8.620123030705969
364.0944631557904,131.3036751286068,19.813582821221132,8.443451308174787
366.55246819320524,131.8519595592081,15.787772344006612,9.341098636870584
366.5296501531221,130.78132396845857,17.366549578407273,9.077969097803816
367.92775795022465,125.9016801125661,15.337481430369905,10.285134606248064
367.7783727125117,126.85265107867383,15.143880483187843,8.280107314548758
368.98181691999343,126.06126933082865,13.8143008010058,9.472663406403967
373.85920394358345,120.93829780691871,16.669163409552084,8.171158534094161
373.63204736255375,119.97948541435417,16.560214629097516,9.478543899549237
373.9470314885636,121.08286897979728,15.352819701329338,7.471158250379531
377.83856817392694,116.86093141930766,16.69078861540254,9.382929816226294
377.56270351856995,115.83335102859733,17.569536984409012,9.934177453801354
377.85637800835383,116.73671811428335,17.880722392062637,8.90636742722512
377.68636045191414,116.00659411916077,18.143240587004243,10.310912683324801
382.27880618110777,115.32415389810043,15.878804304382982,8.841606942213247
381.73474377455483,115.06945396928369,16.436547530087466,9.114812721230322
381.25616223389875,115.24424658601004,16.584329303040306,7.7995608108357715
386.8875323746772,114.71420191019713,15.80500263300155,8.345414369637979
386.64707178586997,114.65164053971594,15.898247486293599,8.578526502868101
386.74271729273414,114.73409109313747,15.711757779709501,7.366343410071522
389.434476417251,114.67865524117008,16.520971639814547,8.566429739163098
389.86763239469445,114.6183963120272,16.55234103587702,7.938367639655311
390.0195333412288,114.78275936375051,15.528065599713216,9.37623633206725
393.08250184181827,114.57761239583569,19.16181735151514,8.951505916036268
392.8717944500094,114.36697627487334,17.3435427123203,8.811638636098209
393.5161784577038,114.77551756431983,17.296920285674275,8.578526502868101
396.0863989743675,114.41305164144296,16.209589246533767,9.465905170685744
395.9403619048175,114.89356197831997,15.571890499771428,7.925812529823787
395.8821920199479,114.89046049201315,16.376593774560888,8.612560974704309
397.8232495426886,114.72544896318117,15.665135353063476,8.904883489390258
397.83462545741907,114.86454126143191,15.520428938326233,8.76402330597027
398.2460922577046,114.8989964820201,15.168938851429743,8.922905206723385
399.8207504162655,114.9433616222549,14.755989684579504,8.396860796701176
400.08780739226046,115.12229523045302,14.195200139621022,7.695292707268223
399.6162343200117,114.88211057332109,15.32738877740178,8.841239370340062
400.92338975683,115.40105189599826,14.187720887894613,8.050968599083049
400.50413813165875,115.3307832096375,14.247147786861206,8.620123030705955
401.2220766568134,115.90085091330612,14.037961825248601,7.172681224579563
400.58855812264284,115.52216697460604,14.2664625536828,8.345414369637979
402.5598021989734,115.71408964858583,12.94005466642767,8.867119427158627
402.48066833693264,115.60712299616955,13.088122910678067,9.188711660004074
402.5645258978223,115.49599209756583,12.948381262112946,9.495479592216142
403.0912103606107,115.79667310395166,13.139857481030276,8.78332719320207
402.6382622069266,115.59178145356853,13.906881037455662,9.193670309280307
402.27360178984753,115.79774418540349,14.123590126668944,8.642793958110829
402.16725517392024,116.33627637302907,14.96016369698026,8.504750594858635
402.7362001812087,116.42847973045092,14.400796004964377,8.570983145045815
402.53118335592865,116.24052843868826,14.617320586667176,8.702404814387904
402.0617590685814,116.54671519512068,15.739722330218115,9.134660280930149
402.00481213777454,116.71188167774444,15.827078000786344,8.349947401150146
402.0549448893926,116.64823701088454,16.263486401543332,9.775548176956278
401.3847475807755,117.02418441226231,17.103358257906734,10.346952625550813
401.90494377385465,116.61351927777234,16.407255196901474,9.767059838840694
401.482435687173,116.92009124860839,16.833102032612487,9.5361839496681
401.7121939219663,117.33283287573201,16.401282932009735,9.495479592216157
402.06921237006594,117.3115795932249,16.215373517654257,9.30453575655875
401.63602024425916,117.26006890533516,16.690828739275958,9.744087169018655
402.23438648915425,116.71692215551566,16.327139117021545,9.965184909354534
402.6094243611359,116.7051882178528,15.673462056759035,10.245996310752972
402.3648650038185,117.05864851392967,16.020788800400567,9.942726382704748
402.67378839428704,117.42810941606464,16.503873000788076,9.50351555829441
402.98245730986554,117.46137813315951,15.994756095879438,8.909545835901014
402.56410720176393,117.56754114261028,16.122035322106626,9.800500419491115
402.3912727847035,117.65049131478658,16.618055049538327,8.888727119520496
402.65677767284086,118.00864153693351,16.497166816533024,9.17078527999817
402.39848064220257,117.46276188079784,16.457716606045835,9.417730182496499
402.6433474108335,117.81447737124718,16.419020183303303,8.994398653385787
402.8897558131752,117.9336961587047,16.113046414140115,9.110330040062337
402.80673513774974,117.64896483740418,16.748530583268405,9.277372332888874
402.8673600233693,117.91393402715211,16.317009026977303,7.546616674977017
402.91147794448733,118.51026962463474,15.944869912939623,8.578526502868101
402.5030649818467,118.1461389731054,16.784073592568006,9.417730182496499
402.92791403336446,118.45151022363571,16.209589246533767,9.527773831932052
402.99760535248714,118.13189117079003,16.07960891336421,9.291383514582492
403.017736451186,118.0101933822788,16.291740957076115,9.970206054460661
402.91503855463935,118.14854999983719,16.59758388598391,9.930576875602739
403.14212800925065,118.73886260186167,16.062989631676373,8.741254822819243
403.2621640958166,118.00715383797055,15.927524182127797,9.031070412546683
402.7984516247414,118.04849957510801,16.394699941896135,8.607217469495481
402.8298665785508,118.57621640563508,16.666429943154355,9.359472973002923
402.61567367079726,118.80109253167848,16.3849965645897,8.430454663938278
402.9659781234931,118.615674553744,16.113046414140115,8.702404814387904
402.8589983737572,119.30831871485061,16.15823767787998,9.402180112215873
402.85267826206666,119.02059020650884,16.442388505674273,10.329192779205641
402.72129894629364,118.85670453949731,16.3849965645897,9.110330040062337
402.21060074089837,118.71267538354485,16.271457907780075,8.970955880715238
402.2197658401968,118.41836772181189,15.933599006030306,10.0417537144114
402.012877365672,119.02349718241744,16.331197614208918,9.72922411059254
402.1332986699582,118.94866209130232,16.828275858996847,9.898985799409914
401.8378144165015,119.12238960856612,15.655344825940347,8.867119427158627
401.94352235624405,118.59189430615879,15.713469099250688,10.153912464626359
402.0560233891677,119.00431504018673,15.63432240389966,8.46712741424679
400.7754803936091,118.53424561838246,15.98933623873836,11.935701699339901
401.23787119972025,119.15166860205598,15.570028826293822,10.134905827382212
400.52038188588295,118.36501989478963,16.412616460336153,11.010130208808832
399.6383644823027,118.63329704666626,17.60532864293498,11.797385173100764
399.8350708832588,119.00932714750905,16.926879056266728,10.330374718162801
399.00365953075885,118.98883865201458,17.672482812891076,10.735620400354406
397.7130380099875,118.981499579049,16.47943629681356,9.966944289481745
398.31230804409176,119.20222081175893,15.944505617155528,9.519807765536996
397.54312020453455,118.76111396506025,16.507252874231597,9.754285789318686
396.81279534304196,119.2022906478235,15.552254429769391,9.214178138185304
396.5925924504825,118.47269158829268,15.485411300642454,9.960100226234843
396.7501144015252,119.449710055928,15.650203429344003,9.436723159629281
392.28799594145164,119.50731319971007,16.13002718966021,8.657650376558848
392.5825660044212,118.63224072528527,15.881095425327942,7.80442403758974
391.8439182050057,118.31348103457111,17.180622733836458,8.17377296158486
389.78104549328015,117.99373714272181,16.153342775476403,8.80266432146749
391.30244175517896,117.85008970709767,14.973604258166347,8.80266432146749
390.7186845953803,117.29039633509639,15.318442029647088,10.531428895382362
388.0917809957786,117.91730230805103,16.103430600531624,11.396273963453154
387.79456257992445,118.7465240256243,16.284628089241608,8.245381311008416
387.7314658027094,118.13131606700294,16.61572319126185,10.641530583167693
387.55054532123177,118.54067964454015,16.42559012562492,9.165660788332133
385.77029657681624,118.77561208136616,16.117873807254,9.147982431144172
385.94921247214813,118.41608847672542,15.769291757303563,8.966852175721655
385.64204142922847,117.76403548720101,15.917775174697567,9.260475101633716
382.70610513166974,118.08169150799203,16.13965410512668,9.400640636670275
383.08685640717846,117.71186471328963,15.844374687772643,10.058071186600756
382.1475398945638,117.30517486126787,16.90860246568002,9.543966725072735
379.4871240563616,117.33792579850676,16.686160068008405,9.505640366611345
379.41833119271354,117.75715640110553,16.553492018260897,9.334675950147101
379.15195990464787,116.78004066365573,17.10237031490618,10.306726481168624
376.1620793320632,118.5974500474651,18.190649910205877,9.300482660857142
376.8648030306924,119.41246329386652,16.457706399928554,7.890681150650693
376.68791517068644,119.29848833179976,17.735245252891048,8.116129183526425
372.9522479179605,117.67618514965868,20.31509706528601,10.48787531419238
373.0817411848989,118.05360649670695,17.42383040950267,8.80266432146749
373.52391602472903,117.76076067966308,16.153342775476403,8.530416971319013
367.02518299634266,118.14774216286163,16.070686950745824,8.206308230168077
367.32913792608986,118.77009612239075,16.244091892192614,7.985922271022048
367.4213495860271,118.4315230291373,15.706212957009484,7.214337052023481
363.74004051386726,117.77506787534276,16.55423416422957,9.174635801862166
363.2373929437799,118.59272742195968,16.758303777096216,9.318518692197003
363.97954404468584,118.37964077911863,16.055642634253047,8.52567070113436
360.4869110841219,118.95700323458605,17.25957433595437,6.193627154050617
361.0625375106835,119.1398751093098,16.366566059962622,6.706071480156595
360.58967305440626,118.38444375594875,16.90860246568002,7.064038363439664
360.6535595465866,118.81632555496977,16.382557055636653,7.4397850848992135
356.41813597560144,118.44070198125272,17.486959613275587,8.52567070113436
357.06421846080883,118.94270861926006,16.592697027375834,9.344010271389124
356.87724689700707,118.99686232979022,16.754545969926482,7.454063309069326
353.80241755220214,119.15396477024953,16.491260845259887,8.463439528133378
353.6500962735607,119.21684359310237,16.87933570920569,8.621166088035167
353.7125902864092,118.93529897613377,16.608005088512414,7.890681150650693
349.82283650381925,118.7506648789438,17.98025853048705,8.504701119172069
349.7642806483033,118.60833088703697,17.25758255033304,8.62879127516652
349.8136625841306,118.67562379889338,17.52291680614428,8.308738667958991
343.7510281027094,119.31769542058629,17.514247510258485,7.883353092200593
343.88172549127455,119.3780495189413,17.75157119896329,7.33217071261528
343.5847745508584,119.21361431960753,17.673653132278503,9.023520085142195
341.8164033453593,119.9134378966799,16.78862650276966,7.268818737232678
341.8850435228825,119.5903681351943,16.47943629681356,8.15477260048506
341.9176609244332,119.78606683050208,16.382557055636653,7.965830494942594
339.1936263725255,119.64673628304016,17.175803748270653,7.716665452121603
339.7795651118365,119.44762338780268,17.096475479516812,7.79599281865967
339.2261293711215,119.52602251631298,17.54919078627654,8.152283663128472
337.5179943132863,120.35106716576612,17.75506450827845,8.093006147959471
337.88958574474805,120.37774389641471,17.434647875723442,6.913739674855847
337.86010768493117,119.79518951208537,17.424737726729063,8.010424452572138
336.4381306123019,120.63319358660003,17.514579526218824,8.621166088035167
336.76792565733757,119.98177279307315,17.370019087189064,8.479851837840343
337.12994969071923,120.63778210055018,17.725304332998803,8.834336983858819
336.9612333030002,120.13769593650049,16.768481295329764,8.603723387132547
336.59028355348255,119.96658421399299,15.596942086045658,8.779309669052495
337.03572809486303,119.6257657626029,14.679347137201091,8.815375132657806
336.60357130826094,120.17261059523918,15.728757441155494,8.958553151266813
336.8555802851674,120.80347857386656,14.087495795121868,6.9753619956428565
336.5080837110447,121.21656496582241,14.936250163925365,6.828000074937307
336.92409099776995,121.16085805209505,14.480950927458537,6.802439581581936
337.5058958285806,120.9410997732887,13.318351750800502,7.175027527720005
336.67127186000795,121.34328290025192,13.602031316835962,7.064038363439664
336.7504183917365,120.61932636282259,14.353524759755032,7.59008377348303
336.03193252957084,121.12185356283851,16.00681033417709,7.289486396315397
335.89714264526503,121.20551063860401,16.18010498025501,7.529971933118674
335.8584926192975,121.35510970368672,16.252914835688955,7.078795660143285
335.40854459266234,121.42097685538324,16.685925183128006,6.40125007025371
334.36021027912676,121.13500730182878,18.1092713432854,8.152283663128486
334.58109359407865,120.89283575054375,17.82032980740911,7.92535720382142
334.84461272443457,121.25358636471321,17.398269364602072,6.940549503938286
334.762562516995,121.52342435394092,17.83815019577372,7.126725078215799
334.8239069627564,121.19906369831821,17.398269364602072,6.8467582944256264
335.7204006462304,121.5906778401662,16.891317773762637,6.8385901918067304
335.9143292147836,121.1420518128179,16.39737396056023,7.244529443782
335.9416406597777,121.43111211425145,16.196284470407818,7.192056390705574
336.58158556826277,121.22779612686939,15.93796477632037,6.749781091523715
336.4805502587568,121.16927591719696,15.666224490915965,7.987713145039407
336.4236326040264,121.4710323629983,16.047163094715017,7.171377495233372
336.63686408112324,121.06033496024888,15.83194727226504,7.5272427879295805
337.6318596550575,121.62379631588841,13.881099007876571,7.315714341989022
338.0122752727649,122.0373258987716,13.514319586629597,6.912496800057653
337.88861723362743,121.65981222072554,13.52013675120827,6.555217818767659
338.22354300503787,121.93250243412224,13.143900144254303,6.273225068848646
337.9955171812228,121.27115954140447,13.501811896776303,6.441704149225316
337.65415691868697,121.85199633305713,13.570240519084336,6.502406915394559
337.1465617616234,121.2395485484688,15.194175941054084,6.8467582944256264
336.64378976503957,121.58625103281193,15.805540436086915,6.912496800057653
336.65297205559375,121.4720934740292,15.677431819438198,7.172681224579563
335.62480628635694,121.2505452353791,18.095762455199804,6.809889404518657
336.0912262567339,121.5570400041483,17.601787695176938,7.026661754561658
335.64846767437393,120.99965303234333,18.62246703513989,6.867421398340639
336.3570859108428,120.37167810682337,17.861518080544442,7.424621529917516
336.9328628622563,120.49110724001461,17.219182354461452,8.339334951936465
336.2848936591712,121.39352177377847,17.50035224772995,6.373328153749796
336.8440285909239,120.39560011978998,16.879076626047322,8.832195168114907
336.37212445472613,119.29290754699262,17.650864051021017,10.109391303582086
336.7816091954023,120.7816091954023,17.241379310344826,8.045977011494244
337.6994511095664,119.22293797900178,12.738626713019812,10.744025938074742
338.0535175559679,119.99201881138943,13.498894489992779,10.193967080938293
337.73986067653186,119.82644999791037,13.283343434350854,10.237388254669867
338.88108312451465,119.92504612159598,13.223419127190198,8.688259295664977
338.5963300210159,119.70405545471328,13.35619726183836,9.493799816593082
338.2438778835304,120.15628274066727,14.679495969490347,7.999741212762032
338.32931396393394,120.29400764842808,14.166898171708624,7.79046446712826
337.7889841929738,119.37656125006896,17.83886571632206,11.254049512310559
337.78587798839544,118.86825988548202,15.363780272103043,9.078597433515426
338.18691928359215,119.49088759008713,15.836069222155004,8.761985973131274
337.12127478291325,119.46571525441337,17.21390731182504,8.60695365591252
337.5045273755803,119.6719222472529,16.518461130166827,8.006238672287338
337.6298528056355,119.41839687953143,16.967848343789797,7.6850513963306355
336.7459796585791,118.14169542062297,20.155524384098896,10.785929265004285
336.05717860048117,119.52629527201921,19.340021121408085,9.472663406403967
335.93750844715686,119.25168322171331,19.662425076762986,8.385445988619509
337.042355559217,119.12125610281682,18.130058233886416,7.982192173045249
336.8099718226872,119.14239881208238,17.787729326738088,9.110474751136024
336.9207103781233,118.89919460006138,17.232111489415615,9.202488858221955
335.87316527299964,118.31119859362508,20.787233586275363,11.44613494940478
336.98371681367314,119.05450860769865,19.33296128123402,9.616908945024093
336.4939345679454,118.4918610575326,19.758284901476543,10.916677959263282
336.7877860549388,119.13282903652706,21.192509650491502,10.860200618948
337.22104239717,118.75362560677218,18.072081872024796,11.276979088143463
336.1917537448914,119.05211275777857,18.936387716490742,9.022048597909205
336.72971028645,118.93752883117833,18.4190677346744,8.551710019670253
336.9027584317637,119.01992079727825,17.12052213042989,9.099018754634074
336.1093283364773,118.93213438461123,18.02437342607419,8.420145250136855
337.3732311013575,118.03515719259306,16.649757404389675,9.068291083269003
336.3889772138213,118.69455423282996,17.634011291925844,8.983606686710274
335.93106976826385,118.07630775801852,18.091918737483297,9.027140517843549
336.2985738040767,118.26875916011915,17.72441470167047,9.984114403099255
337.2965230178555,117.64790967777316,17.30117813156977,10.030251241767075
336.946966342978,118.11057197023322,17.076022162769164,9.567588949307009
336.96231207384034,118.48234095592744,18.210101719263093,10.919957894647268
336.5010320065143,118.09107406731694,18.09666914291097,9.587086852223294
337.1573812077868,118.76034878039815,16.681924007322266,10.326905337866151
336.31638063843377,118.35296070205325,17.109664393932917,10.64989314316233
337.0235009464416,118.75140895443303,16.337162012310387,10.69867246823867
336.3629342943108,117.86538687922126,17.660054211436375,10.387486683997139
336.0386258150257,118.44258721051224,18.68096010357982,10.8244815553453
336.1615676166047,117.5960838537819,17.23498480887389,10.262052023604298
336.1792495618423,118.30012383399176,17.12052213042989,9.338466616598112
336.7490878230704,118.60687644777552,15.862942589730494,8.62547503316594
336.7315229688052,117.5322218868287,15.656207574473228,10.788311101737861
337.33044336463746,118.04719653435214,15.252044806694641,9.214777070711335
336.40185686066616,116.94139047546663,16.337162012310387,11.421555743119669
336.8302803355684,117.8776413870434,16.184364036583418,11.082383254675037
336.3988656029062,117.5265096316966,15.728671206903812,10.009154404393357
337.2381704854877,117.91302701461608,15.252829263642411,10.35013414318594
335.7367702849488,118.38936222566738,14.92598292227865,10.13223658227676
335.24309732099925,118.30397270401849,17.63046589739156,9.94890085919991
335.67199102684924,117.30449016225481,17.476301341004273,11.121282671548158
336.4291079849508,117.2920984054168,16.499563816763498,12.086889772745366
335.4772261924839,117.96809879144524,15.434920341443444,10.50888193459977
335.68535149632567,117.6123349153947,14.247147786861206,10.894877719364487
336.27271133925643,117.86620011567757,13.086927636527662,10.112625900953176
335.3069742758015,117.44319490919685,15.34843145745441,11.319468199872631
336.52623223359586,117.75383855532496,15.522658331694174,10.889028978949653
336.28486612568724,117.31893948693607,14.934293873221804,10.485780804602555
335.27419994224294,118.04137708766034,15.035972117524636,11.276979088143477
335.86679468217403,118.04802411845282,15.453814733318836,9.599254475469905
335.7506277650979,117.62617630724709,15.622539364988484,11.274913931253693
335.32101833306353,117.5883165645739,15.601429849962756,11.384827187810643
335.6078758062722,116.9298123972703,15.093169339958251,11.280158138284577
335.2325943964497,117.56130333733137,14.665426623371047,10.475304730979332
335.44920994042275,117.17533472136395,14.665426623371047,10.300716318796347
335.3065729991835,117.63386164925316,14.547279184424724,10.963166921595445
335.5749465814111,117.91762609330809,14.766509657933796,10.18379976409227
333.17645409271654,116.84937222272971,15.986021266968635,11.120710446586884
335.75182540946497,116.00610105447545,15.541165337390225,11.486948292853668
335.74853607650334,116.94385803848101,14.490838211188077,11.173658379711298
336.27709284932257,117.15655773662297,14.490838211188077,10.126127906613362
335.83172594165217,116.31189986732227,14.481345511442385,11.28593124365932
335.12208953856424,117.02742541739653,15.361778044097036,10.894878045458881
334.4927169227035,115.15140920362253,15.252044806694641,13.504414672594208
335.93979142728773,115.81880111230831,13.68178798364255,11.401489986368773
335.5046866592444,116.0967813318482,14.4865956488253,11.373773443292578
334.7562667703282,115.3822890472625,15.059295396419714,12.279117784773007
334.7086375083951,115.4690369381311,14.735254187739486,11.051440640804628
334.5051150118713,115.32142277965777,15.862942589730494,10.310912683324801
334.74266946064546,115.42163545010497,15.569795740167422,10.962407204811768
333.6768560816033,115.43539864552275,14.247147786861206,11.61322130525663
334.6596976411052,114.42274484575378,13.682736031472416,12.761782644738673
333.91739000613364,114.56136035768748,13.67221908184547,11.580294850743442
333.10709699009885,114.27830297334265,14.07439472433947,11.548221312278514
333.06890702154806,114.8605514371236,14.073420285767952,9.722217878573986
333.5591439882667,115.00700540110734,12.893347414272057,10.130487254070914
328.0174609426771,114.96823446695943,13.76825206293313,10.296258064454335
328.3579995414118,114.57853424515426,13.528804200969091,11.134325581328525
327.92461099413896,114.96646006496752,13.409080269987044,10.535705926418387
324.9695112032522,114.97121195918066,13.169632408023006,10.296258064454335
325.08864170739184,114.49702358639902,13.792484562456139,9.602362670064394
325.28464265839557,114.58889856174477,13.617896150273111,10.300716318796347
