342.79748011289206,162.5854636440412,16.162057459362302,7.2295652576929115
343.375514794973,163.74153300820305,14.077901354095275,5.823684383101295
307.5373645059556,165.47563705444585,13.271884048957702,5.495461211450106
308.03556014355024,165.3177425043617,11.853942618880694,5.1404010128105995
308.511274057154,165.30638620460576,12.08425944160524,4.668799899612594
275.256952493265,165.57559793931696,10.156581341321498,6.45447724865295
274.5000977171028,165.61975410255275,11.136758651460923,6.466966764655922
274.39234853147474,165.87186657102936,11.49353735441116,5.89990520074241
251.9463845232101,166.10275383003,13.748129681524574,9.67460977588766
251.26679452806596,166.03796471607774,13.988737387754355,10.071890919183147
250.9896016729424,166.47886888328696,14.449902955066648,9.530787055469489
250.9896016729424,166.47886888328696,14.449902955066648,9.530787055469489
236.19458660668494,169.1688716226065,14.449902955066648,9.530787055469489
236.19458660668494,169.1688716226065,14.449902955066648,9.530787055469489
236.19458660668494,169.1688716226065,14.449902955066648,9.530787055469489
228.03491155758417,169.57685537506154,14.449902955066648,9.530787055469489
228.03491155758417,169.57685537506154,14.449902955066648,9.530787055469489
228.03491155758417,169.57685537506154,14.449902955066648,9.530787055469489
220.86157091939873,169.57685537506154,14.449902955066648,9.530787055469489
221.8373783204736,170.21325150619734,12.540714561659286,9.14894937678801
220.86157091939873,169.57685537506154,14.449902955066648,9.530787055469489
216.16025422779205,171.17341842302397,13.672219081845498,8.292985344725963
216.16025422779205,171.17341842302397,13.672219081845498,8.292985344725963
216.16025422779205,171.17341842302397,13.672219081845498,8.292985344725963
212.10160585691102,171.17341842302397,13.672219081845498,8.292985344725963
212.10160585691102,171.17341842302397,13.672219081845498,8.292985344725963
212.10160585691102,171.17341842302397,13.672219081845498,8.292985344725963
208.9632693277049,171.62175221291056,13.672219081845498,8.292985344725963
208.9632693277049,171.62175221291056,13.672219081845498,8.292985344725963
208.9632693277049,171.62175221291056,13.672219081845498,8.292985344725963
204.6525869538695,172.34019927521646,13.672219081845498,8.292985344725963
204.6525869538695,172.34019927521646,13.672219081845498,8.292985344725963
204.6525869538695,172.34019927521646,13.672219081845498,8.292985344725963
195.31277514389282,173.05864633752236,13.672219081845498,8.292985344725963
195.31277514389282,173.05864633752236,13.672219081845498,8.292985344725963
195.31277514389282,173.05864633752236,13.672219081845498,8.292985344725963
195.31277514389282,173.05864633752236,13.672219081845498,8.292985344725963
0,0,0,0
0,0,0,0
0,0,0,0
0,0,0,0
0,0,0,0
0,0,0,0
128.10198259392848,174.76475190476205,14.67258388005996,7.18900532067147
129.92434736415177,174.76475190476205,13.428253791917598,7.767040002752395
129.9552635803696,174.76475190476205,12.241268211537914,7.767040002752395
92.89807654094015,176.54105729931294,14.038339644030941,7.724838654444284
91.84630929975285,175.70669673940336,16.2461762493801,8.559199214353868
92.89807654094015,176.20164602937385,14.616374326111867,9.220319288545227
0,0,0,0
0,0,0,0
0,0,0,0
0,0,0,0
0,0,0,0
0,0,0,0
0,0,0,0
0,0,0,0
0,0,0,0
0,0,0,0
0,0,0,0
0,0,0,0
0,0,0,0
0,0,0,0
0,0,0,0
0,0,0,0
0,0,0,0
0,0,0,0
0,0,0,0
0,0,0,0
0,0,0,0
0,0,0,0
0,0,0,0
0,0,0,0
0,0,0,0
0,0,0,0
0,0,0,0
0,0,0,0
0,0,0,0
0,0,0,0
0,0,0,0
0,0,0,0
0,0,0,0
0,0,0,0
0,0,0,0
0,0,0,0
0,0,0,0
0,0,0,0
0,0,0,0
0,0,0,0
0,0,0,0
0,0,0,0
0,0,0,0
0,0,0,0
0,0,0,0
0,0,0,0
0,0,0,0
0,0,0,0
0,0,0,0
0,0,0,0
100.8318729871034,194.4650712300963,17.087202157405272,8.875969232331443
103.69209737870989,195.45599365886486,12.492873719556002,7.8850468035628865
102.30179028132991,195.14066496163682,13.305146134855065,7.044306136629075
116.94240395527088,194.24569361960678,18.317711651665533,9.673381524901885
118.4971098265896,193.51445086705203,16.18497109826589,9.248554913294782
118.18590048093466,194.22774880455816,19.38635385432545,10.847395704112358
139.6773133691032,196.54563929028316,12.36449894062227,7.351581163459031
139.42936622583173,196.54305276099552,12.882753818713098,6.997247950416494
139.58700031591394,197.1525609513165,12.529923754152776,6.221597580145243
159.08562258276527,196.58808706772572,13.468076701244257,6.2758747461167275
159.361856497219,195.98753411046636,12.892478762896587,6.77547166988046
157.96371102869318,196.62109348612748,14.329813023427931,5.87248934918162
160.11560693641619,196.40462427745666,13.872832369942188,6.93641618497108
176.9748688536378,195.1078772786691,13.884261513293296,9.273252154635003
176.81298168727798,195.7137628332406,14.436168188652346,8.280609182259354
176.56254714956881,196.1346410291401,14.703996510388123,8.299816845584928
198.37759411697849,195.7092005434046,13.061711293617236,5.686348451100599
199.42196531791907,195.2485549132948,11.629275468803854,7.749667067176205
198.8068830649292,195.796378836625,12.075208501319764,6.387272450505037
219.36171533759904,194.87754175423723,12.953018140339111,6.402207978169173
220.09021655909956,193.30859858091068,12.160974084349334,8.554979636086586
219.07514450867052,194.09248554913296,13.294797687861262,7.514450867052005
239.8879369568176,193.72377134198146,11.421906318884112,7.410641599752211
239.82726126849673,193.6177222896131,11.201148952762395,6.982534412111619
239.8922464944197,193.83170184403002,11.469116954921475,6.433894877151062
258.84848440996893,193.71265426513187,13.178680989909253,6.215904379152818
258.903905908082,194.0809712149074,13.104724172257477,5.586196094876527
259.1114372196899,193.8553479378438,12.94488886949074,5.882389893008394
279.9463778218707,192.87382784682148,11.51845629675347,7.545336976772148
279.9590889404875,192.96982891605512,11.573614856505856,6.650032845727139
279.95234241708266,193.05736161280018,11.410915787944532,6.327630796563199
298.7411482869297,192.2481940286134,12.094511621452398,5.131735010695934
298.7600192895005,191.94110772365985,12.123293569843895,7.057015213045929
298.50952085830744,191.63474902095965,12.711572112381418,5.871148130091541
316.975972432876,190.63297922957517,12.468811585738365,6.106520545835963
316.68321593254365,190.7213701094624,12.780042563835366,6.940088162530202
316.64281443928496,190.8937275618431,12.879734797822664,6.911545746126933
317.1265404042148,190.64115419578994,12.16901252257145,7.048063248283654
329.8837509137256,189.83326081416885,13.490706558882437,6.824264065975541
329.64247251801413,189.83326081416885,13.441046020755891,6.7818376572331545
329.7243554921613,189.98769294290844,13.706635336272711,6.747048001605748
337.18257027844305,189.09970820265593,14.247147786861206,6.824264065975541
336.4494037415821,188.6387283158934,14.247147786861206,6.824264065975541
336.4785643979391,188.97003539669467,14.247147786861206,6.824264065975541
341.68100308005415,185.73045108410332,12.75523013418848,6.591151932745419
341.71550368269527,186.22138522827936,12.804649889620066,6.187867934839744
341.70341182797785,186.27347462907255,12.530608077217096,6.067822837996772
343.7051309911115,182.6452698222656,12.392811704879591,6.44060832487591
343.78410012577814,182.888251804279,12.646983650752304,6.213292304915768
343.66772455224293,183.2664724182684,12.501514183833308,6.30057398506716
343.66772455224293,178.84325078221357,13.257955411812077,6.736982385824149
343.85698030395446,178.57447098338665,13.319979745870398,6.856235377733839
343.58044287209157,178.98872024913257,13.810739386104217,6.736982385824149
344.05729177549347,173.13273132188206,13.426409064294432,6.135902556725995
343.75500623239435,172.833937035883,13.461612665498649,6.678794599056545
343.2895039382536,173.21215764987238,14.247147786861206,6.824264065975541
344.22296045020795,166.0255720244225,12.982348671040086,6.824264065975541
344.1247615569985,166.0233923824878,14.247147786861206,6.824264065975541
344.5067567850954,165.94711581276076,12.7924531176713,6.707888492440361
344.8553600081182,159.81787138566122,12.45534903944798,6.7891307572027415
344.8114433915284,159.72476810578755,12.680553510704328,6.69637881894235
344.3903812115602,159.53517823433472,13.02520426474166,6.5333251321375485
344.6515868327369,159.50096892347943,12.488725640154485,6.728350130700619
345.19219346750896,154.4785086676026,12.509786338541062,7.403384548748903
344.9615950107994,153.93656865942643,12.430937761519033,8.48528174847715
344.8286037808977,153.53051830279924,12.588055194426033,9.137995622620366
344.81000772120524,151.8600837658108,12.509706920682618,7.27466652452739
345.0699025452313,152.09898308503313,12.085858217846067,6.815861901924819
345.01040771137747,151.86580259712505,12.235014144439447,6.983116721956208
344.7584106244511,151.23563622461137,12.443458051818823,5.930499156611546
344.57084947088333,150.869971670842,12.564725521013315,6.010606610561069
344.9140712924685,150.59676260679598,12.47242029044952,6.766076279207937
344.73481725688805,150.5723593886899,12.47242029044952,6.067822837996772
344.84219587219195,150.43352408162212,13.174990789803132,6.569928740515138
344.6184416833529,150.4559838151547,12.879734797822664,6.155104518148164
344.65800323125694,150.44266950834555,13.28039071612153,6.886128519470418
345.6206433631625,150.60000933743476,12.428873147666309,6.824264065975541
345.75305106670464,150.7687825129923,12.380385802196258,6.7818376572331545
344.0121605975708,152.25511452967248,14.247147786861206,6.824264065975541
344.0121605975708,152.25511452967248,14.247147786861206,6.824264065975541
344.0121605975708,152.25511452967248,14.247147786861206,6.824264065975541
344.5812671528891,153.67522159388784,12.751421959388267,6.824264065975541
343.2895039382536,154.4230845076242,14.247147786861206,6.824264065975541
344.87050283302995,153.68528502339524,12.525615656993637,7.070197227385194
343.2895039382536,155.86839782625867,14.247147786861206,6.824264065975541
343.2895039382536,155.86839782625867,14.247147786861206,6.824264065975541
343.2895039382536,155.86839782625867,14.247147786861206,6.824264065975541
343.2895039382536,155.86839782625867,14.247147786861206,6.824264065975541
343.2895039382536,158.75902446352762,14.247147786861206,6.824264065975541
343.2895039382536,158.75902446352762,14.247147786861206,6.824264065975541
343.2895039382536,158.75902446352762,14.247147786861206,6.824264065975541
343.2895039382536,160.92699444147934,12.889502707104839,6.654558431005995
343.7091057780678,160.92699444147934,12.522118000958358,6.870886492621565
343.60570371720877,160.92699444147934,12.666148892084834,6.613464213338688
343.52395543407187,163.8176210787483,12.445532436017459,6.767963586261686
343.8396395412071,163.8176210787483,12.422812210938616,6.612132022263609
343.95015008653434,163.8176210787483,12.300277168761056,6.977964377930817
342.95331367543713,165.9855910567,12.349949113129583,6.648597522111487
343.2474025526457,165.9855910567,12.576693933210777,6.700526743482925
342.92548134016545,165.9855910567,11.941643107532059,6.875497503293957
341.9801656948439,167.43090437533448,14.247147786861206,6.824264065975541
342.65881963436516,167.43090437533448,12.967016477974084,6.795170172591753
342.49469224069287,167.43090437533448,12.729310671021551,6.679708150181284
343.14148731012904,168.15356103465172,12.473293128410432,6.665411409994874
342.50257776861963,168.15356103465172,12.930373488859004,6.824264065975541
343.3797662940989,168.0741347066614,12.10263693112222,6.665411409994874
342.0824696035901,169.89120218133914,13.373458178967553,6.87721495130242
342.19166290928314,169.48419593626974,13.281946982238935,6.167927518832386
342.51558816654347,169.27973164668796,12.80843875773752,6.696378818942321
342.61150210181836,170.44998667062146,12.552668263671137,6.696378818942321
342.6434734135767,170.7057571646879,12.584639575429435,6.408637013117584
342.8078967249141,170.38193396981353,12.488384144697818,6.511059581754665
342.62228452298405,170.95000257866946,12.611155477222155,6.644703934429799
342.9788524615872,171.27836335796283,12.15238746322774,6.30057398506716
341.8441906196191,171.24926946457904,14.247147786861206,6.824264065975541
341.8441906196191,171.40370159331863,14.247147786861206,6.824264065975541
341.8441906196191,171.24926946457904,14.247147786861206,6.824264065975541
341.8441906196191,171.24926946457904,14.247147786861206,6.824264065975541
342.7775716119516,171.3765486908062,12.422812210938616,6.739411248490768
343.0796476495356,171.24926946457904,12.27813814543174,6.901480130345334
341.8441906196191,171.24926946457904,14.247147786861206,6.824264065975541
341.8441906196191,171.24926946457904,14.247147786861206,6.824264065975541
341.8441906196191,171.24926946457904,14.247147786861206,6.824264065975541
341.2502208972257,171.4189750995486,14.247147786861206,6.824264065975541
341.8441906196191,171.24926946457904,14.247147786861206,6.824264065975541
341.8441906196191,171.24926946457904,14.247147786861206,6.824264065975541
342.51172348630246,171.95193564003503,12.736415509630433,6.753997448429914
341.8441906196191,171.24926946457904,14.247147786861206,6.824264065975541
341.8441906196191,171.97192612389628,14.247147786861206,6.824264065975541
341.8441906196191,171.97192612389628,14.247147786861206,6.824264065975541
341.8441906196191,171.97192612389628,14.247147786861206,6.824264065975541
343.5429440357543,171.97192612389628,12.548394370725987,7.0559122590848915
343.5043360035694,171.97192612389628,12.587002402910912,6.631223905051087
343.6200600661163,171.97192612389628,12.471278340363995,6.714642495204117
343.2495229705314,171.97192612389628,12.841815435948888,6.7891307572027415
343.589824222647,172.40833452465327,12.617889757368516,6.882451852743145
343.7062559845779,172.4637924467156,12.595882274539235,6.578330904565888
343.85838326039226,172.51543842378743,12.392811704879591,7.048063248283654
343.79940094089505,171.97192612389628,12.29193746558525,6.784361814520935
343.67969418653126,172.59041102144278,12.311888591312538,6.624752808702482
343.9191076952589,171.97192612389628,12.172230711221403,6.644703934429799
343.4657279713845,172.51243857448483,12.62561043509578,6.631223905051087
343.8827997047043,172.5808613051555,12.658621227054539,6.824264065975541
343.8991565695316,172.25124188407858,12.311888591312538,6.505046054338635
343.7413892933507,171.97192612389628,12.349949113129583,6.7891307572027415
343.6711226758051,172.81512553444367,12.314815804356783,6.191864508065009
343.5043360035694,171.97192612389628,12.587002402910912,7.017304226899995
343.4824909986206,172.98381753445548,12.608847407859685,6.703800802813674
343.298885288809,173.45571468647,13.11248594489308,6.649700705672757
344.02245576353323,173.23672523971737,12.52561565699358,6.613464213338688
343.41396774308737,173.371997612395,12.889502707104839,6.612132022263609
343.82314277498307,173.27199524764166,12.504217448192037,6.860575114697809
343.6345840780841,173.44921075428906,12.392811704879591,6.8882066894921365
343.144123044213,173.2415728986667,14.247147786861206,6.824264065975541
343.0339113138489,173.21895266015912,14.247147786861206,6.824264065975541
343.7021064501767,173.19203752367528,14.247147786861206,6.824264065975541
343.4878453726279,172.96896996443746,14.247147786861206,6.824264065975541
343.2637106335812,173.1931047034841,14.247147786861206,6.824264065975541
343.1954717460903,173.1469832172365,14.247147786861206,6.824264065975541
344.61825214396913,173.81353911532582,12.615362854250407,6.684396786037468
344.0121605975708,174.139896101848,14.247147786861206,6.824264065975541
343.68531425620705,173.59515219957504,14.247147786861206,6.824264065975541
343.8848813713437,173.4610735619698,14.247147786861206,6.824264065975541
344.0121605975708,173.20651510951552,14.247147786861206,6.824264065975541
344.0121605975708,174.139896101848,14.247147786861206,6.824264065975541
344.6196155209786,174.139896101848,13.639692863453433,6.728350130700619
344.5250072906771,174.139896101848,12.801852560834504,6.684396786037468
344.0121605975708,174.139896101848,14.247147786861206,6.824264065975541
344.0121605975708,174.139896101848,14.247147786861206,6.824264065975541
344.25809375898046,175.01822882116818,12.806682127176089,6.753997448429914
344.0121605975708,174.86255276116523,14.247147786861206,6.824264065975541
344.0121605975708,174.86255276116523,14.247147786861206,6.824264065975541
342.95816133438655,174.96795268748366,14.247147786861206,6.824264065975541
343.14893518009666,174.92649538468186,14.247147786861206,6.824264065975541
343.4593766232786,174.94983444131663,14.247147786861206,6.824264065975541
343.74190437227657,176.79295437040977,13.93828352938209,7.480600613118696
344.5696352471407,176.73958380527895,12.908828691206509,7.580705293954281
344.56356900035496,176.72165848163783,12.895866660390027,7.4419925809338
343.2895039382536,177.03052273911695,13.128151875320555,7.591575548174831
343.43003717334483,177.52238906193625,13.12288190613134,7.280997080022047
343.79544964353346,177.19917130754357,12.946144544712922,6.800171413343179
344.2029699663466,176.99538943034415,14.247147786861206,6.824264065975541
344.221952471174,176.98390031247092,14.247147786861206,6.824264065975541
344.3925905655556,177.03052273911695,14.247147786861206,6.824264065975541
343.4813318088034,181.05890802066318,14.247147786861206,6.824264065975541
344.49534121673935,180.53333875715748,12.427429712055414,7.196977406598421
343.2895039382536,181.36646269502037,14.247147786861206,6.824264065975541
343.2895039382536,181.36646269502037,14.247147786861206,6.824264065975541
346.273339243599,186.0287053596226,13.128209547356676,6.637774359391443
345.6776244390886,185.57936577913534,14.247147786861206,6.824264065975541
345.78327550720405,185.80739139814585,14.247147786861206,6.824264065975541
343.0034971898919,187.73779300739042,14.247147786861206,6.824264065975541
342.72555375715353,187.25674849854818,14.247147786861206,6.824264065975541
342.9235353059919,187.20066957290655,14.247147786861206,6.824264065975541
343.0187465580403,185.89968312347287,14.247147786861206,6.824264065975541
342.1977042906071,185.95092757468973,14.247147786861206,6.824264065975541
342.7035157616756,185.61961377165244,14.247147786861206,6.824264065975541
342.4478408932418,156.92579046332824,12.603425580332669,8.760917781450758
342.59781642601234,157.620953529382,12.509002427904704,8.416551016306244
342.6801845886468,156.79957244766493,12.53275420925496,9.015909915841604
342.82880382062854,142.4925700959327,12.473364170261448,7.38219512117513
342.796709941998,142.69681828860487,12.423092474881912,7.098909985646827
343.1260264499295,142.07837651501129,11.980458291527611,7.026661754561644
342.13472020449257,137.43927695481705,12.812775440200483,7.806459208598994
341.9559762854105,137.41109522510632,13.108237820904435,8.18465581012569
342.2267800223113,137.8245353505034,12.720920589894149,7.565092926565825
342.0838573323467,129.72586426312284,13.140209132662733,9.399565656941235
342.55178567317444,130.09316158268064,12.507457923119773,9.169793589702948
342.1163745814927,129.8902884282915,13.126730942862991,9.960872303701905
344.1665687987746,129.4917438306368,12.895082749753612,7.142485954204858
344.5116545003301,129.4490688061703,13.010906846308274,6.795013664540818
344.47383948228025,129.3605169295994,12.72792262271571,7.1700630774631975
344.3539734189771,129.2005901331492,13.013293078880054,6.967747475305856
346.60328195198633,128.47373597565758,13.034457554711878,6.9212618282432175
346.50288584796624,128.58617798982698,13.619778809037314,6.490176286935622
346.5351553007911,128.33824213659807,12.700968545976707,6.499907432352785
349.06477665406715,123.61334536393687,14.344623298985425,10.160774836781343
349.1249180600323,123.2963268020345,14.045776980256562,10.38490957582799
349.3418038691096,124.16775287697284,14.27738289860514,9.246305115287143
351.3311864291357,123.26456404327926,13.343213692186566,6.981259484519555
351.0627255203168,123.42956466054063,14.908930259661815,7.582548723126976
351.2177266784885,123.1446543158211,13.116156184218141,7.671713994542699
351.49573895036576,120.36144586754125,15.198911086603232,8.345414369637979
351.79369741101095,121.0537038895343,14.546197113558947,6.667007010381184
351.61054512269544,121.03976094410433,14.58032314071545,6.745595284379192
351.5385221549524,119.79100408986874,16.64170701553269,6.604313798122249
351.5054802019886,119.72607098931941,16.843284270727167,6.830651807524106
351.7193231448739,119.69955739934069,16.467143655229904,6.604313798122249
353.7554903814855,119.97909941800789,13.194146740824294,5.781180904106762
354.10721367902767,120.24298576538258,13.126730942862991,6.21589318176747
353.55202123931275,119.68604061012073,13.245257407348731,6.569928740515152
351.65521997743576,119.69844397173578,16.562845807318297,6.717797600171053
351.61094749707956,120.02979666027488,16.372121888128675,6.534795431742339
351.642112696542,119.224868353611,16.44702171076358,7.335526115129312
352.7789925983687,126.82116374117263,14.934095877319805,5.473006727767768
352.7224699859803,126.72647461814462,14.110538291142234,6.022435930446264
352.67008227101496,126.828650008196,14.866659967611156,5.179352504845184
352.65897010885806,127.33433954743163,14.61545644948825,4.532196831692261
352.8059838683325,129.1569176091381,13.98305689157769,7.9401277826546846
352.5096430620619,129.03199707331407,15.040079509840723,8.221617807857541
352.6859227647186,128.84959541913005,14.299256670532941,8.08066101774591
352.40328456509894,128.93482866388933,15.646986614095624,8.101485455013972
352.12666988777414,128.97857929295307,16.0815698144267,8.983938604083306
352.52367484736595,128.70540821976928,15.34622964398568,8.44042630419213
352.997821943718,128.94936112712438,15.134348616477325,7.451350211683973
352.54937832327835,128.8958958861261,15.565232960332196,7.244379452565823
352.4783878786184,128.48487345797446,15.478645646479379,8.531904076222077
353.00183346075636,128.04832297290417,15.980851707571958,6.88313837592051
352.90790339675846,127.97674882671757,16.001641361089128,8.495416868069157
352.9519730641374,127.96267663652112,16.249314548333757,8.230723296022845
353.6328164945221,126.87894687865638,15.78068747420582,8.336057810801847
353.21110603476995,126.82259540250519,15.943453574321552,8.699074121755729
353.5222223653308,126.85602258871366,15.447627981202231,7.831203917743167
353.6564960784706,126.46653176374451,17.49638776885854,8.607660649338015
353.7088644590804,126.4710090043646,17.37361448320098,6.988053825465286
353.92766052071687,126.69711252092628,17.296920285674275,6.9933639969033266
354.8705433329377,125.4476196143678,17.21532129867603,8.853593810747697
354.8845227770548,125.78891690507793,17.61172907426635,7.275981094977325
354.71892547298614,125.70113776889957,17.78978448850563,7.182405261830098
356.4757691323654,126.75812909599092,17.385981124349428,6.818461701983196
356.6881190413851,126.76438708470211,16.176495467364475,6.565909780534199
356.9320509010518,126.63008477425976,16.59983766370658,6.794128042329817
356.5374945695451,126.90791098737944,16.938505742482675,7.900645788013094
356.945192468935,127.65875726727835,16.700355739593647,8.00280561414057
357.1394002861558,127.7427325665215,16.37986197507854,8.029914573928366
357.10581359393655,127.55382293929772,16.69989480230032,8.379041294533963
358.37487965262903,132.10923450425858,15.80500263300155,7.273098556779473
358.69302564280434,132.23287824851948,15.461658515451518,6.989516863149305
358.430253378284,131.88363507634867,15.684316863676315,7.806019452889586
360.54127580897557,133.83336038424625,12.820496015079698,10.550532880240155
360.5702902910406,133.94512694926152,12.470394395719836,10.964681140509072
360.49281260149286,133.97321206462968,12.628668144529911,8.983938604083306
358.9087249157966,134.12192223620053,12.193558081785284,7.531315285808546
358.72665711906626,133.9554931551476,12.774544901010074,8.112302236407885
358.3850108865248,134.10262896667996,12.738026523640656,8.397012321091836
359.7935800323372,133.29758405371487,13.491190568758384,8.853593810747697
359.7309232987063,133.44249968104864,13.666857112622438,8.607660649338015
360.0113130726886,133.24377178566417,13.459922250245768,8.919995980566682
362.6318131733689,132.896468912677,14.455591694240638,7.969108241696745
362.64157801818465,132.82046456083663,14.755063425835033,8.155844865394698
363.24046433685874,132.5409404478008,13.84869325068803,8.291759614382556
363.3558644928456,131.80346209514062,14.696518105748908,8.89018882134647
363.7885811721853,132.1673473834671,14.32314766771998,8.983938604083306
363.5675872500507,131.79463370900712,14.779309246789069,8.904883489390244
363.6504825930708,129.97163922557536,13.455814651614332,10.640790665920946
363.3632414491009,129.78994195046334,13.706993433930563,11.189382395045357
363.4665630524298,129.7031473105699,13.737317050183663,10.922293064490276
364.08005876265537,129.92244392691254,13.611105474188662,10.517672411873036
352.58025319321683,129.57475573014221,15.313730482171934,10.302987787637733
353.43768652648924,129.06511204936547,14.908930259661815,11.629990271282594
353.54564827325294,129.2856207495131,14.848478699114878,10.084591783148852
335.00100300894536,128.90365882830122,13.325557372031483,9.246305115287157
334.3992377144178,128.82729000796448,13.849918009611372,9.40218011221586
334.61253411997785,128.8515960092701,13.115759953516942,9.17078527999817
311.6354577234053,128.60636836654592,14.47726673163703,7.795451317035315
311.0946643299697,128.52118583596203,13.52951998486867,7.002716374077778
310.81242302371885,128.94401023371532,14.821283199504421,7.13869144930257
0,0,0,0
0,0,0,0
0,0,0,0
0,0,0,0
0,0,0,0
0,0,0,0
224.35194285559842,128.02369373790285,15.112940087545383,8.4311557604249
225.08531012419422,126.97185648668128,15.377117621470518,10.473230218521024
224.07369509575923,128.30837097855147,15.232663285743655,8.558681044569937
0,0,0,0
0,0,0,0
0,0,0,0
0,0,0,0
0,0,0,0
0,0,0,0
0,0,0,0
214.81336393437053,135.28441154466725,13.526267359930586,8.936512254867637
214.53879066533247,135.2247462428405,13.78490875663286,9.156756647332912
215.01208005409623,135.414227525493,13.551419296896768,7.682998404793324
187.97123021946794,137.68084871554163,15.496977873017613,8.434758220874556
188.2473613791462,137.5050655356269,15.433171038016042,7.818566825426643
186.87258687258688,137.06563706563708,16.39977749789199,8.031750336473465
164.9581265799765,139.81117404028723,15.966728911352988,9.194606306533586
164.6347949198978,140.26077948892075,15.76332290189967,8.210064011406075
164.45771852510833,138.83739126625355,15.83885489262974,11.057313792967932
152.40708394434355,143.39381878537958,13.7929075391622,9.27737233288886
152.5379569948117,143.2829980751959,14.345362449159126,8.760917781450758
152.3263341612348,143.25232006197336,13.628094326701188,8.351050282903344
144.68522639805522,143.66940593262692,15.517922388374274,8.931827421215417
145.33099531924887,143.83898530409223,14.424978972411168,8.145870478538058
144.71942009240666,144.04266215133853,15.677431819438198,8.555984032177065
142.18252782442966,143.87612312335983,14.452952260266898,8.019057383115836
141.7466247680366,143.72715558703658,14.721963833607873,7.97616484356854
142.5493568447735,143.80164207059693,13.301762167957094,7.300502027064823
140.56002125936595,143.06538402955198,13.618877206305825,7.594327164887062
141.15806886827235,142.98670869302995,13.054279460886221,6.01429303733687
140.45380478983753,143.06021662048786,13.94792358280489,8.502260723019589
139.48977296292176,141.37614492312505,13.100901887532245,9.324485329204464
138.96505095663878,141.64498493599658,14.601004054129646,8.042925962020576
139.3895892916606,140.7732114832383,13.104724172257477,8.186060944064337
139.42856972325836,142.18232092417756,13.139857481030305,6.9212618282432175
139.28495071472662,140.27402651879663,13.024907483912443,7.806459208598994
139.46095162627051,141.0710297219803,12.62120689424765,6.991158720833255
138.27422405875157,139.78332465659253,14.167923425405462,8.537875251991068
138.691997115513,141.43378216400762,13.561457186303983,5.867262565058979
138.36144572821294,141.26144680795693,14.424978972411168,7.042783851236038
138.89916697948786,140.67066768104877,14.000714884987303,8.061017661053313
134.23405739004417,141.45028116725769,18.185054947579175,8.050968599083035
134.32474153956545,141.41135126234283,17.227946792443447,7.150160923661161
137.08739290188572,141.92326519644607,15.927524182127797,5.829145448098302
137.99743743236897,146.79518677723289,13.549236812942326,5.630048173414394
137.51989124840128,146.6137871337906,13.937445210543132,6.1188783851164885
137.0096533339149,144.766077202252,13.68101657046978,6.812358045377948
136.6526264736394,152.47247174035604,13.636390867401076,8.094002248083257
137.91741769061642,152.99335017131395,11.793564968343134,6.995089135044424
135.83815028901734,153.63005780346822,15.028901734104068,6.93641618497108
137.44359483963024,162.437387893355,14.57952654765299,6.799606326298175
138.44621195678857,161.77470952944566,13.672974135434941,8.352269268252115
138.15028901734104,161.14450867052022,15.434837005175893,7.8907627569324745
141.92416534077952,170.92097080131455,12.411094774827404,8.142613013714339
139.30500149292718,170.5743675987684,15.608293304760679,9.645285580422353
140.83668539605426,171.05904907907896,14.07660940163359,9.738638782192709
142.40895103469114,181.95018590949994,14.816482491320414,8.096056865066544
141.9965312099426,182.16955002371023,14.650867633988042,7.87669275085625
142.1709339606568,181.05372259743632,15.632534247435672,9.570554859211086
142.1244976389697,181.73317859545682,15.100935887041857,7.735029497028734
147.16848910535043,190.5725899585945,15.259256559389456,9.878277093428608
148.86853886896785,190.37202473105424,12.867795536176857,8.02025822714512
148.2390003739789,190.3821806064096,12.4546412445182,8.912617081451657
157.4216485451771,202.56366292284628,15.157040472365566,6.586094967158829
157.84249748903935,202.93736310187424,15.76332290189967,5.747044807984253
157.355343025813,202.487423938907,15.758380206355525,7.179853703487424
167.54256007697708,210.05457865292124,14.34505616134598,9.202488858221955
166.29784892713886,210.2514744280571,16.05509224933172,8.943572011571376
168.01575385690316,209.96264296361642,13.733482597705915,9.586242803349165
177.2339810270508,213.18108706787766,13.074526444387772,7.396446388539374
178.19649686340938,212.71831372006014,11.981963648027715,7.319720983425498
177.48065347861439,212.81975235466876,12.684937515336117,7.040722198879223
181.6247956676624,213.55591212254348,13.301762167957094,8.352269268252115
181.54596632472283,213.28434463184956,14.601529635751263,8.402283720221789
181.8236011636225,213.4446598078493,14.067377173653568,8.56831155122535
183.2712300629957,213.8466342176149,14.679537424865487,9.291383514582492
182.50664613363324,213.87430504438214,15.157040472365566,9.743811732235002
183.31856807584325,213.44972636365836,14.919176526727114,9.650842315726607
184.56010849626384,213.80411972229936,12.821167327656127,7.832567676531738
184.2163772482396,214.45187951457012,12.9610346075942,6.713629437027208
184.4720309974826,213.51390836301002,13.126730942862963,6.9880538254653
185.9611703445343,214.38474436227696,13.203947007232756,7.451350211683973
185.29946463121865,214.95300497113328,14.127994111214463,7.38219512117513
185.56626590729093,214.63503873601772,13.525627452064327,7.121447787261133
185.91686219717238,214.0597508277054,13.420923951212757,8.010394400200283
185.75237354989264,214.56253716502184,13.512115131328187,7.262761883088899
185.38304296116686,214.63107882740033,13.793617529897517,7.4316633222304915
184.8582038994838,215.1045652387755,14.550296198432846,6.609113414076887
183.24115226313256,216.61364059694634,15.093233349954033,7.27466652452739
184.0893242213687,217.03959241534338,13.940105567160657,6.713629437027208
184.45910344728682,216.52360567681072,13.821675522191015,6.833621696725714
184.55229578985114,215.8879325077957,13.667243393451457,8.22351085538179
184.3791504631194,217.1375510090401,13.73231767715285,6.633407691506051
184.16117687884775,216.7978888751105,14.173217700390751,6.760251863673233
185.48072118903215,216.0571951288221,13.576450797563439,8.018591252310927
185.47164686792706,216.445924746983,14.044186102912818,7.238633365818515
184.75827705934012,217.40742335121692,14.285511379846582,5.993346728326429
185.92535291927464,220.70743361068548,15.18861842110124,7.881661450949821
184.41866451876786,219.07753312899382,18.471508891636773,9.697033344994622
184.99669920084878,219.65556781107472,17.893474209555848,10.275068027075577
186.19267157011842,220.23585268717844,17.761243887007424,9.604228175937351
186.19267157011842,220.23585268717844,17.761243887007424,9.604228175937351
186.19267157011842,222.54799141550214,17.761243887007424,9.604228175937351
192.5510530730086,229.48440760047325,13.229293747800654,9.116748468890904
192.5510530730086,230.06244228255417,13.229293747800654,8.538713786809979
192.5510530730086,230.06244228255417,12.651259065719728,7.960679104729053
199.12471869162442,238.19702924482564,13.014009632074988,8.496612373671468
199.12471869162442,238.19702924482564,14.170078996236839,8.496612373671468
199.12471869162442,238.19702924482564,13.014009632074988,9.074647055752422
197.56627073968428,237.14593750322885,14.964720671018085,7.290504942290852
204.03229430043737,246.04812701134958,14.964720671018085,7.290504942290852
204.6103289825183,246.04812701134958,14.964720671018085,7.290504942290852
204.6103289825183,246.04812701134958,14.964720671018085,7.290504942290852
212.24880706861427,254.68587692020142,14.964720671018085,7.290504942290994
213.40487643277612,255.26391160228232,14.964720671018085,7.290504942290994
212.6098668553686,254.12479340181784,14.964720671018085,7.290504942290966
222.88510062297777,265.04134571411475,14.964720671018085,7.290504942291136
224.61920466922052,265.04134571411475,13.531084348120515,6.507787233862132
224.04116998713963,265.0413457141147,14.964720671018085,7.290504942291136
237.66816143497758,276.68161434977577,13.198890588143826,6.428212239819629
236.9942196531792,275.01734104046244,13.29479768786129,7.514450867052005
236.9942196531792,274.4393063583815,12.13872832369944,7.514450867052062
250.8670520231214,285.4219653179191,12.716763005780308,8.092485549132903
251.44508670520233,287.15606936416185,12.716763005780336,7.514450867052005
249.13294797687863,287.15606936416185,15.606936416184936,6.936416184971108
264.16184971098266,299.8728323699422,13.294797687861262,8.670520231213857
264.16184971098266,299.8728323699422,12.716763005780365,8.670520231213857
265.3179190751445,299.8728323699422,14.450867052023114,8.670520231213857
276.94805194805195,313.31168831168833,19.155844155844136,7.792207792207762
277.5824175824176,313.4065934065934,18.241758241758248,7.25274725274727
276.21987141742,312.4100863130273,20.31192049009445,9.428063975990028
294.7976878612717,328.77456647398844,16.23462309185072,7.515348101024017
294.7976878612717,328.77456647398844,16.383048191105217,7.868108871734648
295.3757225433526,328.77456647398844,15.424038890003942,7.707329856467652
293.64161849710985,328.77456647398844,17.72309107369881,6.647871068249174
306.9364161849711,341.4913294797688,15.606936416184965,8.670520231213857
307.514450867052,342.0693641618497,16.763005780346816,8.670520231213857
308.67052023121386,342.64739884393066,10.982658959537616,7.514450867052005
325.90164957666667,355.83840456541964,15.716847533159921,8.774312197586141
325.46486153921666,356.42066279565455,14.997566206448084,9.926158013594033
325.01318354272837,356.79595638749896,15.44924420293637,10.12889910383052
335.83815028901734,369.8150289017341,21.38728323699422,7.514450867052062
337.90062113707756,370.02428216285494,19.324812388933992,9.617336334254901
336.9961206039336,370.9174871507712,24.179088372583124,10.375355085250249
348.5549132947977,382.53179190751445,21.533123481656958,6.40165760827432
347.97687861271675,381.95375722543355,22.124057146234975,7.4969755686285
349.1329479768786,379.64161849710985,20.107526052408673,9.91617749627136
366.1425376656751,398.75186734116477,21.96337474244075,8.290400607005836
366.7453050296786,397.8748109843827,21.891987111194567,9.450267728124345
365.80219555452624,398.7324203551404,22.914295243544075,8.219870038224656
381.1972539949935,412.93046397173805,19.44443575714797,6.798753761240562
380.5446634414829,411.83767647580623,19.81776885928133,7.3753628425166085
381.5506333588861,411.7168961196306,19.25506220480719,7.832567676531767
397.29364121613855,426.6160598038456,11.485297861628908,7.825766680227616
395.65632835638246,427.58469254943947,13.473881300700441,7.785945249885742
395.0910723122767,427.0748620198917,14.018819448752993,7.882067159941471
405.82825868384964,439.72254082321575,19.027232645630136,10.439308887766913
406.981836392968,440.12111787062184,17.873654936511798,7.728593112037117
407.2422016340744,438.0862076210434,19.347393741648148,8.029399315372814
407.9524657661556,439.21672393530133,18.059094927486,8.054952365276733
0,0,0,0
0,0,0,0
0,0,0,0
0,0,0,0
0,0,0,0
0,0,0,0
0,0,0,0
0,0,0,0
0,0,0,0
0,0,0,0
0,0,0,0
0,0,0,0
0,0,0,0
0,0,0,0
0,0,0,0
0,0,0,0
0,0,0,0
0,0,0,0
0,0,0,0
0,0,0,0
0,0,0,0
0,0,0,0
0,0,0,0
0,0,0,0
0,0,0,0
427.3283172565321,424.5866472348817,20.648561356184644,9.968266059916004
428.48438662069395,424.0086125528008,22.38266540242745,8.812196695754096
427.3283172565321,423.4305778707199,22.38266540242745,9.390231377834994
0,0,0,0
0,0,0,0
0,0,0,0
0,0,0,0
0,0,0,0
0,0,0,0
0,0,0,0
0,0,0,0
0,0,0,0
0,0,0,0
0,0,0,0
0,0,0,0
0,0,0,0
0,0,0,0
0,0,0,0
426.3598733955936,339.38896487893663,22.773074581285016,8.460746103722329
429.17348141768633,339.19287429898407,20.873793101253796,7.97616484356854
428.0031941923707,340.20927212516693,22.863857830750703,7.640438857492029
432.4027373577074,327.08074362365454,20.172126514198283,8.367696924408165
432.3699421965318,327.6184971098266,19.07514450867052,9.826589595375708
436.09058947283944,327.66316879576345,14.776462550281963,9.781917909438846
432.32660171514857,326.57599975648424,20.46424882133408,10.810018480372491
436.4161849710983,313.7456647398844,15.341714121080543,8.720883106295787
436.4161849710983,312.0115606936416,15.606936416184965,9.24855491329481
436.9942196531792,312.0115606936416,15.23402180105893,10.643034455576299
431.3172008168297,296.4269782662558,22.002971550568304,10.180479374143545
431.81330025281585,296.1655511635108,21.943925180710153,11.799766755564349
433.13284692658135,298.59290127992864,21.143377050067045,9.563082199323617
438.2439931935027,286.01483780542884,16.3849965645897,9.92618049141123
438.37031225107813,284.44459573644036,18.905138370499003,11.834924020556286
436.5846139042197,284.5317262848309,16.518932552765307,10.888884379350941
442.10142351723204,271.28260374724624,14.97592760388875,10.302987787637733
445.08670520231215,272.70520231213874,11.85185630780768,8.396834601425041
444.83524292296215,271.6981408585265,13.849918009611372,9.064377233932646
447.39884393063585,254.78612716763007,13.294797687861262,10.98265895953756
446.242774566474,254.20809248554912,16.18497109826592,11.560693641618514
447.9066590214786,253.4849268254877,16.255190689504047,10.54975525543719
444.6274864462144,240.1066646018333,20.11239794684917,10.055185109149363
444.5086705202312,240.33526011560693,20.23121387283237,10.404624277456634
446.55486722756825,241.13303590522673,17.02894780133346,9.606848487836828
454.01970776260055,227.03730260812097,20.042970778136805,9.40218011221586
453.0444563885327,226.3838576801455,21.099864509313647,10.426781294485721
456.4037619326892,226.3201610280151,18.251255067662044,9.898985799409928
457.79409267260115,212.6300287645743,18.832547918636294,8.362467126325868
457.5699993068644,212.32536137241254,18.49519819544605,8.661165984208878
457.98943212506236,213.55630024616468,18.40497771644391,7.217638320174075
457.4016511751638,212.70624728583533,18.94630059045693,8.931827421215417
463.9627751267483,196.21482106096784,20.20938729648742,9.563370774230634
463.411528221268,196.67793352513965,18.528471761189508,9.114812721230322
463.29281692742194,195.6258711987509,19.72385703610496,10.98260221328573
469.81721040643674,182.26070514429338,17.67553587485679,7.223914661897993
469.24818160891294,182.49367881518913,18.06564908392312,7.362370688311131
468.61227519092785,182.235584282943,18.764560381023898,7.818566825426643
475.14659918170173,167.22958540124924,18.044095800435173,8.661165984208878
475.70042481084187,167.09726933861293,17.632568455198907,8.909087219468915
474.93911966419074,166.29974434447192,18.47264402566367,9.605774893345114
480.0038421240367,160.2864537748482,18.044095800435173,7.578520236182783
481.98519832553717,161.006792939793,17.07693314372466,8.210064011406075
481.14887464779264,160.6962164355501,18.224536758439513,9.112268379219756
484.67882011474876,159.23449204527353,18.211353295655897,8.846432810217806
484.365973084425,158.39768856621038,19.680269690141472,9.683236289280956
484.39306358381504,158.2543352601156,20.23121387283237,9.826589595375737
485.12457400561726,158.72368545966802,21.233807497272892,7.6231353495805365
484.39306358381504,157.67630057803467,21.38728323699422,9.826589595375737
484.97109826589593,158.2543352601156,19.07514450867052,9.24855491329481
487.01353527139884,158.7216095133546,18.188776867329466,8.203245977974888
486.5829906444964,158.39936400455605,19.197356176312837,7.947456804692507
487.1562089397487,158.5050515476357,19.20217256314146,8.997838625774705
488.10131155047355,157.3141467211246,18.835104634497554,7.876604723962117
487.5918769653771,156.9093631143581,19.922573901674923,7.703353648647692
486.8658895108674,156.95658943141353,19.492491992022735,9.390231377835022
487.27611029996245,157.48179615071885,19.0822712029277,8.28698997644878
486.6441437951543,156.12788117773982,18.558168343573982,9.06287026734688
488.98616737461884,156.92166746745548,17.37221412827131,8.269083977631226
490.3423502554632,156.8235374998774,14.8599618832651,8.945248627290226
486.8218679776466,156.40484688955453,18.380444161081698,7.051800509289393
485.710777473091,156.07083120983432,18.335465301475438,6.807781506928677
485.1082776748838,156.01362682992686,20.09403446384448,8.021055250997989
481.12586950522984,155.435795088064,25.391516350954248,7.713165720799822
480.26228946811636,155.669151367295,24.94002267061194,7.787496031548926
482.04840831425594,156.16668939382322,21.997834460310514,7.289958005020708
481.0736600177207,154.08236980538211,22.394548074764828,8.796242911380887
480.8004151924812,154.3420501079868,21.815781267207,8.89067798218369
480.49626321170945,154.14005670097742,23.8194345798301,10.14646044439516
480.55041326290143,153.0979820553976,22.339760147503227,9.202595979284467
480.6102832962625,154.11728404722388,22.279890114142177,7.027224623296348
480.48931821304024,154.42839298319353,21.822820515283468,8.450219733569469
482.39971228337595,153.06930708295982,17.78135596436738,7.620581127586007
482.1128818543092,152.80687039466918,18.189386406415736,7.733582655789007
483.05452292778335,153.24534783595846,17.18269554066626,7.297342303690357
483.3520437128689,152.945064086383,17.227946792443447,9.289579152788122
482.26063467693274,152.25611272565033,17.856389405426512,9.837332022310704
482.00261625983734,152.74235448293766,18.579158305576243,9.289579152788122
482.5938304777033,151.56636691568448,17.818174438937888,9.03282454196156
482.7682532371197,151.80678558728195,17.075750503982135,8.2285319457595
482.42069864046886,151.91630977130058,17.509449191012777,10.471889226779354
482.2963845064102,151.83954831215678,18.085497555461757,8.062209753639564
483.3910046511889,151.61716830241838,17.385093810213675,7.919188639527931
482.32418185473904,151.77327965199126,17.81583890475116,7.060655049809213
483.4052883662718,151.54145021239813,17.431804872734176,6.863773168639085
483.28445869723623,151.95373923996456,19.358453133817363,8.958993737066123
483.98419329932426,151.59162182473366,18.023387400450645,8.994127045838923
483.375603728932,152.19594568479974,18.455487802937796,8.739840200931468
483.7727491690993,151.63045244091342,17.53003241890434,8.345414369637979
483.3976814183818,150.59820792852332,17.758387945780044,9.39023137783505
483.6841050382565,151.58800514238146,18.06564908392312,8.970955880715252
484.0053822659906,151.7528379149463,17.487436344294963,7.389057610265468
484.0299982542121,152.00542049029286,17.880469624130512,6.404179664803195
483.56927230918245,151.84217587678546,18.08468500489988,7.818566825426643
482.6796110389739,151.2766837789948,20.36095874828709,9.523674253231064
482.6796110389739,151.2766837789948,20.36095874828709,9.523674253231064
482.6796110389739,151.2766837789948,20.36095874828709,9.523674253231064
483.2945005264236,150.96923903526996,20.36095874828709,9.523674253231064
483.2945005264236,150.96923903526996,20.36095874828709,9.523674253231064
483.2945005264236,150.96923903526996,20.36095874828709,9.523674253231064
483.2945005264236,150.96923903526996,20.36095874828709,9.523674253231064
483.2945005264236,150.96923903526996,19.017638201900127,9.019200271088408
484.693374265199,150.1299147920047,20.36095874828709,9.523674253231064
484.693374265199,150.1299147920047,20.36095874828709,9.523674253231064
483.25648014058726,150.8483618543106,20.36095874828709,9.523674253231064
483.25648014058726,150.8483618543106,20.36095874828709,9.523674253231064
483.25648014058726,150.8483618543106,20.36095874828709,9.523674253231064
482.4926951582803,150.8483618543106,20.36095874828709,9.523674253231064
482.4926951582803,150.8483618543106,20.36095874828709,9.523674253231064
482.4926951582803,150.8483618543106,20.36095874828709,9.523674253231064
482.4926951582803,150.8483618543106,20.36095874828709,9.523674253231064
482.4926951582803,150.8483618543106,20.36095874828709,9.523674253231064
482.4926951582803,150.8483618543106,20.36095874828709,9.523674253231064
485.29044263583114,150.8483618543106,20.36095874828709,9.523674253231064
485.29044263583114,150.8483618543106,20.36095874828709,9.523674253231064
485.29044263583114,150.8483618543106,20.36095874828709,9.523674253231064
487.44255584190495,150.54091711058578,20.36095874828709,9.523674253231064
487.44255584190495,150.54091711058578,20.36095874828709,9.523674253231064
487.44255584190495,150.54091711058578,20.36095874828709,9.523674253231064
488.79396152341724,150.20306569020772,20.02310732790903,10.53722851436521
488.79396152341724,150.20306569020772,20.02310732790903,10.53722851436521
488.79396152341724,150.20306569020772,20.02310732790903,10.53722851436521
492.15125849647825,149.36374144694247,20.023107327908974,10.53722851436521
492.15125849647825,149.36374144694247,20.023107327908974,10.53722851436521
492.15125849647825,149.36374144694247,20.023107327908974,10.53722851436521
493.2703574874986,147.1255434649018,20.023107327908747,10.53722851436521
493.2703574874986,147.1255434649018,20.023107327908747,10.53722851436521
493.2703574874986,146.87094847079948,20.023107327908747,10.53722851436521
496.3254974167264,147.38013845900406,18.750132357396524,9.26425354385367
496.3254974167264,147.38013845900406,18.750132357396524,9.26425354385367
496.3254974167264,147.38013845900406,18.750132357396524,9.26425354385367
496.3254974167264,147.38013845900406,18.750132357396524,9.26425354385367
496.3254974167264,147.38013845900406,18.750132357396524,9.26425354385367
497.1648216599917,148.2194627022693,18.750132357396353,9.26425354385367
497.1648216599917,148.2194627022693,18.750132357396353,9.26425354385367
495.4307176137489,147.64142802018839,18.75013235739641,9.26425354385367
497.1648216599917,148.2194627022693,18.750132357396353,9.26425354385367
497.1648216599917,148.2194627022693,18.750132357396353,9.26425354385367
497.1648216599917,148.2194627022693,18.750132357396353,9.26425354385367
497.1648216599917,148.2194627022693,18.750132357396353,9.26425354385367
497.1648216599917,148.2194627022693,18.750132357396353,9.26425354385367
495.48617317346117,147.65991320675914,18.750132357396694,9.26425354385367
495.48617317346117,147.65991320675914,18.750132357396694,9.26425354385367
495.48617317346117,147.65991320675914,18.750132357396694,9.26425354385367
495.48617317346117,147.65991320675914,18.750132357396694,9.26425354385367
495.48617317346117,147.65991320675914,18.750132357396694,9.26425354385367
495.48617317346117,147.65991320675914,18.750132357396694,9.26425354385367
496.6052721644815,147.93968795451423,18.750132357396467,9.26425354385367
496.6052721644815,147.93968795451423,18.750132357396467,9.26425354385367
496.6052721644815,147.93968795451423,18.750132357396467,9.26425354385367
496.6052721644815,147.93968795451423,18.750132357396467,9.26425354385367
496.6052721644815,147.93968795451423,18.750132357396467,9.26425354385367
496.6052721644815,147.93968795451423,18.750132357396467,9.26425354385367
496.6052721644815,147.93968795451423,18.750132357396467,9.26425354385367
496.6052721644815,147.93968795451423,18.750132357396467,9.26425354385367
496.1569383745949,147.93968795451423,18.75013235739641,9.26425354385367
496.1569383745949,147.93968795451423,18.75013235739641,9.26425354385367
495.0378393835746,147.65991320675914,18.750132357396637,9.26425354385367
495.0378393835746,147.65991320675914,18.750132357396637,9.26425354385367
495.0378393835746,146.5038438425973,18.750132357396637,9.26425354385367
491.7505277558748,143.87901655050817,16.76048756956692,11.872012028443237
491.7505277558748,143.87901655050817,16.76048756956692,11.872012028443237
491.7505277558748,143.87901655050817,16.76048756956692,11.872012028443237
480.4060945660485,145.86127812842403,16.76048756956692,11.872012028443237
479.2500252018867,147.5953821746668,16.76048756956692,11.872012028443237
479.2500252018867,147.5953821746668,16.76048756956692,11.872012028443237
456.336475732679,149.12295213928073,15.742107593157698,8.307682111010934
456.336475732679,149.12295213928073,15.742107593157698,8.307682111010934
456.336475732679,149.12295213928073,15.742107593157698,8.307682111010934
427.3627883404924,146.30292523451095,18.58543456946842,11.965964722808422
427.3627883404924,146.30292523451095,18.58543456946842,11.965964722808422
427.3627883404924,146.30292523451095,18.58543456946842,11.965964722808422
