360.1574915742068,183.7152816957619,17.232111489415615,6.676315446161027
359.88553574242934,183.83475283191012,17.446962471459983,6.434340769616455
352.8753250475963,184.05124288606103,16.948926129167205,6.293109246137249
352.6693398553618,184.10487856910345,17.67553587485679,6.301712790166334
352.8896128987151,183.3250653492069,17.62327727219639,7.226476130133449
345.69963446213376,183.9368338239092,15.764134319882885,6.305653727953143
345.7010973266725,183.93247889102327,15.867476869652307,6.448814128842628
345.67299148235696,184.04159967710538,15.665135353063476,6.200782743920968
337.9404957350188,184.25395501591652,15.245533513249256,5.874425757398797
337.6381778184027,183.95421816778403,15.98933623873836,6.361954207667026
337.5505370505259,184.03175793617817,15.909903278394665,6.448814128842628
328.71655620873764,183.99058895568325,15.574964944801366,6.250479352847918
328.9262546452357,184.49953068041705,15.267564320890813,5.840611854300505
328.73774944159663,184.3818736848497,15.612918417197989,6.1094028589035645
328.86020139636446,184.43048023387433,15.400786373486028,6.024550041418792
320.3887760261882,184.44208105407674,15.059043806665215,5.781180904106748
319.17220200228314,184.06307751546035,16.44593337921458,6.250479352847918
319.6686162336634,184.25326313616102,15.70783384016903,6.474555167094763
311.18101871528404,183.90559298303413,15.481820906141309,6.563365471431496
310.98709057027105,184.44199713481333,15.636253034880895,5.9070289242883405
311.3590079564234,184.5497717620794,15.315933556001255,6.151829267645951
301.929555695467,183.8789598906772,15.90024594030217,8.2285319457595
301.7608815668939,184.4283924119906,15.405296650331707,7.571459013172387
302.87802849982864,183.5742715106099,13.82164224120993,7.396446388539374
295.60862973777233,184.59418131643835,14.158933390486425,10.276140070590401
296.8628757764263,184.5793864136852,11.921820856610395,8.612560974704309
296.0649802121976,184.1428189816639,15.201129522744225,10.584490186207091
291.87554968387235,185.50012685972837,11.89685455602961,8.502498541402616
291.54708690542543,185.05168368435824,12.779258653198951,7.644390372608427
291.17017042336363,185.6713496133001,13.425499490449681,6.929290059586947
287.162021521102,183.8982390069317,12.205044830953568,7.402604110951813
287.9525992769054,183.32991883182441,11.445702330567713,7.114896043325871
288.59006265394095,184.56422444123336,11.364727888451455,9.10364663957887
285.28696182001886,184.12552433076758,12.901528497311176,9.653591253232833
285.4015919954505,183.8305247333298,12.168453354611813,12.215075781257838
285.78804812720864,184.17985943783205,11.477700921230962,10.198848450898822
284.1833220334413,183.06002018405277,14.082573920315951,9.298361318837408
284.5645540593567,183.56661329068567,14.279376576481468,9.947837576366368
285.4158642510053,183.5361010471997,14.0061010669138,9.4003151377714
284.4413320928545,182.52052487934844,14.980633225064594,9.83785662354174
284.5575916925629,182.04798335663378,13.708304261194371,9.154328782094552
283.8150289017341,183.10982658959537,13.294797687861319,9.24855491329481
284.08549284242076,183.03389599459737,14.180403111336489,10.480554872454661
284.3605940288133,183.26080820362117,12.744944216740294,12.002520281784541
283.51881049150177,182.49209372809548,15.325120144336381,12.178426503118402
283.399209486166,182.41106719367588,13.438735177865567,9.288537549407096
283.39261576806564,181.87164910018512,14.873280185691613,8.174593674381356
282.2353639742356,182.70226059509562,16.608566661602538,8.500051543632708
284.0652671959083,184.20992996186916,14.20062875784896,6.9923821768591665
284.59924880247354,184.42308522454462,14.24468183336461,7.357261596264635
284.1236087221898,183.97947001313045,12.986217867405628,8.956946171840656
282.71262295918325,182.0042233005258,13.819168948331196,10.9321928844453
283.33767624550046,184.39215412970827,12.616080979933088,6.232123326939131
283.2482342546828,184.00441176963793,13.861592334912586,7.197900369090405
282.8677123868006,184.26124767511618,14.242114202794824,6.94106446361215
283.72960863467773,184.4423443015506,13.380217954917669,10.22817592966328
283.91665437426207,184.20317099148218,13.771206897414231,8.155210511408
283.14844334096904,184.5379470126712,13.961383248626362,7.820434490218986
283.3865747214257,184.8097535294493,14.301286550250609,7.548627973440887
284.0283940709839,184.87015913420396,13.659467200692404,8.066257050767149
283.56489112288716,184.64492156967512,15.279039512950988,7.713459933215063
284.09584385349575,185.59812110574364,15.90415614650425,6.7602603971465385
283.6540137904809,184.8248265496072,12.121830927965789,8.76501620945217
284.2850935795166,185.47018875299472,11.988624332511563,8.86338465608759
284.06138439680774,185.2192420800668,11.728662270282882,8.841606942213247
285.2274455108979,184.4397580272614,10.827015718104576,9.404036509439436
284.98468114440215,184.24804597597463,11.322589647372013,9.836819965137693
284.6026773512031,183.87112384653258,12.091526491579941,10.861160638050762
285.0841239068039,181.5851949740971,12.305744307845373,10.198130641860814
284.4568428468695,181.97682715202944,12.091091207148395,10.144220589048246
284.7754035896162,182.28717681006594,12.42227233328606,10.198766712356758
285.2520299898254,179.1096674753379,14.964279801068528,8.927762978465552
284.75631303389633,179.1096674753379,15.459996756997612,8.927762978465552
284.75631303389633,179.1096674753379,15.459996756997612,8.927762978465552
284.39714124095025,173.3629187882006,17.854475376638163,11.082793736142037
284.39714124095025,173.3629187882006,17.854475376638163,11.082793736142037
284.39714124095025,173.3629187882006,17.854475376638163,11.082793736142037
284.49628463213605,169.99204348788288,17.854475376638163,11.082793736142037
284.49628463213605,169.99204348788288,17.854475376638163,11.082793736142037
284.49628463213605,169.99204348788288,17.854475376638163,11.082793736142037
285.58686193518,166.52202479637936,15.871607552921887,6.621341132780344
285.58686193518,166.52202479637936,15.871607552921887,6.621341132780344
285.58686193518,166.52202479637936,15.871607552921887,6.621341132780344
285.58686193517997,162.9095966313607,15.871607552921887,6.621341132780344
285.58686193517997,162.9095966313607,15.871607552921887,6.621341132780344
285.58686193517997,162.9095966313607,15.871607552921887,6.621341132780344
285.95617139807683,160.72844202527276,16.394588610697383,6.621341132780344
285.95617139807683,160.72844202527276,16.394588610697383,6.621341132780344
285.95617139807683,160.72844202527276,16.394588610697383,6.621341132780344
285.95617139807683,160.72844202527276,16.394588610697383,6.621341132780344
286.52445018828917,157.61832242849076,16.07960891336421,8.654987383446695
286.85420405621454,157.51669053005494,15.378200955744035,8.56831155122535
286.73942470168646,157.74164874950887,15.563853600514449,8.528799031860842
287.09747280120666,156.19978503834355,15.752077131435556,7.72160643697822
286.9111335337077,156.09479832997198,16.20945506145989,7.5132582632013225
287.0004249965787,156.18510568752805,16.147110828008124,7.389848919484791
287.4651046717307,154.06035617756885,15.857770632118559,6.809889404518657
287.6358007947415,154.0239981681416,15.782624052167535,6.406387720100241
287.59173230702385,153.97037970539364,15.829293195805349,6.679189567986157
288.14180209179875,153.75282659338123,16.176204721391912,6.31337486428427
288.19648969853506,153.7140502865193,16.11437090340081,6.511521303823173
287.96879682620175,153.50820013817085,16.369805646393843,6.40893334269191
288.47940165247803,151.72175349534737,15.933599006030306,6.81404716335058
288.7163285173199,151.704125632848,15.520428938326233,7.451350211683973
288.86563985620137,151.69291812393115,15.523731507482921,7.992416221674375
289.52674365622676,149.40881670278895,15.570028826293822,7.03368858682677
289.52674365622676,149.40881670278895,15.570028826293822,7.03368858682677
289.52674365622676,149.40881670278895,15.570028826293822,7.03368858682677
289.67616681559116,146.86862299359362,15.570028826293822,7.03368858682677
289.67616681559116,146.86862299359362,15.570028826293822,7.03368858682677
289.67616681559116,146.28950251082026,15.570028826293822,7.612809069600132
289.05686153873864,142.85517324827435,17.033841298854327,8.907720103019074
289.05686153873864,142.85517324827435,17.033841298854327,8.907720103019074
289.05686153873864,142.85517324827435,17.033841298854327,8.907720103019074
289.05686153873864,142.85517324827435,17.033841298854327,8.907720103019074
289.4977419564001,139.98165084428223,16.51086024107883,5.993968495412645
289.4977419564001,139.98165084428223,16.51086024107883,5.993968495412645
289.4977419564001,139.98165084428223,16.51086024107883,5.993968495412645
288.7045948269136,136.80906232633615,17.10572058819372,6.886259016084978
288.7045948269136,136.80906232633615,17.10572058819372,6.886259016084978
289.19719866759795,136.80906232633615,17.10572058819372,6.886259016084978
289.19719866759795,133.47090460325563,17.19594106719586,9.863534823156783
288.9577508056339,133.47090460325563,17.4353889291599,10.222706616102869
288.9577508056339,133.47090460325563,17.4353889291599,10.222706616102869
288.69462126656714,130.3133501344543,17.566953698693283,8.643929381702208
288.58567248611257,130.3133501344543,17.566953698693283,8.643929381702208
288.58567248611257,130.3133501344543,17.566953698693283,8.643929381702208
288.7661134441169,127.06541289037598,17.566953698693283,8.643929381702193
288.7661134441169,127.06541289037598,17.566953698693283,8.643929381702193
288.7661134441169,127.06541289037598,17.566953698693283,8.643929381702193
288.9644002264886,123.59539419887244,17.566953698693283,8.643929381702208
288.9644002264886,123.59539419887244,17.566953698693283,8.643929381702208
288.9644002264886,123.59539419887244,17.566953698693283,8.643929381702208
288.9644002264886,120.87167468750772,17.566953698693283,8.643929381702208
289.85669074716094,121.16910486106516,16.67466317802092,8.346499208144763
289.85669074716094,121.16910486106516,16.67466317802092,8.346499208144763
289.85669074716094,117.22216177506351,16.67466317802092,8.346499208144763
289.85669074716094,117.22216177506351,16.67466317802092,8.346499208144763
289.85669074716094,117.22216177506351,16.67466317802092,8.346499208144763
289.85669074716094,117.22216177506351,16.67466317802092,8.346499208144763
289.76647026815874,116.41017746404393,16.67466317802092,8.346499208144763
289.58602931015434,115.68841363202652,16.77235219273581,8.461875385314514
289.58602931015434,115.68841363202652,16.76488365702312,9.699806393177397
289.4770805296997,112.85574534020722,18.037370337352286,9.56043963089104
289.4770805296997,112.85574534020722,19.193439701514137,8.982404948810114
289.4770805296997,112.85574534020722,18.61540501943324,8.404370266729188
290.7295220841422,109.24164548128613,15.39190197609588,7.297359458624683
289.54921199193586,108.43065841653768,17.78705907534254,8.14800479345486
289.01891891132374,107.72954908484492,17.036145976020975,9.435971993235754
290.24813665282096,107.79292613603987,15.630163874319692,11.098247392483131
289.93014263255327,107.67320220505783,16.06788182556943,12.261751249895298
290.10473104473624,107.32402538069185,17.464589123033363,12.087162837712313
290.03141013880327,105.05843147414771,15.966614319319433,11.234974878333432
290.0314101388032,105.4921614390763,16.255767629271872,10.367514948476241
290.35642775178377,105.05843147414771,15.930750016291313,10.652729142709362
290.284935574234,102.81997907921236,16.111190974295653,8.758099083663666
290.1533708047006,102.81997907921236,16.242755743829036,10.160769345991781
290.04548771226996,102.81997907921236,16.35063883625969,10.339132099836903
290.55433123073055,97.56553811191247,16.744902359053754,10.66583171256994
290.7347721887349,97.56553811191247,16.564461401049414,10.485390754565586
290.4418778103386,97.56553811191247,16.857355779445697,10.158350738920092
290.155992711817,97.56553811191247,17.143240877967287,9.492441361679823
290.5721770550978,97.56553811191247,16.727056534686483,9.960920952370799
290.5054550422596,97.56553811191247,16.79377854752471,10.238136492752488
290.5917878336354,97.56553811191247,16.7074457561489,9.601390142134406
290.3738902727262,95.8306182521981,17.069919972034313,11.201018716530015
290.3738902727262,95.8306182521981,17.069919972034313,11.201018716530015
290.3738902727262,95.8306182521981,17.069919972034313,11.201018716530015
289.47168548270446,93.12400388213281,13.912203206958168,8.674845304469088
289.9199549607978,93.12400388213281,13.912203206958168,8.674845304469088
289.9199549607978,93.19199141974522,16.22377948577997,8.606857766856677
290.11824174316945,91.66376815082943,16.10792191579901,8.449643385613612
290.11824174316945,91.66376815082943,16.10792191579901,8.449643385613612
290.11824174316945,91.66376815082943,16.10792191579901,8.449643385613612
290.01909835198364,91.16805119490034,16.10792191579901,8.449643385613612
290.199539309988,91.07783071589817,16.10792191579901,8.449643385613612
290.199539309988,91.07783071589817,16.10792191579901,8.449643385613612
290.199539309988,90.55157163776462,16.10792191579901,8.449643385613612
290.76310712049064,90.55157163776462,15.54435410529635,8.449643385613612
290.76310712049064,90.55157163776462,15.54435410529635,8.449643385613612
290.76310712049064,90.01024876375156,16.446558895318105,8.99096625962666
290.76310712049064,90.01024876375156,16.446558895318105,8.99096625962666
290.76310712049064,90.01024876375156,16.446558895318105,8.99096625962666
291.3044299945037,89.92002828474939,15.90523602130503,9.08118673862883
291.3044299945037,89.92002828474939,15.90523602130503,9.08118673862883
291.3044299945037,89.92002828474939,15.90523602130503,9.08118673862883
292.5745268491014,89.39704722697388,15.531678122893936,9.155898318311046
292.5745268491014,89.39704722697388,15.531678122893936,9.155898318311046
292.5745268491014,89.39704722697388,15.531678122893936,9.155898318311046
292.5745268491014,89.39704722697388,15.531678122893936,9.155898318311046
293.6952005443346,90.14416302379604,16.129370760351662,8.334070941806672
293.6952005443346,90.14416302379604,16.129370760351662,8.334070941806672
293.6952005443346,90.14416302379604,16.129370760351662,8.334070941806672
295.8002368568688,90.40729256286282,16.129370760351662,8.334070941806672
295.8002368568688,90.40729256286282,16.129370760351662,8.334070941806672
295.8002368568688,90.40729256286282,16.129370760351662,8.334070941806672
297.93485349983445,91.22829896400343,16.129370760351662,8.334070941806672
298.2068036502841,91.50024911445306,16.129370760351662,8.334070941806672
298.2068036502841,91.50024911445306,16.129370760351662,8.334070941806672
300.91612477404806,93.0601612766202,16.129370760351662,8.334070941806672
300.91612477404806,93.0601612766202,16.129370760351662,8.334070941806672
300.91612477404806,93.0601612766202,16.129370760351662,8.334070941806672
304.5702605089853,95.17062949029425,15.041570158553156,9.285896468380344
304.5702605089853,95.17062949029425,15.041570158553156,9.285896468380344
304.5702605089853,95.17062949029425,15.041570158553156,9.285896468380344
304.4505365780033,95.64952521422235,18.633288088014012,8.926724675434258
304.4505365780033,95.64952521422235,18.633288088014012,8.926724675434258
304.4505365780033,95.64952521422235,18.633288088014012,8.926724675434258
308.7420011728048,98.71624046924387,17.914944502121898,7.130865710703844
308.7420011728048,98.71624046924387,17.914944502121898,7.130865710703844
308.7420011728048,98.71624046924387,17.914944502121898,7.130865710703844
315.5987575769702,100.43042957028521,15.02788917405229,7.221086189706014
315.5987575769702,100.67790421527046,15.02788917405229,7.221086189706014
315.5987575769702,100.67790421527046,15.02788917405229,7.221086189706014
315.5987575769702,100.67790421527046,15.02788917405229,7.221086189706014
319.58214958786266,103.03988054642545,14.75593902360265,7.35706126493082
319.58214958786266,103.29604773301757,14.75593902360265,7.35706126493082
319.58214958786266,103.29604773301757,14.75593902360265,7.35706126493082
347.73224316910887,119.29335117970352,11.729718010107888,9.861928518052494
347.73224316910887,119.29335117970352,11.729718010107888,9.861928518052494
347.73224316910887,119.29335117970352,12.961398449388241,8.325145930123071
349.68458773271936,119.14877452472733,12.743157932020551,7.891687903018337
349.68458773271936,119.14877452472733,11.729718010107888,9.861928518052494
349.68458773271936,119.14877452472733,12.743157932020551,7.891687903018337
351.53671700044737,119.36667208563651,12.625132710535297,8.251825024190083
351.89588879339345,119.24694815465448,11.729718010107888,9.861928518052494
351.96387633100585,119.79084845555371,11.661730472495492,8.434190228191994
353.0544536340498,119.88999184673953,14.53688881688413,8.929907184121063
353.0544536340498,119.88999184673953,14.53688881688413,8.929907184121063
353.0544536340498,119.88999184673953,14.53688881688413,8.929907184121063
353.58071271218336,120.2846861553397,14.53688881688413,8.92990718412105
353.6554242918656,120.80766721311521,14.53688881688413,8.929907184121035
353.5562809006798,121.20424077785847,14.53688881688413,8.92990718412105
356.6237771867538,120.84335886184978,14.53688881688413,8.929907184121063
357.37164010049025,121.1153090122994,13.78902590314766,8.657957033671437
357.37164010049025,121.1153090122994,13.78902590314766,8.657957033671437
359.7226492278501,122.6620255434572,11.52684301485408,8.41048238868622
361.42233766816025,123.68183860764329,10.439042413055574,8.41048238868622
361.42233766816025,123.68183860764329,10.005961784331362,8.41048238868622
361.42233766816025,123.68183860764329,10.005961784331362,8.41048238868622
362.1028929418697,123.43436396265804,10.933991703026038,9.152906323641986
362.2717943810113,123.60326540179965,10.933991703026038,9.152906323641972
362.2717943810113,122.78143802529527,11.382261181119361,9.974733700146345
364.25664491905917,123.23254042030617,13.006229803158533,10.064954179148529
363.8600713543159,123.62911398504943,13.006229803158533,10.064954179148543
363.0390649531753,123.79331526527756,13.006229803158533,10.064954179148543
364.9546478488877,123.79331526527756,13.245677665122571,9.466334524238448
364.9546478488877,123.79331526527756,13.245677665122571,9.466334524238448
364.9546478488877,123.79331526527756,13.245677665122571,9.466334524238448
367.2869378645481,124.77385428936886,11.175650836485374,6.960512573782907
366.8764346639778,124.77385428936886,11.586154037055678,6.960512573782907
366.8764346639778,124.77385428936886,11.586154037055678,6.960512573782907
370.5202312138728,125.30635838150289,15.251715994458948,7.616052306986575
372.2543352601156,125.30635838150289,13.517611948216143,8.1940869890675
373.4104046242775,125.30635838150289,12.699345462337476,8.137786509353646
373.4104046242775,124.72832369942196,14.008570664608385,8.599445617899363
373.9884393063584,125.30635838150289,13.512636622641537,7.939310295704388
372.8323699421965,124.72832369942196,14.668705986803388,8.517344977785314
372.8323699421965,124.72832369942196,15.794715581080766,8.573645457499168
372.8323699421965,124.72832369942196,15.794715581080766,8.573645457499168
372.8323699421965,125.30635838150289,15.794715581080766,7.995610775418243
376.1795094246619,124.10074910990994,12.837831615800553,8.720060138644982
375.68165374686953,125.52532490703838,12.757652611511958,7.295484341516541
375.7225433526012,124.72832369942196,12.326226263844262,7.7575137813993535
374.5664739884393,125.30635838150289,14.28301868191636,8.33554846348028
376.3005780346821,124.15028901734104,13.41507589312198,9.49161782764213
376.87861271676303,124.15028901734104,12.837041211041026,9.49161782764213
376.87861271676303,125.30635838150289,12.837041211041026,8.33554846348028
376.87861271676303,125.30635838150289,14.015410269364793,7.9256809649328375
374.5664739884393,124.72832369942196,16.369975406430854,8.54614205575615
376.3005780346821,124.72832369942196,14.906532797194643,8.54614205575615
375.7225433526012,124.72832369942196,16.253069039051923,8.802309242348286
375.7225433526012,124.72832369942196,16.253069039051923,8.802309242348286
375.7225433526012,123.57225433526011,16.253069039051923,9.958378606510138
375.7225433526012,123.57225433526011,17.07489641555628,10.10780176587457
377.4566473988439,124.15028901734104,16.22877710956601,9.954455437827448
377.4566473988439,124.15028901734104,16.172476629852156,9.56035207983038
379.19075144508673,125.30635838150289,15.180796518565103,8.218676731929577
377.4566473988439,124.72832369942196,17.194635124684055,8.843333840656527
378.0346820809249,124.72832369942196,16.915446761331964,8.843333840656527
380.9248554913295,124.15028901734104,14.92838039218202,8.846664041939022
379.76878612716763,124.15028901734104,16.084449756343872,8.692963729983745
379.76878612716763,124.15028901734104,16.084449756343872,8.692963729983745
379.76878612716763,124.15028901734104,16.560362519630758,8.556988654758925
379.76878612716763,124.15028901734104,16.560362519630758,8.556988654758925
379.19075144508673,122.99421965317919,17.138397201711655,9.713058018920776
383.04365826384804,124.72284437477681,14.025554225798487,8.208579362885573
383.04365826384804,124.70939629063719,13.854464706396016,8.222027447025198
383.04365826384804,124.70939629063719,13.854464706396016,8.222027447025198
383.04365826384804,124.70939629063719,13.854464706396016,8.222027447025198
383.64135090130577,124.7841078703194,13.854464706396016,8.222027447025212
383.64135090130577,124.7841078703194,13.854464706396016,8.222027447025212
383.64135090130577,124.7841078703194,13.854464706396016,8.222027447025212
384.5931764278794,124.85209540793181,13.854464706396016,8.222027447025198
384.5931764278794,124.85209540793181,13.854464706396016,8.222027447025198
384.5931764278794,124.85209540793181,13.854464706396016,8.222027447025198
384.5931764278794,124.85209540793181,13.798164226682161,7.377520251317179
384.5931764278794,124.85209540793181,13.798164226682161,7.377520251317179
384.5931764278794,124.85209540793181,13.798164226682161,7.377520251317179
385.5212063465741,124.60462076294657,13.798164226682161,7.377520251317165
385.5212063465741,124.60462076294657,13.798164226682161,7.377520251317165
385.5212063465741,124.60462076294657,13.798164226682161,7.377520251317165
385.83903508592005,124.65002486856741,13.798164226682161,7.377520251317151
386.1282592425331,124.36080071195434,13.798164226682161,7.377520251317122
386.1282592425331,124.36080071195434,13.798164226682161,7.377520251317122
386.67710009066184,124.90964156008309,13.798164226682161,7.377520251317122
386.67710009066184,124.90964156008309,13.798164226682161,7.377520251317122
386.67710009066184,124.90964156008309,13.798164226682161,7.377520251317122
386.67710009066184,124.90964156008309,13.798164226682161,7.377520251317122
387.008154643089,124.04889972377248,14.063007868623913,8.436894819084017
387.008154643089,124.04889972377248,14.063007868623913,8.436894819084017
387.008154643089,124.04889972377248,14.063007868623913,8.436894819084017
387.30941428799184,123.8078920078502,14.063007868623913,8.436894819084017
387.30941428799184,123.8078920078502,14.063007868623913,8.436894819084017
387.30941428799184,123.8078920078502,14.063007868623913,8.436894819084017
387.30941428799184,123.8078920078502,14.063007868623913,8.436894819084017
388.02553879651254,123.4965335258847,14.063007868623913,8.436894819084017
388.02553879651254,123.4965335258847,14.16614225143553,8.127491670649135
388.02553879651254,123.4965335258847,14.16614225143553,8.127491670649135
388.02553879651254,123.4965335258847,14.16614225143553,8.127491670649135
388.02553879651254,123.4965335258847,14.16614225143553,8.127491670649135
388.02553879651254,123.4965335258847,14.16614225143553,8.127491670649135
388.40153019653644,123.38373610587753,14.16614225143553,8.127491670649121
388.40153019653644,123.42133524587992,14.015745691425991,8.089892530646736
388.40153019653644,123.42133524587992,14.015745691425991,8.089892530646736
388.40153019653644,123.42133524587992,14.015745691425991,8.089892530646736
388.40153019653644,123.42133524587992,14.015745691425991,8.089892530646736
388.7444142388988,120.7721770912408,14.015745691425991,8.089892530646736
389.300172346987,121.86889032817827,14.015745691425991,8.089892530646765
389.1997933056891,121.92436644903894,14.015745691425991,8.089892530646736
389.300172346987,121.92312092201148,14.015745691425991,8.089892530646736
389.300172346987,122.7273987794217,14.015745691425991,8.089892530646736
389.8820395205098,121.72991219623968,14.015745691425991,8.089892530646736
389.300172346987,121.6734557339047,14.015745691425991,8.812915678413574
389.300172346987,122.00437563165487,14.015745691425991,8.812915678413574
389.300172346987,122.00437563165487,14.015745691425991,7.990476827016309
389.48092813392867,122.24538334757715,14.015745691425991,7.990476827016309
389.48092813392867,122.24538334757715,14.015745691425991,7.990476827016309
389.48092813392867,122.24538334757715,14.015745691425991,7.990476827016309
389.48092813392867,122.24538334757715,14.015745691425991,7.990476827016309
390.0292207015268,122.19055409081733,14.015745691425991,7.990476827016323
390.0292207015268,122.37217051330072,14.2881703251511,7.990476827016323
390.0292207015268,122.37217051330072,14.2881703251511,7.990476827016323
390.0292207015268,122.37217051330072,14.2881703251511,7.990476827016323
390.0292207015268,122.37217051330072,14.2881703251511,7.990476827016323
390.3285884368698,121.02501570425741,14.2881703251511,7.990476827016295
390.8774292849985,121.07491032681457,14.2881703251511,7.990476827016295
391.2079711782706,121.07491032681457,14.2881703251511,7.990476827016295
391.2079711782706,120.98410211557288,13.970341585805159,8.081285038257988
391.4558775982247,120.98410211557288,13.722435165851095,8.081285038257988
391.4558775982247,120.98410211557288,13.722435165851095,8.081285038257988
391.6828981263289,121.07491032681457,13.495414637746876,7.990476827016295
392.74227269409585,121.27354305827087,13.495414637746876,7.9904768270162805
392.74227269409585,121.27354305827087,13.495414637746876,7.9904768270162805
392.74227269409585,121.27354305827087,13.495414637746876,7.9904768270162805
392.3768930043105,120.5427836787002,13.495414637746876,7.990476827016295
392.8222279063841,120.47399093538803,13.415459425458607,8.790028949899124
392.8222279063841,120.47399093538803,13.415459425458607,8.790028949899124
393.62257959546815,120.1101947130771,13.415459425458607,8.790028949899124
393.62257959546815,121.19472943472735,13.415459425458607,6.560707577618061
393.62257959546815,121.19472943472735,13.415459425458607,6.560707577618061
395.7313971097881,120.47170628696051,12.210420845847239,6.560707577618061
395.7313971097881,120.47170628696051,12.127296963915398,5.729468758299703
395.7313971097881,120.47170628696051,12.210420845847239,6.560707577618061
396.09462995475485,120.5625144982022,11.847188000880465,6.469899366376367
396.1772654280729,120.19065486827112,11.847188000880465,6.469899366376367
396.54912505800394,119.81879523834004,11.475328370949399,6.841758996307448
396.69880892567545,120.31774146391164,11.475328370949399,6.841758996307448
396.69880892567545,120.31774146391164,11.475328370949399,6.841758996307448
396.69880892567545,119.95450861894487,11.475328370949399,6.841758996307448
396.69880892567545,119.95450861894487,11.475328370949399,6.841758996307448
396.51805313873376,118.74947003933349,11.475328370949399,6.841758996307448
396.51805313873376,118.74947003933349,11.475328370949399,6.841758996307448
396.51805313873376,118.79487414495433,10.930479103499238,6.796354890686601
393.3166463823976,117.19417076678627,13.913608126448764,7.451188090846259
393.3166463823976,117.19417076678627,13.913608126448764,7.451188090846259
393.3166463823976,117.19417076678627,13.913608126448764,7.451188090846259
393.3166463823976,114.75383019710044,13.913608126448764,7.451188090846259
392.65387516361136,114.93458598404214,13.913608126448764,7.451188090846259
392.65387516361136,114.93458598404214,13.913608126448764,7.451188090846259
392.65387516361136,113.40664185033626,13.768089637524383,8.979132224552131
392.65387516361136,113.40664185033626,13.768089637524383,8.979132224552131
392.65387516361136,113.40664185033626,13.768089637524383,8.979132224552131
392.0513558738057,112.32210712868601,13.768089637524383,8.979132224552131
392.0513558738057,112.32210712868601,13.768089637524383,8.979132224552131
392.0513558738057,112.32210712868601,13.768089637524383,8.979132224552131
392.0513558738057,112.32210712868601,13.768089637524383,8.979132224552131
392.0513558738057,112.32210712868601,13.768089637524383,8.015101360863028
392.0513558738057,112.32210712868601,13.888593495485509,7.713841715960186
392.0513558738057,112.32210712868601,13.888593495485509,7.439695432161102
391.6521988933484,112.32210712868601,13.888593495485509,7.439695432161102
391.6521988933484,112.68361870256943,13.888593495485509,6.053901065608002
391.6521988933484,112.68361870256943,13.888593495485509,6.053901065608002
391.5025150256769,112.03498860932636,13.888593495485509,6.053901065608002
391.5025150256769,112.03498860932636,13.888593495485509,6.053901065608002
391.5025150256769,112.03498860932636,13.888593495485509,6.053901065608002
391.5025150256769,111.43246931952066,13.888593495485509,6.053901065608002
391.6521988933484,111.03331233906339,13.738909627814053,6.45305804606528
391.6521988933484,111.03331233906339,13.738909627814053,6.45305804606528
390.8518472042643,109.57812744981968,13.738909627814053,6.45305804606528
390.5207926518371,109.64433836030511,13.738909627814053,6.45305804606528
390.5207926518371,109.64433836030511,13.738909627814053,6.45305804606528
391.01973887740866,109.295076002405,13.738909627814053,6.45305804606528
390.7718324574546,108.96453410913293,13.738909627814053,6.45305804606528
390.7718324574546,108.65659714684004,13.738909627814053,6.760995008358165
390.9784211407496,108.61527941018103,12.582013001361815,6.678359535040144
391.0197388774086,108.408690726886,12.044882424794707,6.8849482183351824
391.0197388774086,108.408690726886,12.044882424794707,6.8849482183351824
391.18422664768804,108.18937369984673,11.880394654515271,7.1042652453744495
391.483594383031,108.18937369984673,11.880394654515271,7.1042652453744495
391.483594383031,108.18937369984673,11.880394654515271,7.1042652453744495
392.5078771757006,107.94836598392445,11.880394654515271,7.1042652453744495
392.5078771757006,107.94836598392445,11.880394654515271,7.1042652453744495
392.5078771757006,107.94836598392445,11.880394654515271,7.1042652453744495
392.5078771757006,107.94836598392445,11.880394654515271,7.1042652453744495
392.7488848916229,108.06886984188559,11.63938693859302,6.98376138741331
392.9554735749179,107.6970102119545,11.432798255297996,7.35562101734439
392.9554735749179,107.75726214093507,11.432798255297996,7.35562101734439
392.9141558382589,108.45966366413822,11.474115991956978,6.65321949414124
392.9141558382589,108.45966366413822,11.474115991956978,6.65321949414124
392.9141558382589,108.45966366413822,11.474115991956978,6.65321949414124
393.2135235736019,108.55945290925254,11.17474825661401,6.553430249026917
393.2135235736019,108.55945290925254,11.17474825661401,6.553430249026917
393.46142999355595,108.55945290925254,10.926841836659946,6.553430249026917
393.46142999355595,108.55945290925254,10.565330262776513,6.553430249026917
393.46142999355595,108.55945290925254,10.565330262776513,6.553430249026917
393.585383203533,108.68340611922957,10.565330262776513,6.553430249026917
391.8230944534079,108.81582794020042,11.203058852959487,6.20646379292225
391.85428496470104,108.92327175609442,11.235568653622863,6.300163307013392
389.6257655775342,108.77358788842295,13.314404173118248,6.300163307013392
389.01734104046244,107.96531791907515,14.77103729366172,7.358430096259738
388.4393063583815,107.96531791907515,15.049704240399706,7.008644031246874
386.2549304977273,107.87548468239409,17.234080101053905,7.098477267927933
386.2549304977273,107.87548468239409,17.306839345516096,6.8074402900791995
387.8612716763006,107.96531791907515,15.700498166942793,6.71760705339814
386.2549304977273,108.11649239831637,17.42734320347722,6.56643257415692
386.70520231213874,108.54335260115607,14.747750016784721,6.139572371317215
386.2549304977273,108.58647234187113,15.198021831196172,6.096452630602158
386.2549304977273,108.58647234187113,15.198021831196172,6.096452630602158
386.0724636857548,108.14806132071276,14.649729263598033,5.8223063468030745
387.5928050053757,108.62093257538598,14.649729263598033,5.8223063468030745
387.5928050053757,108.74547596817217,14.649729263598033,5.8223063468030745
387.5928050053757,108.74547596817217,14.649729263598033,5.8223063468030745
387.5928050053757,108.74547596817217,14.649729263598033,5.8223063468030745
387.5928050053757,108.74547596817217,14.649729263598033,5.8223063468030745
388.2738665896884,108.74547596817217,14.104879996147872,5.776902241182228
388.2738665896884,108.74547596817217,14.104879996147872,5.776902241182228
388.2738665896884,108.74547596817217,14.104879996147872,5.776902241182228
388.2119979284421,108.74547596817217,14.104879996147872,5.776902241182228
386.3588123835673,108.6296518716175,15.224512929509729,7.1281833676534205
386.3588123835673,108.6296518716175,15.224512929509729,7.1281833676534205
386.3588123835673,108.6296518716175,15.224512929509729,7.1281833676534205
386.3588123835673,108.6296518716175,15.224512929509729,7.1281833676534205
386.0499481260881,108.43661171069306,15.224512929509729,7.1281833676534205
386.0499481260881,108.43661171069306,15.224512929509729,7.1281833676534205
386.088556158273,108.55243580724772,14.49096031799678,7.166791399838317
386.0534228495002,108.5173024984749,14.49096031799678,7.166791399838317
386.0534228495002,108.48216918970209,14.069360612723074,7.201924708611131
385.7250202890439,108.4501978779438,13.653733559865145,7.2338960203694285
385.61962036272547,108.73126434812626,13.653733559865145,7.2338960203694285
385.61962036272547,109.11310202680772,13.653733559865145,7.2338960203694285
385.4587647912434,107.9871130264334,13.653733559865145,7.2338960203694285
385.789325997695,108.75957330639963,13.4840279248956,7.2338960203694285
385.789325997695,109.11310202680772,13.4840279248956,7.2338960203694285
385.62847042621297,107.9871130264334,13.4840279248956,7.2338960203694285
385.789325997695,108.47368756968339,13.4840279248956,7.2338960203694285
385.4867550752599,108.43231745132873,13.4840279248956,7.2338960203694285
385.789325997695,109.03588596243793,13.4840279248956,7.2338960203694285
386.17116367637647,108.99345955369554,13.10219024621415,7.276322429111815
386.17116367637647,108.99345955369554,13.10219024621415,7.276322429111815
386.17116367637647,108.99345955369554,13.10219024621415,7.276322429111815
387.0196918512242,109.16316518866509,13.10219024621415,7.276322429111815
387.1045446687089,109.33287082363464,13.10219024621415,7.276322429111815
387.1045446687089,109.33287082363464,13.10219024621415,7.276322429111815
389.2711804794932,110.15469820013901,12.95276708684969,6.603918211971873
390.1156876752012,110.21099867985286,12.896466607135835,6.153514374260936
389.94678623605955,110.154698200139,13.40317092456064,6.378716293116412
395.3204702607998,108.16518340952061,12.83960311405798,7.915719412669176
395.3204702607998,108.16518340952061,12.83960311405798,7.915719412669176
395.3204702607998,108.16518340952061,12.83960311405798,7.915719412669176
403.94059329150576,108.64407913344871,13.978481853002904,7.413724334759394
403.39669299060654,108.4401165206115,15.100416835983083,8.773756311758433
403.4713127920494,107.89268927570453,13.291692988297427,9.321183556665403
413.8728323699422,106.8092485549133,15.02890173410401,10.98265895953756
412.71676300578036,107.96531791907515,14.38242834853861,10.48786520300331
412.71676300578036,106.23121387283237,15.606936416184965,9.24855491329481
426.0115606936416,108.54335260115607,16.992963762441377,9.215864769837694
425.4335260115607,107.96531791907515,17.57099844452233,9.79389945191862
426.5895953757225,109.121387283237,16.786141047838385,8.328486781525214
427.1676300578035,109.121387283237,16.20810636575743,8.328486781525214
441.42363142542416,108.93589114092005,14.041649184428366,7.792219091824762
441.42363142542416,108.93589114092005,13.856043200689442,7.792219091824762
441.6781898778784,109.02074395840482,13.601484748235123,7.707366274339989
456.1872015865685,107.50842484367605,16.00945630220116,7.912300023613696
456.1872015865685,107.50842484367605,16.00945630220116,7.912300023613696
456.1872015865685,107.50842484367605,16.00945630220116,7.912300023613696
469.36416184971097,107.96531791907515,12.010813616733458,7.955201195068156
468.2080924855491,107.96531791907515,13.16688298089531,7.790999914840029
468.2080924855491,109.121387283237,13.16688298089531,6.6349305506781775
477.16894475186433,109.56913440211757,11.90132342184836,9.773339256543963
477.16894475186433,109.56913440211757,11.90132342184836,9.773339256543963
476.9640110025906,109.620367839436,11.90132342184836,9.773339256543963
482.0883114906796,109.96030552749802,11.90132342184836,9.773339256543963
482.0883114906796,109.81088236813359,12.274881320259453,9.922762415908394
482.0883114906796,110.15082005619561,12.274881320259453,9.922762415908394
483.2369942196532,110.27745664739885,16.281654932948243,9.994412607076796
484.39306358381504,111.4335260115607,15.125585568786391,8.566393092465319
486.70520231213874,110.85549132947978,12.721421323830839,8.558266380376253
490.8616149142468,113.56473919909345,13.069590863484677,6.534795431742339
490.9388309786166,113.48752313472367,13.069590863484677,6.534795431742339
491.09253129057186,113.48752313472367,13.069590863484677,6.534795431742339
495.4986068999564,113.58999000936052,12.608489927618848,6.534795431742339
495.6742734438205,113.58999000936052,12.432823383754794,6.534795431742339
495.8431748829621,113.58999000936052,12.432823383754794,6.534795431742339
495.8431748829621,113.58999000936052,12.432823383754794,6.534795431742339
499.6727055391982,113.69538993567895,11.343690811797728,6.675328666833565
499.6727055391982,113.69538993567895,10.297728696246736,6.1523476090580544
499.6727055391982,113.41388753710962,10.297728696246736,6.1523476090580544
502.3793199092635,112.73572175744836,12.488982748609828,6.198970035704079
502.3793199092635,112.73572175744836,12.488982748609828,6.198970035704079
502.3793199092635,112.73572175744836,12.488982748609828,6.198970035704079
505.0559581005729,112.15384388977239,12.488982748609772,6.198970035704079
505.0559581005729,112.15384388977239,12.488982748609772,6.198970035704079
505.0559581005729,112.15384388977239,12.488982748609772,6.198970035704079
507.8242098059505,111.75737277020136,12.488982748609658,6.198970035704079
508.03500965858734,111.75737277020136,12.278182895972805,6.198970035704079
508.03500965858734,111.75737277020136,12.278182895972805,6.198970035704079
510.20041280220823,110.08691891655093,12.278182895972805,7.869423889354508
510.30581272852663,110.05178560777811,12.278182895972861,7.869423889354508
510.30581272852663,110.05178560777811,12.278182895972861,7.869423889354508
512.1387283236994,108.54335260115607,12.985461009995447,7.061797925827861
510.40462427745666,107.38728323699422,14.381762177955068,8.105266330561975
508.9220477346924,108.22081831565941,15.864338720719331,7.271731251896782
512.5308668947795,107.04795208863112,15.864338720719275,7.271731251896782
514.6289872407082,107.32716016035612,15.864338720719275,7.271731251896782
515.0563456428133,107.5261968340043,13.018380303388994,7.1479939294041515
518.6447279950995,105.48453101287599,12.090350384694261,8.01415518685252
518.2717485819313,105.62439829281406,12.603197077800473,7.967532760206495
518.2717485819313,105.62439829281406,12.603197077800473,7.967532760206495
518.2717485819313,105.62439829281406,12.603197077800473,7.967532760206495
521.1107886098555,104.3543014382164,12.603197077800473,7.967532760206495
521.1107886098555,104.09974298576208,12.603197077800473,7.967532760206495
521.1107886098555,104.09974298576208,12.603197077800473,7.967532760206495
524.2474438667834,102.70138420132909,12.603197077800473,7.967532760206495
524.2474438667834,102.70138420132909,12.603197077800473,7.967532760206495
524.2474438667834,102.70138420132909,12.603197077800473,7.967532760206495
527.2359070540721,100.31061365149819,12.603197077800473,7.967532760206495
527.2359070540721,100.31061365149819,12.603197077800473,7.967532760206495
527.2359070540721,100.31061365149819,12.603197077800473,7.967532760206495
529.5238314436184,99.65692096877065,12.603197077800473,7.967532760206495
529.9997442069052,99.79289604399546,12.603197077800473,7.967532760206495
529.9997442069052,99.41991663082727,12.603197077800473,7.967532760206495
533.2764165295295,97.49939623482817,12.096492760375668,6.616321247073671
533.2764165295295,97.49939623482817,12.096492760375668,6.616321247073671
533.2764165295295,97.49939623482817,12.096492760375668,6.616321247073671
536.2899848280797,95.60174180149261,10.977554520871081,7.175790366825936
536.2899848280797,95.60174180149261,10.977554520871081,7.175790366825936
536.2899848280797,95.60174180149261,10.977554520871081,7.175790366825936
539.0464484454826,94.59506347405426,12.247553538609623,6.2950562228737965
539.0464484454826,94.59506347405426,12.247553538609623,6.2950562228737965
539.0464484454826,94.59506347405426,12.247553538609623,6.2950562228737965
539.9486532355044,92.51999245700421,13.420419765637916,7.197261012895552
540.1949551558465,92.51999245700421,13.420419765637916,7.197261012895552
540.1949551558465,92.51999245700421,13.420419765637916,7.197261012895552
540.1949551558465,92.51999245700421,13.420419765637916,7.197261012895552
541.8803928060054,91.19870699324105,15.52545607817217,8.24977916916265
541.8803928060054,89.97137793618491,14.906150801319654,8.30607964887652
542.1601273658815,91.04916166023513,14.906150801319654,8.30607964887652
543.401803148147,89.57380786823545,14.160191974983263,8.492569355460603
543.401803148147,89.57380786823545,14.160191974983263,8.492569355460603
543.401803148147,89.57380786823545,14.160191974983263,7.69998810247823
545.6388733860226,87.60782865413404,13.515543052797966,8.874080008211166
545.6388733860226,87.60782865413404,13.515543052797966,8.874080008211166
545.6388733860226,87.60782865413404,13.515543052797966,8.874080008211166
546.6312986550465,86.70562386411228,13.515543052797966,8.874080008211166
546.7711659349847,86.56575658417422,13.515543052797966,8.874080008211166
546.7711659349847,86.56575658417422,13.515543052797966,8.874080008211166
547.5921723361253,85.66264954291955,13.515543052797966,8.874080008211166
547.7281474113502,85.18673677963272,13.515543052797966,8.874080008211166
547.7281474113502,85.18673677963272,13.515543052797966,8.874080008211166
548.1764168894434,83.99135150471727,13.515543052797966,8.874080008211166
548.1764168894434,83.99135150471727,13.515543052797966,8.874080008211166
548.3943144503526,83.44660760244433,13.515543052797966,8.874080008211166
548.3943144503526,82.86830098253954,13.515543052797966,8.874080008211166
549.216141826857,81.67291570762409,13.590254632480196,9.770618964397755
548.8082166011825,81.19700294433724,13.998179858154572,10.246531727684598
548.4116430364393,81.09785955315142,13.998179858154572,10.246531727684598
548.4116430364393,80.91225356941248,13.998179858154572,10.246531727684598
548.1554758498471,80.65608638282036,13.998179858154572,10.246531727684598
548.1554758498471,80.7686873422481,13.998179858154572,10.246531727684598
548.1554758498471,80.7686873422481,14.272269814892752,9.27755543231838
548.1554758498471,80.7686873422481,13.998179858154572,10.246531727684598
548.1554758498471,80.7686873422481,13.694235132811855,8.699520750237454
547.072830101821,80.13714398923287,14.19884619875711,8.75302942117176
547.4997455862164,79.0698552782444,14.349965396442599,9.820318132160224
547.0048425642085,80.00116891400806,13.688799054288666,8.31096981431564
546.2577267673863,80.00116891400806,13.85788016902984,8.31096981431564
546.2577267673863,79.55289943591477,14.435914851110851,8.759239292408935
546.2577267673863,79.55289943591477,15.013949533191749,8.759239292408935
543.9306358381502,77.90751445086705,15.606936416185022,8.670520231213871
545.5637230290856,77.99844590799168,15.707953271492443,9.735658138251097
545.5637230290856,77.99844590799168,14.551883907330534,9.735658138251097
544.8248172680591,78.07388614554074,15.290789668357093,7.348079172378334
544.8248172680591,77.75963030694933,14.712754986276195,8.818404375131593
544.246782585978,78.33766498903024,15.290789668357206,7.6623350109697554
544.4114180382819,76.8018477251591,15.704188898134248,9.198152274840893
544.4114180382818,76.8018477251591,14.548119533972567,9.198152274840893
543.8333833562009,75.64577836099726,15.704188898134362,10.93225632108367
544.1148857547703,76.39271448221979,14.844651817484078,10.185320199861138
544.1148857547703,76.39271448221979,15.422686499564975,10.763354881942064
544.1148857547703,76.39271448221979,14.844651817484078,10.763354881942064
544.4884436531813,75.27204078698655,16.205197965315847,11.305993895094375
544.4884436531813,75.27204078698655,16.205197965315847,10.727959213013449
544.9643564164681,75.27204078698655,15.151250519948007,10.149924530932523
545.5056792904812,75.36226126598872,14.609927645934931,8.903634687768502
545.2815445514345,75.36226126598872,18.747264452748823,9.901413227078905
545.2815445514345,75.36226126598872,18.747264452748823,9.901413227078905
545.3454871749511,75.36226126598872,18.683321829232227,9.51775748597926
548.4189323017114,74.17254057175893,19.972185914647866,10.410048006651593
548.8672017798046,74.17254057175893,19.5239164365546,10.410048006651593
548.8672017798046,74.17254057175893,19.5239164365546,10.410048006651593
558.4729766731497,73.4336348107324,18.702910035413993,10.245846726423466
558.4729766731497,73.57350209067047,18.05019606236965,10.105979446485406
558.4729766731497,73.57350209067047,18.05019606236965,10.105979446485406
567.6300578034682,69.81502890173411,15.606936416185022,8.092485549132945
566.94702072101,69.62459210827183,16.289973498643235,10.59506107091893
566.94702072101,70.20262679035275,18.602112226966938,9.43899170675708
0,0,0,0
0,0,0,0
0,0,0,0
0,0,0,0
0,0,0,0
0,0,0,0
0,0,0,0
0,0,0,0
0,0,0,0
0,0,0,0
0,0,0,0
0,0,0,0
0,0,0,0
0,0,0,0
0,0,0,0
0,0,0,0
0,0,0,0
0,0,0,0
0,0,0,0
0,0,0,0
0,0,0,0
0,0,0,0
0,0,0,0
0,0,0,0
0,0,0,0
0,0,0,0
0,0,0,0
0,0,0,0
0,0,0,0
0,0,0,0
0,0,0,0
0,0,0,0
0,0,0,0
0,0,0,0
0,0,0,0
0,0,0,0
0,0,0,0
0,0,0,0
569.364161849711,62.300578034682076,17.919075144508724,9.826589595375722
568.2080924855492,62.878612716763,20.80924855491321,7.514450867052034
566.7077803957576,63.66753155089147,20.575456598462097,7.881601397085419
556.6473988439307,61.72254335260115,18.22585995958616,8.797441286496849
557.2254335260116,61.72254335260115,17.647825277505262,8.797441286496849
558.3815028901735,62.300578034682076,15.500322001485188,8.219406604415923
545.2664491922139,62.52501210827436,14.88059347670594,5.248016086275875
545.2664491922139,62.52501210827436,14.88059347670594,5.248016086275875
545.2664491922139,62.52501210827436,14.88059347670594,5.248016086275875
532.767796086542,60.68310533480692,13.82807532043887,7.484617168343483
532.4971346495355,60.86354629281127,13.82807532043887,7.484617168343483
532.4971346495355,60.86354629281127,13.82807532043887,7.484617168343483
522.62022664442,62.71458032099263,13.82807532043887,7.484617168343483
522.62022664442,62.71458032099263,13.82807532043887,7.484617168343483
522.62022664442,62.71458032099263,13.82807532043887,7.484617168343483
516.0354104404084,60.20037777037006,14.785866768295136,9.51992399503795
516.0354104404084,60.20037777037006,14.785866768295136,9.51992399503795
516.0354104404084,60.20037777037006,14.785866768295136,9.51992399503795
512.1132543440433,60.63617289218841,14.785866768295136,9.519923995037942
512.1132543440433,60.63617289218841,14.785866768295136,9.519923995037942
512.1132543440433,60.63617289218841,14.785866768295136,9.519923995037942
509.72067003562535,63.57064287312587,14.78586676829508,9.519923995037935
509.72067003562535,63.57064287312587,14.78586676829508,9.519923995037935
509.72067003562535,63.57064287312587,14.78586676829508,9.519923995037935
509.72067003562535,63.57064287312587,14.78586676829508,9.519923995037935
507.8787632621579,68.83323365446141,14.785866768295023,9.519923995037942
508.1418928012247,69.22792796306156,14.785866768295023,9.519923995037942
508.1418928012247,69.22792796306156,14.785866768295023,9.519923995037942
508.0194804284777,75.0262597898094,13.80065908692626,9.519923995037942
508.0194804284777,75.0262597898094,13.80065908692626,9.519923995037942
508.0194804284777,75.0262597898094,13.80065908692626,9.859861683099965
507.58368530665933,79.92895491026589,13.800659086926146,9.859861683099965
507.2568389652956,80.47369881253884,13.800659086926146,9.859861683099965
507.15769557410977,80.27541203016722,13.800659086926203,9.859861683099965
506.9384073394514,87.2247844778012,13.800659086925975,9.859861683099965
506.69895947748734,87.10506054681917,14.399278741836099,10.099309545064017
506.69895947748734,87.10506054681917,14.399278741836099,10.099309545064017
505.65692934777593,93.12375938440609,14.399278741836099,10.099309545064017
505.65692934777593,93.12375938440609,14.399278741836099,10.099309545064017
505.65692934777593,93.12375938440609,14.399278741836099,10.099309545064017
505.65692934777593,99.07661277271261,14.399278741836099,9.277482168559644
505.65692934777593,99.07661277271261,14.399278741836099,9.277482168559644
505.65692934777593,99.07661277271261,14.399278741836099,9.277482168559644
506.0516236563761,107.2336284837827,14.399278741836099,5.330539082557991
506.0516236563761,107.2336284837827,14.399278741836099,5.330539082557991
506.0516236563761,107.2336284837827,14.399278741836099,5.330539082557991
504.87875742934784,114.27082584595243,14.66994017884258,8.217594410627612
504.87875742934784,114.27082584595243,14.66994017884258,8.217594410627612
504.87875742934784,114.27082584595243,14.66994017884258,8.217594410627612
504.87875742934784,114.27082584595243,14.66994017884258,8.217594410627612
504.98770620980247,121.24354779504611,14.669940178842694,8.217594410627584
504.98770620980247,121.24354779504611,14.669940178842694,8.217594410627584
504.98770620980247,121.24354779504611,14.669940178842694,8.217594410627584
505.09665499025704,128.3252185245944,14.669940178842637,10.178672458810183
505.09665499025704,128.3252185245944,14.669940178842637,10.178672458810183
505.09665499025704,128.3252185245944,14.669940178842637,10.178672458810183
505.626312041831,134.67128952078102,14.66994017884275,10.178672458810183
505.626312041831,134.67128952078102,14.66994017884275,10.178672458810183
505.626312041831,134.67128952078102,14.66994017884275,10.178672458810183
505.79051332205916,142.38874969150274,14.259436978272447,9.029263497213321
505.79051332205916,142.38874969150274,14.259436978272447,9.029263497213321
505.79051332205916,142.38874969150274,14.259436978272447,9.029263497213321
506.1513952380679,149.2455060956681,14.259436978272277,9.029263497213321
506.1513952380679,149.2455060956681,14.259436978272277,9.029263497213321
506.1513952380679,149.2455060956681,14.259436978272277,9.029263497213321
506.9106344275061,156.04201302108962,13.578881704562832,8.967394835967013
506.9106344275061,156.04201302108962,13.578881704562832,8.967394835967013
506.9106344275061,156.04201302108962,13.578881704562832,8.967394835967013
506.8749873161086,163.1386894619625,14.153586185361348,9.13159611619514
506.8749873161086,163.1386894619625,14.153586185361348,9.13159611619514
506.8749873161086,163.1386894619625,14.153586185361348,9.13159611619514
507.13015367591134,169.20664834712957,14.153586185361462,9.13159611619514
507.13015367591134,169.20664834712957,14.153586185361462,9.13159611619514
507.13015367591134,169.20664834712957,14.153586185361462,9.13159611619514
507.13015367591134,169.20664834712957,14.153586185361462,9.13159611619514
506.9060189368647,175.55713262011798,14.751278822819131,9.05688453651294
506.9060189368647,175.55713262011798,14.751278822819131,9.05688453651294
506.9060189368647,175.55713262011798,14.751278822819131,9.05688453651294
507.15232085720686,182.53568702981315,14.751278822819131,9.05688453651294
507.15232085720686,182.53568702981315,14.751278822819131,9.05688453651294
507.15232085720686,182.53568702981315,14.751278822819131,9.05688453651294
507.2720447881889,189.35995109578872,14.751278822819074,9.05688453651294
507.2720447881889,189.35995109578872,14.751278822819074,9.05688453651294
507.2720447881889,189.35995109578872,14.751278822819074,9.05688453651294
507.51302089503935,196.48271803146824,14.751278822819074,9.05688453651294
507.51302089503935,196.48271803146824,14.751278822819074,9.05688453651294
507.51302089503935,196.48271803146824,14.751278822819074,9.05688453651294
508.30616802452585,203.12532524091787,14.751278822819017,9.05688453651294
508.30616802452585,203.12532524091787,14.751278822819017,9.05688453651294
508.30616802452585,203.12532524091787,14.751278822819017,9.05688453651294
508.37415556213824,209.516153776484,14.751278822819074,9.05688453651294
508.37415556213824,209.516153776484,14.751278822819074,9.05688453651294
508.37415556213824,209.516153776484,14.751278822819074,9.05688453651294
508.4253889994567,217.00767826138633,14.751278822819017,9.05688453651294
508.4253889994567,217.00767826138633,14.751278822819017,9.05688453651294
508.4253889994567,217.00767826138633,14.751278822819017,9.05688453651294
508.03128564145965,223.7637358270504,15.93358889681025,8.775382137943609
508.03128564145965,223.7637358270504,15.93358889681025,8.775382137943609
508.03128564145965,223.7637358270504,15.93358889681025,8.775382137943609
508.03128564145965,223.7637358270504,15.93358889681025,8.775382137943609
507.9846632148136,230.15100827755546,15.933588896810306,8.775382137943609
507.9846632148136,230.15100827755546,15.933588896810306,8.775382137943609
507.9846632148136,230.15100827755546,15.933588896810306,8.775382137943609
508.77286993080776,236.79446488379182,15.93358889681025,8.775382137943609
508.77286993080776,236.79446488379182,15.93358889681025,8.775382137943609
508.77286993080776,236.79446488379182,15.93358889681025,8.775382137943609
509.1802606931931,244.12554997186723,15.933588896810306,8.775382137943609
509.1802606931931,244.12554997186723,15.933588896810306,8.775382137943609
509.1802606931931,244.12554997186723,15.933588896810306,8.775382137943609
509.14333863919217,251.19446155378859,15.933588896810306,8.775382137943609
509.14333863919217,251.19446155378859,15.933588896810306,8.775382137943609
509.14333863919217,251.19446155378859,15.933588896810306,8.775382137943609
509.1433386391921,258.23364232798144,17.321596373411637,9.072812311501082
509.1433386391921,258.23364232798144,17.321596373411637,9.072812311501082
509.1433386391921,258.23364232798144,17.321596373411637,9.072812311501082
509.11192093993253,265.6050431258409,17.32159637341175,9.072812311501082
509.11192093993253,265.6050431258409,17.32159637341175,9.072812311501082
509.11192093993253,265.6050431258409,17.32159637341175,9.072812311501082
509.5878337032194,272.53977196230625,16.845683610124865,9.004824773888686
509.5878337032194,272.53977196230625,16.845683610124865,9.004824773888686
509.5878337032194,272.53977196230625,16.845683610124865,9.004824773888686
510.1625381840178,279.7646282923436,16.84568361012481,9.004824773888686
510.1625381840178,279.7646282923436,16.84568361012481,9.004824773888686
510.1625381840178,279.7646282923436,16.84568361012481,9.004824773888686
