363.9717055649667,68.83088631789403,17.608772241613053,12.305744307845401
363.6079837084726,71.5232638496376,17.726769312175236,11.066422460779904
363.74791358042404,71.39472662789032,17.487436344294963,11.986693456652873
363.6123550249244,71.67419138865925,18.062140825093365,9.441573613116987
364.78308069665815,76.69855494342364,18.229625442460645,11.580294850743442
364.94506701076585,76.37397956150095,18.00378042267681,11.321965008075097
364.99705109898997,76.4135626700974,17.683213884426493,12.089544186291576
364.65281834956573,78.44033639655369,17.407798065956285,11.43087169137901
364.6634448300716,78.59483409511529,18.189386406415736,11.321965008075097
364.47371391825317,78.21568003563478,18.453760181507278,12.177987488201168
365.5897455269629,82.02761887386954,18.466557346148534,13.737317050183663
365.8438955117791,83.12903710935669,18.353956386720768,13.11801177333112
365.786185807114,82.90265069336091,18.127517745169428,13.30176216795708
365.54464484908476,85.10599950226896,18.746204357632564,13.734842796681264
365.98269201984715,84.52984457740135,17.982936498767344,14.652763073069693
365.52385419332666,86.04324489203756,18.539814151747464,12.1946371158553
367.57837754885264,90.31814884347071,18.956371807817447,13.115759953516928
367.62303647069984,91.04894379913856,18.808073018878872,12.002520281784527
367.21005941322227,90.76283114220733,19.364890970095644,12.559338233001341
368.0680004573373,93.30751087586118,18.83546036499297,12.727922474364078
367.1021101582053,92.80643918380032,19.981040554185938,13.166993390835358
367.40169717784727,92.81110377951927,19.878573679549106,13.218226828153774
367.5265711483045,93.1334619721753,19.592566940425854,12.836509374761775
367.5859843595246,98.0440231322529,18.42462269296192,11.625868931721342
367.8006176650425,97.59770466105022,18.546504309270006,12.2447915191037
367.60159468563614,97.89458389296941,18.528471761189508,12.551545386612261
368.3542169979363,99.82773886210032,18.916961183859485,12.2735045776231
368.0989292660833,99.06547548100689,18.47264402566367,13.300303698477848
368.6101616116803,99.31799815770225,18.495270871951618,12.808359329606375
369.8809611145614,103.61794124097565,18.39280399731473,11.066422460779904
369.82755961351234,103.65736266230404,18.546504309270006,11.629990271282594
369.4132335883764,103.86051182843751,18.832547918636294,11.421906318884126
369.67461838816666,105.7640022886798,18.56059776818671,10.878006017984873
369.732462832129,105.78115113995958,18.509103378470854,10.629913275293077
369.67976293716146,105.84382731278284,18.579158305576243,10.528189706493208
368.7477794702653,109.35971051507838,19.16130555709111,9.631886215864
368.9039973480979,109.3465716166319,18.97326166357334,9.627382031071335
368.9552759642546,109.39084461244221,18.677894920553967,9.787216938370264
369.0729761900023,109.41207683185725,18.00549070341401,11.28144853201458
368.6995949189865,109.61574557213305,18.86994168012518,12.435600910508711
368.80020573205917,108.99427459930028,18.696572843411502,11.013981093209694
368.4794758958618,110.09873524309529,19.67423427632724,11.507570991814035
368.75126695424075,110.48345679250548,18.752606500236197,12.3274106475656
368.2186637819438,110.5325336311486,19.580410832372763,11.965806619783365
367.71142641339,110.63672742874991,19.574433876740557,11.953852749154521
367.5173750491909,110.41559648529122,19.499722297058327,11.28144853201458
367.4664715627124,110.55737604771963,20.80418650939606,11.489893856496536
367.6091597599728,110.33268119980224,19.64839836998516,11.28593124365932
367.45362142747183,111.31112496938285,19.17248560669833,11.557881394108932
367.8165711670519,111.42888134739782,18.42462269296192,14.821283199504393
367.39922759555054,111.25179137229394,19.117416325110412,13.858580119173894
367.4058293560422,111.49984247804039,18.965247866348022,12.232995376995063
367.47952934913855,111.70006658894957,18.746204357632564,12.806812877986587
367.38386080663673,111.86176290785217,19.129449146576178,12.315096017109113
367.61189294425236,111.59596594671474,19.760200079003482,12.520313123052702
367.8027199270485,111.46376210870994,18.40658239853292,14.39670300756913
367.69605256708525,111.2680157125348,18.51324975849616,13.429658706069858
367.8460532763168,111.25724565743579,18.363249049264596,12.277638063494436
367.5472762861586,110.85137736094983,18.662026039422813,12.683506359980399
367.6671492643318,110.80637903268463,19.123548410086812,12.728504688245593
368.1618602365607,111.37005492238501,18.628837437857896,12.746224147382435
368.0280723093761,111.47345055349211,19.34402071387973,12.06143316743811
367.9018279844688,111.49658180637971,19.612365615080876,15.157822005346446
368.53646376844137,110.91863375143318,18.835629254814478,12.616249969497048
368.79921903583653,110.77643046718185,19.154269336256505,12.17705790491118
368.75307588099787,110.26676148329952,19.781807839932355,15.012308284142335
371.94007091128464,110.60404280793041,18.338998856157218,13.512236261837032
371.8353766581874,110.38596254422094,19.025088458091716,10.82333978136046
371.73434023334954,110.73031909532838,19.70752023176675,11.641773927927431
373.9452939153399,110.4251252484678,18.126317064039768,10.147512241527195
373.5752282497839,110.63709538851515,18.782961635103618,8.586816762785347
373.5267237737092,110.73078368549848,19.077927389081538,9.315727942408486
372.90613797128424,110.21201991669366,20.279908540343683,12.160073106562152
383.0303495302043,106.51782750085133,18.2952318651445,12.36589342938123
382.26057110599623,106.24695776552866,21.390591684701462,12.636763164703893
383.3353731540276,105.47289395136043,18.856080111454787,12.179764665293746
384.7442128710951,106.14361842557406,19.487623464470005,13.262410413319856
384.0776805681459,105.58352681801628,20.736272920226156,12.137403414541865
384.67046501779754,105.80555767676108,20.14348847057454,10.171186509285434
391.92564705883797,103.5275864749776,18.702259917906247,12.44915771106892
391.68516650721017,103.5629893862653,18.942740469534044,11.250964102106806
391.71256638252015,103.94693973424215,19.200875978329464,11.356160111696795
392.32163781261346,103.47447907573464,18.94630059045693,12.811308018308978
392.8026125845236,103.51433574202736,18.39054338554962,12.397196657223176
392.65140421950855,103.71637493545882,18.379048601825104,11.132025372650148
394.30393156328284,103.07752228598139,18.94630059045693,11.728662270282868
394.7271101421578,102.84177463668436,19.38916892760966,11.972178851687744
394.1319453634484,102.91830387365758,19.758284901476543,11.458000833276344
395.3974165782822,102.25224688473413,19.300257840322445,10.817520557126343
395.61564738286967,102.25257677113777,19.663422384572186,9.654399973048285
395.4402337828671,102.10945553010582,18.094649938063128,9.216125865243015
397.48686891509817,102.71108642269238,19.536386898855312,9.195890321493678
397.74988993791567,102.20947980400702,19.854761224875062,11.441682986690651
397.5554349724231,102.39607762553852,20.049216190367645,10.092294467484734
399.45434948497575,102.51678046612356,18.73169702665217,9.971591626899695
399.32506000976116,101.45616462164087,20.0237771995412,11.613602820219612
399.20034583752334,102.10343881832132,20.148491371779016,10.966328623539155
399.730189956789,102.20360217769219,18.45585655483893,10.866165264168288
415.72188341144147,101.77442444524546,19.397402985467807,10.555796043254588
414.75310777915433,101.75790720484025,19.71200849991544,10.149069539345803
414.3406960358865,101.499776237925,20.689361308743287,8.538466571862315
441.34090140350713,101.03162150164324,18.837244325304937,9.815195727395732
440.5799298690761,100.2836607442788,20.324395193092187,11.500633377554593
441.19994147125544,101.02728302858492,19.395276819088394,10.176534133472302
467.7991995553122,101.72274501778567,19.501831701371373,10.13223658227676
467.72053599228343,101.15733036553434,19.501831701371373,10.459082923640523
468.2695663165597,101.45007061529422,18.764560381023898,9.926180491411202
475.928458820595,101.31069333377886,19.98667029842295,11.372696902201227
476.49251676080075,100.32884778183359,19.208439778161164,13.940105567160657
476.35367878185895,101.49293259249869,19.240473144310783,11.1499561684345
475.8485204248157,103.62464956548841,20.825898179835463,10.607908574046476
476.0096529608027,103.05677042751626,20.083370295011264,11.175787712018632
475.98385360359714,103.6288780807451,19.5277743033796,9.440889361115381
476.16301409899734,103.90488338688223,19.348613807979405,10.327674752652655
475.8071327577057,103.51409889825246,19.216962027463467,11.548221312278514
475.9277651241467,103.500650242554,19.583862782830067,9.569117199306476
461.68142248296937,108.66426995866546,19.87671705191434,9.63805562272988
462.11343851981684,108.10760830431305,20.026096363904117,9.6133219282451
462.1968775785903,108.43747557204026,19.36126195629339,9.28345466051789
460.75175185391896,109.58996338629997,18.480806285615927,8.712362195095366
460.60340084516827,109.64660403596606,19.574433876740557,15.39058541453646
460.7306268717296,109.77308201073322,19.04734850646213,16.3380273826981
460.8225873888575,109.80854608081152,18.99136609951455,9.075174849421032
458.7775620447517,111.40360716583496,20.454996094783212,8.64290446207201
458.3703325083245,111.25428141775187,20.86222563121038,8.792230210155097
459.07620706051546,111.2986096547958,20.15635107901943,8.166506624273978
458.56674333949695,112.61692413478714,20.665814800037936,9.755168888468674
458.9693341505274,112.1832856256873,20.263223989007486,9.607412048731291
459.029717616555,111.56311467822214,19.44443575714797,15.909083801302884
458.5262077707015,115.25661253172807,19.54355967115896,9.441061886876597
458.6923102319836,115.46146834229668,19.377457209876866,9.23620607630798
458.80915193967695,115.3046947707426,19.260615502183498,9.392979647862063
456.2941395387493,115.22510999537585,21.77562790311117,11.216750469740447
458.41073752945204,116.82126756554426,18.496239214733976,9.620592899572031
456.56614363018775,116.88255314049044,19.759437765161067,10.14070267346304
452.5151215540707,120.31599859857461,19.72385703610496,11.43087169137901
451.6642835987487,121.09385300082245,20.328273746109232,11.421906318884126
452.8713874805305,121.58740203327977,19.375751066918326,12.232995376995063
451.68826951301116,123.58532524436546,18.638957542933326,12.39292389822694
451.9436925847425,123.4061048138373,18.34157055999634,13.115759953516928
451.78754489521026,123.64464425160972,18.916961183859485,13.11801177333112
449.76438917322946,126.8144209125599,18.42462269296186,11.557881394108946
449.7041950783243,127.02883639059888,18.602348231762903,11.002892688461259
449.7975567993761,127.6097618457936,17.948709929675033,11.217943706046896
448.69174893822367,129.4885754643374,19.499722297058327,11.356160111696795
448.7669695750123,129.309308701158,19.30846068192318,12.305744307845401
448.48957451303403,129.58900190498065,19.87328019546942,11.729718010107888
448.4485317205135,129.39351218930403,19.612365615080932,11.816914298045589
447.7519473416818,132.99997075961625,18.648970658408928,11.562361808213524
447.708756873731,132.75724286302142,18.353956386720768,12.048302658767625
447.4684864854134,132.35647690545807,18.69175926500401,12.780208895047906
447.629077136563,134.3947219444976,18.55572580511688,11.562361808213524
447.7738470073433,134.6214948472702,18.41025686643468,11.372696902201227
447.65533555798385,134.00147624225275,18.648971183906895,11.78369058323787
454.6051041486923,136.87844493440184,18.6843356963862,11.383833669321405
454.25442330905565,136.76942608427,19.11251997240771,11.418325351162679
453.97160443042634,136.87685032579964,19.36736502157038,11.54159834134282
454.95495261464754,138.2192396903716,18.667619846649757,12.176379309064714
454.4868684024943,137.59077809468425,18.86994168012518,12.806812877986602
454.4274942330724,137.87590921243935,19.117416325110412,12.62120689424765
456.59613614771916,141.31971187037038,18.801046586119924,12.068794096766936
457.0616513404721,141.33321887991838,17.959853028723728,12.104603138481508
456.8216822567076,141.5170164098985,18.31312372890835,12.064388943030849
457.7122736514453,141.836302685734,18.370634985453023,13.152186710139603
457.90400318325777,141.7852664871744,18.415858525178805,13.100901887532245
457.35915440538594,141.95321311502883,18.83546036499297,12.63467762107203
457.78723273438675,144.78470940913243,18.415858525178805,13.706993433930535
457.69868996283043,145.00843684567783,18.686287577487292,13.358379135972314
457.8225972936557,145.03024613378307,18.498729712647275,13.054287522971833
457.6114055530453,147.18852864946842,18.764560381023898,12.237756770232977
457.8207560215444,147.6298328093943,18.579158305576243,11.597898821056702
457.6710011770647,147.29255867340424,18.602348231762903,12.121830927965789
457.7905291155484,147.66197439774152,18.413061394195438,11.624835995413719
457.56969880985616,151.06396555212862,18.546504309270006,12.859592766924806
457.7185841052434,151.06738565758317,18.509103378470854,13.14752431417827
457.8741325521411,150.5910922002261,18.495270871951618,12.70589245496953
458.11343052895506,152.6808380175041,18.965247866348022,12.56139793745129
458.09286862723235,152.46116920238904,18.928705218285018,11.842096368089642
458.1513313187965,152.36613453802948,19.208439778161164,12.02858607467374
458.9407739254512,156.83624163461076,18.42462269296192,11.217943706046896
458.6361510345751,156.98653998050824,18.648971183906895,11.629990271282594
458.7918347560945,156.73902178933616,18.495270871951618,12.603425580332669
458.9102451647841,158.18596642167861,19.67466404462141,14.965798953373138
458.5907401590254,158.6381694786919,19.628041617975384,11.655606661505573
458.31361346241664,158.55479611428308,20.032273991504383,11.22012277273518
459.6844794628655,160.2724230953297,18.509103378470854,11.282627248337377
459.7184387761421,160.6067103576247,18.531855448747706,11.234937365803319
459.4911084441036,160.53080929584425,18.837325481619303,11.158145499247468
459.6934661805566,160.73387689237853,18.493247416562838,12.045706041686032
459.6906945165071,160.77323399666793,18.620653649588405,11.804791747663586
459.62501859952727,160.51250512545752,18.602348231762903,12.54143276777998
459.4908197535069,161.6162009697777,19.797971598819856,12.188126265523465
459.96379405751975,161.5065882855765,19.16130555709111,12.091091207148423
459.36368950035256,161.66088875227297,19.861153751205507,12.448187914487931
460.0281162096056,161.6018891927155,18.83546036499297,12.261698207903862
460.033460193234,161.6750427247079,19.315005869046388,12.296024956422116
459.9001694194019,161.6084021658909,18.993679002617796,12.86868153923291
460.01023044885164,161.74997162258538,19.350299137693867,12.402122227247816
460.0755883694942,162.39009176526142,19.25506220480719,11.5157393815675
460.086068980871,162.78995002465518,19.06857249822309,11.236004821691353
459.99122148120426,162.59823301550605,19.44443575714797,11.489893856496536
460.7229848109055,162.63227737789683,18.684335696386256,11.012621701843528
460.88717310520633,162.67865796243154,18.52285782586239,11.316396422487344
460.7244674692962,162.51165535882086,18.69175926500401,11.428997381915082
461.4436816632322,162.8511834947341,18.931810341371488,11.136359024336173
461.5976989330882,162.75203698618478,18.62246703513989,11.136359024336173
461.7488373533191,163.1056845772144,18.52285782586239,10.97859354420416
463.57529910987716,162.7778132740019,18.956371807817447,11.57875683396415
463.7607824765371,162.89169373438128,18.13663681072262,11.22012277273518
463.5033053222296,162.6220020359488,18.748059744717864,10.697091145634829
466.63397475245176,162.53491563320102,19.67423427632724,11.878782959291897
467.77326465718613,162.46845183348353,18.353956386720768,11.316396422487344
467.35685354007427,163.1141876659581,18.86994168012518,11.321965008075097
470.69578422121384,161.732603760186,19.350299137693867,12.103275908518953
470.59335927663903,162.53898187299686,18.49519819544605,11.006898438265466
470.7207789823164,162.0219969909292,19.241153647603028,11.940651620538233
478.6633887277832,162.94395395307453,18.47264402566367,12.315096017109113
478.2321639892723,161.7809891588148,18.936387716490742,14.0783615483858
478.164922117583,161.9229719882304,18.682197273741167,13.156476953338853
480.86456112754735,161.83466689291532,21.346166429655796,11.658290896196633
480.2178440263556,161.64137446933452,22.114627585935864,12.327410647565614
480.6057900287951,161.77111376313474,21.02137160750698,10.736237001258928
479.69270977182896,161.313783104047,22.331374111024502,11.576190256082555
493.0591010989373,160.59785977619774,20.36095874828709,11.411988975854456
494.0973786318458,160.600665450525,19.44443575714797,11.693856469333753
494.0584050691321,160.53179457546426,19.42675963134201,11.816914298045589
500.94171542283414,159.56538960685546,18.24238397818999,12.492067289412745
500.8454092278526,160.32134333203317,18.080202283096185,11.580294850743456
500.6295029982834,159.81874646552996,18.52285782586233,12.048302658767625
512.9508475370643,159.6869425369526,20.911607501253457,13.116156184218141
513.9579832659763,159.15760699738883,20.11465682794494,13.382404338591897
512.4255095162993,158.9500756301322,21.620036960744983,12.985619683969446
521.5694283223112,158.7586644327904,18.635458785290098,12.442406016764693
521.7149783639035,158.79197240854458,18.49519819544605,13.081969455315516
521.3161743204571,158.6542261719878,18.916961183859485,11.879401219626033
535.4963228054329,157.29347440057006,20.800775551280708,10.554088087595659
535.2539981355945,156.922598729776,21.09721348499238,11.136359024336173
535.5542263504009,157.0416005488358,20.66227605498932,11.147494983345752
546.0101514012305,157.21817166127204,19.16130555709117,10.605321524914075
546.050017998198,157.29888851311134,19.13431034281598,10.436896550626898
545.919923790078,156.79517003096782,18.83254791863635,11.353918781271716
563.3175852430572,155.02578033893016,17.85606754404955,11.87914116947232
562.2116518533256,155.33433602937708,19.126164398647234,11.87914116947232
563.6036036258788,155.87226036803688,17.013881842735827,11.507570991814049
568.3723506444438,153.50422011386928,20.62182536664966,13.582644592456717
571.9964128223135,153.87603895661516,17.24024606141188,12.690736684094873
570.1775671196198,153.30356492862023,18.796657164178214,13.289356339005025
570.0952797723893,153.72710437081778,18.965247866348022,14.039209459504406
586.0574795197143,153.58298412027776,15.367225633801354,11.203203203997134
585.4046887703233,153.85340638368842,15.803558889627539,12.571012753112853
585.4046887703233,153.85340638368842,15.803558889627539,12.571012753112853
592.0232558139535,156.09302325581396,9.187628265947069,9.481437651134286
590.8604651162791,155.51162790697674,10.35041896362145,10.062832999971505
590.8604651162791,156.09302325581396,10.35041896362145,9.481437651134286
0,0,0,0
0,0,0,0
0,0,0,0
0,0,0,0
0,0,0,0
0,0,0,0
0,0,0,0
0,0,0,0
0,0,0,0
0,0,0,0
0,0,0,0
0,0,0,0
0,0,0,0
0,0,0,0
0,0,0,0
0,0,0,0
0,0,0,0
0,0,0,0
0,0,0,0
0,0,0,0
0,0,0,0
0,0,0,0
0,0,0,0
0,0,0,0
0,0,0,0
0,0,0,0
0,0,0,0
0,0,0,0
0,0,0,0
0,0,0,0
0,0,0,0
0,0,0,0
0,0,0,0
0,0,0,0
0,0,0,0
0,0,0,0
0,0,0,0
0,0,0,0
0,0,0,0
0,0,0,0
0,0,0,0
0,0,0,0
0,0,0,0
0,0,0,0
0,0,0,0
0,0,0,0
588.182102741062,156.29617811732572,12.63021787520529,9.2095338673372
582.4350579330777,153.75105827378982,16.981551801250475,11.590452430644973
582.2098560142223,153.75105827378982,17.206753720105894,11.590452430644973
581.5905507373698,153.75105827378982,17.206753720105894,11.590452430644973
564.2676946450902,155.71213632197242,19.82152445101599,12.353093893827094
564.2676946450902,155.71213632197242,19.82152445101599,12.353093893827094
564.2676946450902,155.71213632197242,19.82152445101599,12.353093893827094
554.6299008660843,156.38454053911238,19.82152445101599,12.353093893827094
554.6299008660843,156.38454053911238,19.82152445101599,12.353093893827094
553.8827850692621,156.68338685784124,19.82152445101599,12.353093893827094
532.1703823995686,157.27824720495613,19.82152445101599,12.353093893827094
532.1703823995686,157.27824720495613,19.82152445101599,12.353093893827094
532.1703823995686,157.27824720495613,19.82152445101599,12.353093893827094
521.5149525421681,158.9543822387045,19.82152445101599,12.353093893827094
521.5149525421681,158.9543822387045,19.82152445101599,12.353093893827094
521.5149525421681,158.9543822387045,19.82152445101599,12.353093893827094
498.4178110857953,161.0244090673417,19.82152445101599,12.353093893827094
498.4178110857953,161.0244090673417,19.82152445101599,12.353093893827094
498.4178110857953,161.0244090673417,19.82152445101599,12.353093893827094
468.6797628655581,163.65570445800947,19.82152445101599,12.353093893827094
468.6797628655581,163.65570445800947,19.82152445101599,12.353093893827094
468.6797628655581,163.65570445800947,19.82152445101599,12.353093893827094
468.6797628655581,163.65570445800947,19.82152445101599,12.353093893827094
445.12966911908154,167.20795323541097,19.295265372882454,12.22152912429371
445.12966911908154,167.20795323541097,19.295265372882454,12.22152912429371
445.12966911908154,167.20795323541097,19.295265372882454,12.22152912429371
422.8952230679389,171.5495906300128,19.295265372882454,12.22152912429371
422.8952230679389,171.5495906300128,19.295265372882454,12.22152912429371
422.8952230679389,171.5495906300128,19.295265372882454,12.22152912429371
400.8970831328823,173.81923998839164,19.295265372882454,12.22152912429371
400.8970831328823,173.81923998839164,19.295265372882454,12.22152912429371
400.8970831328823,173.81923998839164,19.295265372882454,12.22152912429371
393.874194642754,175.0146252633071,19.295265372882454,12.22152912429371
393.874194642754,175.0146252633071,19.295265372882454,12.22152912429371
393.874194642754,175.0146252633071,19.295265372882454,12.22152912429371
379.56110580011034,175.73750853818808,19.295265372882454,12.22152912429371
379.56110580011034,176.969018139899,19.54156729322466,10.990019522582799
379.56110580011034,176.969018139899,19.54156729322466,10.990019522582799
373.32145715144173,177.29742070035525,19.54156729322466,10.990019522582799
373.32145715144173,177.29742070035525,19.54156729322466,10.990019522582799
373.32145715144173,177.29742070035525,19.54156729322466,10.990019522582799
359.8118083750727,179.14954996808325,19.54156729322466,10.990019522582799
359.8118083750727,179.14954996808325,19.54156729322466,10.990019522582799
359.8118083750727,179.14954996808325,19.54156729322466,10.990019522582799
353.4567897056166,179.78505183502887,20.653695560379504,11.148894989319189
353.4567897056166,179.78505183502887,20.653695560379504,11.148894989319189
353.4567897056166,179.78505183502887,20.653695560379504,11.148894989319189
353.4567897056166,179.78505183502887,20.653695560379504,11.148894989319189
340.769264736795,181.5117503739925,22.21360772254667,11.641498830003542
340.769264736795,181.5117503739925,22.21360772254667,11.641498830003542
340.769264736795,181.5117503739925,22.21360772254667,11.641498830003542
334.78636142690334,181.4437628363801,20.038006518949658,11.36954867955393
334.78636142690334,181.4437628363801,20.038006518949658,11.36954867955393
334.78636142690334,181.4437628363801,20.038006518949658,11.36954867955393
322.51637628260744,181.71442427338664,20.038006518949658,11.36954867955393
322.51637628260744,181.71442427338664,20.038006518949658,11.36954867955393
322.51637628260744,181.71442427338664,20.038006518949658,11.36954867955393
316.8734106607778,182.66624979996033,20.038006518949658,11.36954867955393
316.8734106607778,182.66624979996033,20.038006518949658,11.36954867955393
316.0289034650698,182.66624979996033,20.882513714657648,11.256947720126192
304.74297222141047,183.82203793937123,20.882513714657648,11.256947720126192
304.74297222141047,183.82203793937123,20.882513714657648,11.256947720126192
304.74297222141047,183.82203793937123,20.882513714657648,11.256947720126192
298.4275386912582,183.9122584183734,20.882513714657648,11.256947720126192
298.4275386912582,183.9122584183734,20.882513714657648,11.256947720126192
298.4275386912582,183.9122584183734,20.882513714657648,11.256947720126192
286.1163264998896,184.78384866201012,20.882513714657648,11.256947720126192
286.1163264998896,184.78384866201012,20.882513714657648,11.256947720126192
286.1163264998896,184.78384866201012,20.882513714657648,11.256947720126192
279.6911306472191,186.27808025565443,20.882513714657648,11.256947720126192
279.6911306472191,186.27808025565443,20.882513714657648,11.256947720126192
279.6911306472191,186.27808025565443,20.882513714657648,11.256947720126192
279.6911306472191,186.27808025565443,20.882513714657648,11.256947720126192
267.3595657560703,186.1583563246724,20.882513714657648,11.256947720126192
267.3595657560703,186.1583563246724,20.882513714657648,11.256947720126192
267.3595657560703,186.1583563246724,20.882513714657648,11.256947720126192
260.62731326671735,185.99415504444428,20.882513714657648,11.256947720126192
260.62731326671735,185.99415504444428,20.882513714657648,11.256947720126192
260.4778901073529,186.5171361022198,20.882513714657648,11.256947720126192
247.96818318667027,188.08084946730514,20.882513714657648,11.256947720126192
247.96818318667027,188.08084946730514,20.882513714657648,11.256947720126192
247.96818318667027,188.08084946730514,20.882513714657648,11.256947720126192
242.053267414391,188.35279961775475,20.882513714657676,11.256947720126192
242.053267414391,188.35279961775475,20.882513714657676,11.256947720126192
242.053267414391,188.35279961775475,20.882513714657676,11.256947720126192
229.74205522302248,189.11544108093688,20.882513714657676,11.256947720126192
229.74205522302248,189.11544108093688,20.882513714657676,11.256947720126192
229.74205522302248,189.11544108093688,20.882513714657676,11.256947720126192
223.85882107847468,189.66018498320983,20.882513714657676,11.256947720126192
223.85882107847468,189.878082544119,21.5362063973852,11.039050159217027
223.85882107847468,189.878082544119,21.5362063973852,11.039050159217027
210.70234412513582,190.9306007003861,21.5362063973852,11.039050159217027
210.70234412513582,190.9306007003861,21.5362063973852,11.039050159217027
210.70234412513582,190.9306007003861,21.5362063973852,11.039050159217027
203.23519718852492,190.4539743001769,21.5362063973852,11.039050159217027
203.23519718852492,190.4539743001769,21.5362063973852,11.039050159217027
202.4141907873843,190.20767237983472,21.5362063973852,11.039050159217027
202.4141907873843,190.20767237983472,21.5362063973852,11.039050159217027
191.16014127507376,191.8838074135831,21.5362063973852,11.039050159217027
191.16014127507376,191.8838074135831,21.5362063973852,11.039050159217027
191.16014127507376,191.8838074135831,21.5362063973852,11.039050159217027
186.72670670891446,193.52582021586431,21.5362063973852,11.039050159217027
186.72670670891446,193.52582021586431,21.5362063973852,11.039050159217027
186.72670670891446,193.52582021586431,21.5362063973852,11.039050159217027
174.9286431578024,193.72410699823595,21.5362063973852,11.039050159217027
174.9286431578024,193.72410699823595,21.5362063973852,11.039050159217027
174.9286431578024,193.72410699823595,21.5362063973852,11.039050159217027
168.79365058565446,193.9045479562403,21.5362063973852,11.039050159217027
168.79365058565446,193.9045479562403,21.5362063973852,11.039050159217027
168.79365058565446,193.9045479562403,21.5362063973852,11.039050159217027
156.37348961383134,195.32088210214994,21.5362063973852,11.039050159217027
156.37348961383134,195.32088210214994,21.5362063973852,11.039050159217027
156.37348961383134,195.32088210214994,21.5362063973852,11.039050159217027
151.13059921153004,195.79750850235914,21.5362063973852,11.039050159217027
151.13059921153004,195.79750850235914,21.5362063973852,11.039050159217027
151.13059921153004,195.79750850235914,21.5362063973852,11.039050159217027
139.7635385429115,196.25335075103166,21.5362063973852,11.039050159217027
139.7635385429115,196.25335075103166,21.5362063973852,11.039050159217027
139.7635385429115,196.25335075103166,21.5362063973852,11.039050159217027
133.54674237893497,196.25335075103166,21.5362063973852,11.039050159217027
133.54674237893497,196.25335075103166,21.5362063973852,11.039050159217027
133.54674237893497,196.25335075103166,21.5362063973852,11.039050159217027
133.54674237893497,196.25335075103166,21.5362063973852,11.039050159217027
123.37020824546266,196.97169433692383,21.5362063973852,11.039050159217027
123.53910968460427,197.25319673549316,21.536206397385186,11.039050159217027
123.53910968460427,197.25319673549316,21.536206397385186,11.039050159217027
118.51070458335913,197.61236852843925,21.536206397385186,11.039050159217027
118.51070458335913,197.61236852843925,21.536206397385186,11.039050159217027
118.51070458335913,197.61236852843925,21.536206397385186,11.039050159217027
110.66152291016982,197.25148661243054,21.536206397385172,11.039050159217027
110.66152291016982,197.25148661243054,21.536206397385172,11.039050159217027
110.66152291016982,197.25148661243054,21.536206397385172,11.039050159217027
107.53409617999917,196.7755738491437,21.536206397385158,11.039050159217027
107.53409617999917,196.7755738491437,21.536206397385158,11.039050159217027
107.53409617999917,196.7755738491437,21.536206397385158,11.039050159217027
100.87229387433139,197.07844516237594,21.536206397385158,11.039050159217027
100.87229387433139,197.07844516237594,21.536206397385158,11.039050159217027
100.87229387433139,197.07844516237594,21.536206397385158,11.039050159217027
97.42406698954083,196.75004260191972,21.536206397385158,11.039050159217027
97.42406698954083,196.75004260191972,21.536206397385158,11.039050159217027
97.89997975282768,196.75004260191972,21.536206397385158,11.039050159217027
92.2160895756906,196.20871972790667,21.536206397385158,11.039050159217027
92.2160895756906,196.20871972790667,21.536206397385158,11.039050159217027
91.94413942524098,196.14073219029427,21.536206397385158,11.039050159217027
88.66519943686174,196.3968993768864,21.536206397385158,11.039050159217027
88.66519943686174,196.3968993768864,21.536206397385158,11.039050159217027
88.66519943686174,196.3968993768864,21.536206397385158,11.039050159217027
88.66519943686174,196.3968993768864,21.536206397385158,11.039050159217027
82.617452574527,195.30632207384244,21.536206397385158,11.039050159217027
82.617452574527,195.30632207384244,21.536206397385158,11.039050159217027
82.617452574527,195.30632207384244,21.536206397385158,11.039050159217027
79.98352609292239,195.30632207384244,21.536206397385158,11.039050159217027
79.98352609292239,195.30632207384244,21.536206397385158,11.039050159217027
79.98352609292239,195.30632207384244,21.536206397385158,11.039050159217027
75.34526316455509,195.30632207384244,21.536206397385158,11.039050159217027
75.34526316455509,195.30632207384244,21.536206397385158,11.039050159217027
75.34526316455509,195.30632207384244,21.536206397385158,11.039050159217027
73.27988209698186,195.14744660710605,21.536206397385158,11.039050159217027
73.27988209698186,195.14744660710605,21.536206397385158,11.039050159217027
73.27988209698186,195.14744660710605,21.536206397385158,11.039050159217027
71.01023273860301,194.79826978274008,21.536206397385158,11.039050159217027
71.01023273860301,194.79826978274008,21.536206397385158,11.039050159217027
71.01023273860301,194.79826978274008,21.536206397385158,11.039050159217027
70.5997295380327,194.38776658216977,21.536206397385158,11.039050159217027
70.5997295380327,194.38776658216977,21.536206397385158,11.039050159217027
70.5997295380327,194.38776658216977,21.536206397385158,11.039050159217027
69.28276629723041,192.3524597554753,21.536206397385158,11.039050159217027
69.28276629723041,192.3524597554753,21.536206397385158,11.039050159217027
69.28276629723041,192.3524597554753,21.536206397385158,11.039050159217027
67.25869312756363,192.06330644552293,21.536206397385158,11.039050159217027
67.58709568801987,192.06330644552293,21.536206397385158,11.039050159217027
67.58709568801987,192.06330644552293,21.536206397385158,11.039050159217027
67.58709568801987,192.06330644552293,21.536206397385158,11.039050159217027
67.58709568801987,192.06330644552293,21.536206397385158,11.039050159217027
67.58709568801987,192.06330644552293,21.536206397385158,11.039050159217027
67.58709568801987,192.06330644552293,21.536206397385158,11.039050159217027
67.58709568801987,191.65280324495262,21.536206397385158,11.039050159217027
67.58709568801987,191.65280324495262,21.536206397385158,11.039050159217027
67.58709568801987,191.65280324495262,21.536206397385158,11.039050159217027
65.80251464667519,190.363939159537,21.536206397385158,11.039050159217027
65.17097129365996,190.54438011754135,21.536206397385158,11.039050159217027
65.17097129365996,190.54438011754135,21.536206397385158,11.039050159217027
65.17097129365996,190.54438011754135,21.536206397385158,11.039050159217027
64.90030985665344,190.45415963853918,21.536206397385158,11.039050159217027
64.90030985665344,190.45415963853918,21.536206397385158,11.039050159217027
62.676053322343805,189.97753323832998,21.536206397385158,11.039050159217027
62.676053322343805,189.97753323832998,21.536206397385158,11.039050159217027
62.676053322343805,189.97753323832998,21.536206397385158,11.039050159217027
61.48633262811402,188.49038237054276,21.536206397385165,11.039050159217027
61.48633262811402,188.49038237054276,21.536206397385165,11.039050159217027
61.48633262811402,188.49038237054276,21.536206397385165,11.039050159217027
58.59479952859005,188.34580571556657,21.536206397385165,11.039050159217027
58.59479952859005,188.34580571556657,21.536206397385165,11.039050159217027
58.59479952859005,188.34580571556657,21.536206397385165,11.039050159217027
57.438186288780464,187.91207575063797,21.536206397385165,11.039050159217027
57.438186288780464,187.91207575063797,21.536206397385165,11.039050159217027
57.438186288780464,187.91207575063797,21.536206397385165,11.039050159217027
57.438186288780464,187.91207575063797,21.536206397385165,11.039050159217027
53.679193259399305,187.76749909566178,21.536206397385165,11.039050159217027
53.679193259399305,187.76749909566178,21.536206397385165,11.039050159217027
49.51517082959506,187.76749909566178,21.53620639738515,11.039050159217027
49.51517082959506,187.76749909566178,21.53620639738515,11.039050159217027
49.416027438409245,188.26321605159086,21.536206397385158,11.039050159217027
49.416027438409245,188.26321605159086,21.536206397385158,11.039050159217027
46.58335914658994,188.59006239295462,19.575128349202558,10.385357476489503
47.63088961968788,188.59006239295462,18.527597876104622,10.385357476489503
47.63088961968788,188.59006239295462,18.527597876104622,10.385357476489503
44.86802945948672,187.93223854528767,18.527597876104622,10.385357476489503
44.86802945948672,187.63480837173023,18.527597876104615,10.385357476489503
44.86802945948672,187.63480837173023,18.527597876104615,10.385357476489503
41.849395591495075,187.63480837173023,18.527597876104615,10.385357476489503
41.32313651336152,187.63480837173023,18.527597876104615,10.385357476489503
41.32313651336152,187.63480837173023,18.527597876104615,10.385357476489503
38.14562717863347,187.31705743825742,18.527597876104615,10.385357476489503
38.14562717863347,187.31705743825742,18.527597876104615,10.385357476489503
38.14562717863347,187.31705743825742,18.527597876104615,10.385357476489503
34.43872369643785,184.07351689133625,18.527597876104615,10.385357476489503
34.43872369643785,184.07351689133625,18.527597876104615,10.385357476489503
34.91535009664705,184.23239235807267,17.097718675476997,10.067606543016694
32.94187855364623,183.9692628190059,16.834589136410223,10.725430390683641
32.94187855364623,183.9692628190059,16.834589136410223,10.725430390683641
32.397134651373285,183.9692628190059,17.379333038683164,11.488071853865762
31.918238927445177,183.9692628190059,17.9779526935933,13.044482956632123
29.997766393432297,184.31843964337187,17.9779526935933,13.044482956632123
29.997766393432297,183.88264452155352,17.433208791320357,13.480278078450482
29.997766393432297,183.88264452155352,17.433208791320357,13.480278078450482
29.997766393432297,183.88264452155352,17.433208791320357,13.480278078450482
28.201907428701887,184.36154024548162,17.433208791320354,13.480278078450482
28.201907428701887,184.36154024548162,17.433208791320354,13.480278078450482
28.201907428701887,184.36154024548162,17.433208791320354,13.480278078450482
28.201907428701887,184.36154024548162,17.433208791320354,13.480278078450482
28.201907428701887,184.36154024548162,17.433208791320354,13.480278078450482
27.134599107219096,184.52574152570975,17.433208791320354,13.480278078450482
26.806196546762852,184.36154024548162,17.43320879132035,13.480278078450482
26.395693346192548,183.29423192399884,17.43320879132035,13.480278078450482
25.633051883010427,183.18528314354424,17.43320879132035,13.480278078450482
25.633051883010427,184.17049082491297,17.43320879132035,13.480278078450482
25.633051883010427,184.17049082491297,17.43320879132035,13.480278078450482
24.401542281299516,184.49889338536923,17.43320879132035,13.480278078450482
24.401542281299516,184.49889338536923,17.43320879132035,13.480278078450482
24.401542281299516,184.49889338536923,17.43320879132035,13.480278078450482
24.401542281299516,184.90939658593953,17.022705590750046,11.920365916283316
24.401542281299516,184.90939658593953,17.022705590750046,11.920365916283316
24.401542281299516,184.90939658593953,17.022705590750046,11.920365916283316
24.401542281299516,184.90939658593953,17.022705590750046,11.920365916283316
24.401542281299516,184.90939658593953,17.022705590750046,11.920365916283316
24.401542281299516,184.90939658593953,17.022705590750046,11.920365916283316
24.401542281299516,184.90939658593953,17.022705590750046,11.920365916283316
24.401542281299516,184.90939658593953,17.022705590750046,11.920365916283316
23.4437508334433,184.55022479299345,17.022705590750046,11.920365916283316
23.4437508334433,184.55022479299345,17.022705590750046,11.920365916283316
23.4437508334433,184.55022479299345,17.022705590750046,11.920365916283316
22.74974709514259,184.55022479299345,17.022705590750046,11.920365916283316
22.74974709514259,184.55022479299345,17.022705590750046,11.920365916283316
22.74974709514259,184.55022479299345,17.022705590750046,11.920365916283316
22.74974709514259,184.55022479299345,17.022705590750046,11.920365916283316
22.74974709514259,184.55022479299345,17.022705590750046,11.920365916283316
22.74974709514259,184.3697838349891,17.5640284647631,12.100806874287656
22.74974709514259,184.3697838349891,17.5640284647631,12.100806874287656
22.74974709514259,184.3697838349891,17.5640284647631,12.100806874287656
22.74974709514259,183.0809197495735,17.861458638320546,13.389670959703267
22.74974709514259,183.0809197495735,17.861458638320546,13.389670959703267
22.74974709514259,183.0809197495735,17.861458638320546,13.389670959703267
22.74974709514259,183.0809197495735,17.861458638320546,13.389670959703267
22.74974709514259,183.0809197495735,17.861458638320546,13.389670959703267
22.74974709514259,183.0809197495735,17.861458638320546,13.389670959703267
22.650603703956776,182.5852027936444,17.861458638320542,13.389670959703267
22.650603703956776,182.5852027936444,17.861458638320542,13.389670959703267
22.650603703956776,182.5852027936444,17.861458638320542,13.389670959703267
22.650603703956776,182.5852027936444,17.861458638320542,13.389670959703267
22.650603703956776,182.5852027936444,17.861458638320542,13.389670959703267
22.650603703956776,182.5852027936444,17.861458638320542,13.389670959703267
22.650603703956776,182.5852027936444,17.861458638320542,13.389670959703267
22.650603703956776,181.05991986728017,17.861458638320542,13.389670959703267
22.650603703956776,181.05991986728017,17.861458638320542,13.389670959703267
22.650603703956776,181.05991986728017,17.861458638320542,13.389670959703267
22.650603703956776,181.05991986728017,17.861458638320542,13.389670959703267
22.650603703956776,181.05991986728017,17.861458638320542,13.389670959703267
22.650603703956776,181.05991986728017,17.861458638320542,13.389670959703267
22.650603703956776,181.05991986728017,17.861458638320542,13.389670959703267
22.650603703956776,181.05991986728017,17.861458638320542,13.389670959703267
22.650603703956776,181.05991986728017,17.861458638320542,13.389670959703267
22.650603703956776,181.05991986728017,17.861458638320542,13.389670959703267
22.650603703956776,181.05991986728017,17.861458638320542,13.389670959703267
22.650603703956776,181.05991986728017,17.861458638320542,13.389670959703267
22.650603703956776,181.05991986728017,17.861458638320542,13.389670959703267
21.018902801259046,180.44803202876852,17.861458638320542,13.389670959703267
21.018902801259046,180.44803202876852,17.861458638320542,13.389670959703267
21.018902801259046,180.44803202876852,17.861458638320542,13.389670959703267
21.018902801259046,180.44803202876852,17.861458638320542,13.389670959703267
21.018902801259046,180.44803202876852,17.861458638320542,13.389670959703267
21.018902801259046,180.44803202876852,17.861458638320542,13.389670959703267
21.018902801259046,180.44803202876852,17.861458638320542,13.389670959703267
21.018902801259046,180.44803202876852,17.861458638320542,13.389670959703267
21.018902801259046,180.44803202876852,17.861458638320542,13.389670959703267
21.018902801259046,180.44803202876852,17.861458638320542,13.389670959703267
21.018902801259046,180.44803202876852,17.861458638320542,13.389670959703267
21.018902801259046,180.44803202876852,17.861458638320542,13.389670959703267
21.018902801259046,180.44803202876852,17.861458638320542,13.389670959703267
21.018902801259046,180.44803202876852,17.861458638320542,13.389670959703267
21.018902801259046,180.44803202876852,17.861458638320542,13.389670959703267
21.61659543871677,181.41928256463734,17.861458638320542,13.389670959703267
21.61659543871677,181.41928256463734,17.861458638320542,13.389670959703267
21.61659543871677,181.41928256463734,17.861458638320542,13.389670959703267
23.49609195340735,183.0096257693755,17.861458638320542,13.389670959703267
23.49609195340735,183.0096257693755,17.861458638320542,13.389670959703267
23.49609195340735,183.0096257693755,17.861458638320542,13.389670959703267
23.49609195340735,183.0096257693755,17.861458638320542,13.389670959703267
23.49609195340735,183.0096257693755,17.861458638320542,13.389670959703267
23.49609195340735,183.0096257693755,17.861458638320542,13.389670959703267
28.10062139064368,182.81777037615734,17.861458638320542,13.389670959703267
28.10062139064368,182.81777037615734,17.861458638320542,13.389670959703267
28.10062139064368,182.81777037615734,17.861458638320542,13.389670959703267
30.324877924953316,182.97664584289373,17.86145863832054,13.389670959703267
30.324877924953316,182.97664584289373,17.86145863832054,13.389670959703267
30.324877924953316,182.97664584289373,17.86145863832054,13.389670959703267
36.37685732348918,182.97664584289373,17.861458638320535,13.389670959703267
36.37685732348918,182.97664584289373,17.861458638320535,13.389670959703267
36.37685732348918,182.97664584289373,17.861458638320535,13.389670959703267
47.48091713630052,183.57150619000862,17.861458638320542,12.100806874287656
47.48091713630052,183.57150619000862,17.861458638320542,12.100806874287656
47.48091713630052,183.57150619000862,17.861458638320542,12.100806874287656
47.48091713630052,183.57150619000862,17.861458638320542,12.100806874287656
62.483086900966434,182.7281856575782,17.861458638320535,12.100806874287656
62.483086900966434,182.7281856575782,17.861458638320535,12.100806874287656
62.483086900966434,182.7281856575782,17.861458638320535,12.100806874287656
79.37014787142769,181.6386978530323,22.71508931585501,12.100806874287656
79.37014787142769,181.6386978530323,22.729088184836556,12.100806874287656
79.46036835042986,179.59288956508908,22.528172118205077,14.146615162230887
98.63535371043749,179.70183834554368,23.07291602047802,13.166076138139573
98.63535371043749,179.70183834554368,23.07291602047802,13.166076138139573
98.56736617282507,180.72165140972976,22.732978332415996,12.486200762015528
105.60654694701797,179.92850428024323,22.73297833241601,12.486200762015528
105.60654694701797,179.92850428024323,22.73297833241601,12.486200762015528
105.60654694701797,179.92850428024323,22.73297833241601,12.486200762015528
121.00879937002483,179.1658628170611,22.732978332415996,12.486200762015528
121.00879937002483,179.1658628170611,22.732978332415996,12.486200762015528
121.00879937002483,179.1658628170611,22.732978332415996,12.486200762015528
129.72470180639192,178.94796525615195,22.732978332415996,12.486200762015528
129.72470180639192,178.94796525615195,22.732978332415996,12.486200762015528
129.72470180639192,178.94796525615195,22.732978332415996,12.486200762015528
147.683291453696,177.51127808436763,22.732978332415996,12.486200762015528
147.683291453696,177.51127808436763,22.732978332415996,12.486200762015528
147.683291453696,177.51127808436763,22.732978332415996,12.486200762015528
157.70657925551816,176.7486366211855,22.732978332415996,12.486200762015528
157.70657925551816,176.7486366211855,22.732978332415996,12.486200762015528
157.70657925551816,176.7486366211855,22.732978332415996,12.486200762015528
157.70657925551816,176.7486366211855,22.732978332415996,12.486200762015528
177.85644442460514,176.35206305644226,22.732978332415996,12.486200762015528
177.85644442460514,176.35206305644226,22.732978332415996,12.486200762015528
177.85644442460514,176.35206305644226,22.732978332415996,12.486200762015528
188.53342490915483,176.0252167150785,23.059824673779758,12.486200762015528
188.08302107144388,175.8563152759369,23.79173091006004,12.65510220115712
188.08302107144388,175.8563152759369,23.79173091006004,12.65510220115712
211.13079632204938,174.6325395989136,23.79173091006004,12.65510220115712
211.13079632204938,174.6325395989136,23.79173091006004,12.65510220115712
211.13079632204938,174.6325395989136,23.79173091006004,12.65510220115712
222.5616680134284,175.23023223637134,23.94115406942447,11.833274824652761
222.5616680134284,175.23023223637134,23.94115406942447,11.833274824652761
222.5616680134284,175.23023223637134,23.94115406942447,11.833274824652761
246.79163713602898,174.17771408010424,23.941154069424528,11.833274824652761
246.79163713602898,174.17771408010424,23.941154069424528,11.833274824652761
246.84793761574284,175.13482223523997,23.941154069424528,11.157669068086363
256.68196982698004,175.0446017562378,23.9411540694245,11.157669068086363
256.68196982698004,175.0446017562378,23.9411540694245,11.157669068086363
256.68196982698004,175.0446017562378,24.351657269994803,11.157669068086363
280.90165866062796,175.12670239635187,24.351657269994803,11.157669068086363
280.90165866062796,175.12670239635187,24.351657269994803,11.157669068086363
281.5740628777679,175.12670239635187,24.351657269994803,11.157669068086363
293.7438321103885,175.5346276220263,24.351657269994803,11.157669068086363
293.7438321103885,175.5346276220263,24.351657269994803,11.157669068086363
293.7438321103885,175.2626774715767,24.351657269994803,11.157669068086363
293.7438321103885,175.2626774715767,24.351657269994803,11.157669068086363
318.9408586302318,173.10406598954935,23.08156041539712,11.008245908721932
318.9408586302318,173.10406598954935,23.08156041539712,11.008245908721932
318.9408586302318,173.10406598954935,23.08156041539712,11.008245908721932
330.2432052254147,172.01348868650538,23.08156041539712,11.008245908721932
330.2432052254147,172.01348868650538,23.08156041539712,11.008245908721932
330.2432052254147,172.01348868650538,23.08156041539712,11.008245908721932
353.26703989375767,164.77742636216902,21.10808887239631,10.613551600121752
353.26703989375767,164.77742636216902,21.10808887239631,10.613551600121752
353.26703989375767,164.77742636216902,21.10808887239631,10.613551600121752
363.27619429815104,159.69341142660414,21.10808887239631,10.613551600121752
363.27619429815104,159.69341142660414,21.10808887239631,10.613551600121752
363.27619429815104,159.69341142660414,21.10808887239631,10.613551600121752
377.64306601599424,149.0379815692037,21.586984596324385,13.008030219762304
377.64306601599424,149.0379815692037,21.586984596324385,13.008030219762304
377.64306601599424,149.0379815692037,21.586984596324385,13.008030219762304
382.07285146232925,142.21371750322817,21.586984596324385,13.008030219762304
382.07285146232925,142.21371750322817,21.586984596324385,13.008030219762304
382.7043948153445,142.4843789402347,21.586984596324385,13.008030219762304
391.44424177703246,128.11750722239145,20.509469217486128,13.965821667618513
391.44424177703246,128.11750722239145,20.509469217486128,13.965821667618513
391.44424177703246,128.11750722239145,20.509469217486128,13.965821667618513
393.94397239816686,120.8814448980551,20.509469217486128,13.965821667618513
393.94397239816686,120.8814448980551,20.509469217486128,13.965821667618513
393.94397239816686,120.8814448980551,20.509469217486128,13.965821667618513
393.94397239816686,120.8814448980551,20.509469217486128,13.965821667618513
396.8383973279014,109.30374517911692,20.509469217486128,13.965821667618513
396.8383973279014,109.30374517911692,20.509469217486128,13.965821667618513
396.8383973279014,109.30374517911692,20.509469217486128,13.965821667618513
397.3621625644504,104.9390348745422,21.731588102767034,14.664175316350466
397.3621625644504,104.9390348745422,21.731588102767034,14.664175316350466
397.3621625644504,104.9390348745422,21.731588102767034,14.664175316350466
399.7452945654964,100.96714820613214,22.20821450297626,12.598794248777239
399.7452945654964,100.96714820613214,22.20821450297626,12.598794248777239
399.7452945654964,100.96714820613214,22.20821450297626,12.598794248777239
400.4636381513886,100.8474242751501,22.20821450297626,12.598794248777239
400.4636381513886,100.45272996654994,22.20821450297626,12.598794248777239
400.4636381513886,100.45272996654994,22.20821450297626,12.598794248777239
402.4484886894365,99.00920230251512,20.76468683894143,12.959676164785947
402.4484886894365,99.00920230251512,20.76468683894143,12.959676164785947
402.4484886894365,99.00920230251512,20.76468683894143,12.959676164785947
403.0671753018996,99.50415159248563,20.76468683894143,12.959676164785947
403.0671753018996,99.50415159248563,20.76468683894143,12.959676164785947
402.9850746617856,99.66835287271374,20.76468683894143,12.959676164785947
403.7744632789859,99.79991764224712,20.76468683894143,12.959676164785947
403.7744632789859,99.79991764224712,20.76468683894143,12.959676164785947
403.7744632789859,99.79991764224712,20.76468683894143,12.959676164785947
403.7744632789859,101.5240310846424,21.99619644065234,11.235562722390668
403.7744632789859,101.5240310846424,21.99619644065234,11.235562722390668
403.7744632789859,101.5240310846424,21.99619644065234,11.235562722390668
403.9600692627248,101.89524305212028,21.99619644065234,11.235562722390668
404.177966823634,102.98473085666616,21.56040131883401,12.869794429209506
404.177966823634,103.18301763903779,21.56040131883401,12.869794429209506
404.177966823634,103.00257668103343,21.470180839831812,13.05023538721386
404.177966823634,103.00257668103343,21.470180839831812,13.05023538721386
404.7898546621457,103.00257668103343,21.470180839831812,13.05023538721386
404.7898546621457,103.00257668103343,21.470180839831812,13.05023538721386
404.11424890557925,103.11517764046117,21.470180839831812,13.05023538721386
404.4854608730571,103.42452094669272,21.470180839831812,13.05023538721386
404.4854608730571,103.42452094669272,21.470180839831812,13.05023538721386
404.4854608730571,103.42452094669272,21.470180839831812,13.05023538721386
404.111902974646,103.7980788451038,21.470180839831812,13.05023538721386
404.111902974646,103.7980788451038,21.470180839831812,13.05023538721386
403.67882234592184,103.98368482884274,21.470180839831812,13.05023538721386
403.67882234592184,103.98368482884274,21.470180839831812,13.05023538721386
403.67882234592184,103.98368482884274,21.470180839831812,13.05023538721386
403.13749947190877,104.5250077028558,21.470180839831812,13.05023538721386
403.13749947190877,104.5250077028558,22.26332796931831,13.05023538721386
402.72699627133846,104.44290706274174,22.26332796931831,13.05023538721386
402.72699627133846,104.44290706274174,22.26332796931831,13.05023538721386
402.72699627133846,104.44290706274174,22.26332796931831,13.05023538721386
402.72699627133846,104.44290706274174,22.26332796931831,13.05023538721386
401.97988047451634,103.91992600496623,22.26332796931831,13.05023538721386
401.97988047451634,103.91992600496623,22.26332796931831,13.05023538721386
401.97988047451634,103.91992600496623,22.26332796931831,13.05023538721386
401.97988047451634,103.91992600496623,22.26332796931831,13.05023538721386
401.1916737585222,103.91992600496623,22.26332796931831,13.05023538721386
401.1916737585222,103.91992600496623,22.26332796931831,13.05023538721386
401.1916737585222,103.91992600496623,22.26332796931831,13.05023538721386
400.7837485328477,103.37602570406699,22.26332796931831,13.05023538721386
400.7837485328477,103.37602570406699,22.26332796931831,13.05023538721386
400.7837485328477,103.37602570406699,22.26332796931831,13.05023538721386
398.86953222257625,103.15082378521151,22.26332796931831,13.05023538721386
398.86953222257625,103.15082378521151,22.26332796931831,13.05023538721386
398.86953222257625,103.15082378521151,22.26332796931831,13.05023538721386
398.86953222257625,103.15082378521151,22.26332796931831,13.05023538721386
398.86953222257625,103.15082378521151,22.26332796931831,13.05023538721386
398.86953222257625,103.15082378521151,22.26332796931831,13.05023538721386
396.9749021635306,101.97795755818322,22.26332796931831,13.05023538721386
396.4681978461058,101.92165707846935,22.26332796931831,13.05023538721386
396.4681978461058,101.92165707846935,22.26332796931831,13.05023538721386
396.24406310705916,101.92165707846935,22.26332796931831,13.05023538721386
396.24406310705916,101.92165707846935,22.26332796931831,13.05023538721386
396.24406310705916,101.92165707846935,22.26332796931831,13.05023538721386
394.3348747136518,101.92165707846935,22.26332796931831,13.05023538721386
394.3348747136518,101.92165707846935,22.26332796931831,13.05023538721386
394.67481240171384,101.92165707846935,21.923390281256275,13.05023538721386
393.85380600057323,102.00375771858342,21.923390281256275,13.05023538721386
393.85380600057323,102.00375771858342,21.923390281256275,13.05023538721386
393.85380600057323,102.00375771858342,21.923390281256275,13.05023538721386
393.85380600057323,102.00375771858342,21.923390281256275,13.05023538721386
392.6783014368933,102.06562637982972,21.923390281256275,13.05023538721386
392.6783014368933,102.06562637982972,21.923390281256275,13.05023538721386
392.6783014368933,102.06562637982972,21.923390281256275,13.05023538721386
392.6783014368933,102.06562637982972,21.923390281256275,13.05023538721386
392.6783014368933,102.06562637982972,21.923390281256275,13.05023538721386
392.6783014368933,102.06562637982972,21.923390281256275,13.05023538721386
392.1335575346204,102.2835239407389,21.923390281256275,13.05023538721386
391.68315369690947,102.2835239407389,21.923390281256275,13.05023538721386
391.68315369690947,102.2835239407389,21.923390281256275,13.05023538721386
391.1601726391339,102.43294710010333,21.923390281256275,13.05023538721386
391.1601726391339,102.43294710010333,21.923390281256275,13.05023538721386
391.1601726391339,102.43294710010333,21.923390281256275,13.05023538721386
390.68425987584703,104.06464800280106,21.923390281256275,13.05023538721386
390.68425987584703,104.06464800280106,21.923390281256275,13.05023538721386
390.68425987584703,104.06464800280106,21.923390281256275,13.05023538721386
390.68425987584703,104.06464800280106,21.923390281256275,13.05023538721386
390.68425987584703,104.06464800280106,21.923390281256275,13.05023538721386
390.68425987584703,104.06464800280106,21.923390281256275,13.05023538721386
391.50526627698764,104.47515120337137,21.102383880115667,13.542839227898227
391.50526627698764,104.47515120337137,21.102383880115667,13.542839227898227
391.50526627698764,104.47515120337137,21.102383880115667,13.542839227898227
391.25896435664544,105.21405696439791,21.102383880115667,13.542839227898227
391.25896435664544,105.21405696439791,21.102383880115667,13.542839227898227
391.25896435664544,105.21405696439791,21.102383880115667,13.542839227898227
391.25896435664544,105.21405696439791,21.102383880115667,13.542839227898227
391.7515681973298,106.03506336553853,21.102383880115667,13.542839227898227
391.7515681973298,106.03506336553853,21.102383880115667,13.542839227898227
391.93200915533413,106.1252838445407,21.282824838120007,13.542839227898227
391.93200915533413,106.1252838445407,21.282824838120007,13.542839227898227
391.93200915533413,106.1252838445407,21.282824838120007,13.542839227898227
391.57112723932545,106.30572480254506,21.282824838120007,13.542839227898227
392.3189901530619,107.32553786673114,21.282824838120007,13.542839227898227
392.69020212053977,107.88235581794795,21.282824838120007,13.542839227898227
392.69020212053977,108.15430596839758,21.282824838120007,13.542839227898227
392.69020212053977,108.15430596839758,21.282824838120007,13.542839227898227
392.85440340076786,108.64690980908195,21.282824838120007,13.542839227898227
392.85440340076786,108.64690980908195,21.282824838120007,13.542839227898227
392.85440340076786,108.64690980908195,21.282824838120007,13.542839227898227
392.85440340076786,108.94575612781081,21.282824838120007,13.542839227898227
393.8115115559036,108.94575612781081,20.32571668298425,14.218444984464625
394.9843777829319,109.39685852282169,20.32571668298425,14.218444984464625
394.9843777829319,109.39685852282169,20.32571668298425,14.218444984464625
394.9843777829319,109.39685852282169,20.32571668298425,14.218444984464625
395.85596802656863,111.46688535145887,20.543614243893444,13.020008399464146
395.85596802656863,111.46688535145887,20.543614243893444,13.020008399464146
395.85596802656863,111.46688535145887,20.543614243893444,13.020008399464146
396.5948737875952,111.2205834311167,20.543614243893444,13.020008399464146
396.5948737875952,111.2205834311167,20.543614243893444,13.020008399464146
396.5948737875952,111.2205834311167,20.543614243893444,13.020008399464146
396.5948737875952,111.2205834311167,20.543614243893444,13.020008399464146
398.6473897904467,113.60150199442447,19.47630592241063,12.445303918665715
398.6473897904467,113.60150199442447,19.47630592241063,12.445303918665715
398.6473897904467,113.60150199442447,19.47630592241063,12.445303918665715
399.76806348568,114.1991946318822,19.47630592241063,12.445303918665715
399.76806348568,114.1991946318822,19.47630592241063,12.445303918665715
399.76806348568,114.1991946318822,19.47630592241063,12.445303918665715
401.7105645574176,115.69342622552651,19.47630592241063,12.4453039186657
401.7105645574176,115.69342622552651,19.47630592241063,12.4453039186657
401.7105645574176,115.69342622552651,19.47630592241063,12.4453039186657
402.18647732070445,116.50927667687537,19.47630592241063,12.4453039186657
402.18647732070445,116.50927667687537,19.47630592241063,12.4453039186657
402.18647732070445,116.50927667687537,19.47630592241063,12.4453039186657
404.7315971642403,117.90498755881441,18.737400161384073,12.363203278551651
404.7315971642403,117.90498755881441,18.737400161384073,12.363203278551651
404.7315971642403,117.90498755881441,18.737400161384073,12.363203278551651
405.683422690814,118.51687539732606,18.737400161384073,12.363203278551651
405.683422690814,118.51687539732606,18.737400161384073,12.363203278551651
405.683422690814,118.51687539732606,18.737400161384073,12.363203278551651
407.1682705607255,120.18732925097649,18.737400161384073,12.363203278551651
407.1682705607255,120.18732925097649,18.737400161384073,12.363203278551651
407.1682705607255,120.18732925097649,18.737400161384073,12.363203278551651
409.34387176432244,121.13915477755016,18.737400161384073,12.363203278551666
409.34387176432244,121.13915477755016,18.737400161384073,12.363203278551666
409.34387176432244,121.13915477755016,18.737400161384073,12.363203278551666
408.5395791681204,121.13915477755016,18.737400161384073,12.363203278551666
411.254951345997,122.6249244597845,18.788633598702518,11.594701718775298
411.254951345997,122.6249244597845,18.788633598702518,11.594701718775298
411.254951345997,122.6249244597845,18.788633598702518,11.594701718775298
412.61470209824506,123.44077491113336,18.788633598702518,11.594701718775298
412.61470209824506,123.44077491113336,18.788633598702518,11.594701718775298
412.61470209824506,123.44077491113336,18.788633598702518,11.594701718775298
414.99562066155283,124.26178131227397,18.788633598702518,11.594701718775298
414.99562066155283,124.26178131227397,18.788633598702518,11.594701718775298
414.99562066155283,124.26178131227397,18.788633598702518,11.594701718775298
416.48753831422556,125.05436256525634,18.788633598702518,11.594701718775283
416.48753831422556,125.05436256525634,18.788633598702518,11.594701718775283
416.48753831422556,125.11066304497021,18.113027842136148,11.538401239061415
418.87830886405646,127.12787569639003,18.113027842136148,11.5384012390614
418.87830886405646,127.12787569639003,18.113027842136148,11.5384012390614
418.87830886405646,127.12787569639003,18.113027842136148,11.5384012390614
420.30128807272166,127.87029963134577,18.113027842136148,11.538401239061415
420.30128807272166,127.87029963134577,18.113027842136148,11.538401239061415
420.30128807272166,127.87029963134577,18.113027842136148,11.538401239061415
421.795519666366,129.21510806562566,18.113027842136148,11.538401239061415
421.9994822792032,129.21510806562566,18.113027842136148,11.538401239061415
421.9994822792032,129.21510806562566,18.113027842136148,11.538401239061415
423.30491022529185,129.58808747879382,18.113027842136148,11.538401239061415
423.66354428652085,129.9467215400228,18.113027842136148,11.538401239061415
423.66354428652085,129.9467215400228,18.113027842136148,11.538401239061415
423.28998638810975,129.9467215400228,18.113027842136148,11.538401239061415
426.74004595991545,131.25214948611142,18.113027842136148,11.538401239061415
426.74004595991545,131.25214948611142,18.113027842136148,11.538401239061415
426.74004595991545,131.25214948611142,18.113027842136148,11.538401239061415
427.15964779972967,131.81161860586369,18.113027842136148,11.538401239061415
427.2343593794119,131.96104176522812,18.113027842136148,11.538401239061415
427.2343593794119,131.96104176522812,18.113027842136148,11.538401239061415
430.5216688854294,133.82883125728353,17.515335204678422,11.538401239061415
430.5216688854294,133.82883125728353,17.515335204678422,11.538401239061415
430.5216688854294,133.82883125728353,17.515335204678422,11.538401239061415
431.4126234690195,133.99853689225307,17.515335204678422,11.538401239061415
431.4126234690195,133.99853689225307,17.515335204678422,11.538401239061415
431.4126234690195,133.99853689225307,17.515335204678422,11.538401239061415
434.62522139535474,135.94103796399068,17.515335204678422,11.538401239061415
434.62522139535474,135.94103796399068,17.515335204678422,11.538401239061415
434.62522139535474,135.94103796399068,17.515335204678422,11.538401239061415
435.6509147815672,136.1741500972208,16.769376378342088,11.445156385769366
435.6509147815672,136.1741500972208,16.769376378342088,11.445156385769366
435.6509147815672,136.1741500972208,16.769376378342088,11.445156385769366
439.05029166218753,137.6698759246937,16.769376378342088,11.445156385769366
438.94489173586913,137.6347426159209,16.769376378342088,11.445156385769366
438.94489173586913,137.6347426159209,16.769376378342088,11.445156385769366
439.8670936076008,138.4032441756973,16.87184325297892,10.574187951356123
439.24936509264256,138.4418522078822,16.87184325297892,10.574187951356123
439.24936509264256,138.4418522078822,16.87184325297892,10.574187951356123
439.80883421239486,138.4418522078822,16.87184325297892,10.574187951356123
442.5241243719076,139.3328067914723,16.87184325297892,10.574187951356123
442.5241243719076,139.3328067914723,16.87184325297892,10.574187951356123
442.5241243719076,139.3328067914723,16.87184325297892,10.574187951356123
443.80496030486825,140.56240928711452,16.359508879794646,10.574187951356123
443.80496030486825,140.56240928711452,16.359508879794646,10.574187951356123
444.22922439229217,140.68968851334168,16.1898032448251,10.574187951356123
445.96870715073,141.5806430969318,16.1898032448251,10.574187951356123
445.96870715073,141.5806430969318,16.1898032448251,10.574187951356123
445.96870715073,141.5806430969318,16.1898032448251,10.574187951356123
447.72537258937035,141.61577640570462,16.1898032448251,10.574187951356123
447.72537258937035,141.61577640570462,16.1898032448251,10.574187951356123
447.72537258937035,141.61577640570462,16.1898032448251,10.574187951356123
450.24091148102934,142.15967670660385,16.1898032448251,10.574187951356123
450.24091148102934,142.15967670660385,16.1898032448251,10.574187951356123
450.24091148102934,142.15967670660385,16.1898032448251,10.574187951356123
451.0452040772314,142.28341402909646,16.1898032448251,10.574187951356123
451.0452040772314,142.28341402909646,16.1898032448251,10.574187951356123
451.0452040772314,142.28341402909646,16.1898032448251,10.574187951356123
453.15281774321596,143.50718970611976,16.257790782437496,9.758337500007258
453.15281774321596,143.50718970611976,16.257790782437496,9.758337500007258
453.9648020542356,143.50718970611976,15.445806471417882,9.30723510499638
457.77210416053026,144.1190775446314,15.445806471417882,9.30723510499638
457.77210416053026,144.1190775446314,15.445806471417882,9.30723510499638
457.77210416053026,144.1190775446314,15.445806471417882,9.30723510499638
457.77210416053026,144.1190775446314,15.445806471417882,9.30723510499638
461.30243168543484,144.94008394577202,15.445806471417882,9.30723510499638
461.30243168543484,144.94008394577202,15.445806471417882,9.30723510499638
461.30243168543484,144.94008394577202,15.445806471417882,9.30723510499638
465.4895643312519,145.92529162714075,15.035303270847578,9.30723510499638
465.4895643312519,145.92529162714075,15.035303270847578,9.30723510499638
465.4895643312519,145.92529162714075,15.035303270847578,9.30723510499638
469.9767418136707,148.1008928307377,13.131652217700207,9.17126002977156
469.9767418136707,148.1008928307377,13.131652217700207,9.17126002977156
469.9767418136707,148.1008928307377,13.131652217700207,9.17126002977156
472.7608315697547,149.0907914106787,13.131652217700207,9.17126002977156
472.7608315697547,149.0907914106787,13.131652217700207,9.17126002977156
472.7608315697547,149.0907914106787,13.131652217700207,9.17126002977156
476.9446800319588,149.61377246845421,13.131652217700207,9.17126002977156
476.9446800319588,149.61377246845421,13.131652217700207,9.17126002977156
476.9446800319588,149.61377246845421,13.131652217700207,9.17126002977156
477.8454877073807,149.89527486702355,13.131652217700207,9.17126002977156
477.8454877073807,149.89527486702355,13.131652217700207,9.17126002977156
477.8454877073807,149.89527486702355,13.131652217700207,9.17126002977156
480.7689518247141,151.32301315688406,13.131652217700207,9.17126002977156
480.7689518247141,151.32301315688406,13.131652217700207,9.17126002977156
480.7689518247141,151.32301315688406,13.131652217700207,9.17126002977156
482.540604037263,151.41625801017614,13.131652217700207,9.17126002977156
482.540604037263,151.41625801017614,13.131652217700207,9.17126002977156
482.540604037263,151.41625801017614,13.131652217700207,9.17126002977156
482.540604037263,151.41625801017614,13.131652217700207,9.17126002977156
485.81964308331754,152.59176257385604,13.131652217700207,9.17126002977156
485.81964308331754,152.59176257385604,13.131652217700207,9.17126002977156
485.81964308331754,152.59176257385604,13.131652217700207,9.17126002977156
486.9392760166794,152.7461947025956,13.131652217700207,9.17126002977156
486.9392760166794,152.7461947025956,13.131652217700207,9.17126002977156
486.9392760166794,152.7461947025956,13.131652217700207,9.17126002977156
490.06670274685007,152.5422320897584,13.131652217700207,9.17126002977156
490.2072359819413,152.82329855994084,13.131652217700207,9.17126002977156
490.2072359819413,152.82329855994084,13.131652217700207,9.17126002977156
491.69915363461405,153.00978826652494,13.131652217700207,9.17126002977156
491.69915363461405,153.00978826652494,13.131652217700207,9.17126002977156
491.69915363461405,153.00978826652494,13.131652217700207,9.17126002977156
495.2342608095854,153.21472201579863,13.131652217700207,9.17126002977156
495.2342608095854,153.21472201579863,13.131652217700207,9.17126002977156
495.2342608095854,153.21472201579863,13.131652217700207,9.17126002977156
496.2573427858511,152.9269802099739,13.131652217700207,9.17126002977156
496.2573427858511,152.9269802099739,13.131652217700207,9.17126002977156
496.2573427858511,152.9269802099739,13.131652217700207,9.17126002977156
497.44028132090835,153.0228941452488,13.131652217700207,9.17126002977156
497.823937062008,153.0228941452488,13.131652217700207,9.17126002977156
497.823937062008,153.0228941452488,13.131652217700207,9.17126002977156
498.03473691464484,153.3742272329769,13.131652217700207,9.17126002977156
498.03473691464484,153.3742272329769,13.131652217700207,9.17126002977156
498.03473691464484,153.3742272329769,13.131652217700207,9.17126002977156
498.03473691464484,153.3742272329769,13.131652217700207,9.17126002977156
497.52240254146056,153.3742272329769,13.131652217700207,9.17126002977156
497.52240254146056,153.3742272329769,13.131652217700207,9.17126002977156
497.52240254146056,153.3742272329769,13.131652217700207,9.17126002977156
496.7904963051803,154.16243394897106,13.131652217700207,9.17126002977156
496.7904963051803,154.16243394897106,13.131652217700207,9.17126002977156
496.4526934268971,154.16243394897106,13.131652217700207,9.17126002977156
492.73686176578184,154.7817392258236,13.131652217700207,9.17126002977156
492.4294611418713,154.7817392258236,13.131652217700207,9.17126002977156
492.18198649688605,154.96734520956252,13.131652217700207,9.17126002977156
490.59374994001485,155.22351239615466,13.131652217700207,9.17126002977156
490.59374994001485,155.22351239615466,13.131652217700207,9.17126002977156
490.59374994001485,155.22351239615466,13.131652217700207,9.17126002977156
484.6258990903449,156.29322151071815,13.131652217700207,9.17126002977156
484.6258990903449,156.29322151071815,13.131652217700207,9.17126002977156
484.6258990903449,156.29322151071815,13.131652217700207,9.17126002977156
481.34187348578246,156.86792599151659,13.131652217700207,9.17126002977156
480.80136103519396,156.90653402370148,13.131652217700207,9.17126002977156
480.80136103519396,156.90653402370148,13.131652217700207,9.17126002977156
474.08978074648024,157.5213352715226,13.131652217700207,9.17126002977156
474.08978074648024,157.5213352715226,13.131652217700207,9.17126002977156
473.8659815641721,157.5213352715226,13.131652217700207,9.17126002977156
468.9028913184665,157.92926049719702,13.131652217700207,9.17126002977156
468.9028913184665,157.92926049719702,13.131652217700207,9.17126002977156
468.9028913184665,157.92926049719702,13.131652217700207,9.17126002977156
468.9028913184665,157.92926049719702,13.131652217700207,9.17126002977156
459.3398091191429,158.67637629401918,13.206363797382437,7.452893697080583
459.3398091191429,158.67637629401918,13.206363797382437,7.452893697080583
