510.13112022511154,279.2296504175085,16.792614219384745,9.898804171426775
510.9849511939023,285.41992494124156,16.79261421938469,9.898804171426775
509.96030118872784,285.8590606577449,16.792614219384745,9.898804171426775
509.96030118872784,285.8590606577449,16.792614219384745,9.898804171426775
510.1545477229326,293.2404289575264,16.79261421938469,9.898804171426775
510.1545477229326,293.2404289575264,16.79261421938469,9.898804171426775
510.1545477229326,293.2404289575264,16.79261421938469,9.898804171426775
510.58146320732794,300.7114499344456,16.79261421938463,9.898804171426775
510.58146320732794,300.7114499344456,16.79261421938463,9.898804171426775
510.58146320732794,300.7114499344456,16.79261421938463,9.898804171426775
510.1929701389184,304.7906271527459,19.864833329289752,8.377002905057566
510.1929701389184,304.7906271527459,16.974659918885038,8.377002905057566
510.1929701389184,304.7906271527459,16.974659918885038,8.377002905057566
509.8712589959543,308.0077385823868,17.29637106184913,9.784168932064063
509.8712589959543,308.0077385823868,16.792614219384575,9.898804171426775
509.8712589959543,308.0077385823868,16.792614219384575,9.898804171426775
510.75508079697454,311.3662614262638,16.085556778568275,11.489683413263208
510.75508079697454,311.3662614262638,16.085556778568275,11.489683413263208
510.75508079697454,311.3662614262638,16.085556778568275,11.489683413263208
510.75508079697454,315.06593957035085,16.085556778568275,11.489683413263208
510.75508079697454,315.06593957035085,16.085556778568275,11.489683413263208
510.75508079697454,315.06593957035085,16.085556778568275,11.489683413263208
510.75508079697454,316.81415837819384,16.085556778568275,11.489683413263208
510.75508079697454,316.81415837819384,16.085556778568275,11.489683413263208
510.75508079697454,316.81415837819384,16.085556778568275,11.489683413263208
510.75508079697454,316.81415837819384,16.085556778568275,11.489683413263208
510.28594291523996,325.49320919028327,16.085556778568275,11.489683413263208
510.28594291523996,325.49320919028327,16.085556778568275,11.489683413263208
510.28594291523996,325.49320919028327,16.085556778568275,11.489683413263208
511.0851699028975,331.75382059360066,16.085556778568275,11.489683413263208
511.0851699028975,331.75382059360066,16.085556778568275,11.489683413263208
511.0851699028975,331.75382059360066,16.085556778568275,11.489683413263208
511.81706276373643,338.4872349133187,16.085556778568275,11.489683413263208
511.81706276373643,338.4872349133187,16.085556778568275,11.489683413263208
511.81706276373643,338.4872349133187,16.085556778568275,11.489683413263208
511.4534144988841,346.6087128283535,16.085556778568332,11.489683413263208
511.4534144988841,346.6087128283535,16.085556778568332,11.489683413263208
511.4534144988841,346.6087128283535,16.085556778568332,11.489683413263208
510.7215216380452,352.9029914315681,16.085556778568332,11.489683413263208
510.7215216380452,352.9029914315681,16.085556778568332,11.489683413263208
510.7215216380452,352.9029914315681,16.085556778568332,11.489683413263208
511.237057836935,360.1204982160245,16.08555677856822,11.489683413263208
511.237057836935,360.1204982160245,16.08555677856822,11.489683413263208
511.237057836935,360.1204982160245,16.08555677856822,11.489683413263208
511.67619355343834,367.0002911079103,16.085556778568275,11.489683413263208
511.67619355343834,367.0002911079103,16.085556778568275,11.489683413263208
511.67619355343834,367.0002911079103,16.085556778568275,11.489683413263208
511.80939805138127,373.52731150711355,16.08555677856822,11.489683413263208
511.80939805138127,373.52731150711355,16.08555677856822,11.489683413263208
511.80939805138127,373.52731150711355,16.08555677856822,11.489683413263208
511.80939805138127,373.52731150711355,16.08555677856822,11.489683413263208
512.6876694843879,381.43175440417383,16.08555677856816,11.489683413263208
511.8093980513812,381.43175440417383,16.08555677856816,11.489683413263208
510.89813043640663,382.6289937139941,18.00113967428058,10.531891965407056
512.5084638070166,389.15761528486337,16.08555677856816,11.489683413263208
512.5084638070166,389.15761528486337,16.08555677856816,11.489683413263208
512.5084638070166,389.15761528486337,16.08555677856816,11.489683413263208
512.9083501532376,395.73427620605503,15.09279708531767,10.607230352596105
512.9083501532376,395.73427620605503,15.09279708531767,10.607230352596105
512.9083501532376,395.73427620605503,15.09279708531767,10.607230352596105
512.9083501532376,402.9517829905114,15.09279708531767,10.607230352596105
512.9083501532376,402.9517829905114,15.09279708531767,10.607230352596105
512.9083501532376,402.9517829905114,15.09279708531767,10.607230352596105
512.7141036190328,411.11013742711197,15.09279708531767,10.607230352596105
512.7141036190328,411.11013742711197,15.09279708531767,10.607230352596105
512.7141036190328,411.11013742711197,15.09279708531767,10.607230352596105
511.86431868543644,416.49210867322245,15.092797085317727,10.607230352596105
511.86431868543644,416.49210867322245,15.092797085317727,10.607230352596105
511.86431868543644,416.49210867322245,15.092797085317727,10.607230352596105
512.7548430362208,422.89584093915323,15.09279708531767,10.607230352596105
512.7548430362208,422.89584093915323,15.91490138733468,11.246644809720465
512.5721531913281,423.9006350860629,15.91490138733468,11.246644809720465
511.8459455560121,428.444636477417,17.211700736113244,11.29851678367163
511.8459455560121,430.1564116178046,17.211700736113244,9.586741643284029
511.8459455560121,430.1564116178046,17.211700736113244,9.586741643284029
511.8459455560121,430.1564116178046,17.211700736113244,9.586741643284029
511.8459455560121,435.0114790814509,17.211700736113244,9.586741643284029
511.8459455560121,435.0114790814509,17.211700736113244,9.586741643284029
511.8459455560121,435.0114790814509,17.211700736113244,9.586741643284029
511.94632459730997,441.93763293100216,17.211700736113244,9.586741643284029
511.94632459730997,441.93763293100216,17.211700736113244,9.586741643284029
511.94632459730997,441.93763293100216,17.211700736113244,9.586741643284029
511.21443173647106,447.0608829568746,17.211700736113244,9.586741643284029
511.61404523029984,446.79447396098874,17.211700736113187,9.586741643284029
511.34001046296083,447.4338884181131,17.211700736113187,9.586741643284029
511.26436773235207,449.173671222115,17.21170073611313,9.586741643284029
511.1639886910542,449.57518738730636,17.21170073611313,9.586741643284029
511.1639886910542,449.57518738730636,17.21170073611313,9.586741643284029
510.96323060845856,452.385800543646,17.211700736113073,9.586741643284029
510.96323060845856,452.385800543646,17.211700736113073,9.586741643284029
510.96323060845856,452.385800543646,17.211700736113073,9.586741643284029
511.08444669674265,453.11309707335056,17.211700736113187,9.586741643284029
511.08444669674265,453.4262958001351,17.211700736113187,9.586741643284029
510.80910714628817,453.3574609125215,17.211700736113244,9.586741643284029
510.8661093155627,453.3574609125215,17.211700736113187,9.586741643284029
510.665351232967,454.36125132549995,17.211700736113187,9.586741643284029
510.74099396357576,454.1343231336736,17.21170073611313,9.586741643284029
510.74099396357576,455.67861598984103,17.21170073611313,9.586741643284029
510.74099396357576,455.67861598984103,17.21170073611313,9.586741643284029
510.74099396357576,455.67861598984103,17.21170073611313,9.586741643284029
510.74099396357576,455.67861598984103,17.21170073611313,9.586741643284029
510.74099396357576,455.67861598984103,17.21170073611313,9.586741643284029
510.74099396357576,455.67861598984103,17.21170073611313,9.586741643284029
510.8241178455076,455.7617398717729,17.211700736113187,9.586741643284029
510.9244968868054,455.86211891307073,17.211700736113244,9.586741643284029
511.0348035193888,456.52395870857106,17.211700736113244,9.586741643284029
511.0348035193888,456.52395870857106,17.211700736113244,9.586741643284029
511.0348035193888,456.52395870857106,17.211700736113244,9.586741643284029
511.0348035193888,456.52395870857106,17.211700736113244,9.586741643284029
511.0348035193888,456.52395870857106,17.211700736113244,9.586741643284029
510.74204637505323,457.10947299724216,17.211700736113187,9.586741643284029
510.74204637505323,457.10947299724216,17.211700736113187,9.586741643284029
510.74204637505323,457.10947299724216,17.211700736113187,9.586741643284029
510.74204637505323,458.07920170351497,17.211700736113187,9.586741643284029
510.74204637505323,458.07920170351497,17.211700736113187,9.586741643284029
510.74204637505323,458.07920170351497,17.211700736113187,9.586741643284029
510.74204637505323,458.07920170351497,17.211700736113187,9.586741643284029
510.74204637505323,458.07920170351497,17.211700736113187,9.586741643284029
510.74204637505323,458.07920170351497,17.211700736113187,9.586741643284029
510.74204637505323,458.07920170351497,17.211700736113187,9.586741643284029
510.74204637505323,458.07920170351497,17.211700736113187,9.586741643284029
510.74204637505323,458.07920170351497,17.211700736113187,9.586741643284029
510.74204637505323,458.07920170351497,17.211700736113187,9.586741643284029
511.10569463990555,459.65501085120826,17.211700736113244,9.586741643284029
511.10569463990555,459.65501085120826,17.211700736113244,9.586741643284029
511.10569463990555,459.65501085120826,17.211700736113244,9.586741643284029
511.10569463990555,459.65501085120826,17.211700736113244,9.586741643284029
511.10569463990555,459.65501085120826,17.211700736113244,9.586741643284029
511.10569463990555,459.65501085120826,17.211700736113244,9.586741643284029
511.2665502113876,460.62014428010053,17.211700736113187,9.586741643284029
511.2665502113876,462.91899485481315,17.211700736113187,9.586741643284029
511.44331457159166,462.25544308500304,17.211700736113187,9.586741643284029
510.9607478571455,464.4152751565196,17.21170073611313,9.586741643284029
510.9607478571455,464.4152751565196,17.21170073611313,9.586741643284029
510.9607478571455,464.4152751565196,17.21170073611313,9.586741643284029
514.0187750564912,471.4397922836637,16.262321138772563,10.782625972447022
514.0187750564912,471.4397922836637,16.262321138772563,10.782625972447022
514.0187750564912,471.4397922836637,16.262321138772563,10.782625972447022
514.0187750564912,471.4397922836637,16.262321138772563,10.782625972447022
514.3678160919541,475.3793103448276,15.517241379310349,5.747126436781571
514.0187750564912,475.46278078941083,17.015707702129475,6.8130812795546944
511.1452118381004,475.4627807894108,17.590420345807615,8.537219210589228
511.1452118381003,476.6282599946395,15.291569771095055,6.797027361682353
511.49425287356314,477.67816091954023,15.338567459631577,5.7097365417991455
514.0187750564912,479.11438105336623,15.458043281362393,5.956958827985716
514.6591482830843,479.22246149702084,15.1950324277841,8.007675323877038
514.2533439973585,479.6423397149108,14.85490749356893,6.325816095968662
514.2322327986889,481.7839544033931,15.1950324277841,9.28842177706315
512.8459303521548,481.2843223009818,16.731459020507145,8.202367622906934
513.5918595720958,482.6377853721839,16.262321138772563,7.367302097283925
514.1796306279732,482.5783169207791,15.618898852844382,7.887225685770204
511.2375821853033,483.5836644014761,18.311621149121436,9.026083106433646
513.6191615626625,484.4604718058125,15.196685155229147,7.585718021816888
514.213021590696,483.8736460709885,15.291088467748637,9.034407164604033
511.9144102893891,486.1324487292268,17.562221960992076,9.914157558624538
511.427248247195,487.0263683540228,17.7859988616961,8.506347281680746
511.9979165404111,485.705075206874,16.242955830069604,9.697287062728094
514.4508670520231,487.7341040462428,16.18497109826592,8.092485549132903
512.1387283236994,487.7341040462428,16.763005780346816,8.092485549132903
513.2344744984568,487.73297424874846,16.24529428767039,8.093615346627303
512.2663127400682,490.82263601467434,17.791490728139934,7.8941269911059635
511.60242931366287,490.59878754846045,14.386085777835717,6.260611403317398
511.88742238267497,491.20144481560794,14.796050983866678,5.40305232556932
511.11829129886195,491.77839286021975,18.11581172023756,7.459451884803684
511.9294127981742,491.85585266888694,17.31658473257994,7.19304288891783
511.7011738773773,492.0297432195053,16.898810652571797,7.490283640599387
511.76629848327275,493.02810667843715,18.53151427400917,8.603917341504257
511.67185012223075,492.55912140783533,18.36936455750555,9.435629881997386
512.240108903126,493.6601805112023,18.200594376259005,8.272997443754093
512.2391609002436,492.7298318760885,17.36557414452716,10.7405574188694
511.9788248563351,493.0924792461742,17.871634615344647,10.97235241500232
511.36729463859194,493.952143836883,18.87125976399477,10.037904129784465
512.7163161269686,493.3878950987525,17.265195103229303,10.840936460167256
511.97499694210177,493.56210446390236,18.641820906592613,10.58943672800524
511.72629547189854,493.66484390557474,18.28725402500379,10.224237477615759
511.3721843666417,494.1525938878928,18.543019256605817,9.956596546650417
512.2242333545184,495.17736171432165,17.818764977762953,9.091206621307606
511.5041471552744,494.8262011071643,18.97274080434272,8.93483723925442
511.9107449949536,495.01114590663923,18.061197154331126,9.818503151012237
512.0953962821546,495.8772925596937,17.720914954588807,9.043147322187053
511.44978356238835,496.2610025828452,17.629570032142396,9.317182089526057
512.0035366651396,495.7307060259,18.061197154331126,9.818503151012237
512.5024083088975,496.2576584301289,16.987221417841738,9.045143871837809
511.9844930738523,496.32912682730824,17.316584732579997,8.924701362175824
511.97164718521014,496.5318817814608,16.8074657301255,8.76911255484805
511.8795384212403,495.6716988964208,18.73645723747626,9.514607190905906
511.62630688238727,496.28648131989246,16.662920855442223,8.833355634210363
511.66410129927226,496.80811917444055,19.048243205837935,9.191110358061678
512.0909269521072,496.70552516826353,18.424845419183384,8.121477915034802
511.8931621975395,496.693356441058,18.64862971200921,8.391883370404116
511.6294586300941,496.6844864746871,17.71619822640872,8.525087868347043
511.24567252014833,497.11906617497846,15.63687538864906,8.242694003318888
511.44186138935925,497.05605747651134,14.450168868423816,7.9420775460039295
511.9424153430073,496.87344508222105,15.257614277272353,8.030323303827572
511.3689644079202,498.29964028212976,14.119676781949806,9.057905860118751
511.0798180550002,497.9738491056974,13.939850152671681,9.697287062728094
510.17459447975733,497.3952363843447,14.788362770660399,9.818503151012237
511.79140817281404,498.9229714565197,13.576201887819366,9.212422709591692
511.41404386188606,499.25379988095904,13.898635705506877,9.045143871837809
511.05184925193436,498.9792948565239,13.70173836695011,8.76911255484805
510.7703100578244,499.18417960156216,14.345100072442733,8.929092902234743
511.22658823078285,500.1397561066019,14.637857216778286,9.514607190905906
511.10735480000915,500.1517740815156,16.24802151062397,9.514607190905906
511.29999697476427,500.1519845493517,15.619981738323133,9.59121685686506
511.0316429930235,500.7690336921611,18.182413242615212,10.06093532758041
510.97107294301264,502.10880201175223,18.382220716123413,8.391883370404116
510.7214306502866,501.3485326556946,19.62437972080943,9.490478717440624
510.4831441160352,503.43704850883086,14.652494773721514,7.859065378632465
511.1273463766323,503.40875245246036,13.091337534682907,8.000261826750716
511.0129461357557,503.6287361691446,12.948896327422005,8.371263830855412
510.49949127219566,505.1529227531904,14.08821098504768,6.84707724680959
510.32868008268747,506.12689002110363,17.582993728465794,5.873109978896366
510.2294165055279,505.4418397814793,18.004564376637347,6.5581602185206975
510.2339018461674,506.21633570946426,17.939981066046983,5.783664290535739
511.07781726190944,506.494084203458,17.290077118013073,5.505915796542013
510.6006383325501,506.60596241767684,17.818764977762896,5.394037582323165
0,0,0,0
0,0,0,0
0,0,0,0
0,0,0,0
0,0,0,0
0,0,0,0
0,0,0,0
0,0,0,0
0,0,0,0
0,0,0,0
0,0,0,0
0,0,0,0
0,0,0,0
0,0,0,0
0,0,0,0
0,0,0,0
0,0,0,0
0,0,0,0
0,0,0,0
0,0,0,0
0,0,0,0
0,0,0,0
0,0,0,0
0,0,0,0
0,0,0,0
0,0,0,0
0,0,0,0
0,0,0,0
0,0,0,0
0,0,0,0
0,0,0,0
0,0,0,0
0,0,0,0
0,0,0,0
0,0,0,0
0,0,0,0
0,0,0,0
0,0,0,0
0,0,0,0
0,0,0,0
0,0,0,0
0,0,0,0
0,0,0,0
0,0,0,0
0,0,0,0
0,0,0,0
0,0,0,0
0,0,0,0
0,0,0,0
0,0,0,0
0,0,0,0
0,0,0,0
0,0,0,0
0,0,0,0
0,0,0,0
0,0,0,0
0,0,0,0
0,0,0,0
0,0,0,0
0,0,0,0
0,0,0,0
0,0,0,0
0,0,0,0
0,0,0,0
0,0,0,0
0,0,0,0
0,0,0,0
0,0,0,0
0,0,0,0
0,0,0,0
0,0,0,0
0,0,0,0
0,0,0,0
0,0,0,0
0,0,0,0
0,0,0,0
0,0,0,0
0,0,0,0
0,0,0,0
0,0,0,0
0,0,0,0
0,0,0,0
0,0,0,0
0,0,0,0
0,0,0,0
0,0,0,0
0,0,0,0
0,0,0,0
0,0,0,0
0,0,0,0
0,0,0,0
0,0,0,0
0,0,0,0
0,0,0,0
0,0,0,0
0,0,0,0
0,0,0,0
0,0,0,0
0,0,0,0
0,0,0,0
0,0,0,0
0,0,0,0
0,0,0,0
0,0,0,0
0,0,0,0
0,0,0,0
0,0,0,0
0,0,0,0
0,0,0,0
0,0,0,0
0,0,0,0
0,0,0,0
0,0,0,0
0,0,0,0
0,0,0,0
0,0,0,0
0,0,0,0
0,0,0,0
0,0,0,0
0,0,0,0
0,0,0,0
0,0,0,0
0,0,0,0
0,0,0,0
0,0,0,0
0,0,0,0
0,0,0,0
0,0,0,0
0,0,0,0
0,0,0,0
0,0,0,0
0,0,0,0
0,0,0,0
0,0,0,0
0,0,0,0
0,0,0,0
0,0,0,0
0,0,0,0
0,0,0,0
0,0,0,0
0,0,0,0
0,0,0,0
0,0,0,0
0,0,0,0
0,0,0,0
0,0,0,0
0,0,0,0
0,0,0,0
0,0,0,0
0,0,0,0
0,0,0,0
0,0,0,0
0,0,0,0
0,0,0,0
0,0,0,0
0,0,0,0
0,0,0,0
0,0,0,0
0,0,0,0
0,0,0,0
0,0,0,0
0,0,0,0
0,0,0,0
0,0,0,0
0,0,0,0
0,0,0,0
0,0,0,0
0,0,0,0
0,0,0,0
0,0,0,0
0,0,0,0
0,0,0,0
0,0,0,0
0,0,0,0
0,0,0,0
0,0,0,0
0,0,0,0
0,0,0,0
0,0,0,0
0,0,0,0
0,0,0,0
0,0,0,0
0,0,0,0
0,0,0,0
0,0,0,0
0,0,0,0
0,0,0,0
0,0,0,0
0,0,0,0
0,0,0,0
0,0,0,0
0,0,0,0
0,0,0,0
0,0,0,0
0,0,0,0
0,0,0,0
0,0,0,0
0,0,0,0
0,0,0,0
0,0,0,0
0,0,0,0
0,0,0,0
0,0,0,0
0,0,0,0
0,0,0,0
0,0,0,0
0,0,0,0
0,0,0,0
0,0,0,0
0,0,0,0
0,0,0,0
0,0,0,0
0,0,0,0
0,0,0,0
0,0,0,0
0,0,0,0
0,0,0,0
0,0,0,0
0,0,0,0
0,0,0,0
0,0,0,0
0,0,0,0
0,0,0,0
0,0,0,0
0,0,0,0
0,0,0,0
0,0,0,0
0,0,0,0
0,0,0,0
0,0,0,0
0,0,0,0
0,0,0,0
0,0,0,0
0,0,0,0
0,0,0,0
0,0,0,0
0,0,0,0
0,0,0,0
0,0,0,0
0,0,0,0
0,0,0,0
0,0,0,0
0,0,0,0
0,0,0,0
0,0,0,0
0,0,0,0
0,0,0,0
0,0,0,0
0,0,0,0
0,0,0,0
0,0,0,0
0,0,0,0
0,0,0,0
0,0,0,0
0,0,0,0
0,0,0,0
0,0,0,0
0,0,0,0
0,0,0,0
0,0,0,0
0,0,0,0
0,0,0,0
0,0,0,0
0,0,0,0
0,0,0,0
0,0,0,0
0,0,0,0
0,0,0,0
0,0,0,0
0,0,0,0
0,0,0,0
0,0,0,0
0,0,0,0
0,0,0,0
0,0,0,0
0,0,0,0
0,0,0,0
0,0,0,0
0,0,0,0
0,0,0,0
0,0,0,0
0,0,0,0
0,0,0,0
0,0,0,0
0,0,0,0
0,0,0,0
0,0,0,0
0,0,0,0
0,0,0,0
0,0,0,0
0,0,0,0
0,0,0,0
0,0,0,0
0,0,0,0
0,0,0,0
0,0,0,0
0,0,0,0
0,0,0,0
0,0,0,0
0,0,0,0
0,0,0,0
0,0,0,0
0,0,0,0
0,0,0,0
0,0,0,0
0,0,0,0
0,0,0,0
0,0,0,0
0,0,0,0
0,0,0,0
0,0,0,0
0,0,0,0
0,0,0,0
0,0,0,0
0,0,0,0
0,0,0,0
0,0,0,0
0,0,0,0
0,0,0,0
0,0,0,0
0,0,0,0
0,0,0,0
0,0,0,0
0,0,0,0
0,0,0,0
0,0,0,0
0,0,0,0
0,0,0,0
0,0,0,0
0,0,0,0
0,0,0,0
0,0,0,0
0,0,0,0
0,0,0,0
0,0,0,0
0,0,0,0
0,0,0,0
0,0,0,0
0,0,0,0
0,0,0,0
0,0,0,0
0,0,0,0
0,0,0,0
0,0,0,0
310.333634919013,504.9375557885167,16.86316163361772,7.062444211483296
310.456088978874,505.1519279605486,17.87068114683933,6.848072039451381
310.731185328281,504.3725230429721,16.436246149222313,7.627476957027909
310.45985019343516,501.41866646468026,18.57082357119924,6.830647750326136
311.0389492865008,501.2039097211179,17.827239505913383,5.160516699080176
310.27192059909163,500.8917709171993,15.201734977548256,6.540281327549849
310.10003303904347,497.86477958421625,18.064927681044082,5.244656423528909
310.34531064651003,497.4433944506384,18.296377387647908,6.567930344283866
310.38856621317876,498.88763372671866,17.71699260240848,4.696070328349265
309.8389337231713,495.08629198270353,18.76551526938249,4.925947758212885
310.5516870126339,494.97970883826116,18.17667957747102,4.664811572979261
310.7060638512226,495.2974059958593,17.87068114683933,4.273423752505039
310.40109621463654,492.273567102782,18.150942948805096,6.147900031046902
310.47046743911824,491.8795270676515,18.383493461221178,6.7170456877539095
310.3328495649651,491.9315763276275,18.004564376637347,7.026171464053618
310.4742686104483,491.8729394490378,17.676436020404992,6.893810047957913
310.04517773951926,487.752000237828,18.357365829001594,7.257563234721545
311.8532051689418,488.4618004462561,16.615849859180685,4.772637725509355
311.9818815176311,488.83174262316135,17.87068114683933,6.215889094552779
311.8153239319359,485.41382391840324,16.86316163361772,5.763359039337672
311.48490634382443,484.96397396235693,16.792614219384745,5.656459526529602
310.46935773174147,484.9017976480248,19.211196797792354,6.1902745237330805
310.5152427806809,482.5154132335909,16.86316163361772,5.763359039337672
310.8217351855114,482.5673428338975,16.239390265026827,5.155361988897425
310.28788731696574,482.65189826443196,15.582415180431553,5.122985812744616
311.1840247766195,476.54613569733004,14.30870539290413,5.6296545808147584
311.469257394156,476.8579740167969,12.373505214283455,3.535287204080987
311.1710400751984,476.5799949430986,13.190156861527669,4.825667144461306
310.3794567956184,473.5155062295914,18.695268539120548,5.665232890642585
311.1736552011729,473.3599773095289,17.270462662806324,5.413130088342257
310.1340344865826,472.7781404947978,15.71611903810782,6.098792462549284
309.4810124999461,470.14836694237215,17.7859988616961,5.413130088342257
310.9921596236674,469.05175105861736,16.497158364471716,5.9286662872320335
310.9476202565396,469.8354474590539,18.061808446780674,5.8642235216820495
311.67830483652256,466.5532377575574,17.12353268331151,6.567930344283866
310.20786173163395,467.0158021529667,16.419825860709693,6.567930344283866
311.9385821759181,466.7687032333701,16.995698671927755,7.081541113303217
310.6311463804697,462.101139524178,18.357365829001594,6.830647750326136
310.6355714636491,462.3821875307286,17.49967166020093,7.247338768366035
309.87592071249725,462.398453322567,17.711807232301794,4.684114309369079
310.4757115868621,462.25056430841164,19.582091881346003,8.720533957484292
311.5606936416185,460.5664739884393,15.88313838562567,7.785948034585601
314.87765947196937,460.62879403495106,11.871128152363156,7.955309455711074
314.75155730598306,460.4750586580975,12.79322044728923,8.796313200330076
314.6723328031884,458.3337178398404,10.716889429534433,8.31370089779773
310.4757115868621,457.31889261965915,17.43148337565657,10.27212413208332
314.549231492499,457.4132594204678,14.121748452326585,10.017529137981
312.2098156331048,452.42397471303593,17.269953153022357,9.298568639565246
310.4757115868621,451.2679053488741,19.004057199265105,9.298568639565246
311.0504242305403,452.47712732748016,17.851309873505954,9.245416025121017
310.8836953393171,449.1950842298504,17.43148337565657,10.27212413208332
311.9126057114738,450.03696424921185,17.43148337565657,10.27212413208332
309.92756334126534,449.64315465968696,17.43148337565657,10.27212413208332
312.66830456924896,443.06537571252625,17.43148337565657,10.27212413208332
310.4757115868621,441.96907922133283,17.43148337565657,10.27212413208332
310.91954022988506,443.1954022988506,18.390804597701162,7.471264367816104
312.1201563236522,441.4209309757361,17.764901147612136,5.7974598288616335
312.1201563236522,441.4209309757361,17.764901147612136,6.3721724725397735
312.1201563236522,441.4209309757361,18.914326434968473,6.3721724725397735
312.1201563236522,435.3913002741721,17.43148337565657,10.27212413208332
310.3448275862069,436.2988505747127,19.206812113101876,9.36457383154277
312.1201563236522,435.3913002741721,17.43148337565657,10.27212413208332
312.1201563236522,430.94449332100794,17.43148337565657,10.27212413208332
312.1201563236522,430.94449332100794,17.43148337565657,10.27212413208332
312.1201563236522,430.94449332100794,17.43148337565657,10.27212413208332
312.1201563236522,430.94449332100794,17.43148337565657,10.27212413208332
312.1201563236522,429.7884239568461,17.937647144555854,8.812732112518063
312.1201563236522,429.2103892747652,16.203543098313105,8.234697430437109
310.96408695949043,429.7884239568461,16.781577780393945,9.968801476679914
313.35936232306153,425.9876693233707,17.43148337565657,10.27212413208332
313.35936232306153,425.9876693233707,17.43148337565657,10.27212413208332
312.2032929588997,425.9876693233707,17.854510509308398,10.879382699750693
313.35936232306153,424.8382440360144,17.100407791881025,7.43761803295115
310.91954022988506,424.2298850574713,17.760185001027537,7.338529580637157
310.3448275862069,423.6551724137931,18.334897644705677,7.913242224315354
310.4251965877663,420.8847678722803,17.55834250688389,8.744861757349327
311.248241855256,421.2962905060251,16.337965041295718,7.531295700871453
311.248241855256,421.2962905060251,17.487390328651998,8.106008344549593
310.0090358558467,413.86105450956927,17.43148337565657,10.27212413208332
310.0090358558467,413.86105450956927,17.43148337565657,10.27212413208332
310.0090358558467,413.86105450956927,17.43148337565657,10.27212413208332
311.4942528735632,409.86206896551727,19.039483551278522,7.311370991123795
312.64367816091954,409.86206896551727,17.890058263922185,7.311370991123795
311.4942528735632,410.4367816091954,19.039483551278522,6.736658347445655
313.10225304918515,406.90131582455774,17.932229709435546,9.282592221419293
313.10225304918515,406.90131582455774,17.43148337565657,10.27212413208332
310.79011432086145,406.90131582455774,18.11161978318478,10.312557007812188
310.4255373809782,403.4595498407334,19.054231405148983,9.708080217070062
310.42553738097826,404.6156192048953,19.632266087229823,7.9739761708272
311.5816067451401,404.03758452281437,17.32012735890612,7.973976170827257
313.31571079138286,405.1936538869762,17.43148337565657,10.27212413208332
311.01686021667024,400.0212400938728,17.43148337565657,10.27212413208332
311.5915728603484,400.0212400938728,19.62229997202155,8.522112507283282
311.58492878354286,400.0145960170672,18.472874684665214,9.10679126616975
311.9474624981016,396.6421020539682,17.43148337565657,10.27212413208332
311.9474624981016,396.6421020539682,17.43148337565657,10.27212413208332
311.9474624981016,396.6421020539682,17.43148337565657,10.27212413208332
310.9212762781406,393.5635433940853,17.43148337565657,10.27212413208332
310.9212762781406,393.5635433940853,17.43148337565657,10.27212413208332
310.9212762781406,393.5635433940853,17.43148337565657,10.27212413208332
310.3465636344625,391.2646928193726,17.43148337565657,10.27212413208332
308.85913148258163,389.9547900018571,17.43148337565657,10.27212413208332
308.85913148258163,389.9547900018571,17.43148337565657,10.27212413208332
308.85913148258163,385.9671180071133,17.43148337565657,10.27212413208332
308.85913148258163,385.9671180071133,17.43148337565657,10.27212413208332
310.57330329840784,383.6682674324007,17.43148337565657,10.27212413208332
313.4568326320069,380.7947042140098,17.43148337565657,10.27212413208332
311.1446939036832,380.79470421400987,17.43148337565657,10.27212413208332
312.5944493487938,381.29797067434816,17.43148337565657,10.27212413208332
311.4450240614375,376.70026952492293,17.43148337565657,10.27212413208332
311.82114505045917,377.94698538156484,17.43148337565657,10.27212413208332
311.82114505045917,377.94698538156484,17.43148337565657,10.27212413208332
312.07891314990405,372.2760871937777,17.43148337565657,10.27212413208332
312.07891314990405,372.2760871937777,17.43148337565657,10.27212413208332
312.07891314990405,372.2760871937777,17.43148337565657,10.27212413208332
312.07891314990405,372.2760871937777,17.43148337565657,10.27212413208332
312.8558992867232,370.4902290216675,17.43148337565657,10.27212413208332
312.8558992867232,369.9121943395866,17.43148337565657,10.27212413208332
311.6998299225613,369.9121943395866,17.43148337565657,10.27212413208332
312.8558992867232,365.8659515650201,17.43148337565657,10.27212413208332
312.8558992867232,365.8659515650201,17.43148337565657,10.27212413208332
312.8558992867232,365.8659515650201,17.43148337565657,10.27212413208332
312.28118664304503,364.7165262776638,17.43148337565657,10.27212413208332
311.7064739993669,364.7165262776638,17.43148337565657,10.27212413208332
311.1317613556887,364.14181363398563,17.43148337565657,10.27212413208332
310.306544485934,360.2007186743775,17.43148337565657,10.27212413208332
310.306544485934,360.2007186743775,17.43148337565657,10.27212413208332
310.306544485934,360.2007186743775,17.43148337565657,10.27212413208332
313.081495134504,352.3027822130629,17.43148337565657,10.27212413208332
311.9254257703422,354.0368862593057,17.43148337565657,10.27212413208332
312.5034604524231,354.61492094138663,17.43148337565657,10.27212413208332
313.081495134504,348.08054127745186,17.43148337565657,10.27212413208332
311.92542577034214,349.81464532369466,17.43148337565657,10.27212413208332
311.92542577034214,350.97071468785646,17.43148337565657,10.27212413208332
313.081495134504,348.08054127745186,17.43148337565657,10.27212413208332
313.081495134504,348.08054127745186,17.43148337565657,10.27212413208332
313.081495134504,348.08054127745186,17.43148337565657,10.27212413208332
312.7982334899719,343.26509332040564,17.43148337565657,10.27212413208332
311.87673306667733,341.8409043350274,17.43148337565657,10.27212413208332
312.0227923533509,342.36684826131767,17.43148337565657,10.27212413208332
310.87336706599456,341.21742297396133,17.43148337565657,10.27212413208332
314.3216429280635,336.0450091808579,17.43148337565657,10.27212413208332
314.3216429280635,336.0450091808579,17.43148337565657,10.27212413208332
310.29865442231636,340.6427103302832,17.43148337565657,10.27212413208332
310.85343483557796,336.62304386293886,17.43148337565657,10.27212413208332
311.43146951765885,336.0450091808579,17.43148337565657,10.27212413208332
310.85343483557796,336.0450091808579,17.43148337565657,10.27212413208332
313.290570530284,331.92071958974,17.43148337565657,10.27212413208332
313.290570530284,331.92071958974,17.43148337565657,10.27212413208332
313.290570530284,331.92071958974,17.43148337565657,10.27212413208332
311.68201481546356,328.22104144565293,14.053516374533615,9.789557417637184
311.68201481546356,328.22104144565293,14.053516374533615,9.789557417637184
311.68201481546356,328.22104144565293,14.053516374533615,9.789557417637184
312.85485951979996,325.64078309611284,14.053516374533615,9.789557417637184
312.85485951979996,325.64078309611284,14.053516374533615,9.789557417637184
312.85485951979996,325.64078309611284,14.053516374533615,9.789557417637184
312.3857216380654,319.54199063356356,14.053516374533615,9.789557417637184
312.3857216380654,319.54199063356356,14.053516374533615,9.789557417637184
312.3857216380654,319.54199063356356,14.053516374533615,9.789557417637184
315.2139514013302,316.36023214989063,14.053516374533615,9.789557417637184
315.2139514013302,316.36023214989063,14.053516374533615,9.789557417637184
315.2139514013302,316.36023214989063,14.053516374533615,9.789557417637184
310.40462427745666,310.8554913294798,19.25133656681669,10.243888348723885
310.40462427745666,309.6994219653179,19.25133656681669,11.399957712885737
311.5606936416185,311.4335260115607,18.09526720265484,9.665853666642988
310.98265895953756,312.5895953757225,18.673301884735793,8.509784302481137
311.19162475529004,307.369347920645,20.022248077079894,8.68845554756308
310.61359007320914,306.21327855648315,20.60028275916079,10.422559593805886
310.643488418834,308.50216301598743,19.992349731455022,10.4458138626253
310.40462427745666,305.6531791907515,19.464794309014394,8.615552737126052
307.19521255676506,304.4791745102403,22.86259091144302,11.578628957967794
309.2485549132948,303.91907514450867,20.620863673176245,10.349656783368857
309.8265895953757,301.02890173410407,21.965317919075176,9.826589595375708
306.5673472986427,300.43293173567383,24.646525533727242,11.00059427588684
308.09248554913296,302.1849710982659,21.38728323699422,9.248554913294754
311.5606936416185,296.98265895953756,18.308724944852543,10.014435801454226
315.81590221193744,297.2075373433546,14.053516374533615,9.789557417637184
315.81590221193744,297.2075373433546,14.053516374533615,9.789557417637184
312.2589134662785,294.2814674970991,18.376924684010532,8.481538283247744
311.10284410211665,291.96932876877537,17.79889000192958,10.793677011571503
312.2589134662785,292.54736345085627,17.79889000192958,10.21564232949055
308.4472396325793,287.4789682119479,22.18859851770975,10.081725429670598
309.2485549132948,286.57803468208095,20.855432614043536,11.481983371782746
308.67052023121386,286.0,21.43346729612449,12.0600180538637
313.1520968403434,281.82524671432196,16.38536739793068,10.569538448899152
313.1520968403434,281.82524671432196,16.38536739793068,10.569538448899152
313.1520968403434,281.82524671432196,16.38536739793068,10.569538448899152
311.3477201442293,279.76310191876297,16.38536739793068,10.569538448899152
311.3477201442293,279.76310191876297,16.38536739793068,10.569538448899152
311.3477201442293,279.76310191876297,16.38536739793068,10.569538448899152
311.3477201442293,279.76310191876297,16.38536739793068,10.569538448899152
313.925401138678,275.89658042708993,16.38536739793068,10.569538448899152
313.925401138678,275.89658042708993,16.38536739793068,10.569538448899152
313.925401138678,275.89658042708993,16.38536739793068,10.569538448899152
311.3451427891379,272.14347737321344,16.38536739793068,10.569538448899152
311.3451427891379,272.14347737321344,16.38536739793068,10.569538448899152
311.3451427891379,272.14347737321344,16.38536739793068,10.569538448899152
310.8148497085258,267.3708396477041,16.38536739793068,10.569538448899152
310.8148497085258,267.3708396477041,16.38536739793068,10.569538448899152
310.8148497085258,267.3708396477041,16.38536739793068,10.569538448899152
310.668471136358,265.02878249301955,16.38536739793068,10.569538448899152
310.668471136358,265.02878249301955,16.38536739793068,10.569538448899152
310.668471136358,265.02878249301955,16.38536739793068,10.569538448899152
310.4339021954907,260.33740367567395,16.38536739793068,10.569538448899152
310.4339021954907,260.33740367567395,16.38536739793068,10.569538448899152
310.4339021954907,260.33740367567395,16.38536739793068,10.569538448899152
311.09992468520534,256.87408672915797,15.31973141438732,10.569538448899152
311.09992468520534,256.87408672915797,15.31973141438732,10.569538448899152
311.09992468520534,256.87408672915797,15.31973141438732,10.569538448899152
313.0301915429899,253.0135530135889,15.31973141438732,10.569538448899124
313.0301915429899,253.0135530135889,15.31973141438732,10.569538448899124
313.0301915429899,253.0135530135889,15.31973141438732,10.569538448899124
311.9629028320014,247.0367362320535,17.02739335196884,10.7829961910968
311.9629028320014,247.0367362320535,17.02739335196884,10.7829961910968
311.9629028320014,247.0367362320535,17.02739335196884,10.7829961910968
311.9629028320014,247.0367362320535,17.02739335196884,10.7829961910968
312.1974717728687,243.75277105991157,17.02739335196884,10.7829961910968
312.1974717728687,243.75277105991157,17.02739335196884,10.7829961910968
312.1974717728687,243.75277105991157,17.02739335196884,10.7829961910968
311.984014030671,239.6970739581554,17.02739335196884,10.7829961910968
311.984014030671,239.6970739581554,17.02739335196884,10.7829961910968
311.984014030671,239.6970739581554,17.02739335196884,10.7829961910968
311.984014030671,236.78337594508378,17.02739335196884,10.7829961910968
311.984014030671,236.78337594508378,17.02739335196884,10.7829961910968
311.984014030671,236.78337594508378,17.02739335196884,10.7829961910968
311.5148761489364,232.79570395034,17.02739335196884,10.7829961910968
311.5148761489364,232.79570395034,17.02739335196884,10.7829961910968
311.5148761489364,232.79570395034,17.02739335196884,10.7829961910968
312.6877208532728,225.99320466518884,17.02739335196884,10.7829961910968
312.6877208532728,225.99320466518884,17.02739335196884,10.7829961910968
312.6877208532728,225.99320466518884,17.02739335196884,10.7829961910968
312.6877208532728,222.45791746110785,17.02739335196884,10.7829961910968
312.6877208532728,222.45791746110785,17.02739335196884,10.7829961910968
312.6877208532728,222.45791746110785,17.02739335196884,10.7829961910968
311.8038990522526,219.98321641825115,17.02739335196884,10.7829961910968
311.8038990522526,219.98321641825115,17.02739335196884,10.7829961910968
311.8038990522526,219.98321641825115,17.02739335196884,10.7829961910968
312.44732133818076,212.10129341563098,17.02739335196884,10.7829961910968
312.44732133818076,212.10129341563098,17.02739335196884,10.7829961910968
312.44732133818076,212.10129341563098,17.02739335196884,10.7829961910968
312.44732133818076,212.10129341563098,17.02739335196884,10.7829961910968
311.5975364045844,204.16996736873134,17.02739335196884,10.7829961910968
311.5975364045844,203.93539842786404,19.373082760641637,11.01756513196409
311.5975364045844,203.93539842786404,19.373082760641637,11.01756513196409
311.170620920189,198.38549713072405,19.373082760641637,11.01756513196409
311.170620920189,198.38549713072405,19.373082760641637,11.01756513196409
311.170620920189,198.38549713072405,19.373082760641637,11.01756513196409
311.9439252185236,192.7145989429369,19.373082760641637,11.01756513196409
311.9439252185236,192.7145989429369,19.373082760641637,11.01756513196409
311.9439252185236,192.7145989429369,19.373082760641637,11.01756513196409
312.1784941593909,185.91209965778575,19.373082760641637,11.01756513196409
312.1784941593909,185.91209965778575,19.373082760641637,11.01756513196409
312.1784941593909,185.91209965778575,19.373082760641637,11.01756513196409
312.56698722780044,179.11347096061863,19.373082760641637,11.01756513196409
312.56698722780044,179.11347096061863,19.373082760641637,11.01756513196409
312.56698722780044,179.11347096061863,19.373082760641637,11.01756513196409
312.3902228675964,173.10348271368093,19.373082760641637,11.01756513196409
312.3902228675964,173.10348271368093,19.373082760641637,11.01756513196409
312.3902228675964,173.10348271368093,19.373082760641637,11.01756513196409
312.58446940180113,165.91636094810426,19.373082760641637,11.01756513196409
312.58446940180113,165.91636094810426,19.373082760641637,11.01756513196409
312.58446940180113,165.91636094810426,19.373082760641637,11.01756513196409
312.58446940180113,159.0225509001463,19.373082760641637,11.01756513196409
312.58446940180113,159.0225509001463,19.373082760641637,11.01756513196409
312.58446940180113,159.0225509001463,19.373082760641637,11.01756513196409
312.58446940180113,159.0225509001463,19.373082760641637,11.01756513196409
312.4512649038582,151.96271250917138,19.373082760641637,11.01756513196409
312.4512649038582,151.96271250917138,19.373082760641637,11.01756513196409
312.4512649038582,151.96271250917138,19.373082760641637,11.01756513196409
312.06277183544864,145.94106994882335,19.373082760641637,11.01756513196409
312.06277183544864,145.94106994882335,19.373082760641637,11.01756513196409
312.06277183544864,145.94106994882335,19.373082760641637,11.01756513196409
312.06277183544864,143.45263422197104,19.373082760641637,11.01756513196409
312.06277183544864,143.45263422197104,19.373082760641637,11.01756513196409
312.06277183544864,143.45263422197104,19.373082760641637,11.01756513196409
312.06277183544864,143.45263422197104,19.373082760641637,11.01756513196409
312.06277183544864,143.45263422197104,19.373082760641637,11.01756513196409
312.06277183544864,143.45263422197104,19.373082760641637,11.01756513196409
312.19597633339157,141.72097574871304,19.373082760641637,11.01756513196409
312.19597633339157,141.72097574871304,19.373082760641637,11.01756513196409
312.19597633339157,141.72097574871304,19.373082760641637,11.01756513196409
312.19597633339157,141.72097574871304,19.373082760641637,11.01756513196409
312.19597633339157,141.72097574871304,19.373082760641637,11.01756513196409
312.19597633339157,141.72097574871304,19.373082760641637,11.01756513196409
312.19597633339157,141.72097574871304,19.373082760641637,11.01756513196409
312.19597633339157,141.72097574871304,19.373082760641637,11.01756513196409
312.19597633339157,141.72097574871304,19.373082760641637,11.01756513196409
312.19597633339157,141.72097574871304,19.373082760641637,11.01756513196409
312.19597633339157,141.72097574871304,19.373082760641637,11.01756513196409
312.19597633339157,141.72097574871304,19.373082760641637,11.01756513196409
312.19597633339157,141.72097574871304,19.373082760641637,11.01756513196409
312.19597633339157,141.72097574871304,19.373082760641637,11.01756513196409
312.19597633339157,141.72097574871304,19.373082760641637,11.01756513196409
312.19597633339157,141.72097574871304,19.373082760641637,11.01756513196409
312.19597633339157,141.72097574871304,19.373082760641637,11.01756513196409
312.19597633339157,141.72097574871304,19.373082760641637,11.01756513196409
312.19597633339157,141.72097574871304,19.373082760641637,11.01756513196409
312.19597633339157,141.72097574871304,19.373082760641637,11.01756513196409
312.19597633339157,141.72097574871304,19.373082760641637,11.01756513196409
312.19597633339157,141.72097574871304,19.373082760641637,11.01756513196409
312.8619988231062,140.52213526722673,19.373082760641637,11.01756513196409
312.8619988231062,140.52213526722673,19.373082760641637,11.01756513196409
312.8619988231062,140.52213526722673,19.373082760641637,11.01756513196409
311.1303403498482,140.12252177339795,19.373082760641637,11.01756513196409
311.1303403498482,140.12252177339795,19.373082760641637,11.01756513196409
311.1303403498482,140.12252177339795,19.373082760641637,11.01756513196409
308.19984139510393,138.6572722960258,19.373082760641637,11.01756513196409
308.19984139510393,138.6572722960258,19.373082760641637,11.01756513196409
308.19984139510393,138.6572722960258,19.373082760641637,11.01756513196409
303.3693485135671,138.6572722960258,19.373082760641637,11.01756513196409
303.3693485135671,138.6572722960258,19.373082760641637,11.01756513196409
303.3693485135671,138.6572722960258,19.373082760641637,11.01756513196409
293.1170156217322,138.30374357561772,19.373082760641637,11.01756513196409
293.1170156217322,138.30374357561772,19.373082760641637,11.01756513196409
293.1170156217322,138.30374357561772,19.373082760641637,11.01756513196409
293.1170156217322,138.30374357561772,19.373082760641637,11.01756513196409
285.7176593335582,137.66032128968953,19.373082760641637,11.01756513196409
285.7176593335582,137.66032128968953,19.373082760641637,11.01756513196409
285.7176593335582,137.66032128968953,19.373082760641637,11.01756513196409
280.0611998070286,137.13002820907738,19.373082760641637,11.01756513196409
280.0611998070286,137.13002820907738,19.373082760641637,11.01756513196409
280.0611998070286,137.13002820907738,19.373082760641637,11.01756513196409
275.81622121416285,136.9836496369096,19.373082760641637,11.01756513196409
275.81622121416285,136.9836496369096,19.373082760641637,11.01756513196409
275.81622121416285,136.9836496369096,19.373082760641637,11.01756513196409
275.81622121416285,136.9836496369096,19.373082760641637,11.01756513196409
269.45270424681706,136.09982783588936,19.373082760641637,11.01756513196409
269.45270424681706,136.09982783588936,19.373082760641637,11.01756513196409
264.1497734406956,138.22100015833794,19.373082760641637,11.01756513196409
264.1497734406956,138.22100015833794,19.373082760641637,11.01756513196409
264.1497734406956,138.22100015833794,19.373082760641637,11.01756513196409
258.67007827437004,138.04423579813388,19.373082760641637,11.01756513196409
258.67007827437004,138.04423579813388,19.373082760641637,11.01756513196409
258.67007827437004,138.04423579813388,19.373082760641637,11.01756513196409
251.67720304299814,138.43272886654344,19.373082760641637,11.01756513196409
251.67720304299814,138.43272886654344,19.373082760641637,11.01756513196409
251.67720304299814,138.43272886654344,19.373082760641637,11.01756513196409
245.49045043585642,137.9024357859313,19.373082760641637,11.01756513196409
245.49045043585642,137.9024357859313,19.373082760641637,11.01756513196409
245.49045043585642,137.9024357859313,19.373082760641637,11.01756513196409
245.49045043585642,137.9024357859313,19.373082760641637,11.01756513196409
240.1540068809141,138.75626675472205,19.373082760641637,11.01756513196409
240.1540068809141,138.75626675472205,19.373082760641637,11.01756513196409
240.1540068809141,138.75626675472205,19.373082760641637,11.01756513196409
233.92225070120725,138.75626675472205,19.373082760641637,11.01756513196409
233.92225070120725,138.75626675472205,19.373082760641637,11.01756513196409
233.92225070120725,138.75626675472205,19.373082760641637,11.01756513196409
228.50912061286496,138.49849865527716,19.373082760641637,11.01756513196409
228.50912061286496,138.49849865527716,19.373082760641637,11.01756513196409
228.50912061286496,138.49849865527716,19.373082760641637,11.01756513196409
223.72025158638047,139.52468487523814,19.373082760641637,11.01756513196409
223.72025158638047,139.52468487523814,19.373082760641637,11.01756513196409
223.72025158638047,139.52468487523814,19.373082760641637,11.01756513196409
223.4624834869356,140.29798917357274,19.373082760641637,11.01756513196409
215.36999793780268,140.29798917357274,19.373082760641637,11.01756513196409
215.94803261988358,140.29798917357274,19.373082760641637,11.01756513196409
206.43201635236554,139.71995449149182,19.373082760641637,11.01756513196409
211.63432849109387,140.29798917357274,19.373082760641637,11.01756513196409
207.01005103444646,140.29798917357274,19.373082760641637,11.01756513196409
206.65355308898106,139.98671268472174,19.373082760641637,11.01756513196409
206.65355308898106,139.98671268472174,19.373082760641637,11.01756513196409
206.65355308898106,139.98671268472174,19.373082760641637,11.01756513196409
206.65355308898106,139.98671268472174,19.373082760641637,11.01756513196409
202.02927563233365,139.98671268472174,19.373082760641637,11.01756513196409
200.87320626817183,139.98671268472174,19.373082760641637,11.01756513196409
200.87320626817183,139.98671268472174,19.373082760641637,11.01756513196409
189.20838734964468,139.6446506114014,19.373082760641637,11.01756513196409
189.20838734964468,139.6446506114014,19.373082760641637,11.01756513196409
189.20838734964468,139.6446506114014,19.373082760641637,11.01756513196409
183.9166870391775,141.82358603335848,19.373082760641637,11.01756513196409
183.9166870391775,141.82358603335848,19.373082760641637,11.01756513196409
183.9166870391775,141.82358603335848,19.373082760641637,11.01756513196409
183.9166870391775,141.82358603335848,19.373082760641637,11.01756513196409
183.9166870391775,141.82358603335848,19.373082760641637,11.01756513196409
176.4022361721255,141.82358603335848,19.373082760641637,11.01756513196409
172.2640192360625,140.32001599424686,19.373082760641637,11.01756513196409
172.2640192360625,140.32001599424686,19.373082760641637,11.01756513196409
172.2640192360625,140.32001599424686,19.373082760641637,11.01756513196409
169.99792607980544,140.603277638779,16.257204670788212,10.734303487431959
169.99792607980544,140.603277638779,16.257204670788212,10.734303487431959
169.99792607980544,140.603277638779,16.257204670788212,10.734303487431959
148.51984834908575,141.84838359418302,16.257204670788212,10.734303487431959
148.51984834908575,141.84838359418302,16.257204670788212,10.734303487431959
148.51984834908575,141.84838359418302,16.257204670788212,10.734303487431959
148.51984834908575,141.84838359418302,16.257204670788212,10.734303487431959
148.51984834908575,141.84838359418302,16.257204670788212,10.734303487431959
148.51984834908575,141.84838359418302,16.257204670788212,10.734303487431959
148.51984834908575,141.84838359418302,16.257204670788212,10.734303487431959
148.51984834908575,141.84838359418302,16.257204670788212,10.734303487431959
148.51984834908575,141.84838359418302,16.257204670788212,10.734303487431959
148.51984834908575,141.84838359418302,16.257204670788212,10.734303487431959
149.45812411255488,142.0829525350503,16.257204670788212,10.734303487431959
149.45812411255488,142.0829525350503,16.257204670788212,10.734303487431959
149.45812411255488,142.0829525350503,16.257204670788212,10.734303487431959
153.94073669870642,142.93678350384107,16.257204670788212,10.734303487431959
153.94073669870642,142.93678350384107,16.257204670788212,10.734303487431959
153.94073669870642,142.93678350384107,16.257204670788212,10.734303487431959
156.13332968109333,142.38863525824434,16.257204670788212,10.734303487431959
156.13332968109333,142.38863525824434,16.257204670788212,10.734303487431959
156.13332968109333,142.38863525824434,16.257204670788212,10.734303487431959
159.82401383098406,142.58288179244911,16.257204670788212,10.734303487431959
159.82401383098406,142.58288179244911,16.257204670788212,10.734303487431959
159.82401383098406,142.58288179244911,16.257204670788212,10.734303487431959
166.54105951873794,142.05258871183696,16.257204670788212,10.734303487431959
166.54105951873794,142.05258871183696,16.257204670788212,10.734303487431959
166.54105951873794,142.05258871183696,16.257204670788212,10.734303487431959
172.51787630027334,141.83913096963926,16.257204670788212,10.734303487431959
172.51787630027334,141.83913096963926,16.257204670788212,10.734303487431959
172.51787630027334,141.83913096963926,16.257204670788212,10.734303487431959
178.85123770368995,142.07369991050655,16.257204670788212,10.734303487431959
178.85123770368995,142.07369991050655,16.257204670788212,10.734303487431959
178.85123770368995,142.07369991050655,16.257204670788212,10.734303487431959
186.32187343611417,142.69625288820856,16.257204670788212,10.734303487431959
186.32187343611417,142.69625288820856,16.257204670788212,10.734303487431959
186.32187343611417,142.69625288820856,16.257204670788212,10.734303487431959
186.32187343611417,142.69625288820856,16.257204670788212,10.734303487431959
189.40043209599708,139.959756301646,16.257204670788212,10.734303487431959
189.40043209599708,139.959756301646,16.257204670788212,10.734303487431959
189.40043209599708,139.959756301646,16.257204670788212,10.734303487431959
192.47899075587998,140.98594252160697,16.257204670788212,10.734303487431959
192.47899075587998,140.98594252160697,16.257204670788212,10.734303487431959
192.47899075587998,140.98594252160697,16.257204670788212,10.734303487431959
204.65924147076154,142.1189890997355,16.257204670788212,10.734303487431959
204.65924147076154,142.1189890997355,16.257204670788212,10.734303487431959
204.65924147076154,142.1189890997355,16.257204670788212,10.734303487431959
210.26221827007973,142.1189890997355,16.257204670788212,10.734303487431959
210.26221827007973,142.1189890997355,16.257204670788212,10.734303487431959
210.26221827007973,142.1189890997355,16.257204670788212,10.734303487431959
211.96988020766128,141.9055313575378,16.257204670788212,10.734303487431959
211.96988020766128,141.9055313575378,16.257204670788212,10.734303487431959
211.96988020766128,141.9055313575378,16.257204670788212,10.734303487431959
212.43901808939583,142.1401002984051,16.257204670788212,10.734303487431959
212.43901808939583,142.1401002984051,16.257204670788212,10.734303487431959
212.43901808939583,142.1401002984051,16.257204670788212,10.734303487431959
212.43901808939583,142.1401002984051,16.257204670788212,10.734303487431959
214.1731221356386,142.1401002984051,16.257204670788212,10.734303487431959
213.01705277147676,143.87420434464786,16.257204670788212,10.734303487431959
213.01705277147676,144.13178359799835,16.257204670788212,10.734303487431959
212.43901808939583,144.13178359799835,16.257204670788212,10.734303487431959
212.43901808939583,144.13178359799835,16.257204670788212,10.734303487431959
212.43901808939583,144.13178359799835,16.257204670788212,10.734303487431959
216.94972820673067,148.6424937153332,16.257204670788212,10.734303487431959
216.94972820673067,148.6424937153332,16.257204670788212,10.734303487431959
216.94972820673067,148.6424937153332,16.257204670788212,10.734303487431959
218.31797650001195,149.66867993529416,16.257204670788212,10.734303487431959
218.31797650001195,149.66867993529416,16.257204670788212,10.734303487431959
218.31797650001195,149.66867993529416,16.257204670788212,10.734303487431959
218.31797650001195,155.1416731084193,16.257204670788212,10.734303487431959
218.31797650001195,155.1416731084193,16.257204670788212,10.734303487431959
218.31797650001195,155.1416731084193,16.257204670788212,10.734303487431959
221.7861845924975,159.7659505650667,16.257204670788212,10.734303487431959
219.46740178736826,158.58994897048825,19.038345339068513,11.616947581235877
218.89268914369012,159.16466161416642,16.257204670788212,10.734303487431959
219.87435894426702,163.85741479624758,16.257204670788212,10.734303487431959
219.87435894426702,163.85741479624758,16.257204670788212,10.734303487431959
219.87435894426702,163.85741479624758,16.257204670788212,10.734303487431959
223.97910382411087,167.2780355294508,16.257204670788212,10.734303487431959
223.97910382411087,167.2780355294508,16.257204670788212,10.734303487431959
223.97910382411087,167.2780355294508,16.257204670788212,10.734303487431959
223.04527435755784,171.3246298845139,16.257204670788212,10.734303487431959
223.04527435755784,171.3246298845139,16.257204670788212,10.734303487431959
223.04527435755784,171.3246298845139,16.257204670788212,10.734303487431959
223.04527435755784,173.6414445608862,17.28827706856771,10.734303487431959
223.04527435755784,171.3246298845139,17.28827706856771,10.734303487431959
223.04527435755784,171.3246298845139,17.28827706856771,10.734303487431959
223.04527435755784,171.3246298845139,17.28827706856771,10.734303487431959
223.04527435755784,177.42342234706322,17.28827706856771,8.857751960493715
223.04527435755784,177.42342234706322,17.28827706856771,8.857751960493715
223.04527435755784,177.42342234706322,17.28827706856771,8.857751960493715
223.04527435755784,181.2656617066217,17.28827706856771,8.857751960493715
223.04527435755784,181.2656617066217,17.28827706856771,8.857751960493715
223.04527435755784,181.2656617066217,17.28827706856771,8.857751960493715
223.04527435755784,188.52322494134324,17.28827706856771,8.857751960493715
223.04527435755784,188.52322494134324,17.28827706856771,8.857751960493715
223.04527435755784,188.52322494134324,17.28827706856771,8.857751960493715
223.25873209975555,192.7923797852971,17.28827706856771,8.857751960493715
223.25873209975555,192.7923797852971,17.28827706856771,8.857751960493715
223.25873209975555,192.7923797852971,17.28827706856771,8.857751960493715
223.25873209975555,195.3538726916694,17.28827706856771,8.857751960493715
223.25873209975555,195.3538726916694,17.28827706856771,8.857751960493715
223.25873209975555,195.3538726916694,17.28827706856771,8.857751960493715
223.25873209975555,199.3500076299571,17.28827706856771,8.857751960493715
223.25873209975555,199.3500076299571,17.28827706856771,8.857751960493715
223.25873209975555,199.3500076299571,17.28827706856771,8.857751960493715
223.25873209975555,202.5518737629225,17.28827706856771,8.857751960493715
223.25873209975555,202.5518737629225,17.28827706856771,8.857751960493715
223.25873209975555,202.5518737629225,17.28827706856771,8.857751960493715
223.01629992318735,207.52173338257066,17.651925333420024,7.524374989368596
223.01629992318735,207.52173338257066,17.651925333420024,7.524374989368596
223.01629992318735,207.52173338257066,17.651925333420024,7.524374989368596
