350.011518243652,93.64928105358429,13.203947007232728,7.6443903726084415
349.89527861287326,93.57132408433623,13.393544909643879,7.886554363039039
349.7424680653468,93.82100735690905,13.406745162593893,7.509474347402289
349.7424680653468,93.82100735690905,13.406745162593893,7.509474347402289
349.7424680653468,93.82100735690905,13.406745162593893,7.509474347402289
349.7424680653468,93.82100735690905,13.406745162593893,7.509474347402289
350.6446728553688,93.09924352489169,13.406745162593893,7.509474347402289
352.88127393743633,91.91516059909124,13.406745162593893,7.509474347402289
352.88127393743633,91.91516059909124,13.406745162593893,7.509474347402289
352.88127393743633,91.91516059909124,13.406745162593893,7.509474347402289
353.970761741982,90.934621575,13.406745162593893,7.509474347402289
353.8355120150679,91.22480346921337,13.325557372031483,8.226492051101062
353.8355120150679,91.22480346921337,13.325557372031483,8.226492051101062
356.80463035174165,90.02636688421296,12.514788696148742,8.226492051101062
356.80463035174165,90.02636688421296,12.514788696148742,8.226492051101062
356.80463035174165,90.02636688421296,12.514788696148742,8.226492051101062
356.80463035174165,90.02636688421296,12.514788696148742,8.226492051101062
356.47778401037795,88.93687907966708,13.931122842058414,9.315979855646944
356.47778401037795,88.93687907966708,13.931122842058414,9.315979855646944
359.5474703018688,87.40203593392164,12.906454095689924,7.727743298775749
359.5474703018688,87.40203593392164,12.906454095689924,7.727743298775749
359.5474703018688,87.40203593392164,12.906454095689924,7.727743298775749
360.59343241742005,87.62617067296829,12.906454095689924,7.727743298775749
360.59343241742005,87.62617067296829,12.906454095689924,7.727743298775749
360.59343241742005,87.62617067296829,12.906454095689924,7.727743298775749
360.59343241742005,85.83031170823779,12.906454095689924,7.727743298775749
360.59343241742005,85.83031170823779,12.906454095689924,7.727743298775749
360.59343241742005,85.83031170823779,12.906454095689924,7.727743298775749
360.59343241742005,85.83031170823779,12.906454095689924,7.727743298775749
363.4668067609892,85.35141598430965,12.906454095689924,7.727743298775749
363.4668067609892,85.35141598430965,12.906454095689924,7.727743298775749
363.4668067609892,85.35141598430965,12.906454095689924,7.727743298775749
365.64578237008055,83.71718427749092,12.906454095689924,7.727743298775749
365.64578237008055,83.71718427749092,12.906454095689924,7.727743298775749
365.64578237008055,83.71718427749092,12.906454095689924,7.727743298775749
367.23453703744445,82.60505601033609,12.906454095689924,7.727743298775749
367.23453703744445,82.60505601033609,12.906454095689924,7.727743298775749
367.23453703744445,82.60505601033609,12.906454095689924,7.727743298775749
369.9318786075484,80.1608182397743,13.177115532696462,9.261491441812737
369.9318786075484,80.1608182397743,13.177115532696462,9.261491441812737
369.9318786075484,80.1608182397743,13.177115532696462,9.261491441812737
371.0213664120941,80.1608182397743,13.177115532696462,9.261491441812737
371.0213664120941,80.1608182397743,13.177115532696462,9.261491441812737
371.0213664120941,80.1608182397743,13.461392208595555,8.43688290965099
374.2083280541938,77.53464688493764,13.722706428564777,7.614778402418679
374.2083280541938,77.53464688493764,13.722706428564777,7.040065758740525
374.2083280541938,77.53464688493764,13.722706428564777,7.614778402418679
375.05164858662425,76.69132635250722,12.879385896134352,6.159248360136459
375.05164858662425,76.69132635250722,12.879385896134352,6.733961003814628
375.05164858662425,76.69132635250722,12.879385896134352,7.308673647492782
377.0254992233705,73.76982450126454,14.048083967109676,8.339289570081078
377.0254992233705,73.76982450126454,14.048083967109676,8.339289570081078
377.0254992233705,73.76982450126454,14.048083967109676,8.339289570081078
376.404814392288,74.21058104462725,15.061375103546936,7.9337384348261395
378.84941650054685,72.72791669522269,13.869457672930707,9.042342502449927
379.0789766466722,72.77198554214209,14.045776980256562,8.96538956186589
378.9775136864858,72.84602782960586,14.209395360992744,7.750579287814233
381.73765862096997,70.750669852323,14.546946850028121,8.248598433642314
381.73739178280186,70.85809709168242,14.601004054129646,8.90908721946893
381.25522315475456,70.50548321088084,14.778115220530935,9.359472973002923
383.7751239741563,68.542475269823,14.396595886477542,8.914618093406034
383.92021701815315,68.55667634285749,14.169147811855055,8.107686758827128
383.8092863138866,68.73949770309031,14.269911719303195,7.770004286950439
385.04618912507107,66.48365508794795,16.291740957076115,9.545941967036796
385.0848283629297,66.6474742477508,15.9882780519942,9.563082199323617
385.1802245077933,66.6005200045058,16.138157453284464,8.339334951936479
387.6085920938731,65.65697883628904,15.56405578635406,7.799594547563444
387.7214287041158,65.6739195842519,15.506086202777226,7.321430392651507
387.4658936137879,65.23660295669633,15.540008573900877,8.292985344725949
388.4824246758257,62.88657041936569,17.264701760955916,9.619176707071098
390.8595103438683,62.69867075600752,16.61175402394781,9.232363726751096
390.71250024123776,62.83066817272323,16.184051482900145,7.950941022679068
392.30782188987126,60.167087186402554,17.462293052657458,7.740958790608943
392.61798777542805,60.266196441164325,16.178222617702545,7.856463082279049
392.61798777542805,60.266196441164325,16.178222617702545,7.856463082279049
397.1938365545199,56.888784247072046,15.80524320453435,6.737524842774306
397.1938365545199,56.888784247072046,15.80524320453435,6.737524842774306
397.1938365545199,56.888784247072046,15.80524320453435,6.737524842774306
397.1938365545199,56.888784247072046,15.80524320453435,6.737524842774306
398.91034647569535,55.850492910278064,16.281155967821178,7.417400218898365
399.8658199525309,55.76115970312927,15.29719596279125,8.566429739163091
399.8622417328562,55.58197938739441,15.434920341443444,8.456365931748266
403.8544020591568,51.96283440483214,15.370030961885789,9.627382031071335
403.82039745755105,51.937203345925454,15.90908380130287,9.790205416186396
403.82039745755105,51.937203345925454,15.90908380130287,9.790205416186396
405.56628157938076,50.889672872827504,15.90908380130287,9.790205416186396
405.56628157938076,50.889672872827504,15.90908380130287,9.790205416186396
405.56628157938076,50.889672872827504,15.90908380130287,9.790205416186396
410.6262047739633,48.78137154175144,15.90908380130287,9.790205416186396
410.6262047739633,48.78137154175144,15.90908380130287,9.790205416186396
410.6262047739633,48.78137154175144,15.90908380130287,9.790205416186396
413.03681325274584,49.38469786213681,15.20974740161256,9.930072696124462
413.03681325274584,49.38469786213681,15.20974740161256,9.930072696124462
413.03681325274584,49.38469786213681,15.20974740161256,9.930072696124462
416.6547753184905,53.05558399679198,15.20974740161256,9.930072696124462
416.6547753184905,53.05558399679198,15.20974740161256,9.930072696124462
416.6547753184905,53.05558399679198,15.20974740161256,9.930072696124462
418.7630766495666,56.42886612651368,15.20974740161256,9.93007269612447
418.7630766495666,56.42886612651368,15.20974740161256,9.93007269612447
418.7630766495666,56.42886612651368,15.20974740161256,9.93007269612447
423.0804315074677,64.03642168530634,14.343586144164192,8.69269947119821
423.0804315074677,64.03642168530634,14.343586144164192,8.69269947119821
423.0804315074677,64.03642168530634,14.343586144164192,8.69269947119821
423.0804315074677,64.03642168530634,14.343586144164192,8.69269947119821
424.12796198056554,68.05195516551498,14.343586144164192,8.692699471198225
424.12796198056554,68.05195516551498,14.343586144164192,8.692699471198225
424.12796198056554,68.05195516551498,14.343586144164192,8.692699471198225
423.8161455676294,77.82699876303087,16.47820278712976,10.58101419382163
423.8161455676294,77.82699876303087,16.47820278712976,10.58101419382163
423.8161455676294,77.82699876303087,16.47820278712976,10.58101419382163
423.93586949861145,81.84138326623868,16.47820278712976,10.58101419382163
423.93586949861145,81.84138326623868,16.47820278712976,10.58101419382163
423.93586949861145,81.84138326623868,16.47820278712976,10.58101419382163
424.35752976482667,91.11790912297336,16.47820278712976,10.58101419382163
424.35752976482667,91.11790912297336,16.47820278712976,10.58101419382163
424.35752976482667,91.11790912297336,16.47820278712976,10.58101419382163
424.58921123246387,95.9832199433552,16.47820278712976,10.58101419382163
424.58921123246387,95.9832199433552,16.47820278712976,10.58101419382163
424.58921123246387,95.9832199433552,16.47820278712976,10.58101419382163
424.726444132404,106.3463825957534,15.575997997108004,10.039691319808583
425.30115677608217,105.77166995207526,15.575997997108004,10.039691319808583
424.726444132404,105.19695730839709,15.575997997108004,10.039691319808583
424.3258731372832,110.73025301750936,16.47820278712976,7.964620302758547
424.3258731372832,111.3049656611875,16.47820278712976,7.964620302758547
423.7511604936051,111.3049656611875,16.47820278712976,7.964620302758547
424.13793103448273,119.05747126436782,16.09143224625211,10.083667294767508
423.5632183908046,119.63218390804599,16.66614488993025,9.50895465108934
422.98850574712645,119.05747126436782,17.24085753360839,10.083667294767508
422.98850574712645,118.48275862068965,17.24085753360839,10.658379938445677
423.4562005267938,122.4571223247671,16.77316275394105,7.179733190297284
423.4562005267938,122.4571223247671,16.77316275394105,7.179733190297284
423.4562005267938,122.4571223247671,16.77316275394105,7.179733190297284
422.3910206891393,128.53062318644493,17.97159933894153,12.845069773935876
422.3910206891393,128.53062318644493,17.97159933894153,12.845069773935876
422.3910206891393,128.53062318644493,17.97159933894153,12.845069773935876
422.28855381450245,133.39817951491278,17.30556465380198,11.922867902204217
422.28855381450245,133.39817951491278,17.30556465380198,11.922867902204217
422.28855381450245,133.39817951491278,17.30556465380198,11.922867902204217
420.753710668757,140.767490500992,16.313139384778026,11.652206465197679
420.753710668757,140.767490500992,16.313139384778026,11.652206465197679
420.753710668757,140.767490500992,16.313139384778026,11.652206465197679
418.6433013433569,143.83717679248306,16.313139384778026,11.652206465197679
418.6433013433569,143.83717679248306,16.313139384778026,11.652206465197679
418.6433013433569,143.83717679248306,16.313139384778026,11.652206465197679
411.9287073972348,151.7464089905838,16.313139384778026,11.652206465197679
411.89009936504993,152.2483134089874,16.544787577887348,9.451548630658891
411.89009936504993,152.2483134089874,16.544787577887348,9.451548630658891
407.2418453416327,154.97584479952212,16.544787577887348,9.451548630658891
407.2418453416327,154.97584479952212,16.544787577887348,9.451548630658891
407.2418453416327,154.97584479952212,16.544787577887348,9.451548630658891
395.80545958484197,160.40945923753833,16.544787577887348,9.451548630658891
395.80545958484197,160.40945923753833,16.544787577887348,9.451548630658891
395.80545958484197,160.40945923753833,16.544787577887348,9.451548630658891
395.80545958484197,160.40945923753833,16.544787577887348,9.451548630658891
390.39983685879304,163.1122706005628,16.544787577887348,9.451548630658891
390.39983685879304,163.1122706005628,16.544787577887348,9.451548630658891
390.39983685879304,163.1122706005628,16.544787577887348,9.451548630658891
372.9767559185456,169.205252007102,17.253129138925658,9.622334199794551
372.9767559185456,169.205252007102,17.253129138925658,8.472908912438243
372.9767559185456,169.205252007102,18.402554426281995,9.047621556116411
364.35216413992964,172.06501040835724,16.752139588200066,8.438322173714255
364.35216413992964,172.06501040835724,16.752139588200066,8.438322173714255
364.35216413992964,172.06501040835724,16.752139588200066,8.438322173714255
343.7686387451431,178.74775378030438,16.752139588200066,8.438322173714255
343.7686387451431,178.74775378030438,16.752139588200066,8.438322173714255
343.7686387451431,178.74775378030438,16.752139588200066,8.438322173714255
334.1934167747136,180.92307121558858,16.752139588200066,8.438322173714255
334.1934167747136,180.92307121558858,16.752139588200066,8.438322173714255
334.1934167747136,180.92307121558858,16.752139588200066,8.438322173714255
310.7912719997695,188.72378614056996,16.752139588200066,8.438322173714255
310.7912719997695,189.87321142792626,16.220222253104055,9.644029951384056
310.7912719997695,188.72378614056996,16.752139588200066,8.438322173714255
298.7037424083466,191.61179625054254,16.752139588200066,8.438322173714255
298.7037424083466,191.61179625054254,16.752139588200066,8.438322173714255
298.7037424083466,191.61179625054254,16.752139588200066,8.438322173714255
272.3533343892598,196.64020135178768,15.805491343384631,11.041884438132882
272.3533343892598,196.64020135178768,15.805491343384631,11.041884438132882
272.3533343892598,196.64020135178768,15.805491343384631,11.041884438132882
272.3533343892598,196.64020135178768,15.805491343384631,11.041884438132882
258.61651987486704,199.6103234089537,15.805491343384631,11.041884438132882
258.61651987486704,199.6103234089537,15.805491343384631,11.041884438132882
258.61651987486704,199.6103234089537,15.805491343384631,11.041884438132882
230.70455068172606,205.36258767528898,15.517922388374245,8.11984311019583
233.90804597701148,206.98850574712642,12.068965517241395,7.471264367816104
232.97359307923273,205.5097593029536,11.853993127663813,9.5247234556671
0,0,0,0
0,0,0,0
0,0,0,0
0,0,0,0
0,0,0,0
0,0,0,0
190.80459770114942,216.183908045977,19.439814948042653,11.018095911923979
194.71976984425223,217.59777578196363,15.524642804939845,9.604228175937351
194.71976984425223,217.59777578196363,15.524642804939845,9.604228175937351
179.6986651922161,220.14372572298672,15.524642804939845,9.604228175937351
179.6986651922161,220.14372572298672,15.524642804939845,9.604228175937351
179.6986651922161,220.14372572298672,15.524642804939845,9.604228175937351
172.35495764802542,220.14372572298672,15.524642804939845,9.604228175937351
172.35495764802542,220.14372572298672,15.524642804939845,9.604228175937351
172.35495764802542,220.14372572298672,15.524642804939845,9.604228175937351
159.7200536515977,220.95054708961828,19.155828957124356,7.662331582849731
158.96659315478976,221.15243585355068,19.75444861203448,8.500399099723921
158.96659315478976,221.15243585355068,19.75444861203448,8.500399099723921
158.96659315478976,221.15243585355068,19.75444861203448,8.500399099723921
154.0707881253293,221.15243585355068,19.75444861203448,8.500399099723921
154.0707881253293,221.15243585355068,19.75444861203448,8.500399099723921
154.0707881253293,221.15243585355068,19.75444861203448,8.500399099723921
142.64724305658822,221.15243585355068,19.75444861203448,8.500399099723921
142.64724305658822,221.15243585355068,19.75444861203448,8.500399099723921
142.64724305658822,221.15243585355068,19.75444861203448,8.500399099723921
136.80579292581646,222.68965957217483,19.75444861203448,8.500399099723921
136.80579292581646,222.68965957217483,19.75444861203448,8.500399099723921
136.80579292581646,222.68965957217483,19.75444861203448,8.500399099723921
125.79023160953042,223.09764332462987,19.75444861203448,8.500399099723921
125.79023160953042,223.09764332462987,19.75444861203448,8.500399099723921
125.79023160953042,223.09764332462987,19.75444861203448,8.500399099723921
119.51355855111836,223.09764332462987,19.75444861203431,8.500399099723921
119.51355855111836,223.09764332462987,19.75444861203431,8.500399099723921
119.51355855111836,223.09764332462987,19.75444861203431,8.500399099723921
104.9194361751082,222.7941285726502,21.43988626219317,8.797829273281366
104.9194361751082,222.7941285726502,21.43988626219317,8.797829273281366
104.9194361751082,222.7941285726502,21.43988626219317,8.797829273281366
97.16774487846247,222.7941285726502,21.43988626219317,8.797829273281366
97.16774487846247,222.7941285726502,21.43988626219317,8.797829273281366
97.16774487846247,222.7941285726502,21.43988626219317,8.797829273281366
81.47606223243233,222.7941285726502,21.43988626219317,8.797829273281366
81.47606223243233,222.7941285726502,21.43988626219317,8.797829273281366
81.47606223243233,222.7941285726502,21.43988626219317,8.797829273281366
81.47606223243233,222.7941285726502,21.43988626219317,8.797829273281366
72.06105264481424,222.7941285726502,21.43988626219317,8.797829273281366
72.06105264481424,222.7941285726502,21.43988626219317,8.797829273281366
72.06105264481424,222.7941285726502,21.43988626219317,8.797829273281366
53.67936725946464,224.13912994230998,21.43988626219317,8.797829273281366
53.67936725946464,224.13912994230998,21.43988626219317,8.797829273281366
53.67936725946464,224.13912994230998,21.43988626219317,8.797829273281366
44.31854859182448,224.13912994230998,21.43988626219317,8.797829273281366
44.31854859182448,224.13912994230998,21.43988626219317,8.797829273281366
44.31854859182448,224.13912994230998,21.43988626219317,8.797829273281366
0,0,0,0
0,0,0,0
0,0,0,0
0,0,0,0
0,0,0,0
0,0,0,0
0,0,0,0
0,0,0,0
0,0,0,0
0,0,0,0
0,0,0,0
0,0,0,0
0,0,0,0
0,0,0,0
0,0,0,0
0,0,0,0
0,0,0,0
0,0,0,0
0,0,0,0
0,0,0,0
0,0,0,0
0,0,0,0
0,0,0,0
0,0,0,0
0,0,0,0
0,0,0,0
0,0,0,0
0,0,0,0
0,0,0,0
0,0,0,0
0,0,0,0
0,0,0,0
0,0,0,0
0,0,0,0
0,0,0,0
0,0,0,0
0,0,0,0
0,0,0,0
0,0,0,0
0,0,0,0
0,0,0,0
0,0,0,0
0,0,0,0
0,0,0,0
0,0,0,0
0,0,0,0
0,0,0,0
0,0,0,0
0,0,0,0
0,0,0,0
0,0,0,0
0,0,0,0
0,0,0,0
0,0,0,0
0,0,0,0
0,0,0,0
0,0,0,0
0,0,0,0
0,0,0,0
0,0,0,0
0,0,0,0
0,0,0,0
0,0,0,0
0,0,0,0
0,0,0,0
0,0,0,0
42.0613801533372,226.84788224920277,19.5416824085775,11.597909071757385
42.0613801533372,226.84788224920277,19.5416824085775,11.597909071757385
42.0613801533372,226.84788224920277,19.5416824085775,11.597909071757385
58.56545279649194,227.24257655780292,21.515153951578043,11.861038610824153
58.56545279649194,227.24257655780292,21.515153951578043,11.861038610824153
58.56545279649194,227.24257655780292,21.515153951578043,11.861038610824153
68.31950489131857,228.20185352389387,21.515153951578142,11.861038610824153
68.31950489131857,228.20185352389387,21.515153951578142,11.861038610824153
68.31950489131857,228.20185352389387,21.515153951578142,11.861038610824153
88.04862803587685,228.20185352389387,21.515153951578142,11.861038610824153
88.04862803587685,228.20185352389387,21.515153951578142,11.861038610824153
88.04862803587685,228.20185352389387,21.515153951578142,11.861038610824153
98.06437283384442,229.25109365980302,21.515153951578142,10.441518596862068
98.06437283384442,229.25109365980302,21.515153951578142,10.441518596862068
98.06437283384442,229.25109365980302,21.515153951578142,10.441518596862068
116.63252044990467,230.5985542134627,21.515153951578398,10.441518596862068
116.63252044990467,230.5985542134627,21.515153951578398,10.441518596862068
116.63252044990467,230.5985542134627,21.515153951578398,10.441518596862068
125.9141518785481,230.5985542134627,21.515153951578753,10.441518596862068
125.9141518785481,230.5985542134627,21.515153951578753,10.441518596862068
125.9141518785481,230.5985542134627,21.515153951578753,10.441518596862068
144.10614947868982,230.5985542134627,21.51515395157884,10.441518596862068
144.10614947868982,230.5985542134627,21.51515395157884,10.441518596862068
144.10614947868982,230.5985542134627,21.51515395157884,10.441518596862068
144.10614947868982,230.5985542134627,21.51515395157884,10.441518596862068
152.26582452779058,232.23048922328286,21.51515395157884,10.441518596862068
152.26582452779058,232.23048922328286,21.51515395157884,10.441518596862068
152.26582452779058,232.23048922328286,21.51515395157884,10.441518596862068
168.50784360566638,232.23048922328286,21.51515395157884,10.441518596862068
168.50784360566638,232.23048922328286,21.51515395157884,10.441518596862068
168.50784360566638,232.23048922328286,21.51515395157884,10.441518596862068
176.2595349023121,232.23048922328286,21.51515395157884,10.441518596862068
176.2595349023121,232.23048922328286,21.51515395157884,10.441518596862068
176.2595349023121,232.23048922328286,21.51515395157884,10.441518596862068
192.224123793505,235.46094553944897,19.79678761888789,5.884112236246892
192.224123793505,235.46094553944897,19.79678761888789,5.884112236246892
192.224123793505,235.46094553944897,19.79678761888789,5.884112236246892
199.6031784522712,237.14758660430982,19.79678761888789,5.884112236246892
199.6031784522712,237.14758660430982,19.79678761888789,5.884112236246892
199.6031784522712,237.14758660430982,19.79678761888789,5.884112236246892
213.03236634451525,237.14758660430982,19.79678761888789,5.884112236246892
213.03236634451525,237.14758660430982,19.79678761888789,5.884112236246892
213.03236634451525,237.14758660430982,19.79678761888789,5.884112236246892
219.7961507064615,238.0699208354843,19.79678761888789,5.884112236246892
219.7961507064615,238.0699208354843,19.79678761888789,5.884112236246892
219.7961507064615,238.0699208354843,19.79678761888789,5.884112236246892
231.53632979575013,239.1349358573624,20.76252077896251,6.934029659879002
234.48275862068965,239.74712643678168,17.025307620887588,6.580933445679989
234.98460565781912,237.98551057000606,16.16481962953722,7.508742303557142
233.90804597701148,239.17241379310343,17.241379310344854,8.045977011494244
238.43288151988807,235.8455354620298,19.369414167877807,7.608961202041002
237.85816887620993,238.71909868042064,19.369414167877807,7.608961202041002
238.43288151988807,238.14438603674242,19.369414167877807,7.608961202041002
251.43520382302992,239.79380821704683,17.395942624876994,6.556443045773904
251.43520382302992,239.79380821704683,17.395942624876994,6.556443045773904
251.43520382302992,239.79380821704683,17.395942624876994,6.556443045773904
256.6329174230704,239.79380821704683,17.395942624877023,6.556443045773904
256.6329174230704,239.79380821704683,17.395942624877023,6.556443045773904
256.6329174230704,239.79380821704683,17.395942624877023,6.556443045773904
267.64847873935645,239.79380821704683,17.395942624877023,6.556443045773904
267.64847873935645,239.79380821704683,17.395942624877023,6.556443045773904
267.64847873935645,239.79380821704683,17.395942624877023,6.556443045773904
272.4749270822512,239.79380821704683,17.395942624877023,6.556443045773904
272.4749270822512,239.79380821704683,17.395942624877023,6.556443045773904
272.4749270822512,239.79380821704683,17.395942624877023,6.556443045773904
282.26653714117214,239.79380821704683,17.395942624877023,6.556443045773904
282.26653714117214,239.79380821704683,17.395942624877023,6.556443045773904
282.26653714117214,239.79380821704683,17.395942624877023,6.556443045773904
286.56277042578876,238.8620592280428,17.395942624877023,6.556443045773904
286.56277042578876,238.8620592280428,17.395942624877023,6.556443045773904
286.56277042578876,238.8620592280428,17.395942624877023,6.556443045773904
295.4438529200191,238.7031837613064,17.395942624877023,6.556443045773904
295.4438529200191,238.7031837613064,17.395942624877023,6.556443045773904
295.4438529200191,238.7031837613064,17.395942624877023,6.556443045773904
295.4438529200191,238.7031837613064,17.395942624877023,6.556443045773904
299.7480793321667,237.78084953013192,17.395942624877023,6.556443045773904
299.7480793321667,237.78084953013192,17.395942624877023,6.556443045773904
299.7480793321667,237.78084953013192,17.395942624877023,6.556443045773904
308.42073251843505,237.80946725898835,17.395942624877023,6.556443045773904
308.42073251843505,237.80946725898835,17.395942624877023,6.556443045773904
308.42073251843505,237.80946725898835,17.395942624877023,6.556443045773904
314.3328285190499,236.82411792555254,17.395942624877023,6.556443045773904
314.3328285190499,236.82411792555254,17.395942624877023,6.556443045773904
314.3328285190499,236.82411792555254,17.395942624877023,6.556443045773904
320.64433789052765,235.7103221541153,17.395942624877023,6.556443045773904
320.64433789052765,235.7103221541153,17.395942624877023,6.556443045773904
320.64433789052765,235.7103221541153,17.395942624877023,6.556443045773904
325.57600957928014,235.7103221541153,17.395942624877023,6.556443045773904
325.57600957928014,235.7103221541153,17.395942624877023,6.556443045773904
325.57600957928014,235.7103221541153,17.395942624877023,6.556443045773904
333.1658943711539,233.60202082303925,17.395942624877023,6.556443045773904
333.1658943711539,233.60202082303925,17.395942624877023,6.556443045773904
333.1658943711539,233.60202082303925,17.395942624877023,6.556443045773904
338.09264103833294,233.60202082303925,17.395942624877023,6.556443045773904
338.09264103833294,233.60202082303925,17.395942624877023,6.556443045773904
338.09264103833294,233.60202082303925,17.395942624877023,6.556443045773904
345.5064480027234,231.7485690819414,17.395942624877023,6.556443045773904
345.5064480027234,231.7485690819414,17.395942624877023,6.556443045773904
345.5064480027234,231.7485690819414,17.395942624877023,6.556443045773904
345.5064480027234,231.7485690819414,17.395942624877023,6.556443045773904
348.8883401836965,231.7485690819414,17.395942624877023,6.556443045773904
348.8883401836965,231.7485690819414,17.395942624877023,6.556443045773904
348.8883401836965,231.7485690819414,17.395942624877023,6.556443045773904
357.00180786859397,230.349695343166,17.395942624877023,6.556443045773904
357.00180786859397,230.349695343166,17.395942624877023,6.556443045773904
357.00180786859397,230.349695343166,17.395942624877023,6.556443045773904
360.63887958941007,230.349695343166,17.395942624877023,6.556443045773904
360.63887958941007,230.349695343166,17.395942624877023,6.556443045773904
360.63887958941007,230.349695343166,17.395942624877023,6.556443045773904
370.14214850766746,228.91981614253848,17.395942624877023,6.556443045773904
370.14214850766746,228.91981614253848,17.395942624877023,6.556443045773904
370.14214850766746,228.91981614253848,17.395942624877023,6.556443045773904
374.374553982955,227.90590348709023,14.777116442132183,6.731031457956902
374.374553982955,227.90590348709023,14.777116442132183,6.731031457956902
374.374553982955,227.90590348709023,14.777116442132183,6.731031457956902
382.69977239289335,227.11152615340828,14.777116442132183,6.731031457956902
382.69977239289335,227.11152615340828,14.777116442132183,6.731031457956902
382.69977239289335,227.11152615340828,14.777116442132183,6.731031457956902
386.3716261649887,227.11152615340828,14.777116442132183,6.731031457956902
386.3716261649887,227.11152615340828,14.777116442132183,6.731031457956902
386.3716261649887,227.11152615340828,14.777116442132183,6.731031457956902
393.12760928171224,225.9274432276078,17.013717524199762,9.362326848624662
393.12760928171224,225.9274432276078,17.013717524199762,9.362326848624662
393.12760928171224,225.9274432276078,17.21721830449468,6.923131485035896
393.12760928171224,225.9274432276078,17.79193094817282,7.497844128714036
396.0013975309357,225.9274432276078,17.791705917340153,6.923131485035896
396.0013975309357,225.9274432276078,17.216993273661956,8.072556772392204
396.0013975309357,225.9274432276078,16.642280629983816,6.923131485035896
403.47846359566665,224.91540664277446,17.211191576747126,6.785742782512898
403.47846359566665,224.91540664277446,17.211191576747126,6.785742782512898
403.47846359566665,224.91540664277446,16.061766289390846,7.360455426191066
407.4712643678161,223.6551724137931,17.241379310344826,6.3218390804597675
408.62068965517244,223.08045977011494,16.09195402298849,7.471264367816104
409.1954022988506,224.80459770114942,14.942528735632152,6.3218390804597675
416.53203187827097,222.17407060065236,17.321162267924535,6.9027688988261104
416.53203187827097,222.17407060065236,17.321162267924535,6.9027688988261104
416.53203187827097,222.17407060065236,17.321162267924535,6.9027688988261104
418.25616980930545,222.17407060065236,17.321162267924535,6.9027688988261104
418.2561698093055,222.17407060065236,17.321162267924535,6.9027688988261104
418.83088245298364,222.17407060065236,17.321162267924535,6.9027688988261104
427.90144523278343,222.17407060065236,17.321162267924535,6.9027688988261104
427.90144523278343,222.17407060065236,17.321162267924535,6.9027688988261104
427.90144523278343,222.17407060065236,17.321162267924535,6.9027688988261104
430.05678641970104,222.17407060065236,17.321162267924535,6.9027688988261104
430.05678641970104,222.17407060065236,17.321162267924535,6.9027688988261104
430.05678641970104,222.17407060065236,17.321162267924535,6.9027688988261104
438.68378176225957,221.16398369800322,14.776042424388606,6.163863137799552
438.68378176225957,221.16398369800322,14.776042424388606,6.163863137799552
438.68378176225957,221.16398369800322,14.776042424388606,6.163863137799552
438.68378176225957,221.16398369800322,14.776042424388606,6.163863137799552
441.56161266053243,220.97212830478503,14.776042424388606,6.163863137799552
441.56161266053243,220.97212830478503,14.776042424388606,6.163863137799552
441.56161266053243,220.97212830478503,14.776042424388606,6.163863137799552
447.9954214084772,220.68297499483265,14.776042424388606,6.163863137799552
447.9954214084772,220.68297499483265,14.776042424388606,6.163863137799552
447.9954214084772,220.68297499483265,14.776042424388606,6.163863137799552
452.01095488868555,219.81003293391765,14.776042424388606,6.163863137799552
452.01095488868555,219.81003293391765,14.776042424388606,6.163863137799552
452.01095488868555,219.81003293391765,14.776042424388606,6.163863137799552
459.00532358256265,219.81003293391765,14.776042424388606,6.163863137799552
459.00532358256265,219.81003293391765,14.776042424388606,6.163863137799552
459.00532358256265,219.81003293391765,14.776042424388606,6.163863137799552
462.38383778634324,219.13433009316154,14.776042424388606,6.163863137799552
462.38383778634324,219.13433009316154,14.776042424388606,6.163863137799552
462.38383778634324,219.13433009316154,14.776042424388606,6.163863137799552
468.289433785536,218.55961744948337,14.776042424388606,6.163863137799552
469.43885907289234,216.8354795184489,14.776042424388606,6.163863137799552
468.86414642921414,217.41019216212706,14.776042424388606,6.163863137799552
471.73770964760496,217.9849048058052,14.776042424388606,6.163863137799552
471.16299700392676,217.9849048058052,14.776042424388606,6.163863137799552
472.31242229128316,217.9849048058052,14.776042424388606,6.163863137799552
477.1162247063924,216.5195593622514,14.776042424388606,6.163863137799552
475.0460630788705,215.7554778844247,17.06004528719143,7.807139368714701
476.41904188614376,216.51678175992208,16.233920249285575,5.903243727012921
476.8223161473235,216.58930623713053,15.522658331694174,6.255399626205133
480.0609238909792,216.74771558995712,14.595932461145253,4.865310820381751
480.91458836479177,216.6960444937117,14.13256952587085,5.328673755656212
479.2591275609194,217.2600445760666,15.522658331694174,4.865310820381751
486.1908298625167,215.94475555706327,15.204939234717472,6.704540134993522
486.5969748131474,216.05405407377378,14.511914663831476,6.874064840762287
486.91125183691923,214.0572758139599,14.620334626894419,9.29502362164638
486.7816091954023,213.88505747126436,17.564804558818707,7.356121496536389
486.91125183691923,214.0572758139599,18.383017433417933,6.822681575226454
486.91125183691923,214.0572758139599,17.69889328677732,8.532991941828072
491.8916756585354,213.7459993251089,18.978205470808575,7.219473529169619
499.7496058112851,215.07083007509405,12.931077525004127,6.581675172520676
499.7496058112851,215.07083007509405,12.931077525004127,6.581675172520676
499.7496058112851,215.07083007509405,12.931077525004127,6.581675172520676
499.7496058112851,215.07083007509405,12.931077525004127,6.581675172520676
499.7496058112851,215.07083007509405,12.931077525004127,6.581675172520676
504.36127696715755,215.07083007509405,12.931077525003388,6.581675172520676
504.36127696715755,215.07083007509405,12.931077525003388,6.581675172520676
504.36127696715755,215.07083007509405,12.931077525003388,6.581675172520676
507.73979117093813,215.07083007509405,12.93107752500282,6.581675172520676
507.73979117093813,215.07083007509405,12.93107752500282,6.581675172520676
507.73979117093813,215.07083007509405,12.93107752500282,6.581675172520676
512.9122049640415,213.9214047877377,12.93107752500282,6.581675172520676
512.3374923203634,212.77197950038143,12.93107752500282,6.581675172520676
511.1880670330071,213.92140478773774,12.93107752500282,6.581675172520676
511.30583587544004,213.92140478773774,13.720466142203122,6.581675172520676
512.4552611627964,214.49611743141588,13.720466142203122,6.581675172520676
515.3288243811872,213.9214047877377,13.720466142203122,6.581675172520676
515.3288243811872,213.92140478773774,13.720466142203122,6.581675172520676
519.9418891781874,213.15227614291226,13.720466142203236,6.581675172520676
519.9418891781874,213.15227614291226,13.720466142203236,6.581675172520676
519.9418891781874,213.15227614291226,13.720466142203236,6.581675172520676
519.9418891781874,213.15227614291226,13.720466142203236,6.581675172520676
519.9418891781874,213.15227614291226,13.720466142203236,6.581675172520676
519.9418891781874,213.15227614291226,13.720466142203236,6.581675172520676
522.244153896805,212.96042074969407,13.720466142203236,6.581675172520676
522.244153896805,212.96042074969407,13.720466142203236,6.581675172520676
522.244153896805,212.96042074969407,13.720466142203236,6.581675172520676
522.244153896805,212.96042074969407,13.720466142203236,6.581675172520676
524.5430044715176,212.96042074969407,13.720466142203236,6.581675172520676
524.5430044715176,212.96042074969407,13.720466142203236,6.581675172520676
528.3544337552593,212.1966357673871,13.720466142203236,6.581675172520676
528.3544337552593,212.1966357673871,13.720466142203236,6.581675172520676
528.3544337552593,212.1966357673871,13.720466142203236,6.581675172520676
528.3544337552593,212.1966357673871,13.720466142203236,6.581675172520676
528.3544337552593,212.1966357673871,13.720466142203236,6.581675172520676
528.3544337552593,212.1966357673871,13.720466142203236,6.581675172520676
528.3544337552593,212.1966357673871,13.720466142203236,6.581675172520676
528.3544337552593,212.1966357673871,13.720466142203236,6.581675172520676
528.3544337552593,212.1966357673871,13.720466142203236,6.581675172520676
531.2279969736501,211.0472104800308,13.720466142203236,6.581675172520676
531.2279561592514,210.71882424533402,13.720466142203236,6.581675172520676
531.2279561592514,210.71882424533402,13.720466142203236,6.581675172520676
531.2279561592514,210.71882424533402,13.720466142203236,6.581675172520676
531.2279561592514,210.71882424533402,13.720466142203236,6.581675172520676
531.2279561592514,210.71882424533402,13.720466142203236,6.581675172520676
531.2279561592514,210.71882424533402,13.720466142203236,6.581675172520676
531.2279561592514,210.71882424533402,13.720466142203236,6.581675172520676
531.2279561592514,210.71882424533402,13.720466142203236,6.581675172520676
531.2279561592514,210.71882424533402,13.720466142203236,6.581675172520676
531.2279561592514,210.71882424533402,13.720466142203236,6.581675172520676
531.2279561592514,210.71882424533402,13.720466142203236,6.581675172520676
531.2279561592514,210.71882424533402,13.720466142203236,6.581675172520676
529.3094022270701,209.58495886706007,13.474164221861088,8.141587334687841
529.3094022270701,209.58495886706007,13.474164221861088,8.141587334687841
529.3094022270701,209.58495886706007,13.474164221861088,8.141587334687841
529.3094022270701,209.58495886706007,13.474164221861088,8.141587334687841
529.3094022270701,209.58495886706007,13.474164221861088,8.141587334687841
529.3094022270701,209.58495886706007,13.474164221861088,8.141587334687841
526.8152821152344,208.8175372941873,13.474164221861088,8.141587334687841
526.8152821152344,208.8175372941873,13.474164221861088,8.141587334687841
526.8152821152344,208.8175372941873,13.474164221861088,8.141587334687841
523.505547191905,208.8175372941873,13.474164221861088,8.141587334687841
523.505547191905,208.8175372941873,13.474164221861088,8.141587334687841
523.505547191905,208.8175372941873,13.474164221861088,8.141587334687841
523.505547191905,208.8175372941873,13.474164221861088,8.141587334687841
520.6317589426812,208.8175372941873,13.474164221861088,8.141587334687841
520.6317589426812,208.8175372941873,13.474164221861088,8.141587334687841
520.6317589426812,208.8175372941873,13.474164221861088,8.141587334687841
517.7579706934575,208.8175372941873,13.474164221861088,8.141587334687841
517.7579706934575,208.8175372941873,13.474164221861088,8.141587334687841
517.7579706934575,208.8175372941873,13.474164221861088,8.141587334687841
513.7349821877103,208.8175372941873,13.474164221861088,8.141587334687841
513.7349821877104,209.39224993786547,13.474164221861088,8.141587334687841
513.1602695440323,208.8175372941873,13.474164221861088,8.141587334687841
510.86141896931963,208.24282465050916,13.474164221861088,8.141587334687841
512.0108442566759,209.39224993786547,13.474164221861088,8.141587334687841
512.585556900354,208.8175372941873,13.474164221861088,8.141587334687841
507.6997118211749,211.6913255434109,13.474164221861315,8.141587334687841
507.6997118211749,211.6913255434109,13.474164221861315,8.141587334687841
507.6997118211749,211.6913255434109,13.474164221861315,8.141587334687841
504.8259235719514,211.6913255434109,13.474164221861543,8.141587334687841
504.8259235719514,211.6913255434109,13.474164221861543,8.141587334687841
504.8259235719514,211.6913255434109,13.474164221861543,8.141587334687841
501.37764770988247,211.6913255434109,13.474164221861656,8.141587334687841
500.90907710338024,211.6913255434109,13.474164221862338,8.141587334687841
500.90907710338024,211.6913255434109,13.474164221862338,8.141587334687841
499.557671421868,211.6913255434109,13.474164221862566,8.141587334687841
499.557671421868,211.6913255434109,13.474164221862566,8.141587334687841
499.557671421868,211.6913255434109,13.474164221862566,8.141587334687841
499.557671421868,211.6913255434109,13.474164221862566,8.141587334687841
493.47634585506296,212.367028384167,13.474164221862736,8.141587334687841
493.47634585506296,212.367028384167,13.474164221862736,8.141587334687841
493.47634585506296,212.367028384167,13.474164221862736,8.141587334687841
490.33800932585683,212.367028384167,13.474164221862736,8.141587334687841
490.33800932585683,212.367028384167,13.474164221862736,8.141587334687841
490.33800932585683,212.367028384167,13.474164221862736,8.141587334687841
486.0273269520216,212.367028384167,13.474164221862736,8.141587334687841
486.0273269520216,212.367028384167,13.474164221862736,8.141587334687841
483.72847637730894,212.367028384167,13.474164221862736,8.141587334687841
482.0043384462745,212.94174102784515,13.474164221862736,8.141587334687841
480.8549131589181,213.51645367152335,13.474164221862736,8.141587334687841
481.4296258025963,214.0911663152015,13.474164221862736,8.141587334687841
474.712711705918,214.95842301444932,16.221120666410513,6.984974094878254
474.712711705918,214.95842301444932,16.221120666410513,6.984974094878254
474.712711705918,214.95842301444932,16.221120666410513,6.984974094878254
471.85682543873276,214.95842301444932,16.221120666410513,6.984974094878254
471.85682543873276,214.95842301444932,16.221120666410513,6.984974094878254
471.85682543873276,214.95842301444932,16.221120666410513,6.984974094878254
464.4390236127958,217.18739285164787,16.221120666410513,6.984974094878254
464.4390236127958,217.18739285164787,16.221120666410513,6.984974094878254
464.4390236127958,217.18739285164787,16.221120666410513,6.984974094878254
461.9780857626389,217.18739285164787,16.221120666410513,6.984974094878254
461.51357580356165,216.71315879155196,17.773434363428635,7.8491816731892925
461.8613403463296,216.88313676723334,17.95387532143303,8.11984311019583
461.47704229332135,216.926094480794,18.229625442460645,7.620581127586007
454.56480419053975,218.01323809277628,16.69956362555223,7.36607225205131
454.13939070623394,217.2142389995251,15.9755518225017,8.165071345302493
454.202191900168,216.06945831821926,15.912750628567665,9.309852026608326
451.3230209412931,217.37357699172205,16.493071012729843,9.155158640461849
451.4616810418902,217.19381498518862,18.07854884316731,9.334920646995272
451.4616810418902,217.19381498518862,16.929123555810975,10.484345934351609
444.73850897463575,219.58829360482918,15.61789704896836,6.509530401691876
444.73850897463575,219.58829360482918,15.61789704896836,6.509530401691876
444.73850897463575,219.58829360482918,15.61789704896836,6.509530401691876
440.4103940748963,219.58829360482918,15.61789704896836,6.509530401691876
440.4103940748963,219.58829360482918,15.61789704896836,6.509530401691876
440.4103940748963,219.58829360482918,15.61789704896836,6.509530401691876
432.6096791499149,220.0099538710444,15.61789704896836,6.509530401691876
432.6096791499149,220.0099538710444,15.61789704896836,6.509530401691876
432.6096791499149,220.0099538710444,15.61789704896836,6.509530401691876
428.5554621053782,221.36135955255662,15.61789704896836,6.509530401691876
428.5554621053782,221.36135955255662,15.61789704896836,6.509530401691876
428.5554621053782,221.36135955255662,15.61789704896836,6.509530401691876
420.8124260582641,221.36135955255662,18.38075720916953,6.509530401691876
420.8124260582641,221.36135955255662,18.38075720916953,6.509530401691876
420.8124260582641,221.36135955255662,18.38075720916953,6.509530401691876
416.3246047812587,221.36135955255662,18.38075720916953,6.509530401691876
416.3246047812587,221.36135955255662,18.38075720916953,6.509530401691876
416.3246047812587,221.36135955255662,18.38075720916953,6.509530401691876
416.3246047812587,221.36135955255662,18.38075720916953,6.509530401691876
406.12501096988274,222.58531080992174,18.38075720916953,6.509530401691876
406.12501096988274,222.58531080992174,18.38075720916953,6.509530401691876
406.12501096988274,222.58531080992174,18.38075720916953,6.509530401691876
404.40087303884826,222.58531080992174,16.28878213356552,6.816988040652973
402.86114095024243,223.4012783148318,18.38075720916953,6.509530401691876
402.86114095024243,223.4012783148318,18.38075720916953,6.509530401691876
394.0619191804989,224.27605274783093,18.38075720916953,6.509530401691876
394.0619191804989,224.27605274783093,18.38075720916953,6.509530401691876
394.0619191804989,224.27605274783093,18.38075720916953,6.509530401691876
390.0389306747518,224.27605274783093,18.38075720916953,6.509530401691876
390.6136433184299,224.27605274783093,18.38075720916953,6.509530401691876
388.88950538739545,224.27605274783093,18.38075720916953,6.509530401691876
378.8400436375231,226.1323790335597,18.38075720916953,6.509530401691876
378.8400436375231,226.1323790335597,18.38075720916953,6.509530401691876
378.8400436375231,226.1323790335597,18.38075720916953,6.509530401691876
374.7602061129727,225.82832592341433,17.611903880685873,8.445518521657391
374.7602061129727,225.82832592341433,17.611903880685873,8.445518521657391
374.7602061129727,225.82832592341433,17.611903880685873,8.445518521657391
364.56061230159673,226.6442934283244,17.611903880685873,8.445518521657391
364.56061230159673,226.6442934283244,17.611903880685873,8.445518521657391
364.56061230159673,226.6442934283244,17.611903880685873,8.445518521657391
358.99163344441047,226.6442934283244,17.611903880685873,8.445518521657391
358.99163344441047,226.6442934283244,17.611903880685873,8.445518521657391
358.99163344441047,226.6442934283244,17.611903880685873,8.445518521657391
358.99163344441047,226.6442934283244,17.611903880685873,8.445518521657391
347.11114521574643,228.1293544569074,17.611903880685873,8.445518521657391
347.11114521574643,228.1293544569074,17.611903880685873,8.445518521657391
347.11114521574643,228.1293544569074,17.611903880685873,8.445518521657391
340.3861383674476,228.1293544569074,17.611903880685873,8.445518521657391
340.3861383674476,228.1293544569074,17.611903880685873,8.445518521657391
340.3861383674476,228.1293544569074,17.611903880685873,8.445518521657391
328.6112106227986,228.96867870017266,17.611903880685873,8.445518521657391
328.6112106227986,228.96867870017266,17.611903880685873,8.445518521657391
328.6112106227986,228.96867870017266,17.611903880685873,8.445518521657391
321.80449190063507,231.43834209431822,17.611903880685873,8.445518521657391
321.80449190063507,231.43834209431822,17.611903880685873,8.445518521657391
321.80449190063507,231.43834209431822,17.611903880685873,8.445518521657391
313.9015742152705,231.43834209431822,17.611903880685873,8.445518521657391
310.4532983532015,230.86362945064005,17.611903880685873,8.445518521657391
308.72916042216707,230.86362945064005,17.611903880685873,8.445518521657391
302.8506589965734,229.7142041632837,17.611903880685873,8.445518521657391
304.0000842839297,228.5647788759274,17.611903880685873,8.445518521657391
303.42537164025157,229.71420416328374,17.611903880685873,8.445518521657391
295.29556943197156,225.52624609370335,17.611903880685873,8.445518521657391
295.29556943197156,225.52624609370335,17.611903880685873,8.445518521657391
295.29556943197156,225.52624609370335,17.611903880685873,8.445518521657391
291.5792038078129,221.1341776287886,17.611903880685873,8.445518521657391
291.5792038078129,221.1341776287886,17.611903880685873,8.445518521657391
291.5792038078129,221.1341776287886,17.611903880685873,8.445518521657391
291.5792038078129,221.1341776287886,17.611903880685873,8.445518521657391
287.09936566542063,211.24449637662812,18.56515668110427,8.92214492186659
287.09936566542063,211.24449637662812,18.56515668110427,8.92214492186659
287.09936566542063,211.24449637662812,18.56515668110427,8.92214492186659
285.5735421102268,206.42084890107657,18.56515668110427,8.92214492186659
285.5735421102268,206.42084890107657,18.56515668110427,8.92214492186659
285.5735421102268,206.42084890107657,18.56515668110427,8.92214492186659
284.2285407405671,195.66083794379875,18.56515668110427,8.92214492186659
284.2285407405671,195.66083794379875,18.56515668110427,8.92214492186659
284.2285407405671,195.66083794379875,18.56515668110427,8.92214492186659
282.43520558102074,188.03916351572673,18.56515668110427,8.92214492186659
282.43520558102074,188.03916351572673,18.56515668110427,8.92214492186659
282.43520558102074,188.03916351572673,18.56515668110427,8.92214492186659
282.43520558102074,175.0455482534261,18.56515668110427,8.92214492186659
282.43520558102074,175.0455482534261,18.56515668110427,8.92214492186659
282.43520558102074,175.0455482534261,18.56515668110427,8.92214492186659
281.3214098095835,168.73403888194832,18.56515668110427,8.92214492186659
281.3214098095835,168.73403888194832,18.56515668110427,8.92214492186659
281.3214098095835,168.73403888194832,18.56515668110427,8.92214492186659
280.8730760196969,155.28402518535063,18.56515668110427,8.92214492186659
280.8730760196969,155.28402518535063,18.56515668110427,8.92214492186659
280.8730760196969,155.28402518535063,18.56515668110427,8.92214492186659
279.09095017694256,149.26030702678264,18.56515668110427,8.92214492186659
279.09095017694256,149.26030702678264,18.56515668110427,8.92214492186659
279.09095017694256,149.26030702678264,18.56515668110427,8.92214492186659
279.09095017694256,149.26030702678264,18.56515668110427,8.92214492186659
277.6820896111562,133.46198868035046,19.432616610961475,10.078758161676177
277.6820896111562,133.46198868035046,19.432616610961475,10.078758161676177
277.6820896111562,133.46198868035046,19.432616610961475,10.078758161676177
277.6820896111562,129.0751905131971,19.432616610961475,10.078758161676177
277.6820896111562,129.0751905131971,19.432616610961475,10.078758161676177
277.6820896111562,129.0751905131971,19.432616610961475,10.078758161676177
275.95539107219247,116.75391435819091,19.432616610961475,10.078758161675736
275.95539107219247,116.75391435819091,19.432616610961475,10.078758161675736
275.95539107219247,116.75391435819091,19.432616610961475,10.078758161675736
275.95539107219247,110.8824735363159,19.432616610961475,10.078758161675736
275.95539107219247,110.8824735363159,19.432616610961475,10.078758161675736
275.95539107219247,110.8824735363159,19.432616610961475,10.078758161675736
274.6103897025327,97.88079362960521,19.432616610961475,10.078758161675736
274.6103897025327,97.88079362960521,19.432616610961475,10.078758161675736
274.6103897025327,97.88079362960521,19.432616610961475,10.078758161675736
275.95539107219247,92.05245436107973,19.432616610961475,10.078758161675736
275.95539107219247,92.05245436107973,19.432616610961475,10.078758161675736
275.95539107219247,92.05245436107973,19.432616610961475,10.078758161675736
274.3234560623723,80.22092553988361,19.432616610961475,10.078758161675736
274.3234560623723,80.22092553988361,19.432616610961475,10.078758161675736
274.3234560623723,80.22092553988361,19.432616610961475,10.078758161675736
274.3234560623723,73.94425248147155,19.432616610961475,10.078758161675736
274.3234560623723,73.94425248147155,19.432616610961475,10.078758161675736
274.3234560623723,73.94425248147155,19.432616610961475,10.078758161675736
274.3234560623723,73.94425248147155,19.432616610961475,10.078758161675736
274.3234560623723,63.1162397628877,19.432616610961475,10.078758161675736
274.3234560623723,63.1162397628877,19.432616610961475,10.078758161675736
274.3234560623723,63.1162397628877,19.432616610961475,10.078758161675736
274.3234560623723,57.76172635429373,19.432616610961475,10.078758161675736
274.3234560623723,57.76172635429373,19.432616610961475,10.078758161675736
274.3234560623723,57.76172635429373,19.432616610961475,10.078758161675736
274.3234560623723,45.33978030607429,19.432616610961475,10.078758161675736
274.3234560623723,45.33978030607429,19.432616610961475,10.078758161675736
274.3234560623723,45.33978030607429,19.432616610961475,10.078758161675736
272.69152105255216,30.147754318908117,19.432616610961475,10.078758161675704
272.69152105255216,30.147754318908117,19.432616610961475,10.078758161675704
272.69152105255216,30.147754318908117,19.432616610961475,10.078758161675704
272.69152105255216,21.223565304584774,19.432616610961475,10.07875816167575
272.69152105255216,21.223565304584774,19.432616610961475,10.07875816167575
272.69152105255216,21.223565304584774,19.432616610961475,10.07875816167575
272.69152105255216,21.223565304584774,19.432616610961475,10.07875816167575
272.69152105255216,21.223565304584774,19.432616610961475,10.07875816167575
272.69152105255216,21.223565304584774,19.432616610961475,10.07875816167575
272.69152105255216,20.50511824227889,19.432616610961475,10.07875816167575
272.69152105255216,20.50511824227889,19.432616610961475,10.07875816167575
272.69152105255216,20.50511824227889,19.432616610961475,10.07875816167575
272.69152105255216,20.50511824227889,19.432616610961475,10.07875816167575
272.69152105255216,20.50511824227889,19.432616610961475,10.07875816167575
271.46756979518705,18.87318323245872,19.432616610961475,10.07875816167575
271.46756979518705,18.87318323245872,19.432616610961475,10.07875816167575
271.46756979518705,18.87318323245872,19.432616610961475,10.07875816167575
271.46756979518705,18.87318323245872,19.432616610961475,10.07875816167575
271.46756979518705,18.87318323245872,19.432616610961475,10.07875816167575
271.46756979518705,18.87318323245872,19.432616610961475,10.07875816167575
271.46756979518705,18.87318323245872,19.432616610961475,10.07875816167575
271.46756979518705,19.591630294764606,19.432616610961475,10.07875816167575
271.46756979518705,19.591630294764606,19.432616610961475,10.07875816167575
271.46756979518705,22.051188244563185,19.432616610961475,10.07875816167575
271.46756979518705,22.051188244563185,19.432616610961475,10.07875816167575
271.46756979518705,24.091107006838396,19.432616610961475,10.07875816167574
271.46756979518705,24.091107006838396,19.432616610961475,10.07875816167574
271.46756979518705,24.091107006838396,19.432616610961475,10.07875816167574
270.4778353693713,26.705043340441716,19.432616610961475,10.07875816167574
270.4778353693713,26.705043340441716,19.432616610961475,10.07875816167574
270.4778353693713,26.705043340441716,19.432616610961475,10.07875816167574
270.4778353693713,26.705043340441716,19.432616610961475,10.07875816167574
270.4778353693713,26.705043340441716,19.432616610961475,10.07875816167574
270.4778353693713,26.705043340441716,19.432616610961475,10.07875816167574
270.4778353693713,31.63671502919405,19.432616610961475,10.078758161675736
270.4778353693713,31.63671502919405,19.432616610961475,10.078758161675736
270.4778353693713,31.63671502919405,19.432616610961475,10.078758161675736
269.4642811082371,33.3259721310843,19.432616610961475,10.07875816167573
269.4642811082371,33.3259721310843,19.432616610961475,10.07875816167573
269.4642811082371,33.3259721310843,19.432616610961475,10.07875816167573
269.4642811082371,33.3259721310843,19.432616610961475,10.07875816167573
269.4642811082371,36.91820744261372,19.432616610961475,10.07875816167573
269.4642811082371,36.91820744261372,19.432616610961475,10.07875816167573
269.4642811082371,36.91820744261372,19.432616610961475,10.07875816167573
269.4642811082371,36.91820744261372,19.432616610961475,10.07875816167573
269.4642811082371,36.91820744261372,19.432616610961475,10.07875816167573
269.4642811082371,36.91820744261372,19.432616610961475,10.07875816167573
267.8400792004496,41.24941253004721,19.432616610961475,10.07875816167573
267.8400792004496,41.24941253004721,19.432616610961475,10.07875816167573
267.8400792004496,41.24941253004721,19.432616610961475,10.07875816167573
267.8400792004496,41.24941253004721,19.432616610961475,10.07875816167573
267.8400792004496,44.123200779270746,19.432616610961475,10.07875816167573
267.8400792004496,44.123200779270746,19.432616610961475,10.07875816167573
267.8400792004496,49.152330215411936,19.432616610961475,10.07875816167573
267.8400792004496,49.152330215411936,19.432616610961475,10.07875816167573
267.8400792004496,49.152330215411936,19.432616610961475,10.07875816167573
267.8400792004496,52.74456552694136,19.432616610961475,10.07875816167573
267.8400792004496,52.74456552694136,19.432616610961475,10.07875816167573
267.8400792004496,52.74456552694136,19.432616610961475,10.07875816167573
267.8400792004496,59.9290361500002,19.432616610961475,10.078758161675722
267.58231110100473,58.1246594538861,19.432616610961475,10.078758161675715
267.0882941808938,59.9290361500002,20.1844016305173,8.199295612786202
266.15082209855933,61.95614467226851,19.432616610961475,10.078758161675765
266.15082209855933,61.95614467226851,19.432616610961475,10.078758161675765
266.15082209855933,61.95614467226851,19.432616610961475,10.078758161675765
266.15082209855933,61.95614467226851,19.432616610961475,10.078758161675765
266.15082209855933,69.85906235763323,19.432616610961475,10.078758161675765
266.15082209855933,69.85906235763323,19.432616610961475,10.078758161675765
266.15082209855933,69.85906235763323,19.432616610961475,10.078758161675765
264.9667391727588,75.44914179821922,20.616699536761985,6.789638923341059
264.9667391727588,75.44914179821922,20.616699536761985,6.789638923341059
264.9667391727588,75.44914179821922,20.616699536761985,6.789638923341059
264.4429739362099,85.12636895514986,20.616699536761985,6.789638923341059
264.4429739362099,85.12636895514986,20.616699536761985,6.789638923341059
264.4429739362099,85.12636895514986,20.616699536761985,6.789638923341059
264.4429739362099,90.48088236374383,20.616699536761985,6.789638923341059
264.4429739362099,90.48088236374383,20.616699536761985,6.789638923341059
264.4429739362099,90.48088236374383,20.616699536761985,6.789638923341059
265.1614209985158,98.38380004910856,20.616699536761985,6.789638923341059
265.1614209985158,98.38380004910856,20.616699536761985,6.789638923341059
265.1614209985158,98.38380004910856,20.616699536761985,6.789638923341059
265.1614209985158,103.73831345770253,20.616699536761985,6.789638923341059
265.1614209985158,103.73831345770253,20.616699536761985,6.789638923341059
265.1614209985158,103.73831345770253,20.616699536761985,6.789638923341059
263.93746974115066,111.98917482132015,20.616699536761985,6.789638923341059
263.93746974115066,111.98917482132015,20.616699536761985,6.789638923341059
263.93746974115066,111.98917482132015,20.616699536761985,6.789638923341059
263.93746974115066,115.25304484096046,20.616699536761985,6.789638923341059
263.93746974115066,115.25304484096046,20.616699536761985,6.789638923341059
263.93746974115066,115.25304484096046,20.616699536761985,6.789638923341059
263.93746974115066,115.25304484096046,20.616699536761985,6.789638923341059
263.93746974115066,122.59675238515115,20.616699536761985,6.789638923341045
263.93746974115066,122.59675238515115,20.616699536761985,6.789638923341045
263.93746974115066,122.59675238515115,20.616699536761985,6.789638923341045
263.93746974115066,124.39008754469745,20.616699536761985,6.789638923341101
263.93746974115066,124.39008754469745,20.616699536761985,6.789638923341101
263.93746974115066,124.39008754469745,20.616699536761985,6.789638923341101
261.50595901563196,125.35741897931821,21.00041032319831,10.818602180922895
261.50595901563196,125.35741897931821,21.00041032319831,10.818602180922895
261.50595901563196,125.35741897931821,21.00041032319831,10.818602180922895
259.264290066199,125.35741897931821,21.00041032319831,10.818602180922895
259.264290066199,125.35741897931821,21.00041032319831,10.818602180922895
259.264290066199,125.35741897931821,21.00041032319831,10.818602180922895
254.7809521673331,126.70242034897794,21.00041032319831,10.818602180922909
254.7809521673331,126.70242034897794,21.00041032319831,10.818602180922909
254.7809521673331,126.70242034897794,21.00041032319831,10.818602180922909
251.3322295003078,126.70242034897794,21.00041032319831,10.818602180922909
251.3322295003078,126.70242034897794,21.00041032319831,10.818602180922909
251.3322295003078,126.70242034897794,21.00041032319831,10.818602180922909
244.15888886212235,127.59908792875109,21.00041032319831,10.818602180922937
244.15888886212235,127.59908792875109,21.00041032319831,10.818602180922937
244.15888886212235,127.59908792875109,21.00041032319831,10.818602180922937
239.12975942598106,127.59908792875109,21.000410323198167,10.818602180922937
239.12975942598106,127.59908792875109,21.000410323198167,10.818602180922937
239.12975942598106,127.59908792875109,21.000410323198167,10.818602180922937
239.12975942598106,127.59908792875109,21.000410323198167,10.818602180922937
229.78994761600438,127.59908792875109,21.000410323198025,10.818602180922937
229.78994761600438,127.59908792875109,21.000410323198025,10.818602180922937
229.78994761600438,127.59908792875109,21.000410323198025,10.818602180922937
225.479265242169,127.59908792875109,21.000410323198025,10.818602180922937
225.479265242169,127.59908792875109,21.000410323198025,10.818602180922937
225.479265242169,127.59908792875109,21.000410323198025,10.818602180922937
213.26566518296872,127.59908792875109,21.000410323198025,10.818602180922937
213.26566518296872,127.59908792875109,21.000410323198025,10.818602180922937
213.26566518296872,127.59908792875109,21.000410323198025,10.818602180922937
203.92585337299204,127.59908792875109,21.000410323198025,10.818602180922937
203.92585337299204,127.59908792875109,21.000410323198025,10.818602180922937
203.92585337299204,127.59908792875109,21.000410323198025,10.818602180922937
190.27535918917997,127.59908792875109,21.000410323198025,10.818602180922937
190.27535918917997,127.59908792875109,21.000410323198025,10.818602180922937
190.27535918917997,127.59908792875109,21.000410323198025,10.818602180922937
181.65399444150918,127.59908792875109,21.000410323198025,10.818602180922937
181.65399444150918,127.59908792875109,21.000410323198025,10.818602180922937
181.65399444150918,127.59908792875109,21.000410323198025,10.818602180922937
165.84815907077942,127.59908792875109,21.000410323198025,10.818602180922937
165.84815907077942,127.59908792875109,21.000410323198025,10.818602180922937
165.84815907077942,127.59908792875109,21.000410323198025,10.818602180922937
160.10058257233223,128.317534991057,21.000410323198025,10.818602180922937
160.10058257233223,128.317534991057,21.000410323198025,10.818602180922937
160.10058257233223,128.317534991057,21.000410323198025,10.818602180922937
160.10058257233223,128.317534991057,21.000410323198025,10.818602180922937
147.88698251313195,132.62821736489238,21.000410323198025,10.818602180922937
147.88698251313195,132.62821736489238,21.000410323198025,10.818602180922937
147.88698251313195,132.62821736489238,21.000410323198025,10.818602180922937
135.67338245393168,136.22045267642187,21.000410323198025,10.818602180922937
135.67338245393168,136.22045267642187,21.000410323198025,10.818602180922937
135.67338245393168,136.22045267642187,21.000410323198025,10.818602180922937
126.33357064395504,137.65734680103367,21.00041032319804,10.818602180922937
126.33357064395504,137.65734680103367,21.00041032319804,10.818602180922937
126.33357064395504,137.65734680103367,21.00041032319804,10.818602180922937
126.33357064395504,137.65734680103367,21.00041032319804,10.818602180922937
126.33357064395504,137.65734680103367,21.00041032319804,10.818602180922937
126.33357064395504,137.65734680103367,21.00041032319804,10.818602180922937
126.33357064395504,140.53113505025726,21.00041032319804,10.818602180922937
126.33357064395504,140.53113505025726,21.00041032319804,10.818602180922937
126.33357064395504,140.53113505025726,21.00041032319804,10.818602180922937
126.33357064395504,140.53113505025726,21.00041032319804,10.818602180922937
126.33357064395504,140.53113505025726,21.00041032319804,10.818602180922937
126.33357064395504,140.53113505025726,21.00041032319804,10.818602180922937
130.21349982357276,141.24958211256316,21.000410323197997,10.818602180922937
131.36292511092907,141.24958211256316,21.000410323197997,10.818602180922937
134.23648832931988,141.24958211256316,21.000410323197997,10.818602180922937
134.23648832931988,141.24958211256316,21.000410323197997,10.818602180922937
134.23648832931988,141.24958211256316,21.000410323197997,10.818602180922937
134.23648832931988,141.24958211256316,21.000410323197997,10.818602180922937
134.23648832931988,141.24958211256316,21.000410323197997,10.818602180922937
140.70251189007297,141.24958211256316,21.000410323197997,10.818602180922937
140.70251189007297,141.24958211256316,21.000410323197997,10.818602180922937
140.70251189007297,141.24958211256316,21.000410323197997,10.818602180922937
145.01319426390836,141.24958211256316,21.000410323197997,10.818602180922937
145.01319426390836,141.24958211256316,21.000410323197997,10.818602180922937
145.01319426390836,141.24958211256316,21.000410323197997,10.818602180922937
155.8697577872034,143.2766906348315,21.000410323197997,10.818602180922937
155.8697577872034,143.2766906348315,21.000410323197997,10.818602180922937
155.8697577872034,143.2766906348315,21.000410323197997,10.818602180922937
159.4619930987329,143.2766906348315,21.000410323197997,10.818602180922937
159.4619930987329,143.2766906348315,21.000410323197997,10.818602180922937
159.4619930987329,143.2766906348315,21.000410323197997,10.818602180922937
172.39404022023908,143.2766906348315,21.000410323197997,10.818602180922937
172.39404022023908,143.2766906348315,21.000410323197997,10.818602180922937
172.39404022023908,143.2766906348315,21.000410323197997,10.818602180922937
178.71587930069884,144.42611592218782,21.000410323197997,10.818602180922937
178.14116665702068,143.2766906348315,21.000410323197997,10.818602180922937
176.41702872598623,143.2766906348315,21.000410323197997,10.818602180922937
185.9407102883442,145.74006396842103,21.000410323197997,10.818602180922937
185.9407102883442,145.74006396842103,21.000410323197997,10.818602180922937
185.9407102883442,145.74006396842103,21.000410323197997,10.818602180922937
196.71741622293268,145.74006396842103,21.000410323197997,10.818602180922937
196.71741622293268,145.74006396842103,21.000410323197997,10.818602180922937
196.71741622293268,145.74006396842103,21.000410323197997,10.818602180922937
196.71741622293268,145.74006396842103,21.000410323197997,10.818602180922937
206.77567509521526,147.17695809303282,21.000410323197997,10.818602180922937
206.77567509521526,147.17695809303282,21.000410323197997,10.818602180922937
206.77567509521526,147.17695809303282,21.000410323197997,10.818602180922937
209.64946334443886,147.17695809303282,21.000410323197997,10.818602180922937
209.64946334443886,147.17695809303282,21.000410323197997,10.818602180922937
209.64946334443886,147.17695809303282,21.000410323197997,10.818602180922937
221.14461634133323,148.61385221764462,21.000410323197997,10.818602180922937
221.14461634133323,148.61385221764462,21.000410323197997,10.818602180922937
221.14461634133323,148.61385221764462,21.000410323197997,10.818602180922937
226.89219283978042,148.61385221764462,21.000410323197997,10.818602180922937
226.89219283978042,148.61385221764462,21.000410323197997,10.818602180922937
226.89219283978042,148.61385221764462,21.000410323197997,10.818602180922937
236.2320046497571,150.76919340456232,21.000410323197997,10.818602180922937
236.2320046497571,150.76919340456232,21.000410323197997,10.818602180922937
236.2320046497571,150.76919340456232,21.000410323197997,10.818602180922937
241.3793103448276,152.9655172413793,20.163787001963072,8.62227834410595
241.95402298850576,152.39080459770116,19.589074358284904,9.19699098778409
243.10344827586206,152.39080459770116,18.439649070928596,9.19699098778409
250.60094589587507,152.92453459148,21.000410323198565,10.818602180922937
250.60094589587507,152.92453459148,21.000410323198565,10.818602180922937
250.60094589587507,152.92453459148,21.000410323198565,10.818602180922937
254.91162826971046,152.92453459148,21.000410323198736,10.818602180922937
254.91162826971046,152.92453459148,21.000410323198736,10.818602180922937
254.91162826971046,152.92453459148,21.000410323198736,10.818602180922937
254.91162826971046,152.92453459148,21.000410323198736,10.818602180922937
263.53299301738093,152.92453459148,21.000410323198764,10.818602180922937
263.53299301738093,152.92453459148,21.000410323198764,10.818602180922937
263.53299301738093,152.92453459148,21.000410323198764,10.818602180922937
266.4067812666044,152.92453459148,21.000410323198764,10.818602180922937
266.4067812666044,152.92453459148,21.000410323198764,10.818602180922937
266.4067812666044,152.92453459148,21.000410323198764,10.818602180922937
271.264367816092,155.26436781609195,22.60884733446403,8.478768956311
272.98850574712645,155.26436781609195,20.884709403429554,8.478768956311
273.5632183908046,154.6896551724138,20.309996759751414,9.05348159998914
275.86206896551727,155.83908045977012,20.884709403429554,8.478768956311
276.4367816091954,156.98850574712642,20.309996759751414,7.329343668954692
275.86206896551727,155.26436781609195,20.88493443426222,8.478768956311
282.6431448007187,155.22338516619266,18.50628048663765,9.811097592428041
282.6431448007187,156.37281045354896,20.230418417672126,7.512247017715396
283.21785744439677,156.94752309722716,18.506280486637706,7.512247017715367
285.9483613366579,155.7980978098708,18.64933981276738,8.086959661393564
285.37364869297977,155.7980978098708,19.79876510012366,8.661672305071733
282.18390804597703,155.83908045977012,22.466013039167024,7.904056312632832
291.69548777343954,155.22338516619266,18.64933981276738,7.512247017715396
292.2702004171177,155.79809780987082,18.64933981276738,6.937534374037227
292.8449130607959,155.22338516619266,17.499914525411043,8.086959661393564
294.5930821982947,154.07395987883632,17.47588331894667,8.661672305071733
294.5930821982947,154.07395987883632,18.05059596262481,8.661672305071733
293.4436569109384,153.49924723515818,19.77473389365929,11.535235523462518
295.16779484197286,155.22338516619266,16.326458031590334,8.086959661393564
300.6281275339971,155.22338516619266,20.061527638416692,8.086959661393564
300.6281275339971,154.6486725225145,18.912102351060412,6.937534374037227
298.9039896029626,152.92453459148,21.000410323198764,10.818602180922937
301.7775528213534,154.07395987883632,19.486814994738552,9.811097592428041
301.2028401776752,154.07395987883632,20.06152763841675,8.661672305071733
301.2028401776752,154.07395987883635,20.06152763841675,8.661672305071704
308.04597701149424,153.54022988505747,18.965517241379303,8.620689655172413
308.62068965517244,154.11494252873564,19.540229885057443,8.045977011494244
309.24949228166753,154.07395987883632,18.911427258562355,8.661672305071733
313.2724807874147,154.6486725225145,17.76200197120602,8.661672305071733
312.123280530891,153.49924723515818,18.33648958405155,9.811097592428041
312.123280530891,154.07395987883635,17.187064296695212,9.236384948749873
318.73303851027157,152.92453459148,19.772708616165232,8.086959661393564
318.73303851027157,152.92453459148,20.347421259843372,8.661672305071704
317.58361322291523,152.92453459148,21.000410323198764,10.818602180922937
322.7034184990585,153.61507625968872,17.18148541166414,6.490487281183704
322.7034184990585,153.61507625968872,17.18148541166414,6.490487281183704
322.7034184990585,153.61507625968872,17.18148541166414,6.490487281183704
329.8878891221172,153.61507625968872,17.18148541166414,6.490487281183704
329.8878891221172,153.61507625968872,17.18148541166414,6.490487281183704
329.8878891221172,153.61507625968872,17.18148541166414,6.490487281183704
332.59070048514167,153.61507625968872,17.18148541166414,6.490487281183704
332.59070048514167,153.61507625968872,17.18148541166414,6.490487281183704
332.59070048514167,153.61507625968872,17.18148541166414,6.490487281183704
332.59070048514167,153.61507625968872,17.18148541166414,6.490487281183704
340.49361817050624,154.33352332199462,17.18148541166414,6.490487281183704
340.49361817050624,154.33352332199462,17.18148541166414,6.490487281183704
340.49361817050624,154.33352332199462,17.18148541166414,6.490487281183704
342.64895935742385,154.33352332199462,17.18148541166414,6.490487281183704
342.64895935742385,154.33352332199462,17.18148541166414,6.490487281183704
342.64895935742385,154.33352332199462,17.18148541166414,6.490487281183704
350.5518770427884,154.33352332199462,17.18148541166414,6.490487281183704
350.5518770427884,154.33352332199462,17.18148541166414,6.490487281183704
350.5518770427884,154.33352332199462,17.18148541166414,6.490487281183704
353.4256652920119,154.33352332199462,17.18148541166414,6.490487281183704
353.4256652920119,154.33352332199462,17.18148541166414,6.490487281183704
353.4256652920119,154.33352332199462,17.18148541166414,6.490487281183704
362.7654771019882,154.33352332199462,17.18148541166414,6.490487281183704
362.7654771019882,154.33352332199462,17.18148541166414,6.490487281183704
362.7654771019882,154.33352332199462,17.18148541166414,6.490487281183704
365.6392653512117,154.33352332199462,17.18148541166414,6.490487281183704
365.6392653512117,154.33352332199462,17.18148541166414,6.490487281183704
365.6392653512117,154.33352332199462,17.18148541166414,6.490487281183704
370.6683947873528,154.33352332199462,17.18148541166414,6.490487281183704
372.8237359742704,154.33352332199462,17.18148541166414,6.490487281183704
372.8237359742704,154.33352332199462,17.18148541166414,6.490487281183704
374.979077161188,154.33352332199462,17.18148541166414,6.490487281183704
377.2704321081089,154.33352332199462,17.18148541166414,6.490487281183704
377.2704321081089,154.33352332199462,17.18148541166414,6.490487281183704
377.2704321081089,154.33352332199462,17.18148541166414,6.490487281183704
383.01800860655584,154.33352332199462,17.18148541166414,6.490487281183704
383.01800860655584,154.33352332199462,17.18148541166414,6.490487281183704
383.01800860655584,154.33352332199462,17.18148541166414,6.490487281183704
388.04713804269693,154.33352332199462,17.18148541166414,6.490487281183704
388.04713804269693,154.33352332199462,17.18148541166414,6.490487281183704
388.04713804269693,154.33352332199462,17.18148541166414,6.490487281183704
395.23160866575563,154.33352332199462,17.18148541166414,6.490487281183704
395.23160866575563,154.33352332199462,17.18148541166414,6.490487281183704
395.23160866575563,154.33352332199462,17.18148541166414,6.490487281183704
405.2898675380378,155.05197038430052,17.18148541166414,6.490487281183704
405.2898675380378,155.05197038430052,17.18148541166414,6.490487281183704
405.2898675380378,155.05197038430052,17.18148541166414,6.490487281183704
414.6296793480141,155.05197038430052,17.18148541166414,6.490487281183704
414.6296793480141,155.05197038430052,17.18148541166414,6.490487281183704
414.6296793480141,155.05197038430052,17.18148541166414,6.490487281183704
417.5034675972376,155.05197038430052,17.18148541166414,6.490487281183704
417.5034675972376,155.05197038430052,17.18148541166414,6.490487281183704
417.5034675972376,155.05197038430052,17.18148541166414,6.490487281183704
419.8023181719503,155.05197038430052,17.18148541166414,6.490487281183704
420.37703081562836,154.47725774062235,17.18148541166414,6.490487281183704
420.3770308156284,155.05197038430052,17.18148541166414,6.490487281183704
421.09570290876695,155.05197038430052,17.18148541166414,6.490487281183704
421.09570290876695,155.05197038430052,17.18148541166414,6.490487281183704
421.09570290876695,155.05197038430052,17.18148541166414,6.490487281183704
421.09570290876695,155.05197038430052,17.18148541166414,6.490487281183704
426.8432794072139,155.05197038430052,17.18148541166414,6.490487281183704
426.8432794072139,155.05197038430052,17.18148541166414,6.490487281183704
426.8432794072139,155.05197038430052,17.18148541166414,6.490487281183704
428.9986205941315,155.05197038430052,17.18148541166414,6.490487281183704
428.9986205941315,155.05197038430052,17.18148541166414,6.490487281183704
428.9986205941315,155.05197038430052,17.18148541166414,6.490487281183704
431.872408843355,155.05197038430052,17.18148541166414,6.490487281183704
431.872408843355,155.05197038430052,17.18148541166414,6.490487281183704
431.872408843355,155.05197038430052,17.18148541166414,6.490487281183704
433.30930296796674,155.05197038430052,17.18148541166414,6.490487281183704
