399.248972392504,112.36107051697414,24.565866183738535,9.057823386491961
398.76865956454174,111.79692047732972,24.982689847738584,9.218890649193924
398.312029697819,111.08883262436535,25.359351529427272,10.334105717085635
398.8355529998857,111.80522625033066,25.366151110987914,9.280299186946806
399.0102787125099,110.99384825966858,25.081293162604936,10.736237001258942
398.28268856917725,111.60580790723844,25.613625755973203,9.775248476917298
398.73369968829684,111.36789723428635,24.7204112465962,9.653591253232833
399.1607888680698,112.1886759565371,25.11001395238486,8.782874835363316
399.0162122130936,112.1886759565371,25.11001395238486,8.782874835363316
399.0162122130936,112.1886759565371,25.11001395238486,8.782874835363316
399.0162122130936,112.1886759565371,25.11001395238486,8.782874835363316
398.89648828211153,112.1886759565371,25.11001395238486,8.782874835363316
398.89648828211153,112.1886759565371,25.11001395238486,8.782874835363316
398.89648828211153,111.61036933663233,25.11001395238486,8.782874835363316
398.89648828211153,111.61036933663233,25.11001395238486,8.782874835363316
398.89648828211153,111.45149386989593,25.11001395238486,8.782874835363316
398.89648828211153,111.45149386989593,25.11001395238486,8.782874835363316
398.89648828211153,111.45149386989593,25.11001395238486,8.782874835363316
398.89648828211153,111.45149386989593,25.11001395238486,8.782874835363316
398.89648828211153,111.45149386989593,25.11001395238486,8.782874835363316
398.89648828211153,111.45149386989593,25.11001395238486,8.782874835363316
398.89648828211153,111.45149386989593,25.11001395238486,8.782874835363316
398.89648828211153,111.45149386989593,25.11001395238486,8.782874835363316
398.89648828211153,111.45149386989593,25.11001395238486,8.782874835363316
398.89648828211153,111.45149386989593,25.11001395238486,8.782874835363316
398.89648828211153,111.45149386989593,25.11001395238486,8.782874835363316
398.89648828211153,111.45149386989593,25.11001395238486,8.782874835363316
398.89648828211153,111.45149386989593,25.11001395238486,8.782874835363316
398.89648828211153,111.45149386989593,25.11001395238486,8.782874835363316
399.3322834039298,111.12464752853218,25.11001395238486,8.782874835363316
399.6500343374026,111.12464752853218,25.11001395238486,8.782874835363316
399.6500343374026,111.12464752853218,25.11001395238486,8.782874835363316
399.6500343374026,111.12464752853218,25.11001395238486,8.782874835363316
399.808909804139,110.01251926137735,25.11001395238486,8.782874835363316
399.94047457367236,110.01251926137735,25.11001395238486,8.782874835363316
400.11506298585533,110.01251926137735,25.11001395238486,8.782874835363316
400.11506298585533,110.01251926137735,25.11001395238486,8.782874835363316
400.11506298585533,110.01251926137735,25.11001395238486,8.782874835363316
400.11506298585533,110.01251926137735,25.11001395238486,8.782874835363316
400.11506298585533,110.01251926137735,25.11001395238486,8.782874835363316
400.11506298585533,110.01251926137735,25.11001395238486,8.782874835363316
400.11506298585533,110.01251926137735,25.11001395238486,8.782874835363316
400.11506298585533,110.01251926137735,25.11001395238486,8.782874835363316
400.11506298585533,110.01251926137735,25.11001395238486,8.782874835363316
400.11506298585533,110.01251926137735,25.11001395238486,8.782874835363316
400.11506298585533,110.01251926137735,25.11001395238486,8.782874835363316
400.11506298585533,110.01251926137735,25.11001395238486,8.782874835363316
400.11506298585533,110.01251926137735,25.11001395238486,8.782874835363316
400.11506298585533,110.01251926137735,25.11001395238486,8.782874835363316
400.11506298585533,110.01251926137735,25.11001395238486,8.782874835363316
400.11506298585533,110.01251926137735,25.11001395238486,8.782874835363316
400.11506298585533,110.01251926137735,25.11001395238486,8.782874835363316
400.11506298585533,110.01251926137735,25.11001395238486,8.782874835363316
400.11506298585533,110.01251926137735,25.11001395238486,8.782874835363316
400.11506298585533,110.01251926137735,25.11001395238486,8.782874835363316
400.11506298585533,110.01251926137735,25.11001395238486,8.782874835363316
400.11506298585533,110.01251926137735,25.11001395238486,8.782874835363316
400.11506298585533,110.01251926137735,25.11001395238486,8.782874835363316
400.11506298585533,110.01251926137735,25.11001395238486,8.782874835363316
400.11506298585533,110.01251926137735,25.11001395238486,8.782874835363316
400.11506298585533,110.01251926137735,25.11001395238486,8.782874835363316
401.0743399519463,109.05324229528647,25.11001395238486,8.782874835363316
401.0743399519463,109.05324229528647,25.11001395238486,8.782874835363316
401.0743399519463,109.05324229528647,25.11001395238486,8.782874835363316
401.0743399519463,109.05324229528647,25.11001395238486,8.782874835363316
401.0743399519463,109.05324229528647,25.11001395238486,8.782874835363316
401.0743399519463,109.05324229528647,25.11001395238486,8.782874835363316
401.0743399519463,109.05324229528647,25.11001395238486,8.782874835363316
401.0743399519463,109.05324229528647,25.11001395238486,8.782874835363316
401.0743399519463,109.05324229528647,25.11001395238486,8.782874835363316
401.1734833431321,108.65666873054319,25.11001395238486,8.782874835363316
401.1734833431321,108.65666873054319,25.11001395238486,8.782874835363316
401.1734833431321,108.65666873054319,25.11001395238486,8.782874835363316
401.1734833431321,108.65666873054319,25.11001395238486,8.782874835363316
401.1734833431321,108.65666873054319,25.11001395238486,8.782874835363316
401.1734833431321,108.65666873054319,25.11001395238486,8.782874835363316
401.1734833431321,108.65666873054319,25.11001395238486,8.782874835363316
401.1734833431321,108.65666873054319,25.11001395238486,8.782874835363316
401.3323588098685,108.65666873054319,25.11001395238486,8.782874835363316
401.3323588098685,108.65666873054319,25.11001395238486,8.782874835363316
401.3323588098685,108.65666873054319,25.11001395238486,8.782874835363316
401.3323588098685,108.65666873054319,25.11001395238486,8.782874835363316
401.3323588098685,108.65666873054319,25.11001395238486,8.782874835363316
401.2234100294139,108.65666873054319,25.11001395238486,8.782874835363316
401.2234100294139,108.65666873054319,25.11001395238486,8.782874835363316
401.58258182236005,108.77639266152522,25.11001395238486,8.782874835363316
401.58258182236005,108.77639266152522,25.11001395238486,8.782874835363316
401.58258182236005,108.77639266152522,25.11001395238486,8.782874835363316
401.58258182236005,108.77639266152522,25.11001395238486,8.782874835363316
401.58258182236005,108.77639266152522,25.11001395238486,8.782874835363316
401.58258182236005,108.77639266152522,25.11001395238486,8.782874835363316
401.58258182236005,108.77639266152522,25.11001395238486,8.782874835363316
401.58258182236005,108.77639266152522,25.11001395238486,8.782874835363316
401.58258182236005,108.77639266152522,25.11001395238486,8.782874835363316
401.58258182236005,108.77639266152522,25.11001395238486,8.782874835363316
401.58258182236005,108.77639266152522,25.11001395238486,8.782874835363316
401.58258182236005,108.77639266152522,25.11001395238486,8.782874835363316
401.58258182236005,108.77639266152522,25.11001395238486,8.782874835363316
401.58258182236005,108.77639266152522,25.11001395238486,8.782874835363316
401.931758646726,108.77639266152522,25.11001395238486,8.782874835363316
401.931758646726,108.77639266152522,25.11001395238486,8.782874835363316
401.931758646726,108.77639266152522,25.11001395238486,8.782874835363316
401.931758646726,108.77639266152522,25.11001395238486,8.782874835363316
401.931758646726,108.77639266152522,25.11001395238486,8.782874835363316
401.931758646726,108.77639266152522,25.11001395238486,8.782874835363316
401.931758646726,108.77639266152522,25.11001395238486,8.782874835363316
401.931758646726,108.77639266152522,25.11001395238486,8.782874835363316
401.931758646726,108.77639266152522,25.11001395238486,8.782874835363316
401.931758646726,108.77639266152522,25.11001395238486,8.782874835363316
401.931758646726,108.77639266152522,25.11001395238486,8.782874835363316
401.931758646726,108.77639266152522,25.11001395238486,8.782874835363316
401.931758646726,108.77639266152522,25.11001395238486,8.782874835363316
401.931758646726,108.77639266152522,25.11001395238486,8.782874835363316
401.931758646726,108.77639266152522,25.11001395238486,8.782874835363316
401.931758646726,108.77639266152522,25.11001395238486,8.782874835363316
401.931758646726,108.77639266152522,25.11001395238486,8.782874835363316
401.931758646726,108.77639266152522,25.11001395238486,8.782874835363316
401.931758646726,108.77639266152522,25.11001395238486,8.782874835363316
401.931758646726,108.77639266152522,25.11001395238486,8.782874835363316
401.931758646726,108.77639266152522,25.11001395238486,8.782874835363316
401.931758646726,108.77639266152522,25.11001395238486,8.782874835363316
401.931758646726,108.77639266152522,25.11001395238486,8.782874835363316
401.931758646726,108.77639266152522,25.11001395238486,8.782874835363316
401.931758646726,108.77639266152522,25.11001395238486,8.782874835363316
401.931758646726,108.77639266152522,25.11001395238486,8.782874835363316
402.05148257770804,108.77639266152522,25.11001395238486,8.782874835363316
402.05148257770804,108.77639266152522,25.11001395238486,8.782874835363316
402.05148257770804,108.77639266152522,25.11001395238486,8.782874835363316
402.05148257770804,108.77639266152522,25.11001395238486,8.782874835363316
402.05148257770804,108.77639266152522,25.11001395238486,8.782874835363316
402.05148257770804,108.77639266152522,25.11001395238486,8.782874835363316
402.05148257770804,108.77639266152522,25.11001395238486,8.782874835363316
402.05148257770804,108.77639266152522,25.11001395238486,8.782874835363316
402.05148257770804,108.77639266152522,25.11001395238486,8.782874835363316
402.05148257770804,108.77639266152522,25.11001395238486,8.782874835363316
402.05148257770804,108.77639266152522,25.11001395238486,8.782874835363316
402.05148257770804,108.77639266152522,25.11001395238486,8.782874835363316
402.05148257770804,108.77639266152522,25.11001395238486,8.782874835363316
402.05148257770804,108.77639266152522,25.11001395238486,8.782874835363316
402.05148257770804,108.77639266152522,25.11001395238486,8.782874835363316
402.05148257770804,108.77639266152522,25.11001395238486,8.782874835363316
402.05148257770804,108.77639266152522,25.11001395238486,8.782874835363316
402.05148257770804,108.77639266152522,25.11001395238486,8.782874835363316
402.05148257770804,108.77639266152522,25.11001395238486,8.782874835363316
402.05148257770804,108.77639266152522,25.11001395238486,8.782874835363316
402.05148257770804,108.77639266152522,25.11001395238486,8.782874835363316
402.05148257770804,108.77639266152522,25.11001395238486,8.782874835363316
402.05148257770804,108.77639266152522,25.11001395238486,8.782874835363316
402.05148257770804,108.77639266152522,25.11001395238486,8.782874835363316
402.05148257770804,108.77639266152522,25.11001395238486,8.782874835363316
402.05148257770804,108.77639266152522,25.11001395238486,8.782874835363316
402.05148257770804,108.77639266152522,25.11001395238486,8.782874835363316
402.05148257770804,108.77639266152522,25.11001395238486,8.782874835363316
402.05148257770804,108.77639266152522,25.11001395238486,8.782874835363316
402.05148257770804,108.77639266152522,25.11001395238486,8.782874835363316
402.05148257770804,108.77639266152522,25.11001395238486,8.782874835363316
402.05148257770804,108.77639266152522,25.11001395238486,8.782874835363316
402.05148257770804,108.77639266152522,25.11001395238486,8.782874835363316
402.05148257770804,108.77639266152522,25.11001395238486,8.782874835363316
402.05148257770804,108.77639266152522,25.11001395238486,8.782874835363316
402.05148257770804,108.77639266152522,25.11001395238486,8.782874835363316
402.05148257770804,108.77639266152522,25.11001395238486,8.782874835363316
402.1712065086901,108.89611659250725,25.11001395238486,8.782874835363316
402.1712065086901,108.89611659250725,25.11001395238486,8.782874835363316
402.1712065086901,108.89611659250725,25.11001395238486,8.782874835363316
402.1712065086901,108.89611659250725,25.11001395238486,8.782874835363316
402.1712065086901,108.89611659250725,25.11001395238486,8.782874835363316
402.1712065086901,108.89611659250725,25.11001395238486,8.782874835363316
402.1712065086901,108.89611659250725,25.11001395238486,8.782874835363316
402.1712065086901,108.89611659250725,25.11001395238486,8.782874835363316
402.1712065086901,108.89611659250725,25.11001395238486,8.782874835363316
402.1712065086901,110.23910434503449,25.11001395238486,8.782874835363316
402.1712065086901,110.23910434503449,25.11001395238486,8.782874835363316
402.1712065086901,110.23910434503449,25.11001395238486,8.782874835363316
402.1712065086901,110.23910434503449,25.11001395238486,8.782874835363316
402.1712065086901,110.23910434503449,25.11001395238486,8.782874835363316
402.1712065086901,110.23910434503449,25.11001395238486,8.782874835363316
402.1712065086901,110.23910434503449,25.11001395238486,8.782874835363316
402.1712065086901,110.23910434503449,25.11001395238486,8.782874835363316
402.1712065086901,110.23910434503449,25.11001395238486,8.782874835363316
402.1712065086901,110.23910434503449,25.11001395238486,8.782874835363316
402.1712065086901,111.51149713268805,25.11001395238486,8.782874835363316
402.1712065086901,111.51149713268805,25.11001395238486,8.782874835363316
402.1712065086901,111.51149713268805,25.11001395238486,8.782874835363316
402.1712065086901,111.51149713268805,25.11001395238486,8.782874835363316
402.1712065086901,111.51149713268805,25.11001395238486,8.782874835363316
402.1712065086901,111.51149713268805,25.11001395238486,8.782874835363316
402.1712065086901,111.51149713268805,25.11001395238486,8.782874835363316
402.1712065086901,111.51149713268805,25.11001395238486,8.782874835363316
402.1712065086901,111.51149713268805,25.11001395238486,8.782874835363316
402.1712065086901,111.51149713268805,25.11001395238486,8.782874835363316
402.1712065086901,111.51149713268805,25.11001395238486,8.782874835363316
402.1712065086901,111.51149713268805,25.11001395238486,8.782874835363316
402.1712065086901,111.51149713268805,25.11001395238486,8.782874835363316
402.1712065086901,111.51149713268805,25.11001395238486,8.782874835363316
402.1712065086901,111.51149713268805,25.11001395238486,8.782874835363316
402.1712065086901,112.78447210319958,25.11001395238486,8.782874835363316
402.1712065086901,112.78447210319958,25.11001395238486,8.782874835363316
402.1712065086901,112.78447210319958,25.11001395238486,8.782874835363316
402.1712065086901,112.78447210319958,25.11001395238486,8.782874835363316
402.1712065086901,113.17916641179973,25.11001395238486,8.782874835363316
402.1712065086901,113.17916641179973,25.11001395238486,8.782874835363316
402.1712065086901,113.17916641179973,25.11001395238486,8.782874835363316
401.91661151458777,114.19754638820895,25.11001395238486,8.782874835363316
401.91661151458777,114.19754638820895,25.11001395238486,8.782874835363316
401.91661151458777,114.19754638820895,25.11001395238486,8.782874835363316
401.91661151458777,114.19754638820895,25.11001395238486,8.782874835363316
401.91661151458777,114.19754638820895,25.11001395238486,8.782874835363316
401.91661151458777,114.19754638820895,25.11001395238486,8.782874835363316
401.91661151458777,114.40837652131655,25.11001395238486,8.782874835363316
401.91661151458777,114.40837652131655,25.11001395238486,8.782874835363316
401.91661151458777,114.40837652131655,25.11001395238486,8.782874835363316
401.91661151458777,114.40837652131655,25.11001395238486,8.782874835363316
401.91661151458777,114.40837652131655,25.11001395238486,8.782874835363316
401.91661151458777,114.40837652131655,25.11001395238486,8.782874835363316
401.91661151458777,114.40837652131655,25.11001395238486,8.782874835363316
401.91661151458777,114.40837652131655,25.11001395238486,8.782874835363316
401.91661151458777,114.40837652131655,25.11001395238486,8.782874835363316
401.91661151458777,114.40837652131655,25.11001395238486,8.782874835363316
401.91661151458777,114.40837652131655,25.11001395238486,8.782874835363316
401.91661151458777,114.40837652131655,25.11001395238486,8.782874835363316
401.91661151458777,114.64005798895379,25.11001395238486,8.782874835363316
401.91661151458777,115.02376877539014,25.11001395238486,8.782874835363316
401.91661151458777,115.02376877539014,25.11001395238486,8.782874835363316
401.91661151458777,115.02376877539014,25.11001395238486,8.782874835363316
401.91661151458777,115.02376877539014,25.11001395238486,8.782874835363316
401.91661151458777,115.02376877539014,25.11001395238486,8.782874835363316
401.91661151458777,117.33590750371384,25.11001395238486,8.782874835363316
402.49464619666867,116.75787282163292,25.11001395238486,8.782874835363316
401.91661151458777,118.10129100069607,25.11001395238486,8.782874835363316
401.91661151458777,118.10129100069607,25.11001395238486,8.782874835363316
401.91661151458777,118.10129100069607,25.11001395238486,8.782874835363316
401.91661151458777,118.10129100069607,25.11001395238486,8.782874835363316
401.91661151458777,118.10129100069607,25.11001395238486,8.782874835363316
401.91661151458777,118.10129100069607,27.56315727153941,8.361136744968675
406.5240000499431,118.89566833437809,25.11001395238486,8.782874835363316
406.5240000499431,118.89566833437809,27.00201151075055,9.878898139610357
406.5240000499431,118.89566833437809,25.11001395238486,8.782874835363316
409.3245449850686,119.659453316685,25.11001395238486,8.78287483536333
409.4691216400448,119.8040299716612,25.11001395238486,8.78287483536333
409.6006864095782,119.93559474119458,25.11001395238486,8.78287483536333
409.6006864095782,119.93559474119458,25.11001395238486,8.78287483536333
409.6006864095782,119.93559474119458,25.11001395238486,8.78287483536333
409.6006864095782,119.93559474119458,25.11001395238486,8.78287483536333
413.2670430654206,120.98312521429249,25.11001395238486,8.782874835363273
413.42591853215697,121.14200068102889,25.11001395238486,8.782874835363259
413.42591853215697,121.43115399098127,25.11001395238486,8.782874835363259
417.04033490656246,121.43115399098127,25.11001395238486,8.782874835363259
417.04033490656246,121.59002945771768,25.11001395238486,8.782874835363245
417.66099566693697,121.73236093663773,25.11001395238486,8.782874835363103
421.15625593513755,122.36786280358335,25.11001395238486,8.782874835363046
421.9236775080103,122.55971819680153,25.11001395238486,8.78287483536306
421.9236775080103,122.55971819680153,25.11001395238486,8.78287483536306
424.81385091841497,123.13775287888245,25.11001395238486,8.78287483536306
424.609653013065,123.32713976967423,25.11001395238486,8.782874835363117
425.04338297799364,123.61629307962662,25.11001395238486,8.782874835363117
429.26420162879384,124.19185925928115,25.11001395238486,8.78287483536316
429.26420162879384,124.47163400703623,25.11001395238486,8.78287483536316
429.26420162879384,124.47163400703623,25.11001395238486,8.78287483536316
429.26420162879384,124.47163400703623,25.11001395238486,8.78287483536316
433.97808875773404,125.8683413045001,25.11001395238486,8.782874835363046
434.13696422447043,125.8683413045001,25.11001395238486,8.782874835363046
434.3288196176886,126.25205209093646,25.11001395238486,8.782874835363074
437.12656709523947,126.81160158644663,25.11001395238486,8.782874835363074
437.31842248845766,127.19531237288298,25.11001395238486,8.782874835363103
437.6158526620151,126.99702559051134,25.11001395238486,8.782874835363131
443.6395708205823,127.69206999342303,25.11001395238486,8.782874835363131
443.6395708205823,127.86665840560602,25.11001395238486,8.782874835363145
443.89416581468464,128.12125339970834,25.11001395238486,8.782874835363145
448.47704358088987,129.94058171144948,23.1992569971448,9.81664372207652
448.5549132947977,129.35260115606937,23.12138728323697,9.826589595375708
450.8670520231214,128.19653179190752,20.23121387283237,9.248554913294782
452.02312138728325,129.35260115606937,26.589595375722524,10.98265895953756
453.649469283134,129.29258176751904,24.963247479871768,10.464643666006964
454.8055386472958,129.29258176751904,26.119316844033676,11.04267834808789
0,0,0,0
0,0,0,0
0,0,0,0
463.49724495749354,133.04015654193284,26.676165447130757,8.451172937835935
463.64182161246976,133.45891427065538,26.531588792154537,6.876345844951544
462.4857522483079,133.85443577059826,26.531588792154537,7.058859027089596
472.8323699421965,135.13294797687863,21.964258656202958,8.961381418326795
472.2389966171091,135.04364012680008,24.48599455601095,7.9530844667847305
472.6924461276422,133.95275864841676,25.153562522556854,9.945987652717832
474.142990205842,134.64857991396272,21.618161491379396,8.070303343368835
476.6429146341179,137.09955076697446,29.137432186691342,10.172125533603577
476.6429146341179,137.09955076697446,29.137432186691342,10.172125533603577
476.6429146341179,137.09955076697446,29.71546686877224,9.594090851522651
479.5330880445225,138.2556201311363,28.559397504610445,10.172125533603577
476.6429146341179,137.09955076697446,29.97743543225573,11.56280401989062
476.6429146341179,137.09955076697446,29.97743543225573,11.56280401989062
486.1271676300578,139.757225433526,25.695494575044222,10.639233399581855
485.8914695474127,139.9897241773791,27.403328140448593,9.594090851522651
486.4695042294936,140.56775885946,26.247258776286685,9.016056169441725
491.14823740338295,140.9964118615352,26.192803059044763,8.587403167366546
492.8823414496257,141.57444654361612,23.880664330721117,9.743472531528397
492.8823414496257,142.15248122569704,24.458699012802015,7.431333803204694
494.03841081378755,142.73051590777797,25.614768376963866,8.00936848528562
494.0384108137875,142.15248122569704,24.45869901280213,8.587403167366546
494.61644549586845,142.15248122569704,24.45869901280207,8.587403167366546
496.3505495421113,143.88658527193982,24.458699012802015,8.587403167366546
497.1766016991337,142.26519443184833,24.210681537860523,10.208794007458039
496.9339658794516,143.98717960094035,23.875282675461733,9.064843520446942
499.4799158204748,143.98717960094035,25.375575509004932,9.642878202527868
499.4799158204748,143.98717960094035,26.53164487316684,9.064843520446942
499.75969056822987,143.98717960094035,25.67383544333086,7.908774156285091
501.3484452355938,144.46380600114952,24.085080775966958,9.744286484399623
501.6976220599597,144.46380600114952,24.313938633681914,9.744286484399623
501.8894774531779,144.46380600114952,23.544048558382826,8.588217120237772
501.8894774531779,144.46380600114952,24.122083240463724,9.744286484399623
504.2016161815016,146.19791004739227,25.278152604625518,9.744286484399652
503.6235814994207,146.19791004739227,25.278152604625518,9.166251802318726
504.77965086358256,146.77594472947322,24.122083240463667,9.166251802318698
504.7796508635825,145.61987536531134,25.27815260462563,9.744286484399652
504.7796508635825,146.19791004739227,24.70011792254462,11.4783905306424
505.35768554566346,146.19791004739227,24.122083240463667,10.322321166480577
507.1190667229768,146.12906535351598,22.360702063150313,9.813131178275938
506.5410320408959,145.5510306714351,23.51677142731222,10.391165860356836
506.541032040896,146.12906535351598,23.516771427312108,10.391165860356864
507.1190667229768,145.5510306714351,22.938736745231324,10.391165860356836
505.962997358815,144.97299598935416,24.09480610939312,11.547235224518687
505.962997358815,144.97299598935416,24.09480610939312,10.391165860356836
505.962997358815,144.97299598935416,23.516771427312108,10.969200542437761
505.962997358815,144.97299598935416,23.516771427312108,11.547235224518687
505.962997358815,144.97299598935416,24.672840791474016,10.391165860356836
505.962997358815,144.97299598935416,23.516771427312108,9.81313117827591
505.962997358815,144.97299598935416,23.516771427312108,9.81313117827591
505.962997358815,144.97299598935416,22.93873674523121,9.81313117827591
504.8069279946531,146.129065353516,23.51677142731222,9.235096496194984
505.962997358815,144.97299598935416,21.204632698988405,9.235096496194984
505.962997358815,144.97299598935416,21.782667381069416,10.391165860356836
500.76068522008666,143.23889194311138,24.672840791474073,9.81313117827591
499.6046158559248,144.39496130727323,25.250875473554913,9.235096496194984
498.77729729308925,143.3883241255324,26.07819403639047,9.6636989958549
499.1217558924086,143.26268562275254,27.427291461891627,11.651586212072374
496.94157712414534,141.21407089157512,22.980484508727443,13.703958651994299
497.98640710140904,143.09586139287902,22.244806771423384,10.534196410589203
496.0948309798435,140.91988485682813,24.690794875329118,11.651586212072374
494.39597049642043,139.8297954726965,22.980484508727614,13.703958651994299
493.5314210412584,140.2357607101875,22.98048450872767,13.703958651994299
491.8211106746568,138.8675124169062,26.059043168610515,13.361896578673964
489.5093678693077,138.32622543358488,22.980484508727557,13.703958651994299
487.7184801534087,139.8865791423528,25.57631753445264,12.009374614872655
488.93133318722676,142.1987178706765,24.363464500634564,8.541166522387101
481.5872333291436,140.723539666393,25.927217537908405,11.750448772913359
483.8150289017341,140.33526011560693,22.660543319854753,9.815461421082716
482.08092485549133,139.17919075144508,26.274109914987037,11.34742329502248
478.0346820809249,139.757225433526,24.68196504288494,9.265818573829932
476.3005780346821,138.02312138728323,26.528844582491104,10.468868719427007
474.5664739884393,140.33526011560693,23.699421965317924,9.826589595375737
473.29783573556387,137.83700110368164,22.98048450873057,13.703958651994299
473.29783573556387,137.83700110368164,22.98048450873057,13.703958651994299
473.29783573556387,137.83700110368164,22.98048450873057,13.703958651994299
458.2330432930472,136.2997773850575,29.050193701172418,9.81582955135869
458.2330432930472,136.2997773850575,30.20626306533427,9.81582955135869
459.96714733928997,136.2997773850575,27.894124337010624,9.81582955135869
456.49893924680447,135.14370802089564,22.691812198282264,10.393864233439615
456.49893924680447,135.72174270297657,23.26984688036316,10.393864233439615
455.34286988264256,134.56567333881472,26.160020290767875,11.549933597601466
455.15711958241656,135.53599240275054,22.877562498508325,10.001579851584722
450.93352418440446,133.00603080545926,22.98048450873057,13.703958651994299
450.93352418440446,133.00603080545926,22.98048450873057,13.703958651994299
450.93352418440446,133.00603080545926,22.98048450873057,13.703958651994299
442.361309881828,132.5426678701848,22.98048450873057,13.703958651994299
442.361309881828,132.5426678701848,22.98048450873057,13.703958651994299
442.361309881828,132.5426678701848,22.98048450873057,13.703958651994299
435.64671593570597,130.30446988814413,25.624960364872095,12.342928955786505
435.64671593570597,130.0498748940418,22.98048450873057,13.703958651994299
435.64671593570597,130.0498748940418,22.98048450873057,13.703958651994299
428.3725724940738,129.21055065077655,22.98048450873057,13.703958651994299
428.3725724940738,129.21055065077655,22.98048450873057,13.703958651994299
428.65234724182886,128.93077590302147,22.98048450873057,13.703958651994299
413.10861461110585,125.25892213092612,22.98048450873057,13.703958651994299
413.10861461110585,125.25892213092612,22.98048450873057,13.703958651994299
413.10861461110585,125.25892213092612,22.98048450873057,13.703958651994299
405.15100146824693,125.91674597859307,25.085520821264822,9.625450796459262
405.15100146824693,125.91674597859307,25.085520821264822,9.625450796459262
405.15100146824693,125.91674597859307,25.085520821264822,9.625450796459262
398.022341633382,125.15296099628615,25.085520821264822,9.62545079645922
398.022341633382,125.15296099628615,25.085520821264822,9.62545079645922
398.022341633382,125.15296099628615,25.085520821264822,9.62545079645922
390.1886486962396,123.47431250975565,25.085520821264822,9.62545079645922
390.1886486962396,123.47431250975565,25.085520821264822,9.62545079645922
390.1886486962396,123.47431250975565,25.085520821264822,9.62545079645922
390.1886486962396,123.47431250975565,25.085520821264822,9.62545079645922
0,0,0,0
0,0,0,0
0,0,0,0
0,0,0,0
0,0,0,0
0,0,0,0
341.3985631563114,117.17361880453406,25.075425282994956,12.17898235153531
341.3985631563114,117.17361880453406,27.965598693399556,11.600947669454385
341.3985631563114,117.17361880453406,26.231494647156808,12.17898235153531
323.3223185750467,115.13685885171562,27.543744810580165,10.15471586079454
323.3223185750467,115.13685885171562,27.543744810580165,10.15471586079454
323.3223185750467,115.13685885171562,27.543744810580165,10.15471586079454
305.7552639819867,113.86388388120409,27.543744810580165,10.15471586079454
305.7552639819867,113.86388388120409,27.543744810580165,10.15471586079454
305.7552639819867,113.86388388120409,27.543744810580165,10.15471586079454
289.1188247647271,112.29103513118119,27.543744810580165,10.15471586079454
290.27489412888895,112.86906981326214,27.543744810580165,10.15471586079454
288.54079008264614,112.29103513118122,27.543744810580165,10.15471586079454
271.6829662097518,110.99727637926674,27.543744810580165,10.15471586079454
271.6829662097518,110.99727637926674,27.543744810580165,10.15471586079454
271.6829662097518,110.99727637926674,27.543744810580165,10.15471586079454
254.62510160489637,108.9605164264483,27.543744810580165,10.15471586079454
254.62510160489637,108.9605164264483,27.543744810580165,10.15471586079454
254.62510160489637,108.9605164264483,27.543744810580165,10.15471586079454
254.62510160489637,108.9605164264483,27.543744810580165,10.15471586079454
237.33703069007265,108.11719589401787,27.543744810580165,10.15471586079454
237.33703069007265,108.11719589401787,27.543744810580165,10.15471586079454
237.33703069007265,108.11719589401787,27.543744810580165,10.15471586079454
0,0,0,0
0,0,0,0
0,0,0,0
0,0,0,0
0,0,0,0
0,0,0,0
180.60575315248434,97.87373650078307,30.658054371535883,15.968057677664277
180.60575315248434,97.87373650078307,30.658054371535883,15.968057677664277
180.60575315248434,97.87373650078307,30.658054371535883,15.968057677664277
161.20768247022508,97.15528943847718,30.658054371535883,15.968057677664277
161.20768247022508,97.15528943847718,30.658054371535883,15.968057677664277
161.20768247022508,97.15528943847718,30.658054371535883,15.968057677664277
141.80961178796582,95.71839531386541,30.658054371535883,15.968057677664277
141.80961178796582,95.71839531386541,30.658054371535883,15.968057677664277
141.80961178796582,95.71839531386541,30.658054371535883,15.968057677664277
123.90402793164043,92.64087308855949,30.658054371535883,15.968057677664277
123.90402793164043,92.64087308855949,30.658054371535883,15.968057677664277
123.90402793164043,92.64087308855949,30.658054371535883,15.968057677664277
105.76478805187632,90.18131513876097,30.658054371535073,15.968057677664277
105.76478805187632,90.18131513876097,30.658054371535073,15.968057677664277
105.76478805187632,90.18131513876097,30.658054371535073,15.968057677664277
105.76478805187632,90.18131513876097,30.658054371535073,15.968057677664277
85.34123146575517,88.78244139998554,30.658054371535073,15.968057677664277
85.34123146575517,88.78244139998554,30.658054371535073,15.968057677664277
85.34123146575517,88.78244139998554,30.658054371535073,15.968057677664277
67.84745621363602,86.1800616104141,30.658054371535073,15.968057677664277
67.84745621363602,86.1800616104141,30.658054371535073,15.968057677664277
67.84745621363602,86.1800616104141,30.658054371535073,15.968057677664277
49.81304925112706,84.26150767823229,30.658054371535066,15.968057677664277
49.81304925112706,84.26150767823229,30.658054371535066,15.968057677664277
49.81304925112706,84.26150767823229,30.658054371535066,15.968057677664277
39.850746142726315,85.1882335487812,30.658054371535066,15.968057677664277
39.850746142726315,85.1882335487812,30.658054371535066,15.968057677664277
39.850746142726315,85.1882335487812,30.658054371535066,15.968057677664277
22.018951006686628,81.49889662408333,30.658054371535066,15.968057677664277
21.38728323699422,78.48554913294798,31.213872832369944,21.965317919075147
25.222744475847392,78.25201194599778,27.378411593516773,21.620820423944423
19.10298818902176,77.02806068863266,24.2496129670476,20.532632952985836
19.10298818902176,77.02806068863266,23.67157828496668,19.376563588823984
19.10298818902176,77.02806068863266,22.51550892080483,19.376563588823984
13.832234861331672,76.60640042241745,29.52036629473769,20.95429321920105
13.494383440953623,76.60640042241745,23.745798087277667,25.617970562384883
12.149382071293896,77.05473421230403,28.89108035645177,21.0839941113954
12.149382071293896,77.05473421230403,28.313045674370844,22.818098157638175
12.149382071293896,77.05473421230403,23.745798087277667,25.617970562384883
12.149382071293896,77.05473421230403,23.745798087277667,25.617970562384883
12.149382071293896,77.05473421230403,23.745798087277667,25.617970562384883
12.149382071293896,77.05473421230403,23.745798087277667,25.617970562384883
12.149382071293896,77.05473421230403,28.313045674370844,23.3961328397191
12.149382071293896,77.05473421230403,28.89108035645177,20.505959429314473
12.149382071293896,77.05473421230403,30.04714972061362,19.34989006515262
12.149382071293896,77.05473421230403,30.04714972061362,21.662028793476324
12.149382071293896,77.05473421230403,31.203219084775466,18.771855383071696
12.149382071293896,77.05473421230403,32.35928844893732,17.03775133682892
12.149382071293896,77.05473421230403,26.00090694604714,14.725612608505216
12.149382071293896,77.05473421230403,27.73501099228992,11.835439198100602
12.149382071293896,74.35192284927967,27.156976310208993,15.11628524320588
12.149382071293896,74.35192284927967,28.313045674370844,15.694319925286806
12.149382071293896,74.35192284927967,27.156976310208993,16.850389289448657
12.149382071293896,74.35192284927967,34.0933924951801,14.538250561124954
12.149382071293896,74.35192284927967,30.625184402694547,12.804146514882177
15.039555481698518,72.6178188030369,32.937323131018246,17.428423971529583
19.799596724752472,73.12797159191456,27.021212523802443,16.91827118265192
23.26780481723803,72.54993690983363,27.021212523802433,18.652375228894698
20.95566608891432,73.12797159191456,29.91138593420707,20.964513957218387
24.277456647398843,72.70520231213872,27.745664739884397,18.497109826589607
26.01156069364162,72.1271676300578,28.90173410404624,19.653179190751445
27.43563856039001,70.76301164926822,22.732243826143495,21.563753517848298
31.35539706150399,72.25602329803198,27.792426750310437,16.792723903633757
31.35539706150399,72.25602329803198,27.792426750310437,16.792723903633757
31.35539706150399,72.25602329803198,27.792426750310437,16.792723903633757
31.35539706150399,72.25602329803198,27.792426750310437,16.792723903633757
43.321361784312415,73.2744032744412,31.55510955683397,13.71416524375087
43.321361784312415,73.2744032744412,31.897171630154304,13.71416524375087
43.321361784312415,73.2744032744412,31.897171630154304,12.687979023789907
59.73267252951337,75.02028739627109,30.528923336873014,13.71416524375087
58.61357353849302,75.57983689178127,30.59017422786132,14.834300669348139
58.61357353849302,75.57983689178127,30.59017422786132,14.834300669348139
76.9453568177068,75.4052484795983,30.415585815678327,18.326068913007916
76.9453568177068,75.4052484795983,30.415585815678327,18.326068913007916
76.9453568177068,75.4052484795983,30.415585815678327,18.326068913007916
97.19761263093348,79.94454719635601,30.415585815678327,18.326068913007916
97.19761263093348,79.94454719635601,30.415585815678327,18.326068913007916
97.19761263093348,79.94454719635601,30.415585815678327,18.326068913007916
121.38413707065263,83.76347210789062,30.415585815678412,18.326068913007916
121.38413707065263,83.76347210789062,30.415585815678412,18.326068913007916
121.38413707065263,83.76347210789062,30.415585815678412,18.326068913007916
146.00431487310033,88.7994175674822,31.014205470588536,14.854074914529136
146.00431487310033,88.7994175674822,31.014205470588536,14.854074914529136
146.00431487310033,88.7994175674822,31.014205470588536,14.854074914529136
171.48927631319526,95.28649866132454,31.014205470588536,14.854074914529136
171.48927631319526,95.28649866132454,31.014205470588536,14.854074914529136
171.48927631319526,95.28649866132454,31.014205470588536,14.854074914529136
193.9486998318543,97.57888937023716,31.014205470588536,14.854074914529136
193.9486998318543,96.42282000607533,31.014205470588536,14.854074914529136
194.5267345139352,99.31299341647994,31.014205470588536,14.854074914529136
193.37066514977337,98.73495873439903,31.014205470588536,14.854074914529136
216.431384685534,104.26166399886056,31.014205470588536,14.854074914529136
217.97328655712164,104.1993897361958,27.691453327271432,15.904656506578775
217.9732865571216,104.19938973619581,29.425557373514238,15.904656506578746
241.41279669094615,107.66759782868134,29.86080406481824,16.14496095030927
241.41279669094615,107.66759782868134,29.86080406481824,16.14496095030927
241.41279669094615,107.66759782868134,29.86080406481824,16.14496095030927
263.5488182391334,114.43138219062743,29.86080406481824,16.14496095030927
263.5488182391334,114.43138219062743,29.86080406481824,16.14496095030927
263.5488182391334,114.43138219062743,29.86080406481824,16.14496095030927
283.09050064771094,117.92664245882828,29.86080406481824,16.144960950309255
283.09050064771094,117.92664245882828,29.86080406481824,16.144960950309255
283.09050064771094,117.92664245882828,29.86080406481824,16.144960950309255
302.95450773832215,122.96258791841986,30.13275421526788,12.94954668252619
302.95450773832215,122.96258791841986,30.13275421526788,12.94954668252619
302.95450773832215,122.96258791841986,30.13275421526788,12.94954668252619
320.8606330183587,127.35465638333449,30.13275421526788,12.949546682526204
320.8606330183587,127.35465638333449,30.13275421526788,12.949546682526204
320.8606330183587,127.35465638333449,30.13275421526788,12.949546682526204
339.30731764184804,133.50355125783094,30.13275421526788,12.949546682526204
339.30731764184804,133.50355125783094,30.13275421526788,12.949546682526204
339.30731764184804,133.50355125783094,30.13275421526788,12.949546682526204
355.74034317820167,137.11217173054146,30.13275421526788,12.949546682526204
355.16230849612083,135.37806768429868,30.13275421526788,12.949546682526204
356.3183778602826,135.9561023663796,30.13275421526788,12.949546682526204
358.05248190652543,137.11217173054146,30.13275421526788,12.949546682526204
371.813785763405,139.91602922943358,30.13275421526788,12.949546682526204
370.65771639924316,140.4940639115145,30.13275421526788,12.949546682526204
371.813785763405,139.33799454735265,30.13275421526788,12.949546682526204
394.14572354225436,140.37089319463328,30.13275421526788,12.949546682526204
394.14572354225436,140.37089319463328,30.13275421526788,12.949546682526204
394.14572354225436,140.37089319463328,30.13275421526788,12.949546682526204
403.9378397136823,144.28773966320446,30.13275421526788,12.949546682526204
403.9378397136823,144.28773966320446,30.13275421526788,12.949546682526204
406.35838150289015,143.80346820809248,27.712212426060034,13.433818137638184
419.9609298298603,148.08268205914135,30.13275421526788,12.949546682526204
419.9609298298603,148.08268205914135,30.13275421526788,12.949546682526204
419.9609298298603,148.08268205914135,30.13275421526788,12.949546682526204
437.01879443471483,149.61025202375518,30.13275421526788,12.949546682526204
437.01879443471483,149.61025202375518,30.13275421526788,12.949546682526204
437.01879443471483,149.61025202375518,30.13275421526788,12.949546682526204
452.29449408085327,153.42917693528977,30.13275421526788,12.949546682526204
452.29449408085327,153.42917693528977,30.13275421526788,12.949546682526204
452.29449408085327,153.42917693528977,30.13275421526788,12.949546682526204
471.134523644424,158.0118868291313,30.13275421526788,12.949546682526204
471.134523644424,158.0118868291313,30.13275421526788,12.949546682526204
471.134523644424,158.0118868291313,30.13275421526788,12.949546682526204
487.9210085097293,163.32760703647796,30.132754215267823,12.949546682526204
487.9210085097293,163.32760703647796,30.132754215267823,12.949546682526204
487.9210085097293,163.32760703647796,30.132754215267823,12.949546682526204
486.4349589015743,161.29629306860417,26.859838786287014,10.252839879372715
498.57368722527366,164.1864664790088,29.75001219669167,11.408909243534566
500.3077912715166,163.60843179692787,27.437873468367854,11.986943925615492
500.3077912715166,163.60843179692787,29.750012196691557,10.83087456145364
511.4696522066376,166.67100676192655,30.132754215267767,12.949546682526204
511.4696522066376,166.67100676192655,30.132754215267767,12.949546682526204
511.4696522066376,166.67100676192655,30.132754215267767,12.949546682526204
530.2237815738517,168.8231199680003,30.132754215267823,12.949546682526204
530.2237815738517,168.8231199680003,30.132754215267823,12.949546682526204
530.2237815738517,168.8231199680003,30.132754215267823,12.949546682526204
546.5314899973971,170.16610772052755,30.132754215267823,12.949546682526204
544.5086705202312,172.70520231213874,32.15557369243368,10.410452090915015
544.5086705202312,172.70520231213874,32.15557369243368,10.410452090915015
558.2586215519536,174.94087455017277,30.132754215267823,12.949546682526204
560.1156069364162,177.32947976878614,27.697734148724408,8.826837417670049
561.849710982659,178.48554913294797,25.963630102481602,7.670768053508226
571.6763005780347,179.64161849710982,26.589595375722524,10.404624277456662
573.9884393063584,179.64161849710982,27.167630057803535,9.826589595375737
572.2543352601156,179.0635838150289,27.745664739884432,9.826589595375737
586.1271676300578,181.95375722543352,15.954685590592135,10.637379159389667
585.5491329479769,182.53179190751445,16.532720272673032,10.059344477308741
584.971098265896,180.79768786127167,17.11075495475393,11.793448523551518
0,0,0,0
0,0,0,0
0,0,0,0
0,0,0,0
0,0,0,0
0,0,0,0
0,0,0,0
624.6901708616409,186.32289323104249,12.083751080639786,11.863738108882472
624.6901708616409,186.32289323104249,12.083751080639786,11.863738108882472
624.6901708616409,186.32289323104249,12.083751080639786,11.863738108882472
631.1249900600079,190.23973969961372,8.875009939992083,11.863738108882472
631.1249900600079,190.23973969961372,8.875009939992083,11.863738108882472
631.1249900600079,190.23973969961372,8.875009939992083,11.863738108882472
0,0,0,0
0,0,0,0
0,0,0,0
0,0,0,0
0,0,0,0
0,0,0,0
0,0,0,0
0,0,0,0
0,0,0,0
0,0,0,0
0,0,0,0
0,0,0,0
0,0,0,0
0,0,0,0
0,0,0,0
0,0,0,0
0,0,0,0
0,0,0,0
0,0,0,0
0,0,0,0
0,0,0,0
0,0,0,0
0,0,0,0
0,0,0,0
0,0,0,0
0,0,0,0
0,0,0,0
0,0,0,0
0,0,0,0
0,0,0,0
0,0,0,0
0,0,0,0
0,0,0,0
0,0,0,0
0,0,0,0
0,0,0,0
0,0,0,0
0,0,0,0
0,0,0,0
0,0,0,0
0,0,0,0
0,0,0,0
0,0,0,0
0,0,0,0
0,0,0,0
0,0,0,0
0,0,0,0
0,0,0,0
0,0,0,0
0,0,0,0
0,0,0,0
0,0,0,0
0,0,0,0
0,0,0,0
0,0,0,0
0,0,0,0
0,0,0,0
0,0,0,0
0,0,0,0
0,0,0,0
0,0,0,0
0,0,0,0
0,0,0,0
0,0,0,0
0,0,0,0
0,0,0,0
0,0,0,0
0,0,0,0
0,0,0,0
0,0,0,0
0,0,0,0
0,0,0,0
0,0,0,0
0,0,0,0
0,0,0,0
0,0,0,0
0,0,0,0
0,0,0,0
0,0,0,0
0,0,0,0
0,0,0,0
0,0,0,0
0,0,0,0
0,0,0,0
0,0,0,0
0,0,0,0
0,0,0,0
0,0,0,0
0,0,0,0
0,0,0,0
0,0,0,0
0,0,0,0
0,0,0,0
0,0,0,0
0,0,0,0
0,0,0,0
0,0,0,0
0,0,0,0
0,0,0,0
0,0,0,0
0,0,0,0
0,0,0,0
0,0,0,0
0,0,0,0
0,0,0,0
0,0,0,0
0,0,0,0
0,0,0,0
0,0,0,0
0,0,0,0
0,0,0,0
0,0,0,0
0,0,0,0
0,0,0,0
0,0,0,0
0,0,0,0
0,0,0,0
0,0,0,0
0,0,0,0
0,0,0,0
0,0,0,0
0,0,0,0
0,0,0,0
0,0,0,0
0,0,0,0
0,0,0,0
0,0,0,0
0,0,0,0
0,0,0,0
0,0,0,0
0,0,0,0
0,0,0,0
0,0,0,0
0,0,0,0
0,0,0,0
0,0,0,0
0,0,0,0
0,0,0,0
0,0,0,0
0,0,0,0
0,0,0,0
0,0,0,0
0,0,0,0
0,0,0,0
0,0,0,0
0,0,0,0
0,0,0,0
0,0,0,0
0,0,0,0
0,0,0,0
0,0,0,0
0,0,0,0
0,0,0,0
0,0,0,0
0,0,0,0
0,0,0,0
0,0,0,0
0,0,0,0
0,0,0,0
0,0,0,0
0,0,0,0
0,0,0,0
0,0,0,0
0,0,0,0
0,0,0,0
0,0,0,0
0,0,0,0
0,0,0,0
0,0,0,0
0,0,0,0
0,0,0,0
0,0,0,0
623.61764307852,191.2574131536146,15.110680620901917,10.349523262570358
625.3307453639485,190.22458713131817,13.39757833547344,10.804314602785865
624.4138316380431,189.55187547761287,15.470561425540723,11.477026256491172
0,0,0,0
0,0,0,0
0,0,0,0
0,0,0,0
0,0,0,0
0,0,0,0
579.4626730301646,189.1656100229651,16.77811219000671,11.875417069550167
579.1759885544259,189.29918822015608,17.03424016754525,10.98260221328573
577.2710807599759,187.5739975466632,18.557209302214233,15.085215303735424
574.9514137137701,189.9260269004575,14.934293873221804,10.48578080460257
574.7221088853097,189.76766906385,15.085215303735367,11.97239309820273
574.7221088853097,189.76766906385,15.085215303735367,11.97239309820273
570.8052624167377,189.20811956833984,15.085215303735367,11.97239309820273
570.8052624167377,188.92834482058475,15.085215303735367,11.97239309820273
570.8052624167377,188.3687953250746,15.085215303735367,11.97239309820273
570.8052624167377,188.3687953250746,15.085215303735367,11.97239309820273
570.8052624167377,188.3687953250746,15.085215303735367,11.97239309820273
570.8052624167377,188.3687953250746,15.085215303735367,11.97239309820273
569.9659381734723,188.3687953250746,15.085215303735367,11.97239309820273
565.3416607168249,188.3687953250746,15.085215303735367,11.97239309820273
564.185591352663,188.3687953250746,15.085215303735367,11.97239309820273
563.6075566705821,188.3687953250746,15.085215303735367,11.97239309820273
562.4514873064203,187.79076064299366,15.085215303735367,11.97239309820273
561.2954179422585,188.3687953250746,15.085215303735367,11.97239309820273
562.2917224447451,188.3687953250746,15.085215303735367,11.97239309820273
558.6994871332155,188.3687953250746,15.085215303735367,11.97239309820273
558.6994871332155,188.3687953250746,15.085215303735367,11.97239309820273
558.6994871332155,188.3687953250746,15.085215303735367,11.97239309820273
554.5028659168884,188.3687953250746,15.085215303735367,11.97239309820273
554.5028659168884,188.3687953250746,15.085215303735367,11.97239309820273
554.5028659168884,188.3687953250746,15.085215303735367,11.97239309820273
550.456623142322,188.3687953250746,15.085215303735367,11.97239309820273
549.878588460241,187.79076064299366,15.085215303735367,11.97239309820273
548.722519096079,187.21272596091276,15.085215303735367,11.97239309820273
542.7914961881822,185.3136553958469,15.085215303735367,11.97239309820273
542.7914961881822,185.3136553958469,15.085215303735367,11.97239309820273
542.7914961881822,185.3136553958469,15.085215303735367,11.97239309820273
535.6333712886797,183.567771274017,15.085215303735367,11.97239309820273
535.6333712886797,183.567771274017,15.085215303735367,11.97239309820273
535.2601156069364,188.3121387283237,15.458470985478584,7.228025643896018
534.1040462427745,187.73410404624278,16.614540349640492,7.806060325976944
527.7673001667342,185.29446981298062,15.58530098933511,11.11015446447604
527.7673001667342,185.29446981298062,15.085215303735367,11.97239309820273
527.7673001667342,185.29446981298062,15.007266307254213,11.11015446447604
518.9831632369049,185.29446981298062,15.085215303735367,11.97239309820273
518.9831632369049,185.29446981298062,15.085215303735367,11.97239309820273
518.9831632369049,185.29446981298062,15.085215303735367,11.97239309820273
510.4283310399385,185.9928234617126,15.085215303735367,11.97239309820273
510.4283310399385,185.9928234617126,15.085215303735367,11.97239309820273
510.4283310399385,185.9928234617126,15.085215303735367,11.97239309820273
500.06813980615675,185.60911267527624,15.085215303735367,11.97239309820273
500.06813980615675,185.60911267527624,15.085215303735367,11.97239309820273
500.06813980615675,185.60911267527624,15.085215303735367,11.97239309820273
490.819584892862,185.60911267527624,15.085215303735481,11.97239309820273
490.4350678417347,185.7294316419273,15.085215303735367,11.97239309820273
490.6104544333062,185.88011589665777,15.085215303735367,11.97239309820273
479.4220152198814,183.99065164763593,15.085215303735367,11.97239309820273
479.4220152198814,183.99065164763593,15.085215303735367,11.97239309820273
479.4220152198814,183.99065164763593,15.085215303735367,11.97239309820273
471.21635984728096,184.86359370855087,15.085215303735367,11.97239309820273
471.21635984728096,184.86359370855087,15.085215303735367,11.97239309820273
471.21635984728096,184.86359370855087,15.085215303735367,11.97239309820273
462.31933371004243,184.38696730834167,15.085215303735367,11.97239309820273
462.31933371004243,184.38696730834167,15.085215303735367,11.97239309820273
462.31933371004243,184.38696730834167,15.085215303735367,11.97239309820273
462.31933371004243,184.38696730834167,15.085215303735367,11.97239309820273
453.6858410152243,185.56144528636023,15.249416583963466,6.8821534111309575
453.6858410152243,185.56144528636023,15.249416583963466,6.8821534111309575
453.6858410152243,185.56144528636023,15.249416583963466,6.8821534111309575
445.8293624669898,185.21226846199428,15.249416583963466,6.8821534111309575
445.8293624669898,185.21226846199428,15.249416583963466,6.8821534111309575
445.8293624669898,185.21226846199428,15.249416583963466,6.8821534111309575
439.54417962840284,185.91062211072628,15.249416583963466,6.8821534111309575
439.54417962840284,185.91062211072628,15.249416583963466,6.8821534111309575
439.54417962840284,185.91062211072628,15.249416583963466,6.8821534111309575
433.7885178318574,185.91062211072628,15.249416583963466,6.8821534111309575
433.7885178318574,185.91062211072628,15.249416583963466,6.8821534111309575
433.7885178318574,185.91062211072628,15.249416583963466,6.8821534111309575
433.7885178318574,185.91062211072628,15.249416583963466,6.8821534111309575
430.1432653607118,185.91062211072628,15.249416583963466,6.8821534111309575
430.1432653607118,185.91062211072628,15.249416583963466,6.8821534111309575
427.6491452488753,185.5269113242899,15.249416583963466,6.8821534111309575
427.6491452488753,185.5269113242899,15.249416583963466,6.8821534111309575
427.6491452488753,185.5269113242899,15.249416583963466,6.8821534111309575
426.49801288956616,185.91062211072628,15.249416583963466,6.8821534111309575
426.49801288956616,185.91062211072628,15.249416583963466,6.8821534111309575
426.49801288956616,185.91062211072628,15.249416583963466,6.8821534111309575
426.2088595796137,185.91062211072628,15.249416583963466,6.8821534111309575
426.2088595796137,185.91062211072628,15.249416583963466,6.8821534111309575
426.2088595796137,185.91062211072628,15.249416583963466,6.8821534111309575
426.2088595796137,185.91062211072628,15.249416583963466,6.8821534111309575
424.0984502542136,185.9724907719726,17.10547642135282,6.8202847498846495
424.0984502542136,185.9724907719726,17.10547642135282,6.8202847498846495
424.0984502542136,185.9724907719726,17.10547642135282,6.8202847498846495
421.41247474915895,185.9724907719726,17.10547642135282,6.8202847498846495
421.41247474915895,185.9724907719726,17.10547642135282,6.8202847498846495
421.41247474915895,185.9724907719726,17.10547642135282,6.8202847498846495
419.10033602083524,185.9724907719726,17.10547642135282,6.8202847498846495
418.9183546373226,185.7806353787544,17.10547642135282,6.8202847498846495
418.9183546373226,185.7806353787544,17.10547642135282,6.8202847498846495
413.8581717131556,184.91317544889722,17.10547642135282,6.8202847498846495
413.8581717131556,184.91317544889722,17.10547642135282,6.8202847498846495
413.8581717131556,184.91317544889722,17.10547642135282,6.8202847498846495
408.62051934766595,183.86564497579928,17.10547642135282,6.8202847498846495
408.62051934766595,183.86564497579928,17.10547642135282,6.8202847498846495
408.62051934766595,183.86564497579928,17.10547642135282,6.8202847498846495
402.26213784477574,183.86564497579928,17.10547642135282,6.8202847498846495
403.90663221872524,184.21482180016525,17.10547642135282,6.8202847498846495
402.7505628545634,184.21482180016525,17.10547642135282,6.8202847498846495
396.0501536704907,184.56399862453122,17.10547642135282,6.8202847498846495
396.0501536704907,184.56399862453122,17.10547642135282,6.8202847498846495
396.0501536704907,184.56399862453122,17.10547642135282,6.8202847498846495
389.5442041965618,183.26280872974544,17.10547642135282,6.8202847498846495
389.5442041965618,183.26280872974544,17.10547642135282,6.8202847498846495
389.5442041965618,183.26280872974544,17.10547642135282,6.8202847498846495
389.5442041965618,183.26280872974544,17.10547642135282,6.8202847498846495
379.7595791424346,184.03023030261818,17.10547642135282,6.8202847498846495
379.7595791424346,184.03023030261818,17.10547642135282,6.8202847498846495
379.7595791424346,184.03023030261818,17.10547642135282,6.8202847498846495
374.12108959836286,184.31938361257056,17.10547642135282,6.8202847498846495
374.12108959836286,184.31938361257056,17.10547642135282,6.8202847498846495
374.12108959836286,184.31938361257056,17.10547642135282,6.8202847498846495
367.36626521017837,183.7746397102976,17.10547642135282,6.8202847498846495
367.36626521017837,183.7746397102976,17.10547642135282,6.8202847498846495
367.36626521017837,183.7746397102976,17.10547642135282,6.8202847498846495
360.21686920704025,183.933515177034,17.10547642135282,6.8202847498846495
