359.1600519631421,143.43372244868834,18.58842960815906,15.093169339958223
359.1600519631421,143.43372244868834,18.58842960815906,15.093169339958223
390.72983123182973,144.96129241330226,18.58842960815906,15.093169339958223
391.0790080561957,145.13588082548526,18.58842960815906,15.093169339958223
391.0790080561957,145.13588082548526,18.58842960815906,15.093169339958223
407.3372720578865,146.61390482563897,18.58842960815906,9.915496120900684
407.3372720578865,146.61390482563897,18.58842960815906,9.702879408241216
407.3372720578865,146.61390482563897,19.37944076827182,10.610772765985757
440.774303742269,147.0351419663139,16.451129783742545,11.219193293801709
441.9303731064309,147.6131766483948,15.87309510166159,14.109366704206337
456.9101193569915,150.92458719947436,18.58842960815906,15.093169339958223
441.3031829408065,148.61244847115066,15.922250585205063,11.954025517288642
456.9101193569915,150.92458719947436,17.078319949366858,11.954025517288642
456.9101193569915,150.92458719947436,18.58842960815906,15.093169339958223
456.9101193569915,150.92458719947436,18.58842960815906,15.093169339958223
490.7514450867052,154.20809248554914,14.49243912683312,9.622740909141243
491.56852066490063,153.96065801805742,14.789860837989522,11.230093427029288
491.90751445086704,154.20809248554914,14.450867052023114,9.826589595375708
506.49935181727767,153.79837544869795,18.93417419428306,12.548445360550602
505.5871141197087,154.07773957949075,18.69034252769012,13.425150593919653
506.3165078294314,153.50116552706697,19.117018182129357,14.001724646343433
529.877706407346,157.54740830163345,22.1454149799373,8.799412507615102
533.3116437436573,156.3913389374716,20.44558168986873,11.111551235938805
533.2052723764057,157.96864544230837,19.97391837503949,9.534244731102035
0,0,0,0
0,0,0,0
0,0,0,0
0,0,0,0
0,0,0,0
0,0,0,0
0,0,0,0
0,0,0,0
0,0,0,0
0,0,0,0
0,0,0,0
0,0,0,0
0,0,0,0
0,0,0,0
0,0,0,0
0,0,0,0
0,0,0,0
0,0,0,0
0,0,0,0
0,0,0,0
0,0,0,0
0,0,0,0
0,0,0,0
0,0,0,0
0,0,0,0
0,0,0,0
0,0,0,0
0,0,0,0
0,0,0,0
0,0,0,0
0,0,0,0
0,0,0,0
0,0,0,0
0,0,0,0
0,0,0,0
0,0,0,0
0,0,0,0
0,0,0,0
0,0,0,0
0,0,0,0
0,0,0,0
0,0,0,0
0,0,0,0
0,0,0,0
0,0,0,0
0,0,0,0
0,0,0,0
0,0,0,0
0,0,0,0
0,0,0,0
0,0,0,0
0,0,0,0
0,0,0,0
0,0,0,0
0,0,0,0
0,0,0,0
0,0,0,0
0,0,0,0
0,0,0,0
573.4141948949314,59.118894785061,16.555862358879267,12.476881777706112
574.7144368638119,58.61991425296794,18.54441071461065,13.645887129619133
573.6255268161636,59.25723724266662,16.34756397566423,14.23820088203017
571.0982658959538,58.25433526011561,19.653179190751416,17.341040462427742
571.1073063711921,51.48431536970541,22.031122632572306,17.54330135556681
571.1073063711921,51.48431536970541,22.031122632572306,17.54330135556681
571.1073063711921,51.48431536970541,22.031122632572306,17.54330135556681
565.9199399726853,46.89299357667111,18.53218196940543,10.446921119929847
566.5243266861797,47.18274123254014,19.38375277547948,11.158844558724184
566.0773441189027,45.79188085425791,19.39295200797244,13.071237730276856
561.6641148387275,44.58388443251993,23.168144463309886,12.47515471101304
564.3008187057701,43.001862112294354,20.531440596267203,14.057177031238616
564.0199559608022,43.09598477647273,20.81230334123518,13.963054367060238
559.6364525177992,39.85463169561985,20.86460169680447,15.27231378462686
559.1184813127505,39.97504514154914,21.38257290185311,13.835590186408716
558.8706868803574,39.86177753492549,21.630367334246216,13.948857793032367
556.883569029443,39.10363113287402,21.928228083270596,14.707004195083833
556.9537252077724,38.71533550020752,21.8580719049412,15.095299827750331
556.8640260942898,38.84167401217761,21.94777101842385,14.968961315780241
553.9610378089774,39.37991918183568,21.894711303428835,12.846572715978368
554.22538177816,39.34486424043656,21.2459230519803,12.603302805101677
553.8482261541748,40.631204286843435,21.311150055184385,11.70140704096071
552.5968236352991,39.31605598086192,20.551922297461033,11.914535675474
552.5858098160589,39.24564494446709,20.562936116701167,12.54556574740787
552.7660930816386,39.31605598086192,20.38265285112152,12.243030409997345
549.0755873139731,37.27613721858669,21.4226273107289,12.988542108830977
548.7695663671115,37.27613721858669,21.523293298463386,12.47515471101304
548.9729098344095,37.27613721858669,21.31994983116533,12.680509670140218
548.9817096103906,37.27613721858669,21.31115005518427,12.088280875986875
546.8150106902461,36.26258295745254,21.78859187343869,12.581274141003135
546.9514500369304,37.72026751183283,21.652152526754435,11.017470156632747
547.2925481252016,37.53601611733366,20.674337858542685,11.20172155113191
542.7509174439767,35.52005244316105,20.48600488325019,14.282683558444603
542.9841469726776,35.69497458968669,20.835849176301394,13.816224501042903
542.7341960916248,35.59282380210068,20.439218503073562,13.894196210335906
541.3515402717717,35.52005244316105,23.168144463309886,12.47515471101304
541.3515402717717,35.52005244316105,23.168144463309886,12.47515471101304
541.3515402717717,35.52005244316105,23.168144463309886,12.47515471101304
539.5945136961955,36.63384821459828,21.212518467428595,13.835590186408716
540.1212003762552,37.42367497512495,20.911496576090826,12.362322316652083
540.0914697514467,37.72388468176829,21.26058064576239,12.47515471101304
538.8089116803733,40.98084741881412,21.3374575170443,12.193510565433712
538.863846494308,41.12166949160378,21.185693469352714,12.358539946662617
538.4705395732589,41.49541551529648,21.953469886308653,12.288281699166696
535.2659899808675,49.00069759752856,23.168144463309886,14.449619939446336
534.7112476540734,48.83134733310374,23.280976857670794,15.29596457003688
535.2363729945574,48.878938963627455,22.71895363566682,15.769220780395663
534.6374518910333,54.59071149799809,23.467605015071968,14.571378573347367
534.9369124427953,56.686935360332484,23.168144463309886,12.475154711012976
534.9369124427953,56.686935360332484,23.168144463309886,12.475154711012976
533.3510732697194,69.71038157125915,23.221304063672278,15.10783637877472
533.3510732697194,69.71038157125915,23.221304063672278,15.10783637877472
533.3510732697194,69.71038157125915,23.221304063672278,15.10783637877472
533.3510732697194,69.71038157125915,23.221304063672278,15.10783637877472
533.3510732697194,77.48096423995416,23.221304063672278,15.10783637877472
533.3510732697194,77.48096423995416,23.221304063672278,15.10783637877472
533.3510732697194,77.48096423995416,23.221304063672278,15.10783637877472
531.3111545074443,89.31249306115028,23.221304063672278,15.10783637877472
531.3111545074443,89.31249306115028,23.221304063672278,15.10783637877472
531.3111545074443,89.31249306115028,23.221304063672278,15.10783637877472
531.3111545074443,95.06006955959735,23.221304063672278,15.10783637877472
531.3111545074443,95.06006955959735,23.221304063672278,15.10783637877472
531.3111545074443,95.06006955959735,23.221304063672278,15.10783637877472
532.7480486320561,106.5552225564915,23.221304063672278,15.10783637877472
533.109672329691,101.85411448723839,23.221304063672278,15.10783637877472
532.7480486320561,101.49249078960354,23.221304063672278,15.10783637877472
532.7480486320561,106.5552225564915,23.221304063672278,15.10783637877472
532.7480486320561,106.5552225564915,23.221304063672278,15.10783637877472
532.7480486320561,106.5552225564915,23.221304063672278,15.10783637877472
530.5927074451383,113.73969317955034,23.221304063672278,15.107836378774707
530.5927074451383,113.73969317955034,23.221304063672278,15.107836378774707
530.5927074451383,113.73969317955034,23.221304063672278,15.107836378774707
530.5927074451383,113.73969317955034,23.221304063672278,15.107836378774707
529.8742603828324,115.895034366468,23.221304063672278,15.107836378774664
529.8742603828324,115.895034366468,23.221304063672278,15.107836378774664
529.8742603828324,115.895034366468,23.221304063672278,15.107836378774664
529.8742603828324,115.895034366468,23.221304063672278,15.107836378774664
529.8742603828324,115.895034366468,23.221304063672278,15.107836378774664
529.8742603828324,115.895034366468,23.221304063672278,15.107836378774664
528.4373662582205,114.45814024185623,23.221304063672278,15.107836378774692
528.4373662582205,114.45814024185623,23.221304063672278,15.107836378774692
528.4373662582205,114.45814024185623,23.221304063672278,15.107836378774692
526.2820250713028,108.71056374340915,23.221304063672278,15.10783637877472
526.2820250713028,108.71056374340915,23.221304063672278,15.10783637877472
526.2820250713028,108.71056374340915,23.221304063672278,15.10783637877472
524.8451309466909,105.83677549418562,23.221304063672278,15.10783637877472
524.8451309466909,105.83677549418562,23.221304063672278,15.10783637877472
524.8451309466909,105.83677549418562,23.221304063672278,15.10783637877472
524.8451309466909,101.52609312035031,23.221304063672278,15.10783637877472
524.8451309466909,101.52609312035031,23.221304063672278,15.10783637877472
524.8451309466909,101.52609312035031,23.221304063672278,15.10783637877472
524.8451309466909,101.52609312035031,23.221304063672278,15.10783637877472
524.8451309466909,101.52609312035031,23.221304063672278,15.10783637877472
523.5794480049693,96.46336135346235,23.221304063672278,15.10783637877472
522.6897897597731,98.65230487112677,23.221304063672278,15.10783637877472
522.6897897597731,98.65230487112677,23.221304063672278,15.10783637877472
522.6897897597731,98.65230487112677,23.221304063672278,15.10783637877472
522.6897897597731,97.215410746515,23.221304063672278,15.10783637877472
522.6897897597731,97.215410746515,23.221304063672278,15.10783637877472
522.6897897597731,97.215410746515,23.221304063672278,15.10783637877472
522.6897897597731,97.215410746515,23.221304063672278,15.10783637877472
522.6897897597731,97.215410746515,23.221304063672278,15.10783637877472
522.6897897597731,97.215410746515,23.221304063672278,15.10783637877472
522.6897897597731,97.215410746515,23.221304063672278,15.10783637877472
519.5057496969074,92.1209466459299,26.40534412653801,20.20230047935982
519.6159883298769,91.79105528199219,26.2951054935686,20.53219184329754
519.5705693153466,91.93672999440857,26.340524508098838,18.227056823201252
519.8160015105494,92.9047283726797,23.221304063672278,15.10783637877472
519.8160015105494,92.9047283726797,23.221304063672278,15.10783637877472
519.8160015105494,92.9047283726797,23.221304063672278,15.10783637877472
517.5038627822257,88.85848559811322,28.16087710216732,16.794693592638225
519.2746008746202,90.73912582896293,23.221304063672278,15.10783637877472
519.2746008746202,90.73912582896293,23.221304063672278,15.10783637877472
519.2746008746202,90.73912582896293,23.221304063672278,15.10783637877472
515.8063927821347,88.42698710063922,33.90458987682484,15.492088043869444
518.1185315104583,87.84895241855831,26.96817369185385,17.226192090112207
517.032124732464,87.00166559203598,26.211272253213906,16.322510955775982
516.6857642650914,86.51523451867914,29.557010301382547,19.137944672072308
516.4774418010064,85.96750152691581,27.828389596683223,19.879460680821836
515.8063927821347,84.38074432607274,31.014416466420244,18.960296136354998
516.3742266208733,84.93837732146915,29.868547945600653,18.402663140958595
517.0457728306142,85.64466172837783,28.618967053778874,17.11834405196899
516.9015673942819,84.67470693476488,29.919241854273082,19.244368209743783
516.110556234169,84.41103654806062,30.132218332304888,20.664107960609897
515.606936416185,85.42196531791907,31.21387283236993,20.23121387283237
513.4942540538109,83.2246749619109,35.63869392306776,18.960296136354984
514.7046310602643,83.58612959779717,35.58438628077613,16.86473745422596
514.986969888904,83.30236485247777,24.462460401642716,14.543674406969956
515.0189886893324,83.01526500670468,36.42609801586991,19.747740773642136
514.5734928053671,81.69258437087485,33.40338580734965,19.914352045310125
514.9283860365848,81.64879413917193,23.221304063672278,15.10783637877472
514.0969276555627,82.21435842026536,23.221304063672278,15.10783637877472
513.143145746789,79.76177636913283,36.567836912170606,18.95498663664752
514.805527947286,80.05014937572312,37.76959094693677,22.102205072651913
514.805527947286,80.05014937572312,37.76959094693677,22.102205072651913
512.4933892189623,77.73801064739942,39.52973216832095,21.556787040461856
512.4933892189623,77.73801064739942,39.52973216832095,19.82268299421908
511.3373198548005,77.73801064739942,40.68580153248274,20.400717676300005
511.3373198548005,75.42587191907573,41.26383621456364,19.822682994219065
514.805527947286,80.05014937572312,37.76959094693677,22.102205072651913
513.0714239010432,76.00390660115666,41.26383621456375,22.134821722542767
512.1688240802434,75.83142318845492,40.14262442727511,21.574864299243387
512.4933892189623,75.42587191907573,37.76959094693677,22.102205072651913
513.0714239010432,76.00390660115666,40.107766850401845,20.978752358380916
515.3835626293669,73.11373319075203,37.76959094693677,22.102205072651913
514.805527947286,74.26980255491387,37.76959094693677,22.102205072651913
515.9615973114479,73.11373319075203,37.76959094693677,22.102205072651913
515.9452121502669,71.99043414895236,37.23397860117814,19.789912671856882
515.9452121502669,73.14650351311421,36.07790923701634,18.63384330769503
516.5232468323479,72.56846883103327,34.34380519077342,19.21187798977597
517.6793161965097,71.41239946687143,33.76577050869264,19.789912671856897
517.6793161965097,71.99043414895235,34.34380519077354,19.789912671856897
519.043224214553,71.24470543511656,31.823827808568353,19.957606703611773
518.2573508785907,71.99043414895235,33.765770508692526,19.789912671856897
518.0732702740494,72.05817162763226,34.86945615946286,14.848865198349515
518.0732702740494,72.05817162763226,34.342115386054274,23.022647186181658
518.0732702740494,72.05817162763226,35.68395515947668,17.988071146934217
517.4952355919685,69.16799821722765,39.15216325196218,19.144140511096055
518.6513049561303,70.32406758138949,35.68395515947668,18.566105829015143
518.0732702740494,69.74603289930856,34.342115386054274,23.022647186181658
518.0732702740494,69.91916763016287,35.822964307379266,15.618402579556829
517.4952355919685,69.16799821722763,36.840024523638476,17.988071146934217
518.0732702740493,68.58996353514671,36.84002452363859,19.14414051109607
519.3833428324181,69.65637193728975,35.65218794442296,15.162211835969785
519.5101643986612,69.90283044071461,34.342115386054274,23.022647186181658
519.5101643986612,69.90283044071461,35.40313039902662,14.94110019512354
518.3540950344993,67.59069171239092,37.13723444526943,16.675204241366316
518.3540950344994,67.01265703030998,38.29330380943122,18.409308287609093
518.3540950344994,67.59069171239092,38.29330380943122,19.56537765177093
519.5101643986612,65.2785529840672,35.98116508110752,18.98734296969002
518.9828236252526,66.73878580026346,35.39679693287121,14.32152442494099
519.0165480915529,67.2702101361369,35.65842553834307,14.631169965340192
520.0881990807421,64.12248361990535,37.13723444526943,20.14341233385187
519.5101643986612,65.85658766614813,37.13723444526943,18.409308287609093
518.9321297165803,65.27855298406722,37.715269127350325,19.56537765177093
519.5101643986612,62.966414255743516,38.29330380943122,20.143412333851856
520.5929656705197,66.11302598921026,34.52898839790066,17.97707586633028
520.5929656705197,65.53499130712933,37.78853721965379,18.152869964546966
519.0751445086705,64.03468208092485,38.15028901734104,19.653179190751445
520.5929656705197,62.06678321464379,36.63246785549188,21.621078057032506
520.0149309884387,63.22285257880563,37.78853721965379,21.043043374951594
520.5929656705197,62.6448178967247,36.63246785549188,20.46500869287067
520.0149309884387,62.06678321464379,38.3665719017348,21.04304337495158
522.0298597951315,63.23923773998672,35.19557373088003,18.7145194854468
522.0298597951315,63.23923773998672,35.19557373088003,18.13648480336589
522.0298597951315,63.23923773998672,36.351643095041936,18.7145194854468
522.0298597951315,62.4952879119631,35.334048490085706,18.062981666024385
522.0298597951315,63.23923773998672,36.351643095041936,18.7145194854468
522.221775305675,60.865617049138365,35.897894168425296,18.84002956357071
522.221775305675,60.865617049138365,35.897894168425296,18.84002956357071
522.221775305675,60.865617049138365,35.897894168425296,18.84002956357071
522.221775305675,60.865617049138365,35.897894168425296,18.84002956357071
522.221775305675,60.865617049138365,35.897894168425296,18.84002956357071
522.221775305675,60.865617049138365,35.897894168425296,18.84002956357071
524.3771164925928,58.71027586222071,35.897894168425296,18.84002956357071
524.3771164925928,58.71027586222071,35.897894168425296,18.84002956357071
524.3771164925928,58.71027586222071,35.897894168425296,18.84002956357071
524.3771164925928,58.71027586222071,35.897894168425296,18.84002956357071
524.3771164925928,58.71027586222071,35.897894168425296,18.84002956357071
524.3771164925928,58.71027586222071,35.897894168425296,18.84002956357071
526.5324576795106,56.55493467530306,35.897894168425296,18.84002956357071
526.5324576795106,56.55493467530306,35.897894168425296,18.84002956357071
526.5324576795106,56.55493467530306,35.897894168425296,18.84002956357071
526.5324576795106,56.55493467530306,35.897894168425296,18.84002956357071
526.5324576795106,56.55493467530306,35.897894168425296,18.84002956357071
526.5324576795106,56.55493467530306,35.897894168425296,18.84002956357071
526.5324576795106,56.55493467530306,35.897894168425296,18.84002956357071
529.4062459287343,54.399593488385406,35.897894168425296,18.84002956357071
529.4062459287343,54.399593488385406,35.897894168425296,18.84002956357071
529.4062459287343,54.399593488385406,35.897894168425296,18.84002956357071
529.4062459287343,54.399593488385406,35.897894168425296,18.84002956357071
529.4062459287343,54.399593488385406,35.897894168425296,18.84002956357071
529.4062459287343,54.399593488385406,35.897894168425296,18.84002956357071
530.1246929910402,51.52580523916187,35.897894168425296,18.84002956357071
530.1246929910402,51.52580523916187,35.897894168425296,18.84002956357071
530.1246929910402,51.52580523916187,35.897894168425296,18.84002956357071
530.1246929910402,51.52580523916187,35.897894168425296,18.84002956357071
530.1246929910402,51.52580523916187,35.897894168425296,18.84002956357071
530.1246929910402,51.52580523916187,35.897894168425296,18.84002956357071
531.1743766163956,49.42643798845124,35.897894168425296,18.84002956357071
530.1246929910402,51.52580523916187,35.897894168425296,18.84002956357071
530.1246929910402,51.52580523916187,35.897894168425296,18.84002956357071
530.1246929910402,51.52580523916187,35.897894168425296,18.84002956357071
530.1246929910402,51.52580523916187,35.897894168425296,18.84002956357071
530.1246929910402,51.52580523916187,35.897894168425296,18.84002956357071
530.1246929910402,51.52580523916187,35.897894168425296,18.84002956357071
530.1246929910402,51.52580523916187,35.897894168425296,18.84002956357071
530.1246929910402,49.370464052244216,35.897894168425296,18.84002956357071
530.1246929910402,49.370464052244216,35.897894168425296,18.84002956357071
530.1246929910402,49.370464052244216,35.897894168425296,18.84002956357071
531.2836836145165,47.631978117030044,35.897894168425296,18.840029563570667
530.1246929910402,49.370464052244216,35.897894168425296,18.84002956357071
530.1246929910402,47.34335552997591,35.897894168425296,18.840029563570667
530.1246929910402,47.34335552997591,35.897894168425296,18.840029563570667
530.1246929910402,47.34335552997591,35.897894168425296,18.840029563570667
530.1246929910402,47.34335552997591,35.897894168425296,18.840029563570667
530.1246929910402,47.34335552997591,35.897894168425296,18.840029563570667
530.1246929910402,47.34335552997591,35.897894168425296,18.840029563570667
530.1246929910402,47.34335552997591,35.897894168425296,18.840029563570667
530.1246929910402,47.34335552997591,35.897894168425296,18.840029563570667
530.1246929910402,45.593882821050386,35.897894168425296,18.840029563570667
530.1246929910402,47.34335552997591,35.897894168425296,18.840029563570667
530.1246929910402,47.34335552997591,35.897894168425296,18.840029563570667
529.8847529568535,45.66377529066929,35.897894168425296,18.840029563570667
530.1246929910402,47.34335552997591,35.897894168425296,18.840029563570667
530.1246929910402,47.34335552997591,35.897894168425296,18.840029563570667
530.1246929910402,47.34335552997591,35.897894168425296,18.840029563570667
530.1246929910402,47.34335552997591,35.897894168425296,18.840029563570667
528.8590100493186,44.81198964653193,35.897894168425296,18.840029563570667
530.1246929910402,47.34335552997591,35.897894168425296,18.840029563570667
530.1246929910402,47.34335552997591,35.897894168425296,18.840029563570667
530.1246929910402,47.34335552997591,35.897894168425296,18.840029563570667
530.1246929910402,47.34335552997591,35.897894168425296,18.840029563570667
530.1246929910402,47.34335552997591,35.897894168425296,18.840029563570667
530.1246929910402,47.34335552997591,35.897894168425296,18.840029563570667
530.1246929910402,47.34335552997591,35.897894168425296,18.840029563570667
530.1246929910402,47.34335552997591,35.897894168425296,18.840029563570667
522.9402223679809,48.06180259228179,35.897894168425296,18.840029563570667
522.9402223679809,48.06180259228179,35.897894168425296,18.840029563570667
522.9402223679809,48.06180259228179,35.897894168425296,18.840029563570667
521.3482023365483,50.67513007953259,35.897894168425296,18.840029563570667
521.5033282433691,50.217143779199446,35.897894168425296,18.840029563570667
521.5033282433691,50.217143779199446,35.897894168425296,18.840029563570667
516.4741988072276,55.246273215340636,35.897894168425296,18.840029563570667
516.4741988072276,55.246273215340636,35.897894168425296,18.840029563570667
516.4741988072276,55.246273215340636,35.897894168425296,18.840029563570667
507.8528340595568,64.58608502531713,35.89789416842552,18.840029563570667
507.8528340595568,64.58608502531713,35.89789416842552,18.840029563570667
508.44891707882056,63.592613326544104,34.50703379014345,19.038723903325256
497.79457518727463,73.92589683529363,35.89789416842632,18.840029563570667
497.79457518727463,73.92589683529363,35.89789416842632,18.840029563570667
497.79457518727463,73.92589683529363,35.89789416842632,18.840029563570667
484.86252806576897,83.98415570757601,35.89789416842734,18.840029563570667
485.5206831419133,82.00969047914265,32.442580018669105,19.004568332606766
484.86252806576897,83.98415570757601,35.89789416842734,18.840029563570667
472.4138765836335,94.44772881908929,30.696862914908877,16.69141920998169
472.4138765836335,94.44772881908929,30.696862914908877,16.69141920998169
472.4138765836335,94.44772881908929,30.696862914908877,16.69141920998169
472.4138765836335,94.44772881908929,30.696862914908877,16.69141920998169
458.2165774854874,104.2323538732163,30.696862914908877,16.69141920998169
458.2165774854874,104.2323538732163,30.696862914908877,16.69141920998169
458.2165774854874,104.2323538732163,30.696862914908877,16.69141920998169
444.00395265898146,114.79275480774012,29.156264834559124,18.331783279213823
444.00395265898146,114.79275480774012,29.156264834559124,18.331783279213823
444.00395265898146,114.79275480774012,29.156264834559124,18.331783279213823
430.2290513858674,125.9188844685159,28.915330995239685,17.782928562072385
430.5468023193402,125.9188844685159,28.915330995239685,17.782928562072385
430.5468023193402,125.9188844685159,28.915330995239685,17.782928562072385
417.9798761695909,135.33041314486823,26.31295120566807,14.746818807572225
417.9798761695909,135.33041314486823,26.31295120566807,14.746818807572225
417.9798761695909,135.33041314486823,26.31295120566807,14.746818807572225
405.1415221952247,145.80380717658804,26.31295120566807,14.746818807572225
405.1415221952247,145.80380717658804,26.31295120566807,14.746818807572225
405.1415221952247,145.80380717658804,26.31295120566807,14.746818807572225
391.9653168004804,154.58794410641755,26.31295120566807,14.746818807572225
391.9653168004804,154.58794410641755,26.31295120566807,14.746818807572225
391.9653168004804,154.58794410641755,26.31295120566807,14.746818807572225
381.4919227687606,164.7234867177593,25.44449341621049,11.449923686864992
381.4919227687606,164.7234867177593,25.44449341621049,11.449923686864992
381.4919227687606,164.7234867177593,26.31295120566807,14.746818807572225
370.83517643655654,173.01206719836247,26.85268483511976,11.25382875539475
370.83517643655654,173.01206719836247,26.274650153038863,10.097759391232898
370.83517643655654,173.01206719836247,26.274650153038863,11.25382875539475
370.83517643655654,173.01206719836247,26.274650153038863,10.097759391232898
360.50809168382824,178.912298273011,23.884971899986795,11.133944501555476
360.50809168382824,178.912298273011,24.463006582067692,11.711979183636402
360.50809168382824,178.912298273011,23.30693721790584,11.133944501555476
348.99886871230996,185.59507290163452,22.677431865724714,9.653482011660287
348.99886871230996,185.59507290163452,23.255466547805668,10.809551375822139
348.99886871230996,185.59507290163452,22.677431865724714,11.387586057903064
340.6583358773707,191.15542812492805,22.92547915153102,12.763647019580617
340.6583358773707,191.15542812492805,20.613340423207376,11.607577655418766
340.6583358773707,191.15542812492805,22.347444469450124,11.02954297333784
329.8916434201439,197.83820275355157,21.553443285058393,10.127115165523577
329.8916434201439,197.83820275355157,21.553443285058393,8.3930111192808
329.8916434201439,197.83820275355157,22.131477967139347,9.549080483442651
322.40458774184793,203.73407294989707,19.791944050059612,9.43355710790641
322.40458774184793,203.73407294989707,20.948013414221407,7.6994530616636325
322.40458774184793,203.73407294989707,19.21390936797866,8.277487743744558
314.97185649353065,208.80184425556794,17.39808570300113,8.412028576802015
314.97185649353065,208.80184425556794,19.710224431324832,8.412028576802015
314.97185649353065,208.80184425556794,18.521292677280087,10.676980484549688
306.8040208363241,213.6282925984627,18.521292677280087,10.676980484549688
306.8040208363241,213.6282925984627,19.2075398573175,7.053788326392777
306.8040208363241,213.6282925984627,17.473435811074694,8.209857690554628
302.42386183998246,218.5736800596291,16.28245461355567,8.380675168741902
302.42386183998246,218.5736800596291,16.28245461355567,8.380675168741902
302.42386183998246,218.5736800596291,16.28245461355567,8.380675168741902
302.42386183998246,218.5736800596291,16.28245461355567,8.380675168741902
297.69394195468965,219.24938290038523,16.28245461355567,8.380675168741902
297.69394195468965,219.24938290038523,16.28245461355567,8.380675168741902
297.69394195468965,219.24938290038523,16.28245461355567,8.380675168741902
295.84824924776,218.7220421269767,16.28245461355567,8.380675168741902
297.69394195468965,219.24938290038523,16.28245461355567,8.380675168741902
297.69394195468965,219.24938290038523,16.28245461355567,8.380675168741902
295.32898201204324,219.92508574114134,16.28245461355567,8.380675168741902
295.32898201204324,219.92508574114134,16.28245461355567,8.380675168741902
295.32898201204324,219.92508574114134,16.28245461355567,8.380675168741902
295.32898201204324,219.92508574114134,16.28245461355567,8.380675168741902
295.32898201204324,219.92508574114134,16.28245461355567,8.380675168741902
295.32898201204324,219.92508574114134,16.28245461355567,8.380675168741902
295.32898201204324,219.92508574114134,16.28245461355567,8.380675168741902
295.32898201204324,219.92508574114134,16.28245461355567,8.380675168741902
295.32898201204324,219.92508574114134,16.28245461355567,8.380675168741902
295.32898201204324,219.92508574114134,16.28245461355567,8.380675168741902
295.32898201204324,219.92508574114134,16.28245461355567,8.380675168741902
295.32898201204324,219.92508574114134,16.28245461355567,8.380675168741902
297.01823911393353,218.5736800596291,16.28245461355567,8.380675168741902
297.01823911393353,218.5736800596291,16.28245461355567,8.380675168741902
297.01823911393353,218.5736800596291,16.28245461355567,8.380675168741902
297.5962737960145,216.2615413313054,16.28245461355567,8.380675168741902
297.01823911393353,217.41761069546726,16.28245461355567,8.380675168741902
297.01823911393353,216.83957601338633,16.28245461355567,8.380675168741902
297.59773442567155,216.25569881267683,16.28245461355567,8.380675168741902
297.59627379601443,215.10547196714356,16.28245461355567,8.380675168741902
298.7523431601763,215.68350664922448,16.28245461355567,8.380675168741902
297.76076962822503,216.3460885167546,16.28245461355567,8.380675168741902
297.76076962822503,213.45591510634998,16.28245461355567,8.380675168741902
297.76076962822503,213.45591510634998,16.28245461355567,8.380675168741902
297.76076962822503,214.61198447051183,16.28245461355567,8.380675168741902
297.76076962822503,213.9811285741082,16.28245461355567,8.380675168741902
297.76076962822503,213.9811285741082,16.28245461355567,8.380675168741902
297.76076962822503,213.9811285741082,16.28245461355567,8.380675168741902
297.76076962822503,213.9811285741082,16.28245461355567,8.380675168741902
297.76076962822503,212.5031045739545,16.28245461355567,8.380675168741902
297.76076962822503,212.5031045739545,16.28245461355567,8.380675168741902
297.1827349461441,210.76900052771174,16.28245461355567,8.380675168741902
297.76076962822503,211.51775524051868,16.28245461355567,8.380675168741902
297.76076962822503,211.51775524051868,16.28245461355567,8.380675168741902
297.18273494614414,209.78365119427593,16.28245461355567,8.380675168741902
297.31243583833844,210.1727538708589,16.28245461355567,8.380675168741902
295.5043173501642,210.1727538708589,18.090573101729944,7.8382396222896205
297.31243583833844,210.1727538708589,16.28245461355567,8.380675168741902
297.31243583833844,210.1727538708589,16.28245461355567,8.380675168741902
297.31243583833844,210.1727538708589,16.28245461355567,8.380675168741902
297.31243583833844,210.1727538708589,16.28245461355567,8.380675168741902
295.9610301568262,208.48349676896862,16.28245461355567,8.380675168741902
295.9610301568262,208.48349676896862,16.28245461355567,8.380675168741902
295.9610301568262,208.48349676896862,16.28245461355567,8.380675168741902
295.9610301568262,208.48349676896862,16.28245461355567,8.380675168741902
295.9610301568262,208.48349676896862,16.28245461355567,8.380675168741902
295.9610301568262,208.48349676896862,16.28245461355567,8.380675168741902
295.9610301568262,208.48349676896862,16.28245461355567,8.380675168741902
295.9610301568262,208.48349676896862,16.28245461355567,8.380675168741902
295.9610301568262,208.48349676896862,16.28245461355567,8.380675168741902
295.9610301568262,208.48349676896862,16.28245461355567,8.380675168741902
295.9610301568262,208.48349676896862,16.28245461355567,8.380675168741902
295.9610301568262,206.74939272272584,16.28245461355567,8.380675168741902
295.9610301568262,204.7708441975111,16.28245461355567,8.380675168741902
295.9610301568262,204.7708441975111,16.28245461355567,8.380675168741902
295.9610301568262,204.7708441975111,16.28245461355567,8.380675168741902
295.9610301568262,204.7708441975111,16.28245461355567,8.380675168741902
297.11709952098806,202.4587054691874,16.28245461355567,8.380675168741902
297.306031526486,202.97750903796475,16.28245461355567,8.380675168741902
299.33314004875433,199.93684625456223,16.28245461355567,8.380675168741902
299.33314004875433,199.93684625456223,16.28245461355567,8.380675168741902
299.33314004875433,199.93684625456223,16.28245461355567,8.380675168741902
301.1894663344831,197.33798945454197,16.28245461355567,8.380675168741902
301.1894663344831,197.33798945454197,16.28245461355567,8.380675168741902
301.1894663344831,197.33798945454197,16.28245461355567,8.380675168741902
303.6528396680726,196.35264012110616,16.28245461355567,8.380675168741902
303.6528396680726,196.35264012110616,16.28245461355567,8.380675168741902
303.6528396680726,196.35264012110616,16.28245461355567,8.380675168741902
303.6528396680726,193.9532397792397,16.28245461355567,8.380675168741902
305.08973379268434,195.63419305880026,16.28245461355567,8.380675168741902
305.08973379268434,195.63419305880026,16.28245461355567,8.380675168741902
305.08973379268434,195.63419305880026,16.28245461355567,8.380675168741902
305.08973379268434,195.63419305880026,16.28245461355567,8.380675168741902
305.08973379268434,195.63419305880026,16.28245461355567,8.380675168741902
302.3121387283237,192.35838150289018,19.06004967791631,11.656486724651984
301.15606936416185,192.9364161849711,18.779224917466422,11.796899104876957
301.15606936416185,193.51445086705203,18.779224917466422,11.218864422796031
303.6528396680726,196.35264012110616,16.28245461355567,8.380675168741902
300.0,194.09248554913296,17.779953094710663,11.359276803021004
299.4219653179191,195.2485549132948,18.35798777679156,10.203207438859152
297.6878612716763,195.2485549132948,20.092091823034366,10.203207438859152
295.95375722543355,197.56069364161849,18.233960557747764,9.327962835147275
296.1339539104741,198.3717267496276,16.28245461355567,8.380675168741902
297.90526316962564,198.50798130802386,16.28245461355567,8.380675168741902
292.60147438771014,198.50798130802386,16.28245461355567,8.380675168741902
292.60147438771014,198.50798130802386,16.28245461355567,8.380675168741902
292.60147438771014,198.50798130802386,16.28245461355567,8.380675168741902
289.33760436806983,194.42814378347347,16.28245461355567,8.380675168741902
289.33760436806983,194.42814378347347,16.28245461355567,8.380675168741902
289.33760436806983,194.42814378347347,16.28245461355567,8.380675168741902
286.6476016287503,182.32313145653555,16.28245461355567,8.380675168741902
286.6476016287503,182.32313145653555,16.28245461355567,8.380675168741902
286.6476016287503,182.32313145653555,16.28245461355567,8.380675168741902
284.1842282951608,184.29383012340716,16.28245461355567,8.380675168741902
275.6658862873156,177.56882327510831,16.28245461355567,8.380675168741902
275.6658862873156,177.56882327510831,16.28245461355567,8.380675168741902
275.6658862873156,177.56882327510831,16.28245461355567,8.380675168741902
275.6658862873156,161.3105592734175,16.28245461355567,8.380675168741902
275.6658862873156,161.3105592734175,16.28245461355567,8.380675168741902
275.6658862873156,161.3105592734175,16.28245461355567,8.380675168741902
271.5685656101626,149.56828609074984,16.28245461355567,8.380675168741902
271.5685656101626,149.56828609074984,16.28245461355567,8.380675168741902
271.5685656101626,149.56828609074984,16.28245461355567,8.380675168741902
268.43022908095645,140.15327650313145,16.28245461355567,8.380675168741902
268.43022908095645,140.15327650313145,16.28245461355567,8.380675168741902
268.43022908095645,140.15327650313145,16.28245461355567,8.380675168741902
265.0888417666447,131.61417558877918,16.28245461355567,8.380675168741902
265.0888417666447,131.61417558877918,16.28245461355567,8.380675168741902
265.0888417666447,131.61417558877918,16.28245461355567,8.380675168741902
262.91133968967523,123.78317032123272,14.472124648672718,10.393616793137681
262.91133968967523,123.78317032123272,14.472124648672718,10.393616793137681
262.91133968967523,123.78317032123272,14.472124648672718,10.393616793137681
260.2085283266508,114.6611819710254,14.472124648672718,10.393616793137681
260.2085283266508,114.6611819710254,14.472124648672718,10.393616793137681
260.2085283266508,114.6611819710254,14.472124648672718,10.393616793137681
257.56250408462984,105.05276335621994,13.528804200969091,8.021503375795817
257.56250408462984,105.05276335621994,13.528804200969091,8.021503375795817
257.56250408462984,105.05276335621994,13.528804200969091,8.021503375795817
257.56250408462984,105.05276335621994,13.528804200969091,8.021503375795817
255.8732469827396,95.44807050858256,13.528804200969091,8.021503375795817
255.8732469827396,95.44807050858256,13.528804200969091,8.021503375795817
255.8732469827396,95.44807050858256,13.528804200969091,8.021503375795817
253.13023464590466,85.24806869068479,13.528804200969063,8.021503375795817
253.13023464590466,85.24806869068479,13.528804200969063,8.021503375795817
253.13023464590466,85.24806869068479,13.528804200969063,8.021503375795817
249.48042421916327,75.688726216284,13.528804200969063,8.021503375795817
249.48042421916327,75.688726216284,13.528804200969063,8.021503375795817
249.48042421916327,75.688726216284,13.528804200969063,8.021503375795817
244.49218399549056,67.63079970112042,13.528804200969034,8.021503375795817
244.49218399549056,67.63079970112042,13.528804200969034,8.021503375795817
244.49218399549056,67.63079970112042,13.528804200969034,8.021503375795817
237.89841859612463,61.028958742122995,13.528804200969034,8.021503375795817
237.89841859612463,61.028958742122995,13.528804200969034,8.021503375795817
237.89841859612463,61.028958742122995,13.528804200969034,8.021503375795817
230.7276375848158,54.16975705501437,13.528804200969034,8.021503375795817
230.7276375848158,54.16975705501437,13.528804200969034,8.021503375795817
230.7276375848158,54.16975705501437,13.528804200969034,8.021503375795817
222.31011034903514,47.84551886399072,15.189191859920044,8.380243784783467
222.31011034903514,47.84551886399072,15.189191859920044,8.380243784783467
222.31011034903514,47.84551886399072,15.189191859920044,8.380243784783467
214.4724652037394,43.162476071405216,15.189191859920044,8.380243784783467
214.4724652037394,43.162476071405216,15.189191859920044,8.380243784783467
214.4724652037394,43.162476071405216,15.189191859920044,8.380243784783467
214.4724652037394,43.162476071405216,15.189191859920044,8.380243784783467
206.2500900125428,41.26500487343677,15.189191859920044,8.380243784783467
206.2500900125428,41.26500487343677,15.189191859920044,8.380243784783467
206.2500900125428,41.26500487343677,15.189191859920044,8.380243784783467
199.79031876177226,41.61418169780275,15.189191859920044,8.380243784783467
199.79031876177226,41.61418169780275,15.189191859920044,8.380243784783467
199.79031876177226,41.61418169780275,15.189191859920044,8.380243784783467
193.4590907855722,42.57345866389365,15.189191859920044,8.380243784783467
193.60366744054838,43.00718862882225,15.189191859920044,8.380243784783467
193.60366744054838,43.00718862882225,15.189191859920044,8.380243784783467
188.3607770382471,44.59594329618627,15.189191859920044,8.380243784783467
188.3607770382471,44.59594329618627,15.189191859920044,8.380243784783467
188.3607770382471,44.59594329618627,15.189191859920044,8.380243784783467
184.8029184753219,47.13185302987122,13.285214418899272,6.047746862334741
184.8029184753219,47.13185302987122,13.285214418899272,6.047746862334741
184.8029184753219,47.13185302987122,13.285214418899272,6.047746862334741
180.76791436634258,48.028520609644374,13.285214418899272,6.047746862334741
180.76791436634258,48.028520609644374,13.285214418899272,6.047746862334741
180.76791436634258,48.028520609644374,13.285214418899272,6.047746862334741
172.22017676905352,49.07060157646901,13.285214418899272,6.047746862334741
172.22017676905352,49.07060157646901,13.285214418899272,6.047746862334741
172.22017676905352,49.07060157646901,13.285214418899272,6.047746862334741
161.53585738182022,50.434657482180185,11.003826825913478,7.517465851366623
161.53585738182022,50.434657482180185,11.003826825913478,7.517465851366623
161.53585738182022,50.434657482180185,11.003826825913478,7.517465851366623
161.53585738182022,50.434657482180185,11.003826825913478,7.517465851366623
0,0,0,0
0,0,0,0
0,0,0,0
122.5478021890116,57.322238731672314,6.7417506006354415,5.849460079963109
122.5478021890116,57.322238731672314,6.7417506006354415,5.849460079963109
122.5478021890116,57.322238731672314,6.7417506006354415,5.849460079963109
0,0,0,0
0,0,0,0
0,0,0,0
85.44756759418418,63.603565898790904,12.29378050704112,6.2460336447063725
85.44756759418418,63.603565898790904,12.29378050704112,6.2460336447063725
85.44756759418418,63.603565898790904,12.29378050704112,6.2460336447063725
75.64987640322076,64.9549715803031,12.29378050704112,6.2460336447063725
75.64987640322076,64.9549715803031,12.29378050704112,6.2460336447063725
75.64987640322076,64.9549715803031,12.29378050704112,6.2460336447063725
69.77460670036393,66.91339481458871,12.29378050704112,6.2460336447063725
69.77460670036393,66.91339481458871,12.29378050704112,6.2460336447063725
69.77460670036393,66.91339481458871,12.29378050704112,6.2460336447063725
69.77460670036393,66.91339481458871,12.29378050704112,6.2460336447063725
69.77460670036393,66.91339481458871,12.29378050704112,6.2460336447063725
69.77460670036393,66.91339481458871,12.29378050704112,6.2460336447063725
72.81526948376633,66.91339481458871,12.29378050704112,6.2460336447063725
72.81526948376633,66.91339481458871,12.29378050704112,6.2460336447063725
72.81526948376633,66.91339481458871,12.29378050704112,6.2460336447063725
72.81526948376633,66.91339481458871,12.29378050704112,6.2460336447063725
82.96094602668524,65.68361583968945,12.29378050704112,6.2460336447063725
82.96094602668524,65.68361583968945,12.29378050704112,6.2460336447063725
82.96094602668524,65.68361583968945,12.29378050704112,6.2460336447063725
96.1810700068526,63.83894737734052,12.29378050704112,6.2460336447063725
96.1810700068526,63.83894737734052,12.29378050704112,6.2460336447063725
96.1810700068526,63.83894737734052,12.29378050704112,6.2460336447063725
113.28449004619308,61.86547583433969,12.29378050704112,6.2460336447063725
113.28449004619308,61.86547583433969,12.29378050704112,6.2460336447063725
113.28449004619308,61.86547583433969,12.29378050704112,6.2460336447063725
0,0,0,0
0,0,0,0
0,0,0,0
154.44083016319337,58.52462909957633,6.051979398535877,5.788849859469096
154.44083016319337,58.52462909957633,6.051979398535877,5.788849859469096
154.44083016319337,58.52462909957633,6.051979398535877,5.788849859469096
167.0662569346936,57.45745625366271,13.186071027713439,6.840893991821261
167.0662569346936,57.45745625366271,13.186071027713439,6.840893991821261
167.0662569346936,57.45745625366271,13.186071027713439,6.840893991821261
186.45287670123057,57.764900997387535,13.186071027713439,6.840893991821254
186.45287670123057,57.764900997387535,13.186071027713439,6.840893991821254
186.45287670123057,57.764900997387535,13.186071027713439,6.840893991821254
205.2070060684447,57.45745625366271,13.186071027713439,6.840893991821247
205.2070060684447,57.45745625366271,13.186071027713439,6.840893991821247
205.2070060684447,57.45745625366271,13.186071027713439,6.840893991821247
205.2070060684447,57.45745625366271,13.186071027713439,6.840893991821247
226.1132486417326,57.764900997387535,13.186071027713439,6.840893991821254
226.1132486417326,57.764900997387535,13.186071027713439,6.840893991821254
226.1132486417326,57.764900997387535,13.186071027713439,6.840893991821254
245.93128115384744,56.92158046495712,13.186071027713439,6.840893991821254
245.93128115384744,56.92158046495712,13.186071027713439,6.840893991821254
245.93128115384744,56.92158046495712,13.186071027713439,6.840893991821254
265.86451495615233,57.59728330571322,13.18607102771341,6.840893991821261
265.86451495615233,57.59728330571322,13.18607102771341,6.840893991821261
265.86451495615233,57.59728330571322,13.18607102771341,6.840893991821261
285.59146210761253,58.404550916002705,13.18607102771341,6.840893991821247
285.59146210761253,58.404550916002705,13.18607102771341,6.840893991821247
285.59146210761253,58.404550916002705,13.18607102771341,6.840893991821247
305.6684322355168,61.76219015708814,14.177504939571634,5.35374312403404
305.6684322355168,61.76219015708814,14.177504939571634,5.35374312403404
305.6684322355168,61.76219015708814,14.177504939571634,5.35374312403404
326.0051039166439,64.25631026892448,14.177504939571634,5.35374312403404
326.0051039166439,64.25631026892448,14.177504939571634,5.35374312403404
326.0051039166439,64.25631026892448,14.177504939571634,5.35374312403404
346.7254863842074,67.51785195363355,14.177504939571634,5.35374312403404
346.7254863842074,67.51785195363355,14.177504939571634,5.35374312403404
346.7254863842074,67.51785195363355,14.177504939571634,5.35374312403404
367.3348847623814,71.41670368231283,14.177504939571634,5.35374312403404
367.3348847623814,71.41670368231283,14.177504939571634,5.35374312403404
367.3348847623814,71.41670368231283,14.177504939571634,5.35374312403404
367.3348847623814,71.41670368231283,14.177504939571634,5.35374312403404
386.7176917042225,74.75308848377728,14.177504939571634,5.35374312403404
386.7176917042225,74.75308848377728,14.177504939571634,5.35374312403404
386.7176917042225,74.75308848377728,14.177504939571634,5.35374312403404
406.3941553026111,78.74987015219996,14.177504939571634,5.35374312403404
406.3941553026111,78.74987015219996,14.177504939571634,5.35374312403404
406.3941553026111,78.74987015219996,14.177504939571634,5.35374312403404
425.9634054108655,81.43584565725448,14.177504939571634,5.35374312403404
425.9634054108655,81.43584565725448,14.177504939571634,5.35374312403404
425.9634054108655,81.43584565725448,14.177504939571634,5.35374312403404
444.4692172478189,82.30330558711165,14.177504939571634,5.35374312403404
444.4692172478189,82.30330558711165,14.177504939571634,5.35374312403404
444.4692172478189,82.30330558711165,14.177504939571634,5.35374312403404
461.2363523835348,80.76760477948665,14.177504939571634,5.35374312403404
461.2363523835348,80.76760477948665,14.177504939571634,5.35374312403404
461.2363523835348,80.76760477948665,14.177504939571634,5.35374312403404
472.9470614366069,79.03268491977227,14.177504939571634,5.35374312403404
472.9470614366069,79.03268491977227,14.177504939571634,5.35374312403404
472.9470614366069,79.03268491977227,14.177504939571634,5.35374312403404
478.6638620949718,76.80131576996494,14.574078504314855,8.526331641980121
478.6638620949718,76.80131576996494,14.574078504314855,8.526331641980121
478.6638620949718,76.80131576996494,14.574078504314855,8.526331641980121
481.7383095322201,75.57153679506568,14.574078504314855,8.526331641980121
481.7383095322201,75.57153679506568,14.574078504314855,8.526331641980121
481.7383095322201,75.57153679506568,14.574078504314855,8.526331641980121
481.7383095322201,75.57153679506568,14.574078504314855,8.526331641980121
483.3625114400076,73.9473348872781,14.574078504314855,8.526331641980121
483.3625114400076,73.9473348872781,14.574078504314855,8.526331641980121
483.3625114400076,73.9473348872781,14.574078504314855,8.526331641980121
483.3625114400076,71.48396155368859,14.574078504314855,8.526331641980121
483.3625114400076,71.48396155368859,14.574078504314855,8.526331641980121
483.3625114400076,71.48396155368859,14.574078504314855,8.526331641980121
483.3625114400076,70.29406968511215,14.574078504314855,8.526331641980121
483.3625114400076,70.29406968511215,14.574078504314855,8.526331641980121
483.3625114400076,70.29406968511215,14.574078504314855,8.526331641980121
479.69065766791226,67.84616717038192,14.574078504314855,8.526331641980121
479.69065766791226,67.84616717038192,14.574078504314855,8.526331641980121
479.69065766791226,67.84616717038192,14.574078504314855,8.526331641980121
477.160696070621,67.4245069041667,14.574078504314855,8.526331641980121
477.160696070621,67.4245069041667,14.574078504314855,8.526331641980121
477.160696070621,67.4245069041667,14.574078504314855,8.526331641980121
476.1471418094868,67.76235832454475,14.574078504314855,8.526331641980121
476.1471418094868,67.76235832454475,14.574078504314855,8.526331641980121
476.1471418094868,67.76235832454475,14.574078504314855,8.526331641980121
476.1471418094868,69.9176995114624,14.574078504314855,8.526331641980121
476.1471418094868,69.9176995114624,14.574078504314855,8.526331641980121
476.1471418094868,69.9176995114624,14.574078504314855,8.526331641980121
475.42869474718094,72.07304069838005,14.574078504314855,8.526331641980121
475.42869474718094,72.07304069838005,14.574078504314855,8.526331641980121
475.42869474718094,72.07304069838005,14.574078504314855,8.526331641980121
475.42869474718094,72.07304069838005,14.574078504314855,8.526331641980121
475.42869474718094,74.22838188529771,14.574078504314855,8.526331641980121
475.42869474718094,74.22838188529771,14.574078504314855,8.526331641980121
475.42869474718094,74.22838188529771,14.574078504314855,8.526331641980121
476.1471418094868,75.66527600990948,14.574078504314855,8.526331641980121
476.1471418094868,75.66527600990948,14.574078504314855,8.526331641980121
476.1471418094868,75.66527600990948,14.574078504314855,8.526331641980121
476.1471418094868,79.2575113214389,14.574078504314855,8.526331641980121
476.1471418094868,79.2575113214389,14.574078504314855,8.526331641980121
476.1471418094868,79.2575113214389,14.574078504314855,8.526331641980121
476.1471418094868,83.5681936952742,14.574078504314855,8.526331641980121
476.1471418094868,83.5681936952742,14.574078504314855,8.526331641980121
476.1471418094868,83.5681936952742,14.574078504314855,8.526331641980121
476.1471418094868,89.31577019372128,14.574078504314855,8.526331641980121
476.1471418094868,89.31577019372128,14.574078504314855,8.526331641980121
476.1471418094868,89.31577019372128,14.574078504314855,8.526331641980121
476.5308525959232,96.42486976220714,14.574078504314855,8.526331641980121
476.5308525959232,96.42486976220714,14.574078504314855,8.526331641980121
476.5308525959232,96.42486976220714,14.574078504314855,8.526331641980121
477.5431350236042,108.44454259776356,13.68178798364255,6.9400373830070805
477.5431350236042,108.44454259776356,13.68178798364255,6.9400373830070805
477.5431350236042,108.44454259776356,13.68178798364255,6.9400373830070805
477.5431350236042,119.88357620278454,13.68178798364255,6.9400373830070805
477.5431350236042,119.88357620278454,13.68178798364255,6.9400373830070805
477.5431350236042,119.88357620278454,13.68178798364255,6.9400373830070805
477.5431350236042,119.88357620278454,13.68178798364255,6.9400373830070805
477.12147475738897,131.47923352370287,13.68178798364255,6.940037383007109
477.12147475738897,133.99720625349863,13.68178798364255,6.940037383007109
477.12147475738897,133.99720625349863,13.68178798364255,6.940037383007109
477.12147475738897,138.30788862733402,13.68178798364255,6.940037383007109
477.12147475738897,138.30788862733402,13.68178798364255,6.940037383007109
477.12147475738897,138.30788862733402,13.68178798364255,6.940037383007109
477.83992181969484,151.2399357488402,13.68178798364255,6.940037383007109
477.83992181969484,151.2399357488402,13.68178798364255,6.940037383007109
477.83992181969484,151.2399357488402,13.68178798364255,6.940037383007109
477.83992181969484,159.86130049651098,13.68178798364255,6.940037383007109
477.83992181969484,159.86130049651098,13.68178798364255,6.940037383007109
477.83992181969484,159.86130049651098,13.68178798364255,6.940037383007109
478.5583688820007,162.01664168342867,13.68178798364255,6.940037383007109
478.5583688820007,162.01664168342867,13.68178798364255,6.940037383007109
478.5583688820007,162.01664168342867,13.68178798364255,6.940037383007109
478.5583688820007,162.01664168342867,13.68178798364255,6.940037383007109
478.5583688820007,162.01664168342867,13.68178798364255,6.940037383007109
478.5583688820007,162.01664168342867,13.68178798364255,6.940037383007109
478.5583688820007,162.01664168342867,13.68178798364255,6.940037383007109
478.5583688820007,162.97185370228834,13.68178798364255,6.940037383007109
478.5583688820007,162.01664168342867,13.68178798364255,6.940037383007109
474.96613357047136,162.73508874573457,13.68178798364255,6.940037383007109
474.96613357047136,162.73508874573457,13.68178798364255,6.940037383007109
474.96613357047136,162.73508874573457,13.68178798364255,6.940037383007109
474.96613357047136,162.73508874573457,13.68178798364255,6.940037383007109
464.1894276358833,164.17198287034637,13.68178798364255,6.940037383007109
464.1894276358833,164.17198287034637,13.68178798364255,6.940037383007109
464.1894276358833,164.17198287034637,13.68178798364255,6.940037383007109
446.9466981405424,164.17198287034637,13.68178798364255,6.940037383007109
446.9466981405424,164.17198287034637,13.68178798364255,6.940037383007109
446.9466981405424,164.17198287034637,13.68178798364255,6.940037383007109
415.33502739908414,164.17198287034637,13.68178798364255,6.940037383007109
415.33502739908414,164.17198287034637,13.68178798364255,6.940037383007109
415.33502739908414,164.17198287034637,13.68178798364255,6.940037383007109
383.34258290351505,164.54324812749212,13.619200383981081,5.50314325839534
383.34258290351505,164.54324812749212,13.619200383981081,5.50314325839534
383.34258290351505,164.54324812749212,13.619200383981081,5.50314325839534
343.4761152989042,164.54324812749212,13.619200383981081,5.50314325839534
