181.00358422939067,249.46236559139786,10.144138399717889,6.575697309880439
181.86742344216177,250.23001936978378,9.423867849129522,6.5267373869729965
181.3008130081301,250.0,9.846909620978465,6.038062901278295
181.835855559365,249.5390698592688,8.863384656087618,6.609113414076887
181.835855559365,249.5390698592688,8.863384656087618,6.609113414076887
181.835855559365,249.5390698592688,8.863384656087618,6.609113414076887
182.4635295808575,249.27137621296788,8.350537962981349,5.630042454510431
182.4635295808575,249.27137621296788,8.350537962981349,5.630042454510431
182.42002206076054,247.69225232311737,9.324485329204464,7.226476130133449
182.42002206076054,247.69225232311737,9.324485329204464,7.226476130133449
182.42002206076054,247.69225232311737,9.324485329204464,7.226476130133449
182.42002206076054,247.69225232311737,9.324485329204464,7.226476130133449
183.1221009643754,247.785923650012,8.391355527060085,7.597911014659417
185.29770216797237,247.44598596195,7.2355673876491835,7.25797332659738
185.29770216797237,247.44598596195,7.2355673876491835,7.25797332659738
185.0875022529266,246.75274988960786,7.655967217740681,6.898674491793628
185.74532610059356,247.67370327634157,7.655967217740681,6.898674491793628
185.5211913615469,247.59899169665934,7.655967217740681,6.898674491793628
185.5211913615469,247.59899169665934,7.655967217740681,6.898674491793628
189.0154451022613,247.51259824938862,7.406968920106493,6.614105008783099
188.83275525736863,247.1472185596033,7.406968920106493,6.614105008783099
189.08212690316415,247.23034244153513,7.406968920106493,6.614105008783099
190.36095581741282,247.23034244153513,7.406968920106493,6.614105008783099
189.9955761276275,247.23034244153513,8.503107989462507,6.705449931229424
189.69300520519238,247.23034244153513,8.503107989462507,6.705449931229424
193.84276312128355,247.4897023112908,8.503107989462507,6.705449931229424
194.11810267173806,246.80135343515457,8.503107989462507,6.705449931229424
194.19374540234685,246.87699616576336,8.503107989462507,6.705449931229424
194.31902489306066,247.00227565647717,8.503107989462507,6.705449931229424
196.93475062237835,246.58926633079543,8.503107989462507,6.705449931229424
197.02609554482467,246.95464602058075,8.503107989462507,6.705449931229424
197.02609554482467,246.95464602058075,8.503107989462507,6.705449931229424
203.7595098645427,247.10102459274853,8.503107989462507,6.705449931229424
203.58850335671906,246.81601374637577,8.503107989462507,6.705449931229424
204.0015126824008,246.81601374637577,8.503107989462507,6.705449931229424
207.44325706308197,247.02251840921664,8.503107989462507,6.705449931229424
207.44325706308197,247.02251840921664,8.503107989462507,6.705449931229424
207.44325706308197,247.02251840921664,8.503107989462507,6.705449931229424
215.07466545208604,246.66898968880855,8.503107989462507,6.705449931229424
215.07466545208604,246.66898968880855,8.503107989462507,6.705449931229424
215.07466545208604,246.66898968880855,8.503107989462507,6.705449931229424
219.44272970599138,246.03535703718768,8.503107989462507,6.705449931229424
219.97222882025284,246.26228522901403,8.503107989462507,6.705449931229424
219.97222882025284,246.26228522901403,8.503107989462507,6.705449931229424
229.6961571700862,245.59626273929942,8.503107989462507,6.705449931229424
229.78206753147285,245.8539938234594,8.503107989462507,6.705449931229424
229.78206753147285,245.8539938234594,8.503107989462507,6.705449931229424
237.70123109568246,247.3374071013363,8.503107989462507,6.705449931229424
237.70123109568246,247.3374071013363,8.503107989462507,6.705449931229424
237.59092446309907,247.11679383616953,8.503107989462507,6.705449931229424
248.7156959478506,246.67765811966618,8.503107989462507,6.705449931229424
249.29756312137346,247.0101536473935,8.503107989462535,6.705449931229424
249.84563265605146,247.0101536473935,8.503107989462535,6.705449931229424
249.4300132463923,246.760782001598,8.503107989462563,6.705449931229424
255.00595330746097,246.8819980898821,8.503107989462535,6.705449931229424
255.93838479306143,246.8819980898821,8.503107989462507,6.705449931229424
255.93838479306143,246.8819980898821,8.503107989462507,6.705449931229424
268.7875020195819,247.38389329637133,8.503107989462535,6.705449931229424
269.11999754730925,247.550141060235,8.503107989462535,6.705449931229424
268.84596277997025,247.45879613778868,8.503107989462535,6.705449931229424
275.04866668989007,248.0639379826589,8.503107989462535,6.705449931229424
275.56168621336104,248.00693581338436,8.503107989462535,6.705449931229424
275.39067970553737,247.94993364410982,8.503107989462535,6.705449931229424
287.5874205596168,248.48022672472197,8.503107989462535,6.705449931229424
287.7250903348441,248.41139183710834,8.503107989462535,6.705449931229424
287.6562554472305,247.9983825114266,8.503107989462535,6.705449931229424
294.2230421198455,248.6633735668813,8.503107989462535,6.705449931229424
294.08537234461824,248.31919912881318,8.503107989462535,6.705449931229424
294.0097296140095,248.9243409736834,8.503107989462535,6.705449931229424
305.2696196177526,250.05032997405772,8.503107989462535,6.705449931229396
304.93869972000243,249.60910344372417,8.503107989462535,6.705449931229396
304.93869972000243,249.60910344372417,8.503107989462535,6.705449931229396
310.8782880459234,249.85153562029237,8.503107989462535,6.705449931229367
312.12514627490094,249.51904009256504,8.503107989462535,6.705449931229339
312.12514627490094,249.82017721645857,8.503107989462535,6.705449931229367
323.81764932874006,251.58508333779278,8.503107989462535,6.705449931229367
325.0221978243142,250.9828090900057,8.503107989462535,6.705449931229367
324.4741282896362,250.9828090900057,8.503107989462535,6.705449931229367
324.25351502446944,250.76219582483893,8.503107989462535,6.705449931229367
330.4649697508201,251.2189204370706,8.503107989462535,6.705449931229339
331.10438420794446,251.2189204370706,8.503107989462535,6.705449931229339
331.10438420794446,251.2189204370706,8.503107989462535,6.705449931229339
343.1498691636858,251.8211946848577,8.503107989462535,6.705449931229339
342.9491110810901,251.72081564355983,8.503107989462535,6.705449931229339
342.74260641824924,251.72081564355983,8.503107989462535,6.705449931229339
348.2634536896307,251.52005756096415,8.503107989462535,6.705449931229367
348.2634536896307,251.52005756096415,8.503107989462535,6.705449931229367
348.2634536896307,251.52005756096415,8.503107989462535,6.705449931229367
359.3051482323936,251.8211946848577,8.503107989462535,6.705449931229396
359.3051482323936,252.3060590379941,8.503107989462535,6.705449931229396
359.415454864977,251.97513914024393,8.503107989462535,6.705449931229396
363.52597637506204,252.34051883002925,8.503107989462535,6.705449931229424
364.13205681648253,252.34051883002925,8.503107989462535,6.705449931229424
364.2532729047666,252.34051883002925,8.503107989462535,6.705449931229424
371.5262382018127,253.06781535973386,8.503107989462535,6.705449931229452
372.2983846298964,252.84720209456708,8.503107989462535,6.705449931229452
372.1520060577286,253.28633781107044,8.503107989462535,6.705449931229452
376.1419523904567,253.53570945686596,8.503107989462535,6.705449931229452
376.1419523904567,253.53570945686596,8.503107989462535,6.705449931229452
377.0743838760572,253.53570945686596,8.503107989462535,6.705449931229452
383.74126873168274,253.53570945686596,8.503107989462535,6.705449931229452
383.74126873168274,253.68208802903374,8.503107989462535,6.705449931229481
383.74126873168274,253.96534967356587,8.503107989462535,6.705449931229452
383.8416477729806,253.46345446707664,8.503107989462535,6.705449931229452
387.17176022155365,253.86306796090543,8.503107989462535,6.705449931229452
387.17176022155365,253.86306796090543,8.503107989462535,6.705449931229452
387.17176022155365,253.86306796090543,8.503107989462535,6.705449931229452
391.7779715763495,254.10550013747363,8.503107989462535,6.705449931229424
392.41738603347386,254.10550013747363,8.503107989462535,6.705449931229424
392.41738603347386,254.10550013747363,8.503107989462535,6.705449931229424
395.88849308643455,254.0141552150273,8.503107989462535,6.705449931229452
396.30346887804365,254.0141552150273,8.503107989462535,6.705449931229452
396.30346887804365,253.7717230384591,8.503107989462535,6.705449931229481
404.0249331588808,254.54386946654282,8.503107989462535,6.705449931229481
403.804319893714,255.09540262945976,8.503107989462535,6.705449931229481
403.804319893714,254.61053827632335,8.503107989462535,6.705449931229481
407.11351887121566,255.38268470440707,8.503107989462535,6.705449931229481
407.0303949892838,255.2164369405434,8.503107989462535,6.705449931229481
407.15567447999763,254.90323821375884,8.503107989462535,6.705449931229481
414.08230837302966,254.636829217873,8.503107989462535,6.705449931229481
414.1654322549615,254.96932474560032,8.503107989462535,6.705449931229452
414.25677717740786,254.96932474560032,8.503107989462535,6.705449931229452
416.27978416150233,254.91745277164918,8.503107989462535,6.705449931229424
416.733640545155,254.91745277164918,8.503107989462535,6.705449931229424
416.733640545155,254.91745277164918,8.503107989462535,6.705449931229424
423.92076231073173,255.11169930585396,8.503107989462535,6.705449931229452
424.58678480044637,255.11169930585396,8.503107989462535,6.705449931229452
424.28564767655286,255.31245738844964,8.503107989462535,6.705449931229481
424.28564767655286,255.31245738844964,8.503107989462535,6.705449931229481
427.3913750397282,255.40380231089597,8.503107989462535,6.705449931229452
427.6654098070672,255.2211124660033,8.503107989462535,6.705449931229424
428.0074228227145,254.99310378890507,8.503107989462535,6.705449931229424
433.821644088719,255.10710812745418,8.503107989462535,6.705449931229452
434.30348830201433,255.17594301506782,8.503107989462535,6.705449931229481
434.30348830201433,255.0203270932144,8.503107989462535,6.705449931229509
437.6860345512873,255.33352581999895,8.503107989462535,6.705449931229509
438.6184660368878,255.33352581999895,8.503107989462535,6.705449931229509
438.28597050916045,255.33352581999895,8.503107989462535,6.705449931229509
447.21506341139525,255.0407686756634,8.503107989462535,6.705449931229509
446.1344529462814,255.45638808532257,8.503107989462535,6.705449931229538
447.0421657135867,255.30510262410502,8.503107989462535,6.705449931229566
450.95694832420264,255.10434454150933,8.503107989462535,6.705449931229538
450.95694832420264,255.10434454150933,8.503107989462535,6.705449931229538
450.95694832420264,255.10434454150933,8.503107989462535,6.705449931229538
459.5895458758173,255.40548166540287,8.503107989462535,6.705449931229566
460.1956263172378,254.92061731226644,8.503107989462535,6.705449931229538
459.99486823464207,255.42251251875567,8.503107989462535,6.705449931229538
463.7525669714492,255.05886425390335,8.503107989462535,6.705449931229538
464.15408313664057,255.1592432952012,8.503107989462535,6.705449931229538
463.60340403573156,255.09040840758757,8.503107989462535,6.705449931229509
473.16265045789265,255.50602781724675,8.503107989462535,6.705449931229481
473.0486461193436,255.5630299865213,8.503107989462535,6.705449931229481
473.2992051007712,255.5630299865213,8.503107989462535,6.705449931229481
473.52613329259754,255.41174452530373,8.503107989462535,6.705449931229452
478.00203449246794,255.22905468041105,8.503107989462535,6.705449931229424
477.72799972512894,255.22905468041105,8.503107989462535,6.705449931229424
477.5723838032755,255.48841455016674,8.503107989462535,6.705449931229452
488.31365154972195,255.56405728077553,8.503107989462535,6.705449931229481
487.78083355795025,255.9636707746043,8.503107989462535,6.705449931229481
488.12284657359754,255.9636707746043,8.503107989462535,6.705449931229481
492.8727825408069,256.32905046438964,8.503107989462535,6.705449931229509
492.8727825408069,256.32905046438964,8.503107989462535,6.705449931229509
492.8727825408069,256.32905046438964,8.503107989462535,6.705449931229509
502.706337519948,256.555978656216,8.503107989462535,6.705449931229509
503.3086117677351,256.4555996149181,8.503107989462535,6.705449931229509
503.187395679451,256.5768157032022,8.503107989462535,6.705449931229509
508.11596210333914,256.5768157032022,8.503107989462478,6.705449931229509
508.4813417931245,256.5768157032022,8.503107989462535,6.705449931229509
508.68784645596537,256.92099014127035,8.503107989462535,6.705449931229509
514.548844365454,257.0541946392133,8.503107989462478,6.705449931229509
514.6244870960627,257.2054801004308,8.503107989462478,6.705449931229509
515.2515109580828,257.2054801004308,8.503107989462478,6.705449931229509
519.0092096948899,257.5691283652831,8.503107989462478,6.705449931229509
519.2832444622289,257.47778344283677,8.503107989462478,6.705449931229509
519.3836235035268,257.3774044015389,8.503107989462478,6.705449931229509
528.8411428574743,258.04342689125355,8.503107989462478,6.705449931229509
529.007390621338,258.3759224189809,8.503107989462478,6.705449931229509
528.7580189755425,258.70841794670827,8.503107989462478,6.705449931229509
528.7580189755425,258.5421701828446,8.503107989462478,6.705449931229509
533.9017246569395,258.390884721627,8.503107989462478,6.705449931229509
534.5039989047265,258.390884721627,8.503107989462478,6.705449931229509
534.0052556131354,258.6402563674225,8.503107989462478,6.705449931229509
543.7025426758636,259.246336808843,8.503107989462478,6.705449931229509
543.8357471738065,258.7135188170713,8.503107989462478,6.705449931229509
543.5933149972383,258.349870552219,8.503107989462478,6.705449931229509
549.0546994128981,259.0158930419336,8.503107989462478,6.705449931229509
549.0546994128981,259.0158930419336,8.503107989462478,6.705449931229509
548.9214949149552,259.54871103370533,8.503107989462478,6.705449931229509
557.8914854479788,259.185062768853,8.503107989462478,6.705449931229509
558.2224053457289,259.185062768853,8.503107989462478,6.705449931229509
558.8079196344,259.185062768853,8.503107989462478,6.705449931229509
562.4444022829231,259.54871103370533,8.503107989462478,6.705449931229509
562.5275261648549,259.54871103370533,8.503107989462478,6.705449931229509
562.9687526951884,259.7693242988721,8.503107989462478,6.705449931229509
571.4587098809199,260.20846001537546,8.503107989462478,6.705449931229509
571.6249576447835,260.37470777923915,8.503107989462478,6.705449931229509
571.5245786034857,260.07357065534563,8.503107989462478,6.705449931229509
575.943687608587,260.2503350155497,8.503107989462478,6.705449931229509
575.943687608587,260.2503350155497,8.503107989462478,6.705449931229509
575.943687608587,260.2503350155497,8.503107989462478,6.705449931229509
584.7819056187894,260.6038637359578,8.503107989462478,6.705449931229509
585.1815191126182,260.87027273184367,8.503107989462478,6.705449931229509
585.1815191126182,260.87027273184367,8.503107989462478,6.705449931229509
585.1815191126182,260.87027273184367,8.503107989462478,6.705449931229509
589.4238637575154,260.87027273184367,8.503107989462478,6.705449931229509
589.4238637575154,260.87027273184367,8.503107989462478,6.705449931229509
589.4238637575154,260.87027273184367,8.503107989462478,6.705449931229509
0,0,0,0
0,0,0,0
0,0,0,0
0,0,0,0
0,0,0,0
0,0,0,0
590.4080597044373,262.58403278809544,8.503107989462478,6.705449931229509
590.0195666360278,262.972525856505,8.503107989462478,6.705449931229509
590.0195666360278,262.972525856505,8.503107989462478,6.705449931229509
565.9630059787789,263.595078834207,8.503107989462478,6.705449931229509
565.9630059787789,263.595078834207,8.503107989462478,6.705449931229509
565.9630059787789,263.595078834207,8.503107989462478,6.705449931229509
520.7051560670942,266.63051938978117,8.503107989462478,6.705449931229509
520.7051560670942,266.63051938978117,8.503107989462478,6.705449931229509
520.7051560670942,266.63051938978117,8.503107989462478,6.705449931229509
496.6185858257021,267.60175206080504,8.503107989462478,6.705449931229509
496.6185858257021,267.60175206080504,8.503107989462478,6.705449931229509
496.6185858257021,267.60175206080504,8.503107989462478,6.705449931229509
469.9271674348906,269.01586694243747,8.503107989462478,6.705449931229509
469.9271674348906,269.01586694243747,8.503107989462478,6.705449931229509
469.9271674348906,269.01586694243747,8.503107989462478,6.705449931229509
469.9271674348906,269.01586694243747,8.503107989462478,6.705449931229509
465.7449225763574,269.8201447998477,8.503107989462478,6.705449931229509
465.7449225763574,269.8201447998477,8.503107989462478,6.705449931229509
465.7449225763574,269.8201447998477,8.503107989462478,6.705449931229509
470.3407959416627,270.70396660086794,8.503107989462478,6.705449931229509
470.3407959416627,270.70396660086794,8.503107989462478,6.705449931229509
470.3407959416627,270.70396660086794,8.503107989462478,6.705449931229509
474.9500274362996,271.37586179006104,8.503107989462478,6.705449931229509
475.50156059921653,271.15524852489426,8.503107989462478,6.705449931229509
476.04963013389454,271.15524852489426,8.503107989462478,6.705449931229509
484.66082595311985,271.98752042703103,8.503107989462478,6.705449931229509
484.88883463021807,271.98752042703103,8.503107989462478,6.705449931229509
484.5234549404327,272.0788653494774,8.503107989462478,6.705449931229509
488.78599887460626,271.5460473577057,8.503107989462478,6.705449931229509
488.95224663846994,271.5460473577057,8.503107989462478,6.705449931229509
488.95224663846994,271.5460473577057,8.503107989462478,6.705449931229509
497.49909414348,271.93454042611523,8.503107989462478,6.705449931229509
498.08096131700285,272.18391207191075,8.503107989462478,6.705449931229509
498.2472090808665,272.1007881899789,8.503107989462478,6.705449931229509
502.463128815376,272.60268339646814,8.503107989462478,6.705449931229509
502.2623707327803,272.60268339646814,8.503107989462478,6.705449931229509
502.39557523072324,272.4694788985252,8.503107989462478,6.705449931229509
509.58861811964107,273.0022968902969,8.503107989462478,6.705449931229509
509.9539978094264,272.36288243317256,8.503107989462535,6.705449931229509
509.9539978094264,272.5508016692433,8.503107989462535,6.705449931229509
510.1746110745932,272.7714149344101,8.503107989462535,6.705449931229509
512.884845189635,273.37368918219715,8.503107989462592,6.705449931229509
513.2630588426789,273.2980464515884,8.503107989462592,6.705449931229509
513.607233280747,273.2292115639748,8.503107989462592,6.705449931229509
520.8874710312506,273.7807447268917,8.503107989462592,6.705449931229509
521.1299032078188,273.7807447268917,8.503107989462592,6.705449931229509
520.9233985449779,273.64307495166446,8.503107989462592,6.705449931229509
524.9385601968917,273.64307495166446,8.503107989462592,6.705449931229509
525.2313173412273,274.0822106681678,8.503107989462592,6.705449931229509
525.4806889870227,274.33158231396334,8.503107989462592,6.705449931229509
533.1206047785093,274.4072250445721,8.503107989462592,6.705449931229509
532.7190886133179,274.9091202510613,8.503107989462592,6.705449931229509
532.9696475947455,274.5959215242768,8.503107989462592,6.705449931229509
535.3788686612223,275.284270400413,8.503107989462592,6.705449931229509
535.9607358347452,275.284270400413,8.503107989462592,6.705449931229509
536.2633067571803,275.284270400413,8.503107989462592,6.705449931229509
534.6087072684295,275.83580356332993,8.503107989462592,6.705449931229509
534.5255833864977,275.5033080356026,8.503107989462592,6.705449931229509
534.1099639768386,276.0851752091254,8.503107989462592,6.705449931229509
528.115761569407,275.95197071118247,8.503107989462592,6.705449931229509
527.5829435776353,276.6179932008971,8.503107989462592,6.705449931229509
527.5829435776353,276.6179932008971,8.503107989462592,6.705449931229509
495.35082450578375,278.3256551384786,8.503107989462592,6.705449931229509
495.35082450578375,278.3256551384786,8.503107989462592,6.705449931229509
495.35082450578375,278.3256551384786,8.503107989462592,6.705449931229509
495.35082450578375,278.3256551384786,8.503107989462592,6.705449931229509
469.00268151558276,280.082198004492,8.503107989462592,6.705449931229509
469.4439080459163,280.082198004492,8.503107989462592,6.705449931229509
469.33360141333293,279.9718913719086,8.503107989462592,6.705449931229509
409.1385181135836,281.67955330949013,8.503107989462592,6.705449931229509
409.1385181135836,281.67955330949013,8.503107989462592,6.705449931229509
408.33424025617336,282.16212002393627,8.503107989462592,6.705449931229509
387.16136802785286,283.13335269496014,8.503107989462592,6.705449931229509
386.1962345989606,282.9724971234781,8.503107989462592,6.705449931229509
386.3294390969035,282.9724971234781,8.503107989462592,6.705449931229509
370.9839628947263,284.13797632870677,8.503107989462592,6.705449931229509
370.9839628947263,284.13797632870677,8.503107989462592,6.705449931229509
370.9839628947263,284.13797632870677,8.503107989462592,6.705449931229509
370.9839628947263,284.13797632870677,8.503107989462592,6.705449931229509
370.9839628947263,284.13797632870677,8.503107989462592,6.705449931229509
370.9839628947263,284.13797632870677,8.503107989462592,6.705449931229509
378.2569281917724,285.71378547640006,8.503107989462592,6.705449931229509
378.2569281917724,285.71378547640006,8.503107989462592,6.705449931229509
378.2569281917724,285.71378547640006,8.503107989462592,6.705449931229509
382.9190856197747,286.24660346817177,8.503107989462592,6.705449931229509
383.2407967627388,286.0857478966897,8.503107989462592,6.705449931229509
382.80166104623544,286.0857478966897,8.503107989462592,6.705449931229509
390.04149366605196,286.21102738740353,8.503107989462592,6.705449931229509
390.68491595198014,286.21102738740353,8.503107989462592,6.705449931229509
390.5081515917761,286.21102738740353,8.503107989462592,6.705449931229509
390.5081515917761,286.21102738740353,8.503107989462592,6.705449931229509
393.2658174063608,286.10072075482014,8.503107989462592,6.705449931229509
393.2658174063608,286.10072075482014,8.503107989462592,6.705449931229509
393.2658174063608,286.10072075482014,8.503107989462592,6.705449931229509
399.99802043054206,286.3276489466465,8.503107989462592,6.705449931229509
399.99802043054206,286.3276489466465,8.503107989462592,6.705449931229509
399.99802043054206,286.3276489466465,8.503107989462592,6.705449931229509
403.59454187500097,286.3276489466465,8.503107989462592,6.705449931229509
403.59454187500097,286.3276489466465,8.503107989462592,6.705449931229509
403.2291621852156,286.3276489466465,8.503107989462592,6.705449931229509
410.5480907936048,285.7421346579754,8.503107989462592,6.705449931229509
410.5480907936048,286.80777064151874,8.503107989462592,6.705449931229509
410.5480907936048,286.80777064151874,8.503107989462592,6.705449931229509
413.611794246292,287.0741796374046,8.503107989462592,6.705449931229509
414.05302077662554,287.0741796374046,8.503107989462592,6.705449931229509
414.05302077662554,287.0741796374046,8.503107989462592,6.705449931229509
422.891238786828,287.4277083578127,8.503107989462592,6.705449931229509
422.891238786828,287.4277083578127,8.503107989462592,6.705449931229509
422.891238786828,287.4277083578127,8.503107989462592,6.705449931229509
426.7519709272466,288.5307746836466,8.503107989462592,6.705449931229509
426.7519709272466,288.5307746836466,8.503107989462592,6.705449931229509
426.7519709272466,288.5307746836466,8.503107989462592,6.705449931229509
437.14192176679455,289.8628196630758,8.503107989462592,6.705449931229509
437.14192176679455,289.8628196630758,8.503107989462592,6.705449931229509
437.36253503196133,289.8628196630758,8.503107989462592,6.705449931229509
437.36253503196133,289.8628196630758,8.503107989462592,6.705449931229509
441.09226097436317,289.59641066718996,8.503107989462592,6.705449931229509
441.6250789661349,289.99602416101874,8.503107989462592,6.705449931229509
441.54195508420304,290.24539580681426,8.503107989462592,6.705449931229509
448.82219283470664,291.34846213264814,8.503107989462592,6.705449931229509
448.82219283470664,291.34846213264814,8.503107989462592,6.705449931229509
448.82219283470664,291.34846213264814,8.503107989462592,6.705449931229509
452.24169844479167,291.6793820303983,8.503107989462592,6.705449931229509
452.24169844479167,291.6793820303983,8.503107989462592,6.705449931229509
452.24169844479167,291.6793820303983,8.503107989462592,6.705449931229509
457.54462925091315,292.3864394712145,8.503107989462592,6.705449931229509
458.31793354924775,292.3864394712145,8.503107989462592,6.705449931229509
457.54462925091315,292.3864394712145,8.503107989462592,6.705449931229509
461.95689455424866,292.9379726341314,8.503107989462592,6.705449931229509
462.46991407771964,292.9379726341314,8.503107989462592,6.705449931229509
462.46991407771964,292.9379726341314,8.503107989462592,6.705449931229509
471.17683868232973,292.9379726341314,8.503107989462592,6.705449931229509
471.17683868232973,292.9379726341314,8.503107989462592,6.705449931229509
471.17683868232973,292.9379726341314,8.503107989462592,6.705449931229509
474.93453741913686,292.81675654584734,8.503107989462592,6.705449931229509
474.93453741913686,292.81675654584734,8.503107989462592,6.705449931229509
474.93453741913686,292.81675654584734,8.503107989462592,6.705449931229509
480.85433775390845,293.43627053436995,8.503107989462592,6.705449931229509
481.53512232938743,293.3606278037612,8.503107989462592,6.705449931229509
481.7178121742801,293.3606278037612,8.503107989462592,6.705449931229509
481.81819121557794,293.3606278037612,8.503107989462592,6.705449931229509
484.46555039757925,293.2503211711778,8.503107989462592,6.705449931229509
485.4703445444889,293.15897624873145,8.503107989462592,6.705449931229509
485.4703445444889,293.15897624873145,8.503107989462592,6.705449931229509
494.2530588745559,294.6227619704093,8.503107989462592,6.705449931229509
494.32870160516467,294.3958337785829,8.503107989462592,6.705449931229509
494.32870160516467,294.3958337785829,8.503107989462592,6.705449931229509
501.25485545471594,296.00189843934845,8.503107989462592,6.705449931229509
501.0540973721202,295.5000032328592,8.503107989462592,6.705449931229509
501.0540973721202,295.5000032328592,8.503107989462592,6.705449931229509
504.0323764518717,295.5000032328592,8.503107989462649,6.705449931229509
504.0323764518717,295.5000032328592,8.503107989462649,6.705449931229509
504.0323764518717,295.5000032328592,8.503107989462649,6.705449931229509
504.1787550240395,295.7927603771948,8.503107989462649,6.705449931229509
504.3450027879032,295.8758842591266,8.503107989462649,6.705449931229509
504.3450027879032,295.8758842591266,8.503107989462649,6.705449931229509
468.4532774942591,298.4252390599158,8.904624154654073,6.805828972527365
468.4532774942591,298.4252390599158,8.904624154654073,6.805828972527365
468.4532774942591,298.4252390599158,8.904624154654073,6.805828972527365
420.9756278454447,299.6536021444804,8.904624154654073,6.805828972527365
420.9756278454447,299.6536021444804,8.904624154654073,6.805828972527365
420.9756278454447,299.6536021444804,8.904624154654073,6.805828972527365
320.1220454577175,303.0776435218415,8.904624154654073,6.805828972527365
320.1220454577175,303.0776435218415,8.904624154654073,6.805828972527365
320.1220454577175,303.0776435218415,8.904624154654073,6.805828972527365
320.1220454577175,303.0776435218415,8.904624154654073,6.805828972527365
296.0820924699667,305.02205148408603,8.904624154654073,6.805828972527365
296.0820924699667,305.02205148408603,8.904624154654073,6.805828972527365
297.208081470341,305.02205148408603,8.904624154654073,6.805828972527365
297.3292975586251,306.84029280834756,8.904624154654073,6.805828972527365
297.4756761307929,306.84029280834756,8.904624154654073,6.805828972527365
297.4756761307929,306.84029280834756,8.904624154654073,6.805828972527365
300.26364616132724,306.71907672006347,8.904624154654073,6.805828972527365
300.26364616132724,306.71907672006347,8.904624154654073,6.805828972527365
300.7048726916608,306.93968998523025,8.904624154654073,6.805828972527365
307.43357727924746,307.2706098829804,8.904624154654073,6.805828972527365
307.43357727924746,307.2706098829804,8.904624154654073,6.805828972527365
307.43357727924746,307.2706098829804,8.904624154654073,6.805828972527365
312.0397886340433,307.99790641268504,8.904624154654073,6.805828972527365
312.0397886340433,307.99790641268504,8.904624154654073,6.805828972527365
312.0397886340433,307.99790641268504,8.904624154654073,6.805828972527365
320.86431924071434,309.3215860036857,8.904624154654073,6.805828972527365
320.9855353289984,309.8064503568221,8.904624154654073,6.805828972527365
320.9855353289984,309.8064503568221,8.904624154654073,6.805828972527365
325.9553949486466,309.56401818025387,8.904624154654073,6.805828972527365
325.9553949486466,309.56401818025387,8.904624154654073,6.805828972527365
325.9553949486466,309.56401818025387,8.904624154654073,6.805828972527365
333.3794980772167,311.1548974220903,8.904624154654073,6.805828972527365
334.210736896535,310.9886496582266,8.904624154654073,6.805828972527365
334.08952080825094,311.1098657465107,8.904624154654073,6.805828972527365
334.08952080825094,311.1098657465107,8.904624154654073,6.805828972527365
338.0417422567811,312.13451575168517,8.904624154654073,6.805828972527365
338.0417422567811,312.13451575168517,8.904624154654073,6.805828972527365
338.0417422567811,312.13451575168517,8.904624154654073,6.805828972527365
345.6019541164372,312.2953713231672,8.904624154654073,6.805828972527365
345.6019541164372,312.2953713231672,8.904624154654073,6.805828972527365
345.6019541164372,312.2953713231672,8.904624154654073,6.805828972527365
350.7252041423096,313.3200213283417,8.904624154654073,6.805828972527365
350.7252041423096,313.3200213283417,8.904624154654073,6.805828972527365
350.88605971379167,313.6417324713058,8.904624154654073,6.805828972527365
359.41827822410846,314.3443857603907,8.904624154654073,6.805828972527365
359.41827822410846,314.3443857603907,8.904624154654073,6.805828972527365
359.41827822410846,314.3443857603907,8.904624154654073,6.805828972527365
363.0147996685674,314.3443857603907,8.904624154654073,6.805828972527365
363.46865605222007,314.3443857603907,8.904624154654073,6.805828972527365
363.46865605222007,314.3443857603907,8.904624154654073,6.805828972527365
370.89670510826056,314.84628096687993,8.904624154654073,6.805828972527365
371.1391372848288,315.4523614083004,8.904624154654073,6.805828972527365
371.57827300133215,315.4523614083004,8.904624154654073,6.805828972527365
374.56923716600323,316.00287017798945,8.904624154654073,6.805828972527365
374.56923716600323,316.00287017798945,8.904624154654073,6.805828972527365
374.56923716600323,316.00287017798945,8.904624154654073,6.805828972527365
382.4283025446357,316.53568816976116,8.904624154654073,6.805828972527365
383.2768151626244,316.53568816976116,8.904624154654073,6.805828972527365
383.2768151626244,316.6965437412432,8.904624154654073,6.805828972527365
383.2768151626244,316.6965437412432,8.904624154654073,6.805828972527365
387.1373488781935,316.53568816976116,8.904624154654073,6.805828972527365
387.0270422456101,316.9769147000947,8.904624154654073,6.805828972527365
387.0270422456101,316.9769147000947,8.904624154654073,6.805828972527365
394.6558493842463,317.77994703047744,8.904624154654073,6.805828972527365
394.6558493842463,317.77994703047744,8.904624154654073,6.805828972527365
394.6558493842463,317.77994703047744,8.904624154654073,6.805828972527365
398.26949487096874,318.4826003195624,8.904624154654073,6.805828972527365
398.26949487096874,318.4826003195624,8.904624154654073,6.805828972527365
398.26949487096874,318.4826003195624,8.904624154654073,6.805828972527365
406.26176474754413,320.08105429487745,8.904624154654073,6.805828972527365
406.26176474754413,320.08105429487745,8.904624154654073,6.805828972527365
406.26176474754413,320.08105429487745,8.904624154654073,6.805828972527365
409.0790914758889,320.7353203786614,8.904624154654073,6.805828972527365
409.41158700361626,320.7353203786614,8.904624154654073,6.805828972527365
409.41158700361626,320.7353203786614,8.904624154654073,6.805828972527365
417.1696513285088,321.3208346673325,8.904624154654073,6.805828972527365
417.1696513285088,321.3208346673325,8.904624154654073,6.805828972527365
417.1696513285088,321.3208346673325,8.904624154654073,6.805828972527365
420.80613397703183,321.8056990204689,8.904624154654073,6.805828972527365
421.2076501422232,322.2072151856603,8.904624154654073,6.805828972527365
421.2076501422232,322.2072151856603,8.904624154654073,6.805828972527365
428.11696717441697,322.0859990973762,8.904624154654073,6.805828972527365
428.11696717441697,322.0859990973762,8.904624154654073,6.805828972527365
428.5736917866486,322.45137878716156,8.904624154654073,6.805828972527365
428.72007035881643,322.3050002149938,8.904624154654073,6.805828972527365
430.8280302260712,322.3050002149938,8.904624154654073,6.805828972527365
430.99427798993486,322.63749574272117,8.904624154654073,6.805828972527365
432.2064388727759,322.63749574272117,8.904624154654073,6.805828972527365
437.76882461515163,323.5157671757279,8.904624154654073,6.805828972527365
437.76882461515163,323.5157671757279,8.904624154654073,6.805828972527365
438.06996173904514,323.61614621702574,8.904624154654073,6.805828972527365
440.37306741644306,324.10101057016215,8.904624154654073,6.805828972527365
440.85793176957947,324.10101057016215,8.904624154654073,6.805828972527365
440.85793176957947,324.10101057016215,8.904624154654073,6.805828972527365
446.9187361837845,325.3131714530032,8.904624154654073,6.805828972527365
446.9187361837845,325.3131714530032,8.904624154654073,6.805828972527365
446.9187361837845,325.3131714530032,8.904624154654073,6.805828972527365
450.11564413441465,325.57958044888903,8.904624154654073,6.805828972527365
450.11564413441465,325.57958044888903,8.904624154654073,6.805828972527365
450.11564413441465,325.57958044888903,8.904624154654073,6.805828972527365
456.6426645336179,326.5120119344895,8.904624154654073,6.805828972527365
456.8632777987847,326.7326251996563,8.904624154654073,6.805828972527365
456.8632777987847,326.7326251996563,8.904624154654073,6.805828972527365
460.0601857494148,327.66505668525673,8.904624154654073,6.805828972527365
460.0601857494148,327.66505668525673,8.904624154654073,6.805828972527365
460.0601857494148,327.66505668525673,8.904624154654073,6.805828972527365
466.45400165067514,327.5318521873138,8.904624154654073,6.805828972527365
466.45400165067514,327.5318521873138,8.904624154654073,6.805828972527365
466.45400165067514,327.5318521873138,8.904624154654073,6.805828972527365
467.0600820920956,327.77428436388203,8.904624154654073,6.805828972527365
470.47958770218065,327.77428436388203,8.904624154654073,6.805828972527365
470.2526595103543,328.2281407475347,8.904624154654073,6.805828972527365
470.1423528777709,328.11783411495134,8.904624154654073,6.805828972527365
476.532363436306,329.15254731321227,8.904624154654073,6.805828972527365
477.9464783179384,329.5060760336204,8.904624154654073,6.805828972527365
477.9464783179384,329.5060760336204,8.904624154654073,6.805828972527365
479.70302118395176,329.6524546057882,8.904624154654073,6.805828972527365
479.70302118395176,329.6524546057882,8.904624154654073,6.805828972527365
479.70302118395176,329.6524546057882,8.904624154654073,6.805828972527365
485.83042808932623,330.71809058933155,8.904624154654073,6.805828972527365
486.36324608109794,330.71809058933155,8.904624154654073,6.805828972527365
486.36324608109794,330.71809058933155,8.904624154654073,6.805828972527365
489.54500456477086,330.71809058933155,8.904624154654073,6.805828972527365
489.54500456477086,330.71809058933155,8.904624154654073,6.805828972527365
489.54500456477086,330.71809058933155,8.904624154654073,6.805828972527365
496.205229461917,331.3841130790462,8.904624154654073,6.805828972527365
495.5991490204965,331.14168090247796,8.904624154654073,6.805828972527365
496.3062064613127,331.14168090247796,8.904624154654073,6.805828972527365
498.953565643314,331.25198753506135,8.904624154654073,6.805828972527365
499.2752767862781,331.4128431065434,8.904624154654073,6.805828972527365
499.2752767862781,331.4128431065434,8.904624154654073,6.805828972527365
505.0030701978238,332.47847909008675,8.904624154654073,6.805828972527365
505.0030701978238,332.47847909008675,8.904624154654073,6.805828972527365
505.0030701978238,332.47847909008675,8.904624154654073,6.805828972527365
505.0030701978238,332.47847909008675,8.904624154654073,6.805828972527365
508.1999781484539,332.87809258391553,8.904624154654073,6.805828972527365
508.1999781484539,332.87809258391553,8.904624154654073,6.805828972527365
508.1999781484539,332.87809258391553,8.904624154654073,6.805828972527365
514.3478781795008,334.0491211612578,8.904624154654016,6.805828972527365
514.3478781795008,334.0491211612578,8.904624154654016,6.805828972527365
514.3478781795008,334.0491211612578,8.904624154654016,6.805828972527365
517.7258451806238,333.2448433038476,8.904624154654016,6.805828972527365
517.7258451806238,333.2448433038476,8.904624154654016,6.805828972527365
517.7258451806238,333.2448433038476,8.904624154654016,6.805828972527365
523.8532520859982,334.5768882832768,8.904624154654016,6.805828972527365
523.8532520859982,334.5768882832768,8.904624154654016,6.805828972527365
523.8532520859982,334.5768882832768,8.904624154654016,6.805828972527365
526.796378647495,335.1611498132959,8.904624154654016,6.805828972527365
526.9427572196628,335.1611498132959,8.904624154654016,6.805828972527365
526.9427572196628,335.1611498132959,8.904624154654016,6.805828972527365
532.0620883258529,335.26152885459373,8.904624154654016,6.805828972527365
533.0867383310274,335.40790742676154,8.904624154654016,6.805828972527365
533.0867383310274,335.40790742676154,8.904624154654016,6.805828972527365
534.8561496173298,335.40790742676154,8.904624154654016,6.805828972527365
534.8561496173298,335.40790742676154,8.904624154654016,6.805828972527365
534.8561496173298,335.40790742676154,8.904624154654016,6.805828972527365
542.1137128520514,335.62136516895924,8.904624154654016,6.805828972527365
542.1137128520514,335.62136516895924,8.904624154654016,6.805828972527365
542.1137128520514,335.62136516895924,8.904624154654016,6.805828972527365
542.1137128520514,335.62136516895924,8.904624154654016,6.805828972527365
544.7485271510716,336.9387723184693,8.904624154654016,6.805828972527365
544.7485271510716,336.9387723184693,8.904624154654016,6.805828972527365
545.3508013988586,336.9387723184693,8.904624154654016,6.805828972527365
551.2117993083472,337.2051813143552,8.904624154654016,6.805828972527365
551.2117993083472,337.2051813143552,8.904624154654016,6.805828972527365
551.2117993083472,337.2051813143552,8.904624154654016,6.805828972527365
554.840580925708,337.6320967987506,8.904624154654016,6.805828972527365
554.840580925708,337.6320967987506,8.904624154654016,6.805828972527365
554.840580925708,337.6320967987506,8.904624154654016,6.805828972527365
562.7385173870226,338.91284325193675,8.904624154654016,6.805828972527365
562.7385173870226,338.91284325193675,8.904624154654016,6.805828972527365
562.7385173870226,338.91284325193675,8.904624154654016,6.805828972527365
565.6660888303783,339.79111468494347,8.904624154654016,6.805828972527365
565.6660888303783,339.79111468494347,8.904624154654016,6.805828972527365
565.6660888303783,339.79111468494347,8.904624154654016,6.805828972527365
572.2340191746622,339.79111468494347,8.904624154654016,6.805828972527365
572.2340191746622,339.79111468494347,8.904624154654016,6.805828972527365
572.2340191746622,339.79111468494347,8.904624154654016,6.805828972527365
575.4309271252923,341.38956866025853,8.904624154654016,6.805828972527365
575.4309271252923,341.38956866025853,8.904624154654016,6.805828972527365
575.4309271252923,341.38956866025853,8.904624154654016,6.805828972527365
582.6694278419843,342.3547020891508,8.904624154654016,6.805828972527365
582.6694278419843,342.3547020891508,8.904624154654016,6.805828972527365
582.6694278419843,342.3547020891508,8.904624154654016,6.805828972527365
582.6694278419843,342.3547020891508,8.904624154654016,6.805828972527365
594.1591112552476,343.061759529967,8.904624154654016,6.805828972527365
594.1591112552476,343.061759529967,8.904624154654016,6.805828972527365
594.1591112552476,343.061759529967,8.139739319465093,7.030194493021497
0,0,0,0
0,0,0,0
0,0,0,0
0,0,0,0
0,0,0,0
0,0,0,0
625.8884808791215,349.36114751669015,5.835657051913017,5.811266276413335
624.8539981205008,348.32666475806946,7.1517492087619985,5.939588325920965
624.8539981205008,348.32666475806946,7.1517492087619985,5.939588325920965
626.5616600580823,349.1804957268602,7.1517492087619985,5.939588325920965
626.5616600580823,349.1804957268602,7.1517492087619985,5.939588325920965
626.5616600580823,349.1804957268602,7.1517492087619985,5.939588325920965
627.6222462193066,349.53402444726834,7.1517492087619985,5.939588325920965
627.6222462193066,349.53402444726834,7.1517492087619985,5.939588325920965
627.6222462193066,349.53402444726834,7.1517492087619985,5.939588325920965
626.214832574103,349.29945550640105,7.1517492087619985,5.939588325920965
626.214832574103,349.29945550640105,7.1517492087619985,5.939588325920965
626.214832574103,349.29945550640105,7.1517492087619985,5.939588325920965
0,0,0,0
0,0,0,0
0,0,0,0
0,0,0,0
0,0,0,0
0,0,0,0
0,0,0,0
593.4385224701331,343.5997370132613,7.314901610001584,5.81867173522852
593.4385224701331,343.5997370132613,7.314901610001584,5.81867173522852
593.4385224701331,343.5997370132613,7.314901610001584,5.81867173522852
581.4848889070623,342.1055328178774,7.314901610001584,5.81867173522852
581.4848889070623,342.1055328178774,7.314901610001584,5.81867173522852
581.4848889070623,342.1055328178774,7.314901610001584,5.81867173522852
564.9739334996565,339.58032787321537,7.314901610001584,5.81867173522852
564.9739334996565,339.58032787321537,7.314901610001584,5.81867173522852
564.9739334996565,339.58032787321537,7.314901610001584,5.81867173522852
546.616567670655,337.87266593563385,7.314901610001584,5.81867173522852
546.616567670655,337.87266593563385,7.314901610001584,5.81867173522852
546.616567670655,337.87266593563385,7.314901610001584,5.81867173522852
527.9399783395943,336.6275599802298,7.314901610001584,5.81867173522852
527.9399783395943,336.6275599802298,7.314901610001584,5.81867173522852
527.9399783395943,336.6275599802298,7.314901610001584,5.81867173522852
507.0287540469285,335.1798598368914,7.314901610001584,5.81867173522852
507.0287540469285,335.1798598368914,7.314901610001584,5.81867173522852
507.0287540469285,335.1798598368914,7.314901610001584,5.81867173522852
480.75348102479995,332.7059521181214,10.7229807692068,6.649910554546864
480.75348102479995,332.7059521181214,10.7229807692068,6.649910554546864
480.75348102479995,332.7059521181214,10.7229807692068,6.649910554546864
480.75348102479995,332.7059521181214,10.7229807692068,6.649910554546864
455.2836094676057,330.6566521077724,10.7229807692068,6.649910554546864
455.2836094676057,330.6566521077724,10.7229807692068,6.649910554546864
455.2836094676057,330.6566521077724,10.7229807692068,6.649910554546864
427.83904338613377,328.3109626990996,10.7229807692068,6.649910554546864
427.83904338613377,328.3109626990996,10.7229807692068,6.649910554546864
427.83904338613377,328.3109626990996,10.7229807692068,6.649910554546864
398.2324771707583,324.85129946932193,9.552787679775179,6.581075666933259
398.2324771707583,324.85129946932193,9.552787679775179,6.581075666933259
398.2324771707583,324.85129946932193,9.552787679775179,6.581075666933259
367.347278232199,321.1606153194312,9.552787679775179,6.581075666933259
367.347278232199,321.1606153194312,9.552787679775179,6.581075666933259
367.347278232199,321.1606153194312,9.552787679775179,6.581075666933259
333.579657204921,319.0984705238722,9.552787679775179,6.581075666933259
333.579657204921,319.0984705238722,9.552787679775179,6.581075666933259
333.579657204921,319.0984705238722,9.552787679775179,6.581075666933259
298.043370727025,315.403555673464,9.552787679775179,6.581075666933259
298.043370727025,315.403555673464,9.552787679775179,6.581075666933259
298.043370727025,315.403555673464,9.552787679775179,6.581075666933259
261.8117472865499,311.27421623723336,9.552787679775179,6.581075666933259
261.8117472865499,311.27421623723336,9.552787679775179,6.581075666933259
261.8117472865499,311.27421623723336,9.552787679775179,6.581075666933259
225.06939243330092,307.71303094659976,9.552787679775179,6.581075666933259
225.06939243330092,307.71303094659976,9.552787679775179,6.581075666933259
225.06939243330092,307.71303094659976,9.552787679775179,6.581075666933259
225.06939243330092,307.71303094659976,9.552787679775179,6.581075666933259
188.94577553973963,302.5525142475196,9.552787679775179,6.581075666933259
188.94577553973963,302.5525142475196,9.552787679775179,6.581075666933259
188.94577553973963,302.5525142475196,9.552787679775179,6.581075666933259
150.67920830139894,298.6675835634241,9.552787679775179,6.581075666933259
150.67920830139894,298.6675835634241,9.552787679775179,6.581075666933259
150.67920830139894,298.6675835634241,9.552787679775179,6.581075666933259
113.96447664339581,294.18497097727254,9.552787679775179,6.581075666933259
113.96447664339581,294.18497097727254,9.552787679775179,6.581075666933259
113.96447664339581,294.18497097727254,9.552787679775179,6.581075666933259
79.32305139500338,289.33635367264674,9.552787679775179,6.581075666933259
79.32305139500338,289.33635367264674,9.552787679775179,6.581075666933259
79.32305139500338,289.33635367264674,9.552787679775179,6.581075666933259
45.9487369407488,285.8232679406199,9.552787679775179,6.581075666933259
44.983603511856536,286.144979083584,9.552787679775179,6.581075666933259
44.983603511856536,286.144979083584,9.552787679775179,6.581075666933259
11.043077929145163,281.96273422505084,9.552787679775179,6.581075666933259
11.043077929145163,281.96273422505084,9.552787679775179,6.581075666933259
11.043077929145163,281.96273422505084,9.552787679775179,6.581075666933259
0,0,0,0
0,0,0,0
0,0,0,0
0,0,0,0
0,0,0,0
0,0,0,0
0,0,0,0
0,0,0,0
0,0,0,0
0,0,0,0
0,0,0,0
0,0,0,0
0,0,0,0
0,0,0,0
0,0,0,0
0,0,0,0
0,0,0,0
0,0,0,0
0,0,0,0
0,0,0,0
0,0,0,0
0,0,0,0
0,0,0,0
0,0,0,0
0,0,0,0
0,0,0,0
0,0,0,0
0,0,0,0
0,0,0,0
0,0,0,0
0,0,0,0
0,0,0,0
1.5652843577852664,282.97600058795064,6.112511716317687,5.790800573353579
1.3427194961738778,282.0294488973349,6.8257748082534455,7.126911932146982
1.3537427995892557,282.470116150647,7.030533120477884,6.303236590773281
24.997206085784825,287.53897518398134,11.140969890922186,7.280237750503602
25.130606094422404,287.0314783254215,10.256746341605066,7.859065378632465
25.130606094422404,287.0314783254215,10.256746341605066,7.859065378632465
54.079319557566336,292.6344551247397,10.256746341605066,7.859065378632465
54.079319557566336,292.6344551247397,10.256746341605066,7.859065378632465
54.079319557566336,292.6344551247397,10.256746341605066,7.859065378632465
84.57328187031288,297.3258339420853,10.256746341605066,7.859065378632465
84.57328187031288,297.3258339420853,10.256746341605066,7.859065378632465
84.57328187031288,297.3258339420853,10.256746341605066,7.859065378632465
107.79560701617372,302.72091958203276,10.256746341605066,7.859065378632465
107.79560701617372,302.72091958203276,10.256746341605066,7.859065378632465
107.79560701617372,302.72091958203276,10.256746341605066,7.859065378632465
124.55053348009031,305.8141367753712,10.256746341605066,7.859065378632465
124.55053348009031,305.8141367753712,10.256746341605066,7.859065378632465
124.55053348009031,305.8141367753712,10.256746341605066,7.859065378632465
139.5629456955963,310.03637771098226,10.256746341605066,7.859065378632465
139.5629456955963,310.03637771098226,10.256746341605066,7.859065378632465
139.5629456955963,310.03637771098226,10.256746341605066,7.859065378632465
154.71417536356876,313.53281532666824,10.256746341605066,7.859065378632465
154.71417536356876,313.53281532666824,10.256746341605066,7.859065378632465
154.71417536356876,313.53281532666824,10.256746341605066,7.859065378632465
154.71417536356876,313.53281532666824,10.256746341605066,7.859065378632465
170.97649650234132,316.36104508993304,10.256746341605066,7.859065378632465
170.97649650234132,316.36104508993304,10.256746341605066,7.859065378632465
170.97649650234132,316.36104508993304,10.256746341605066,7.859065378632465
190.40115104233135,319.56291122289844,10.256746341605066,7.859065378632465
190.40115104233135,319.56291122289844,10.256746341605066,7.859065378632465
190.40115104233135,319.56291122289844,10.256746341605066,7.859065378632465
209.16666631171384,322.1431695724385,10.256746341605066,7.859065378632465
209.16666631171384,322.1431695724385,10.256746341605066,7.859065378632465
209.16666631171384,322.1431695724385,10.256746341605066,7.859065378632465
231.7925044178322,325.1481636959074,10.256746341605066,7.859065378632465
231.7925044178322,325.1481636959074,10.256746341605066,7.859065378632465
231.7925044178322,325.1481636959074,10.256746341605066,7.859065378632465
255.1020885224052,329.2273409142077,10.256746341605094,7.859065378632465
255.1020885224052,329.2273409142077,10.256746341605094,7.859065378632465
255.1020885224052,329.2273409142077,10.256746341605094,7.859065378632465
278.7935515500006,332.98044396808416,10.256746341605094,7.859065378632465
278.7935515500006,332.98044396808416,10.256746341605094,7.859065378632465
278.7935515500006,332.98044396808416,10.256746341605094,7.859065378632465
299.20104940545406,335.79527125849154,10.256746341605094,7.859065378632465
299.20104940545406,335.79527125849154,10.256746341605094,7.859065378632465
299.20104940545406,335.79527125849154,10.256746341605094,7.859065378632465
316.2512251421482,338.05974772352124,10.256746341605094,7.859065378632465
316.2512251421482,338.05974772352124,10.256746341605094,7.859065378632465
316.2512251421482,338.05974772352124,10.256746341605094,7.859065378632465
316.2512251421482,338.05974772352124,10.256746341605094,7.859065378632465
325.32669661655075,340.4018048782058,10.256746341605094,7.859065378632465
325.64840775951484,341.04522716413396,10.256746341605094,7.859065378632465
325.64840775951484,341.04522716413396,10.256746341605094,7.859065378632465
331.4392083328684,342.1712161645083,10.256746341605094,7.859065378632465
331.4392083328684,342.1712161645083,10.256746341605094,7.859065378632465
331.4392083328684,342.1712161645083,10.256746341605094,7.859065378632465
331.4392083328684,342.1712161645083,10.256746341605094,7.859065378632465
331.4392083328684,342.1712161645083,10.256746341605094,7.859065378632465
331.4392083328684,342.1712161645083,10.256746341605094,7.859065378632465
323.4389465061177,341.44391963480365,10.256746341605094,7.859065378632465
323.4389465061177,341.44391963480365,10.256746341605094,7.859065378632465
323.4389465061177,341.44391963480365,10.256746341605094,7.859065378632465
311.43590358835945,339.833755340958,10.256746341605094,7.859065378632465
311.43590358835945,339.833755340958,10.256746341605094,7.859065378632465
311.43590358835945,339.833755340958,10.256746341605094,7.859065378632465
294.70692415422684,337.9034884831735,10.256746341605094,7.859065378632465
294.70692415422684,337.9034884831735,10.256746341605094,7.859065378632465
294.70692415422684,337.9034884831735,10.256746341605094,7.859065378632465
274.76856418050795,335.5577990745007,10.256746341605094,7.859065378632465
274.0412676508033,335.67901516278476,10.256746341605094,7.859065378632465
274.0412676508033,335.67901516278476,10.256746341605094,7.859065378632465
251.20621039262915,335.46467433910857,9.263986648354603,6.755999052798586
251.20621039262915,335.46467433910857,9.263986648354603,6.755999052798586
251.20621039262915,335.46467433910857,9.263986648354603,6.755999052798586
251.20621039262915,335.46467433910857,9.263986648354603,6.755999052798586
224.53867097012684,333.64643301484705,9.263986648354603,6.755999052798586
225.09020413304378,333.64643301484705,9.263986648354603,6.755999052798586
225.09020413304378,333.64643301484705,9.263986648354603,6.755999052798586
198.18289554857336,331.91477454158905,9.263986648354603,6.755999052798586
198.18289554857336,331.91477454158905,9.263986648354603,6.755999052798586
198.18289554857336,331.91477454158905,9.263986648354603,6.755999052798586
166.85788110466774,329.27996024256896,9.263986648354603,6.755999052798586
166.85788110466774,329.27996024256896,9.263986648354603,6.755999052798586
166.85788110466774,329.27996024256896,9.263986648354603,6.755999052798586
133.25323068724165,328.50297410574984,9.263986648354603,6.755999052798586
133.25323068724165,328.50297410574984,9.263986648354603,6.755999052798586
133.25323068724165,328.50297410574984,9.263986648354603,6.755999052798586
98.25388736683982,326.73533050370935,9.263986648354603,6.755999052798586
98.25388736683982,326.73533050370935,9.263986648354603,6.755999052798586
96.6780782191465,326.37168223885703,9.263986648354603,6.755999052798586
59.1095155923526,323.38327384808935,9.26398664835461,6.755999052798586
59.1095155923526,323.38327384808935,9.26398664835461,6.755999052798586
59.43122673531669,323.5441294195714,9.26398664835461,6.755999052798586
18.95218824858931,320.7158996563066,9.26398664835461,6.755999052798586
18.95218824858931,320.7158996563066,9.26398664835461,6.755999052798586
18.95218824858931,320.7158996563066,9.26398664835461,6.755999052798586
0,0,0,0
0,0,0,0
0,0,0,0
0,0,0,0
0,0,0,0
0,0,0,0
0,0,0,0
0,0,0,0
0,0,0,0
0,0,0,0
0,0,0,0
0,0,0,0
0,0,0,0
0,0,0,0
0,0,0,0
0,0,0,0
0,0,0,0
0,0,0,0
0,0,0,0
0,0,0,0
0,0,0,0
0,0,0,0
18.358040411034114,321.4410080141381,11.883762895483944,5.855142886711349
18.196534813435093,322.0175461687906,10.605861612242983,5.302930806121481
18.435821414634532,320.6003140026851,11.361583156088962,7.8317709134205415
168.07017705095197,327.2418630025605,11.765752982445463,6.909317032193769
169.04728383034734,327.2418630025605,11.91463520342441,6.646187493127002
167.71717833446536,327.2418630025605,13.24474069930639,6.909317032193769
167.81269573714349,327.2418630025605,13.149223296628264,7.6076706809257075
286.95914365965206,329.9940928275616,11.515528386989615,6.788100943909683
286.95914365965206,329.9940928275616,11.515528386989615,6.788100943909683
286.95914365965206,329.9940928275616,11.515528386989615,6.788100943909683
323.2166341597647,331.1271394056901,11.515528386989615,6.788100943909683
323.2166341597647,331.1271394056901,11.515528386989615,6.788100943909683
323.2166341597647,331.1271394056901,11.515528386989615,6.788100943909683
315.95907092504314,332.621343601074,11.515528386989615,6.788100943909683
315.95907092504314,332.621343601074,11.515528386989615,6.788100943909683
315.95907092504314,332.621343601074,11.515528386989615,6.788100943909683
269.43862895347945,335.0157781143162,11.515528386989615,6.788100943909683
269.43862895347945,335.0157781143162,11.515528386989615,6.788100943909683
269.43862895347945,335.0157781143162,11.515528386989615,6.788100943909683
219.68938576061942,337.59345910876493,11.515528386989615,6.788100943909683
219.68938576061942,337.59345910876493,11.515528386989615,6.788100943909683
219.68938576061942,337.59345910876493,11.515528386989615,6.788100943909683
170.77450927581347,339.98789362200716,11.515528386989615,6.788100943909683
170.77450927581347,339.98789362200716,11.515528386989615,6.788100943909683
170.77450927581347,339.98789362200716,11.515528386989615,6.788100943909683
124.60286121707634,340.83767855560353,11.515528386989615,6.788100943909683
124.60286121707634,340.83767855560353,11.515528386989615,6.788100943909683
124.60286121707634,340.83767855560353,11.515528386989615,6.788100943909683
78.70944664457244,342.97225597758046,11.515528386989615,6.788100943909683
78.70944664457244,342.97225597758046,11.515528386989615,6.788100943909683
78.70944664457244,342.97225597758046,11.515528386989615,6.788100943909683
78.70944664457244,342.97225597758046,11.515528386989615,6.788100943909683
54.74115700304467,343.5948089552825,11.515528386989608,6.788100943909683
54.74115700304467,343.5948089552825,11.515528386989608,6.788100943909683
54.74115700304467,343.5948089552825,11.515528386989608,6.788100943909683
137.7379791907828,350.8457026975522,11.515528386989615,6.788100943909683
137.7379791907828,350.8457026975522,11.515528386989615,6.788100943909683
137.7379791907828,350.8457026975522,11.515528386989615,6.788100943909683
185.59004312770816,354.5988057514287,11.515528386989615,6.788100943909683
185.59004312770816,354.5988057514287,11.515528386989615,6.788100943909683
185.59004312770816,354.5988057514287,11.515528386989615,6.788100943909683
197.6080763975007,357.19607627264645,9.750622265655409,6.0159545158259675
197.6080763975007,357.19607627264645,9.750622265655409,6.0159545158259675
197.6080763975007,357.19607627264645,9.750622265655409,6.0159545158259675
195.8404327954602,359.140484234891,7.806214303410854,6.0159545158259675
195.8404327954602,359.140484234891,7.806214303410854,6.0159545158259675
195.8404327954602,359.140484234891,7.806214303410854,6.0159545158259675
189.10701847574217,359.8723770957299,7.806214303410854,6.0159545158259675
189.10701847574217,359.8723770957299,7.806214303410854,6.0159545158259675
189.10701847574217,359.8723770957299,7.806214303410854,6.0159545158259675
177.34905791218432,359.75116100744583,7.806214303410854,6.0159545158259675
177.34905791218432,359.75116100744583,7.806214303410854,6.0159545158259675
177.34905791218432,359.75116100744583,7.806214303410854,6.0159545158259675
163.59712925437958,360.6545723791264,7.806214303410854,6.0159545158259675
163.59712925437958,360.6545723791264,7.806214303410854,6.0159545158259675
163.59712925437958,360.6545723791264,7.806214303410854,6.0159545158259675
163.59712925437958,360.6545723791264,7.806214303410854,6.0159545158259675
152.4980948221185,360.4937168076444,7.806214303410854,6.0159545158259675
152.4980948221185,360.4937168076444,7.806214303410854,6.0159545158259675
152.4980948221185,360.4937168076444,7.806214303410854,6.0159545158259675
155.4211323404012,360.58506173009073,7.806214303410854,6.0159545158259675
155.4211323404012,360.58506173009073,7.806214303410854,6.0159545158259675
155.4211323404012,360.58506173009073,7.806214303410854,6.0159545158259675
223.3199704534942,362.57495081956984,7.806214303410854,6.0159545158259675
223.3199704534942,362.57495081956984,7.806214303410854,6.0159545158259675
223.3199704534942,362.57495081956984,7.806214303410854,6.0159545158259675
273.34428439124025,364.34259442161033,7.806214303410854,6.0159545158259675
273.34428439124025,364.34259442161033,7.806214303410854,6.0159545158259675
273.34428439124025,364.34259442161033,7.806214303410854,6.0159545158259675
315.182001861988,365.4098831325988,7.806214303410854,6.0159545158259675
315.182001861988,365.4098831325988,7.806214303410854,6.0159545158259675
315.182001861988,365.4098831325988,7.806214303410854,6.0159545158259675
326.9221776828611,365.6233408747965,7.806214303410854,6.0159545158259675
326.9221776828611,365.6233408747965,7.806214303410854,6.0159545158259675
326.9221776828611,365.6233408747965,7.806214303410854,6.0159545158259675
339.4689122584606,367.0710410181349,7.806214303410854,6.0159545158259675
339.4689122584606,367.0710410181349,7.806214303410854,6.0159545158259675
339.4689122584606,367.0710410181349,7.806214303410854,6.0159545158259675
339.4689122584606,368.1316271793592,7.806214303410854,6.0159545158259675
339.4689122584606,368.1316271793592,7.806214303410854,6.0159545158259675
339.4689122584606,368.1316271793592,7.806214303410854,6.0159545158259675
339.4689122584606,368.1316271793592,7.806214303410854,6.0159545158259675
331.4180907892325,369.4490343288693,7.806214303410854,6.0159545158259675
331.4180907892325,369.4490343288693,7.806214303410854,6.0159545158259675
331.4180907892325,369.4490343288693,7.806214303410854,6.0159545158259675
322.6353764591655,370.327305761876,7.806214303410854,6.0159545158259675
322.6353764591655,370.327305761876,7.806214303410854,6.0159545158259675
322.6353764591655,370.327305761876,7.806214303410854,6.0159545158259675
311.71260762784584,372.058964235134,7.806214303410854,6.0159545158259675
311.71260762784584,372.058964235134,7.806214303410854,6.0159545158259675
311.71260762784584,372.058964235134,7.806214303410854,6.0159545158259675
302.0952810522873,374.1700847029395,7.806214303410854,6.0159545158259675
302.0952810522873,374.1700847029395,7.806214303410854,6.0159545158259675
302.0952810522873,374.1700847029395,7.806214303410854,6.0159545158259675
290.9962466200262,375.1352181318318,7.806214303410854,6.0159545158259675
290.9962466200262,375.1352181318318,7.806214303410854,6.0159545158259675
290.9962466200262,375.1352181318318,7.806214303410854,6.0159545158259675
290.9962466200262,375.1352181318318,7.806214303410854,6.0159545158259675
289.21053233431195,375.1352181318318,7.806214303410854,6.0159545158259675
289.22860301798573,374.60492505121965,7.806214303410854,6.0159545158259675
335.7490449895494,374.60492505121965,7.806214303410854,6.0159545158259675
335.7490449895494,374.60492505121965,7.806214303410854,6.0159545158259675
335.7490449895494,374.60492505121965,7.806214303410854,6.0159545158259675
422.69791685721265,375.33681791205856,7.806214303410854,6.0159545158259675
422.69791685721265,375.33681791205856,7.806214303410854,6.0159545158259675
422.69791685721265,375.33681791205856,7.806214303410854,6.0159545158259675
422.69791685721265,375.33681791205856,7.806214303410854,6.0159545158259675
463.7474815089868,376.74423155726225,7.806214303410854,6.0159545158259675
464.1359745773964,376.3557384888527,7.806214303410854,6.0159545158259675
464.1359745773964,376.3557384888527,7.806214303410854,6.0159545158259675
468.49384542131054,377.6008444442567,7.806214303410854,6.0159545158259675
468.49384542131054,377.6008444442567,7.806214303410854,6.0159545158259675
468.49384542131054,377.6008444442567,7.806214303410854,6.0159545158259675
463.51342159969437,379.46850337736277,7.806214303410854,6.0159545158259675
463.51342159969437,379.46850337736277,7.806214303410854,6.0159545158259675
463.51342159969437,379.46850337736277,7.806214303410854,6.0159545158259675
456.4428471915324,380.5290895385871,7.806214303410854,6.0159545158259675
456.4428471915324,380.5290895385871,7.806214303410854,6.0159545158259675
456.4428471915324,380.5290895385871,7.806214303410854,6.0159545158259675
449.74087660596575,382.0756981352563,7.806214303410854,6.0159545158259675
449.74087660596575,382.0756981352563,7.806214303410854,6.0159545158259675
449.74087660596575,382.0756981352563,7.806214303410854,6.0159545158259675
442.129718957712,383.6199909914237,7.806214303410854,6.0159545158259675
442.129718957712,383.6199909914237,7.806214303410854,6.0159545158259675
442.129718957712,383.6199909914237,7.806214303410854,6.0159545158259675
436.13551655028044,384.95203597085293,7.806214303410854,6.0159545158259675
436.13551655028044,384.95203597085293,7.806214303410854,6.0159545158259675
436.13551655028044,384.95203597085293,7.806214303410854,6.0159545158259675
431.1586450965758,385.9766859760274,7.806214303410854,6.0159545158259675
431.1586450965758,385.9766859760274,7.806214303410854,6.0159545158259675
431.1586450965758,385.9766859760274,7.806214303410854,6.0159545158259675
431.1586450965758,385.9766859760274,7.806214303410854,6.0159545158259675
425.67894993025027,386.86050777704764,6.922392502390608,6.192718876030028
425.67894993025027,386.86050777704764,6.922392502390608,6.192718876030028
425.67894993025027,386.86050777704764,6.922392502390608,6.192718876030028
419.8147264085682,387.79878354051675,6.922392502390608,6.192718876030028
419.8147264085682,387.79878354051675,6.922392502390608,6.192718876030028
419.8147264085682,387.79878354051675,6.922392502390608,6.192718876030028
414.4782828536259,389.2929877359006,6.922392502390608,6.192718876030028
414.4782828536259,389.2929877359006,6.922392502390608,6.192718876030028
414.4782828536259,389.2929877359006,6.922392502390608,6.192718876030028
409.0393798958922,389.4872342701054,6.922392502390608,6.192718876030028
409.0393798958922,389.4872342701054,6.922392502390608,6.192718876030028
409.0393798958922,389.4872342701054,6.922392502390608,6.192718876030028
402.4714495516083,390.89464791530906,6.922392502390608,6.192718876030028
402.4714495516083,390.89464791530906,6.922392502390608,6.192718876030028
402.4714495516083,390.89464791530906,6.922392502390608,6.192718876030028
397.49102572999215,392.1397538707131,6.922392502390608,6.192718876030028
398.07376533260646,392.52824693912265,6.922392502390608,6.192718876030028
398.07376533260646,392.52824693912265,6.922392502390608,6.192718876030028
392.3104062932688,394.0224511345065,6.922392502390608,6.192718876030028
392.3104062932688,394.0224511345065,6.922392502390608,6.192718876030028
392.3104062932688,394.0224511345065,6.922392502390608,6.192718876030028
409.1735679268865,393.16862016571577,6.922392502390608,6.192718876030028
409.1735679268865,393.16862016571577,6.922392502390608,6.192718876030028
409.1735679268865,393.16862016571577,6.922392502390608,6.192718876030028
409.1735679268865,393.16862016571577,6.922392502390608,6.192718876030028
447.58101474417225,393.42638826516065,6.922392502390608,6.192718876030028
447.58101474417225,393.42638826516065,6.922392502390608,6.192718876030028
447.58101474417225,393.42638826516065,6.922392502390608,6.192718876030028
443.3320900761903,395.12595813235345,6.922392502390608,6.192718876030028
443.3320900761903,395.12595813235345,6.922392502390608,6.192718876030028
443.3320900761903,395.12595813235345,6.922392502390608,6.192718876030028
438.63601974784103,396.4067045855396,6.922392502390608,6.192718876030028
438.63601974784103,396.4067045855396,6.922392502390608,6.192718876030028
438.42256200564333,396.4067045855396,6.922392502390608,6.192718876030028
432.44574522410795,398.11436652312113,6.922392502390608,6.192718876030028
432.44574522410795,398.11436652312113,6.922392502390608,6.192718876030028
432.44574522410795,398.11436652312113,6.922392502390608,6.192718876030028
426.1123838206914,399.05264228659024,6.922392502390608,6.192718876030028
426.1123838206914,399.05264228659024,6.922392502390608,6.192718876030028
426.1123838206914,399.05264228659024,6.922392502390608,6.192718876030028
421.21478993123884,400.34148278381457,6.922392502390608,6.192718876030028
421.21478993123884,400.34148278381457,6.922392502390608,6.192718876030028
421.21478993123884,400.34148278381457,6.922392502390608,6.192718876030028
415.38739390509556,401.701208523248,6.922392502390608,6.192718876030028
415.38739390509556,401.701208523248,6.922392502390608,6.192718876030028
415.38739390509556,401.701208523248,6.922392502390608,6.192718876030028
407.71992010094,404.4755967632051,6.922392502390608,6.192718876030028
407.4560678581959,403.6840400349729,6.922392502390608,6.192718876030028
407.4560678581959,403.6840400349729,6.922392502390608,6.192718876030028
407.4560678581959,403.6840400349729,6.922392502390608,6.192718876030028
402.29555115911575,405.3260226210439,6.922392502390608,6.192718876030028
402.29555115911575,405.3260226210439,6.922392502390608,6.192718876030028
402.29555115911575,405.3260226210439,6.922392502390608,6.192718876030028
391.72705908187606,407.38816741660287,6.922392502390608,6.192718876030028
391.72705908187606,407.38816741660287,6.922392502390608,6.192718876030028
391.72705908187606,407.38816741660287,6.922392502390608,6.192718876030028
383.2825772106539,409.4992878844084,6.922392502390608,6.192718876030028
383.2825772106539,409.4992878844084,6.922392502390608,6.192718876030028
383.2825772106539,409.4992878844084,6.922392502390608,6.192718876030028
370.850423344688,411.37583941134665,6.922392502390608,6.192718876030028
370.850423344688,411.37583941134665,6.922392502390608,6.192718876030028
370.850423344688,411.37583941134665,6.922392502390608,6.192718876030028
359.1839755712207,414.20406917461145,7.275921222798729,4.778603994397656
359.1839755712207,414.20406917461145,7.275921222798729,4.778603994397656
359.1839755712207,414.20406917461145,7.275921222798729,4.778603994397656
347.1605526196314,417.07204162177953,7.275921222798729,4.778603994397656
347.1605526196314,417.07204162177953,7.275921222798729,4.778603994397656
347.1605526196314,417.07204162177953,7.275921222798729,4.778603994397656
333.0864161675945,419.18316208958504,7.275921222798729,4.778603994397656
333.0864161675945,419.18316208958504,7.275921222798729,4.778603994397656
333.83820118715033,419.18316208958504,7.275921222798729,4.778603994397656
