320.0488125829316,421.83632737537874,10.539636800417725,5.9169890809362755
320.0488125829316,421.83632737537874,10.539636800417725,5.9169890809362755
320.0488125829316,421.83632737537874,10.539636800417725,5.9169890809362755
320.0488125829316,421.83632737537874,10.539636800417725,5.9169890809362755
307.9149878207073,424.8023734283669,10.539636800417725,5.9169890809362755
307.9149878207073,424.8023734283669,10.539636800417725,5.9169890809362755
307.9149878207073,424.8023734283669,10.539636800417725,5.9169890809362755
298.72942976990646,425.9876067252444,10.539636800417725,5.9169890809362755
298.72942976990646,425.9876067252444,10.539636800417725,5.9169890809362755
298.72942976990646,425.9876067252444,10.539636800417725,5.9169890809362755
290.3867518193589,427.2144711297367,10.539636800417725,5.9169890809362755
290.3867518193589,427.2144711297367,10.539636800417725,5.9169890809362755
290.3867518193589,427.2144711297367,10.539636800417725,5.9169890809362755
283.3603272857471,428.5088124911915,10.539636800417725,5.9169890809362755
286.632059194879,429.8968199677929,7.267904891285809,4.528981604334831
283.3603272857471,428.5088124911915,10.539636800417725,5.9169890809362755
283.3603272857471,428.5088124911915,10.539636800417725,5.9169890809362755
279.8046273951145,430.5829707607272,10.539636800417725,5.9169890809362755
279.8046273951145,430.5829707607272,10.539636800417725,5.9169890809362755
276.43034476045887,431.12225186127057,9.800013165300697,5.9169890809362755
276.43034476045887,431.12225186127057,9.800013165300697,5.9169890809362755
276.43034476045887,431.12225186127057,9.800013165300697,5.9169890809362755
276.43034476045887,431.67961070491816,9.800013165300697,5.9169890809362755
276.43034476045887,431.67961070491816,9.800013165300697,5.9169890809362755
276.43034476045887,431.67961070491816,9.800013165300697,5.9169890809362755
276.43034476045887,431.67961070491816,9.800013165300697,5.9169890809362755
276.43034476045887,431.67961070491816,9.800013165300697,5.9169890809362755
276.43034476045887,431.67961070491816,9.800013165300697,5.9169890809362755
276.43034476045887,431.67961070491816,9.800013165300697,5.9169890809362755
278.57403280117546,431.8327312792551,9.800013165300697,5.9169890809362755
278.57403280117546,431.8327312792551,9.800013165300697,5.9169890809362755
278.57403280117546,431.8327312792551,9.800013165300697,5.9169890809362755
284.30611597333245,429.79876628268323,9.800013165300697,5.9169890809362755
284.30611597333245,429.79876628268323,9.800013165300697,5.9169890809362755
284.30611597333245,429.79876628268323,9.800013165300697,5.9169890809362755
289.8532932367102,428.5044249212284,9.800013165300697,5.9169890809362755
289.8532932367102,428.5044249212284,9.800013165300697,5.9169890809362755
289.8532932367102,428.5044249212284,9.800013165300697,5.9169890809362755
298.78486710953445,427.83455688076657,9.800013165300697,5.9169890809362755
298.78486710953445,427.83455688076657,9.800013165300697,5.9169890809362755
298.78486710953445,427.83455688076657,9.800013165300697,5.9169890809362755
308.1252221440853,426.76271286040827,9.800013165300697,5.9169890809362755
308.1252221440853,426.76271286040827,9.800013165300697,5.9169890809362755
308.1252221440853,426.76271286040827,9.800013165300697,5.9169890809362755
321.5359802542413,425.5435530322123,9.800013165300697,5.9169890809362755
321.5359802542413,425.5435530322123,9.800013165300697,5.9169890809362755
321.5359802542413,425.5435530322123,9.800013165300697,5.9169890809362755
337.4605199852789,424.471709011854,9.800013165300697,5.9169890809362755
337.4605199852789,424.471709011854,9.800013165300697,5.9169890809362755
337.4605199852789,424.471709011854,9.800013165300697,5.9169890809362755
356.6907344983218,423.17736765039916,7.0264245336118165,5.9169890809362755
356.6907344983218,423.17736765039916,7.0264245336118165,5.9169890809362755
356.6907344983218,423.17736765039916,7.0264245336118165,5.9169890809362755
356.6907344983218,423.17736765039916,7.0264245336118165,5.9169890809362755
375.61423865589643,422.48504432756107,7.0264245336118165,5.9169890809362755
375.61423865589643,422.48504432756107,7.0264245336118165,5.9169890809362755
375.61423865589643,422.48504432756107,7.0264245336118165,5.9169890809362755
395.97422680335455,420.8024006790108,7.0264245336118165,5.9169890809362755
395.97422680335455,420.8024006790108,7.0264245336118165,5.9169890809362755
397.0530623560304,421.9943186206954,3.5217732097486873,2.603049763727313
417.2078064129696,420.14525953290286,5.185926388762027,3.897391125182139
415.9537490147625,420.14525953290286,7.4153617633524505,3.897391125182139
415.48503588197315,418.8204978855426,8.628497608692783,5.662451555704649
438.14841810095015,418.86197426265045,7.51815227387533,5.079832617483305
438.14841810095015,418.86197426265045,7.51815227387533,5.079832617483305
438.14841810095015,418.86197426265045,7.51815227387533,5.079832617483305
458.36033391342096,417.33076851928143,7.51815227387533,5.079832617483305
458.36033391342096,417.33076851928143,7.51815227387533,5.079832617483305
458.36033391342096,417.33076851928143,7.51815227387533,5.079832617483305
481.1358472891227,415.76774309153717,7.51815227387533,5.079832617483305
481.1358472891227,415.76774309153717,7.51815227387533,5.079832617483305
481.1358472891227,415.76774309153717,7.51815227387533,5.079832617483305
503.018203277542,414.42800701061356,7.51815227387533,5.079832617483305
503.018203277542,414.42800701061356,7.51815227387533,5.079832617483305
503.018203277542,414.42800701061356,7.51815227387533,5.079832617483305
524.8563896775047,413.6918883679182,7.51815227387533,5.079832617483305
524.8563896775047,413.6918883679182,7.51815227387533,5.079832617483305
523.6180904522613,413.06532663316585,10.459099670718956,5.894969249868836
522.8168215711565,412.7302228381943,9.941799118498693,6.901961069851666
527.7438355251526,413.4690182950426,8.727872737203256,4.593617230106986
527.1537232785438,413.087387893249,9.143698711469938,4.673446008084682
526.3413294671673,412.29409941081815,9.550085320868675,6.7053790550779695
441.31458602017096,414.4214229460895,7.740160783331191,5.3844596753608585
441.31458602017096,414.4214229460895,7.740160783331191,5.3844596753608585
441.31458602017096,414.4214229460895,7.740160783331191,5.3844596753608585
365.4573636254014,415.8526912931606,7.740160783331191,5.3844596753608585
365.4573636254014,415.8526912931606,7.740160783331191,5.3844596753608585
365.4573636254014,415.8526912931606,7.740160783331191,5.3844596753608585
327.52989812532036,414.0748413478443,7.740160783331191,5.3844596753608585
327.52989812532036,414.0748413478443,7.740160783331191,5.3844596753608585
327.52989812532036,414.0748413478443,7.740160783331191,5.3844596753608585
341.02802946620625,413.5201236215065,7.740160783331191,5.3844596753608585
341.02802946620625,413.5201236215065,7.740160783331191,5.3844596753608585
341.02802946620625,413.5201236215065,7.740160783331191,5.3844596753608585
362.9729063737342,411.69138387921254,7.740160783331191,5.3844596753608585
362.9729063737342,411.69138387921254,7.740160783331191,5.3844596753608585
362.9729063737342,411.69138387921254,7.740160783331191,5.3844596753608585
387.5347345240008,410.3516477982889,7.740160783331191,5.3844596753608585
387.5347345240008,410.3516477982889,7.740160783331191,5.3844596753608585
387.5347345240008,410.3516477982889,7.740160783331191,5.3844596753608585
411.5084793374421,408.9203794512178,7.740160783331191,5.3844596753608585
411.5084793374421,408.9203794512178,7.740160783331191,5.3844596753608585
411.5084793374421,408.9203794512178,7.740160783331191,5.3844596753608585
411.5084793374421,408.9203794512178,7.740160783331191,5.3844596753608585
422.0745311818074,408.3107995371198,7.740160783331191,5.3844596753608585
422.0745311818074,408.3107995371198,7.740160783331191,5.3844596753608585
422.0745311818074,408.3107995371198,7.740160783331191,5.3844596753608585
382.4373702918749,409.1197211879348,7.740160783331191,5.3844596753608585
382.4373702918749,409.1197211879348,7.740160783331191,5.3844596753608585
382.4373702918749,409.1197211879348,7.740160783331191,5.3844596753608585
342.55871582123376,407.60534190423954,7.740160783331191,5.3844596753608585
342.55871582123376,407.60534190423954,7.740160783331191,5.3844596753608585
342.55871582123376,407.60534190423954,7.740160783331191,5.3844596753608585
312.19136465363147,407.60534190423954,7.740160783331191,5.3844596753608585
312.19136465363147,407.60534190423954,7.740160783331191,5.3844596753608585
312.19136465363147,407.60534190423954,7.740160783331191,5.3844596753608585
312.19136465363147,407.60534190423954,7.740160783331191,5.3844596753608585
309.89455603857795,407.91158305291333,7.740160783331191,5.3844596753608585
309.89455603857795,407.91158305291333,7.740160783331191,5.3844596753608585
335.81174226819167,407.6329036310895,7.740160783331191,5.3844596753608585
335.81174226819167,407.6329036310895,7.740160783331191,5.3844596753608585
334.7732572839345,407.7482908515625,7.740160783331191,5.3844596753608585
364.4394797700371,406.32593771866715,7.740160783331191,5.3844596753608585
364.4394797700371,406.32593771866715,7.740160783331191,5.3844596753608585
364.4394797700371,406.32593771866715,7.740160783331191,5.3844596753608585
396.74721521723103,404.4971979763732,7.740160783331191,5.3844596753608585
396.74721521723103,404.4971979763732,7.740160783331191,5.3844596753608585
396.74721521723103,404.4971979763732,7.740160783331191,5.3844596753608585
396.74721521723103,404.4971979763732,7.740160783331191,5.3844596753608585
423.98091079466764,404.4971979763732,7.740160783331191,5.3844596753608585
423.98091079466764,404.4971979763732,7.740160783331191,5.3844596753608585
423.98091079466764,404.4971979763732,7.740160783331191,5.3844596753608585
448.78644383724543,403.1191128073411,7.740160783331191,5.3844596753608585
448.78644383724543,403.1191128073411,7.740160783331191,5.3844596753608585
448.78644383724543,403.1191128073411,7.740160783331191,5.3844596753608585
466.90722289761277,404.2285482600166,7.740160783331191,5.3844596753608585
466.90722289761277,404.2285482600166,7.740160783331191,5.3844596753608585
466.90722289761277,404.2285482600166,7.740160783331191,5.3844596753608585
420.7771212887028,404.2285482600166,7.740160783331191,5.3844596753608585
420.7771212887028,404.2285482600166,7.740160783331191,5.3844596753608585
420.7771212887028,404.2285482600166,7.740160783331191,5.3844596753608585
353.82628551910295,408.02717723985205,7.740160783331191,5.3844596753608585
353.82628551910295,408.02717723985205,7.740160783331191,5.3844596753608585
353.82628551910295,408.02717723985205,7.740160783331191,5.3844596753608585
303.04374381534785,407.45517408063233,5.392811005432975,4.314248804346391
303.04374381534785,407.45517408063233,5.392811005432975,4.314248804346391
303.04374381534785,407.45517408063233,5.392811005432975,4.314248804346391
290.928709545786,407.45517408063233,5.392811005432975,4.314248804346391
290.928709545786,407.45517408063233,5.392811005432975,4.314248804346391
290.928709545786,407.45517408063233,5.392811005432975,4.314248804346391
312.94438386986644,407.45517408063233,5.392811005432975,4.314248804346391
312.94438386986644,407.45517408063233,5.392811005432975,4.314248804346391
312.94438386986644,407.45517408063233,5.392811005432975,4.314248804346391
312.94438386986644,407.45517408063233,5.392811005432975,4.314248804346391
334.60345051146516,408.12504212109417,5.392811005432975,4.314248804346391
334.60345051146516,408.12504212109417,5.392811005432975,4.314248804346391
334.60345051146516,408.12504212109417,5.392811005432975,4.314248804346391
356.6528132159787,408.73752441844175,5.392811005432975,4.314248804346391
356.6528132159787,408.73752441844175,5.392811005432975,4.314248804346391
356.6528132159787,408.73752441844175,5.392811005432975,4.314248804346391
376.14545230814156,408.3553158087915,5.392811005432975,4.314248804346391
376.14545230814156,408.3553158087915,5.392811005432975,4.314248804346391
376.14545230814156,408.3553158087915,5.392811005432975,4.314248804346391
388.5341481963519,408.3553158087915,5.392811005432975,4.314248804346391
388.5341481963519,408.3553158087915,5.392811005432975,4.314248804346391
388.5341481963519,408.3553158087915,5.392811005432975,4.314248804346391
351.07770445062727,409.0241808756794,5.392811005432975,4.314248804346391
351.07770445062727,409.0241808756794,5.392811005432975,4.314248804346391
351.07770445062727,409.0241808756794,5.392811005432975,4.314248804346391
272.44189553198544,409.4305674850781,5.392811005432975,4.314248804346391
272.44189553198544,409.4305674850781,5.392811005432975,4.314248804346391
272.44189553198544,409.4305674850781,5.392811005432975,4.314248804346391
201.8533107626746,409.27744691074116,5.392811005432975,4.314248804346391
201.8533107626746,409.27744691074116,5.392811005432975,4.314248804346391
201.8533107626746,409.27744691074116,5.392811005432975,4.314248804346391
189.04659791491687,410.16504087048673,5.392811005432975,4.314248804346391
189.04659791491687,410.16504087048673,5.392811005432975,4.314248804346391
189.04659791491687,410.16504087048673,5.392811005432975,4.314248804346391
189.04659791491687,410.16504087048673,5.392811005432975,4.314248804346391
204.05241419993305,410.31816144482366,5.392811005432975,4.314248804346391
204.05241419993305,410.31816144482366,5.392811005432975,4.314248804346391
204.05241419993305,410.31816144482366,5.392811005432975,4.314248804346391
222.05789166905777,411.20575540456923,5.392811005432975,4.314248804346391
222.05789166905777,411.20575540456923,5.392811005432975,4.314248804346391
222.05789166905777,411.20575540456923,5.392811005432975,4.314248804346391
238.21127069514026,412.2153415936994,5.392811005432975,4.314248804346391
238.21127069514026,412.2153415936994,5.392811005432975,4.314248804346391
238.21127069514026,412.2153415936994,5.392811005432975,4.314248804346391
250.59996658335058,412.0304356849201,5.392811005432975,4.314248804346391
250.59996658335058,412.0304356849201,5.392811005432975,4.314248804346391
250.59996658335058,412.0304356849201,5.392811005432975,4.314248804346391
263.9973273925869,413.14688241902314,5.392811005432975,4.314248804346391
263.9973273925869,413.14688241902314,5.392811005432975,4.314248804346391
263.9973273925869,413.14688241902314,5.392811005432975,4.314248804346391
275.5360488692795,413.40048069323615,5.392811005432975,4.314248804346391
275.5360488692795,413.40048069323615,5.392811005432975,4.314248804346391
275.5360488692795,413.40048069323615,5.392811005432975,4.314248804346391
267.87236476912494,414.79387780235515,5.392811005432975,4.314248804346391
267.87236476912494,414.79387780235515,5.392811005432975,4.314248804346391
267.87236476912494,414.79387780235515,5.392811005432975,4.314248804346391
267.87236476912494,414.79387780235515,5.392811005432975,4.314248804346391
162.7155126878516,413.17784415868897,10.094020920672392,6.186657983637929
162.7155126878516,413.17784415868897,10.094020920672392,6.186657983637929
162.7155126878516,413.17784415868897,10.094020920672392,6.186657983637929
54.611804763231135,407.9680269093097,10.094020920672392,6.186657983637929
54.611804763231135,407.9680269093097,10.094020920672392,6.186657983637929
54.611804763231135,407.9680269093097,10.094020920672392,6.186657983637929
26.5691875349796,408.23766745958136,10.094020920672396,6.186657983637929
26.5691875349796,408.23766745958136,10.094020920672396,6.186657983637929
26.5691875349796,408.23766745958136,10.094020920672396,6.186657983637929
45.42494854003811,409.09416095392623,6.426903311813746,4.4860859596540195
45.136420311434975,408.84724737367935,6.998411149239182,5.085336895983573
44.91170121031138,409.5214046770501,7.223130250362779,4.411179592612825
59.32584269662921,409.8876404494382,7.036099288095059,4.961358999099787
59.10020449897751,409.2024539877301,7.261737485746757,5.646545460807886
59.07859078590786,409.48509485094854,7.283351198816405,5.363904597589453
72.62872628726288,410.29810298102984,6.683997813056493,5.667343201611175
72.54901960784314,410.4575163398693,6.763704492476236,5.507929842771716
72.09876543209877,409.6296296296297,7.213958668220599,6.335816553011341
86.394804842539,411.9871441270892,8.661374932741893,4.41735025493324
86.394804842539,411.9871441270892,9.356829144389096,5.006319925198341
86.394804842539,411.9871441270892,9.030031758768189,5.006319925198341
100.89285714285715,413.09523809523813,7.6148526910060355,5.263469924268293
101.96078431372548,413.7254901960784,6.546925520137705,4.633217823428026
101.18110236220473,412.99212598425197,7.326607471658463,5.366582035254453
111.02362204724409,413.3858267716535,9.055118110236222,5.118110236220502
112.31884057971014,413.76811594202894,7.246376811594203,4.347826086956559
111.92307692307692,414.2307692307692,7.307692307692307,3.846153846153811
111.30742049469964,413.7809187279152,8.127208480565372,4.593639575971736
124.28348540500038,412.1720500358685,8.894084688457568,5.117669590299727
124.28348540500038,412.1720500358685,8.475135284654797,5.16128329746482
124.28348540500038,412.1720500358685,9.049847928332966,5.735995941143017
135.30816675725717,409.875241420815,9.519419449639372,5.7339539814838645
135.30816675725717,409.875241420815,9.519419449639372,4.5845286941275845
135.30816675725717,409.875241420815,9.519419449639372,5.1592413378057245
149.4227569487169,407.46724220669097,6.794859631593965,3.672654166366044
148.12742016115214,406.949107491665,8.769131562985791,5.211812048564866
148.12742016115214,406.949107491665,8.194418919307623,5.786524692243006
162.68720901502746,404.4082027084414,8.572633504657574,5.040616189196385
163.4746105898306,403.9792240727064,8.926823101925663,5.339772343064169
163.4746105898306,403.62080113363834,10.094020920672364,6.186657983637929
173.40220811627714,399.5824563771177,10.094020920672364,6.186657983637929
173.40220811627714,399.5824563771177,10.094020920672364,6.186657983637929
173.40220811627714,399.5824563771177,10.094020920672364,6.186657983637929
183.7569390079156,397.7333972893251,10.094020920672364,6.186657983637929
183.7569390079156,397.7333972893251,10.094020920672364,6.186657983637929
183.7569390079156,397.7333972893251,10.094020920672364,6.186657983637929
196.07080572979308,392.5639481615498,7.343828416548405,6.2165396433283036
195.91230149223082,393.2956554786229,7.801226359228053,5.9085885532073235
195.69339879782902,393.0851291628334,7.67502225480257,6.072765574008656
206.68235423097465,390.66063862031757,7.8679103192898765,5.635657675978678
206.7154230140434,390.0323317420107,6.9750531764327945,5.801001591322688
206.7154230140434,390.62756983724876,8.463148414528035,5.801001591322688
206.12018491880534,390.03233174201074,8.16552936690897,6.396239686560705
215.1422996659037,386.8868441283472,10.094020920672364,6.186657983637929
215.1422996659037,386.8868441283472,10.094020920672364,6.186657983637929
215.1422996659037,386.8868441283472,10.094020920672364,6.186657983637929
228.64043100678958,383.7434436790998,10.094020920672364,6.186657983637929
228.64043100678958,383.7434436790998,10.094020920672364,6.186657983637929
228.64043100678958,383.7434436790998,10.094020920672364,6.186657983637929
237.58093641356024,377.85083784281915,10.094020920672364,6.186657983637929
237.58093641356024,377.85083784281915,10.094020920672364,6.186657983637929
237.58093641356024,377.85083784281915,10.094020920672364,6.186657983637929
248.19656069707773,373.6968979057906,10.094020920672364,6.186657983637929
248.19656069707773,373.6968979057906,10.094020920672364,6.186657983637929
248.19656069707773,373.6968979057906,10.094020920672364,6.186657983637929
260.477474772211,369.4544003161991,10.094020920672335,6.186657983637929
260.477474772211,369.4544003161991,10.094020920672335,6.186657983637929
260.477474772211,369.4544003161991,10.094020920672335,6.186657983637929
270.7831357699462,366.26455286451915,10.094020920672335,6.186657983637929
270.7831357699462,366.26455286451915,10.094020920672335,6.186657983637929
270.7831357699462,366.26455286451915,10.094020920672335,6.186657983637929
282.6270111974579,361.10898356077877,10.094020920672335,6.186657983637929
282.6270111974579,361.10898356077877,10.094020920672335,6.186657983637929
282.6270111974579,361.10898356077877,10.094020920672335,6.186657983637929
293.4985719753778,357.5872103510301,10.094020920672335,6.186657983637929
293.4985719753778,357.5872103510301,10.094020920672335,6.186657983637929
293.4985719753778,357.5872103510301,10.094020920672335,6.186657983637929
293.4985719753778,357.5872103510301,10.094020920672335,6.186657983637929
304.9405487855195,352.87580813508936,10.094020920672335,6.186657983637929
304.9405487855195,352.87580813508936,10.094020920672335,6.186657983637929
304.9405487855195,352.87580813508936,10.094020920672335,6.186657983637929
316.7308330094608,348.58843205365616,10.094020920672335,6.186657983637929
316.7308330094608,348.58843205365616,10.094020920672335,6.186657983637929
316.7308330094608,348.58843205365616,10.094020920672335,6.186657983637929
329.1335995307497,343.84169424921225,10.094020920672335,6.186657983637929
329.1335995307497,343.84169424921225,10.094020920672335,6.186657983637929
329.1335995307497,343.84169424921225,10.094020920672335,6.186657983637929
337.4924565891708,339.2578048945942,10.094020920672335,6.186657983637929
337.4924565891708,339.2578048945942,10.094020920672335,6.186657983637929
337.4924565891708,339.2578048945942,10.094020920672335,6.186657983637929
350.7000213946274,334.7875521912089,10.094020920672335,6.186657983637929
350.7000213946274,334.7875521912089,10.094020920672335,6.186657983637929
350.7000213946274,334.7875521912089,10.094020920672335,6.186657983637929
359.1216529831569,328.6627292177329,10.094020920672335,6.186657983637929
359.1216529831569,328.6627292177329,10.094020920672335,6.186657983637929
359.1216529831569,328.6627292177329,10.094020920672335,6.186657983637929
370.27997704852993,322.5763706366203,10.094020920672335,6.186657983637929
370.27997704852993,322.5763706366203,10.094020920672335,6.186657983637929
370.27997704852993,322.5763706366203,10.094020920672335,6.186657983637929
382.5632756829468,317.02364659640443,10.094020920672335,6.186657983637929
382.5632756829468,317.02364659640443,10.094020920672335,6.186657983637929
382.5632756829468,317.02364659640443,10.094020920672335,6.186657983637929
382.5632756829468,317.02364659640443,10.094020920672335,6.186657983637929
391.444268994487,312.43002936629745,10.094020920672335,6.186657983637929
391.444268994487,312.43002936629745,10.094020920672335,6.186657983637929
391.444268994487,312.43002936629745,10.094020920672335,6.186657983637929
406.05183578804844,305.9583225590234,10.094020920672335,6.186657983637929
406.05183578804844,305.9583225590234,10.094020920672335,6.186657983637929
406.05183578804844,305.9583225590234,10.094020920672335,6.186657983637929
417.15728386848014,300.4055985188075,10.094020920672335,6.186657983637929
417.15728386848014,300.4055985188075,10.094020920672335,6.186657983637929
417.15728386848014,300.4055985188075,10.094020920672335,6.186657983637929
424.5258323135601,295.9398115823954,10.094020920672335,6.186657983637929
424.5258323135601,295.9398115823954,10.094020920672335,6.186657983637929
424.5258323135601,295.9398115823954,10.094020920672335,6.186657983637929
349.44173075863216,292.504591249817,10.094020920672335,6.186657983637929
349.44173075863216,292.504591249817,10.094020920672335,6.186657983637929
349.44173075863216,292.504591249817,10.094020920672335,6.186657983637929
233.6257309745603,291.52309972622317,10.094020920672335,6.186657983637929
233.6257309745603,291.52309972622317,10.094020920672335,6.186657983637929
233.6257309745603,291.52309972622317,10.094020920672335,6.186657983637929
209.21815101569817,292.4476292701195,10.094020920672335,6.186657983637929
209.21815101569817,292.4476292701195,10.094020920672335,6.186657983637929
209.21815101569817,292.4476292701195,10.094020920672335,6.186657983637929
223.0158289338103,294.13027291866973,10.094020920672335,6.186657983637929
223.0158289338103,294.13027291866973,10.094020920672335,6.186657983637929
223.0158289338103,294.13027291866973,10.094020920672335,6.186657983637929
223.0158289338103,294.13027291866973,10.094020920672335,6.186657983637929
234.40358562166116,295.9165876932346,10.094020920672335,6.186657983637929
234.40358562166116,295.9165876932346,10.094020920672335,6.186657983637929
234.40358562166116,295.9165876932346,10.094020920672335,6.186657983637929
247.71681105376777,297.58074087224793,10.094020920672364,6.186657983637929
247.71681105376777,297.58074087224793,10.094020920672364,6.186657983637929
247.71681105376777,297.58074087224793,10.094020920672364,6.186657983637929
262.722627338784,298.04010259525865,10.094020920672335,6.186657983637929
262.722627338784,298.04010259525865,10.094020920672335,6.186657983637929
262.722627338784,298.04010259525865,10.094020920672335,6.186657983637929
262.722627338784,298.04010259525865,10.094020920672335,6.186657983637929
273.49154668950564,299.21795314924384,10.094020920672335,6.186657983637929
273.49154668950564,299.21795314924384,10.094020920672335,6.186657983637929
287.9685466625146,302.65317348182225,10.094020920672335,6.186657983637929
287.9685466625146,302.65317348182225,10.094020920672335,6.186657983637929
287.9685466625146,302.65317348182225,10.094020920672335,6.186657983637929
297.67560647229396,302.3835329315506,10.094020920672335,6.186657983637929
297.67560647229396,302.3835329315506,10.094020920672335,6.186657983637929
297.67560647229396,302.3835329315506,10.094020920672335,6.186657983637929
306.8304696919388,303.0534009720124,10.094020920672335,6.186657983637929
306.8304696919388,303.0534009720124,10.094020920672335,6.186657983637929
306.8304696919388,303.0534009720124,10.094020920672335,6.186657983637929
321.8667742396894,305.89810723780306,10.094020920672335,6.186657983637929
321.8667742396894,305.89810723780306,10.094020920672335,6.186657983637929
321.8667742396894,305.89810723780306,10.094020920672335,6.186657983637929
321.8667742396894,305.89810723780306,10.094020920672335,6.186657983637929
334.62616404640914,306.3888529996,10.094020920672335,6.186657983637929
334.62616404640914,306.3888529996,10.094020920672335,6.186657983637929
334.62616404640914,306.3888529996,10.094020920672335,6.186657983637929
345.7906313874394,308.17516777416483,10.094020920672335,6.186657983637929
345.7906313874394,308.17516777416483,10.094020920672335,6.186657983637929
345.7906313874394,308.17516777416483,10.094020920672335,6.186657983637929
358.5787231164214,309.35301832815003,10.094020920672335,6.186657983637929
358.5787231164214,309.35301832815003,10.094020920672335,6.186657983637929
358.5787231164214,309.35301832815003,10.094020920672335,6.186657983637929
373.88256128647305,310.65547264049485,10.094020920672335,6.186657983637929
373.88256128647305,310.65547264049485,10.094020920672335,6.186657983637929
373.88256128647305,310.65547264049485,10.094020920672335,6.186657983637929
389.0662368702742,313.1116554555215,10.094020920672335,6.186657983637929
389.0662368702742,313.1116554555215,10.094020920672335,6.186657983637929
389.0662368702742,313.1116554555215,10.094020920672335,6.186657983637929
405.6032588986594,314.3366200502167,10.094020920672335,6.186657983637929
405.6032588986594,314.3366200502167,10.094020920672335,6.186657983637929
405.6032588986594,314.3366200502167,10.094020920672335,6.186657983637929
405.6032588986594,314.3366200502167,10.094020920672335,6.186657983637929
417.2143049333309,317.2393815588846,10.094020920672335,6.186657983637929
417.2143049333309,317.2393815588846,10.094020920672335,6.186657983637929
433.96100594487626,319.6955643739112,10.094020920672335,6.186657983637929
433.96100594487626,319.6955643739112,10.094020920672335,6.186657983637929
433.96100594487626,319.6955643739112,10.094020920672335,6.186657983637929
433.96100594487626,319.6955643739112,10.094020920672335,6.186657983637929
414.5348327714836,321.03530045483484,10.094020920672335,6.186657983637929
414.5348327714836,321.03530045483484,10.094020920672335,6.186657983637929
414.5348327714836,321.03530045483484,10.094020920672335,6.186657983637929
337.05342942473357,323.4914832698615,10.094020920672335,6.186657983637929
337.05342942473357,323.4914832698615,10.094020920672335,6.186657983637929
337.05342942473357,323.4914832698615,10.094020920672335,6.186657983637929
283.2406968409677,328.4038488999148,10.094020920672335,6.186657983637929
283.2406968409677,328.4038488999148,10.094020920672335,6.186657983637929
283.2406968409677,328.4038488999148,10.094020920672335,6.186657983637929
283.2406968409677,330.07608970259037,10.094020920672335,6.186657983637929
282.9017137901202,330.776730255847,10.094020920672335,6.186657983637929
283.2406968409677,330.3958807724248,10.094020920672335,6.186657983637929
299.4191298572667,333.7966599053478,10.094020920672335,6.186657983637929
299.4191298572667,333.7966599053478,10.094020920672335,6.186657983637929
299.4191298572667,333.7966599053478,10.094020920672335,6.186657983637929
315.406609500236,336.8213182161798,10.094020920672335,6.186657983637929
315.406609500236,336.8213182161798,10.094020920672335,6.186657983637929
315.406609500236,336.8213182161798,10.094020920672335,6.186657983637929
332.82808404402647,339.0296741442659,10.094020920672335,6.186657983637929
332.82808404402647,339.0296741442659,10.094020920672335,6.186657983637929
332.82808404402647,339.0296741442659,10.094020920672335,6.186657983637929
348.7368765100538,341.72607964698244,10.094020920672335,6.186657983637929
348.7368765100538,341.72607964698244,10.094020920672335,6.186657983637929
348.7368765100538,341.72607964698244,10.094020920672335,6.186657983637929
348.7368765100538,341.72607964698244,10.094020920672335,6.186657983637929
364.93148664935194,344.67055421776394,10.094020920672335,6.186657983637929
364.93148664935194,344.67055421776394,10.094020920672335,6.186657983637929
364.93148664935194,344.67055421776394,10.094020920672335,6.186657983637929
379.3541475341341,346.3347073967773,10.094020920672335,6.186657983637929
379.3541475341341,346.3347073967773,10.094020920672335,6.186657983637929
379.3541475341341,346.3347073967773,10.094020920672335,6.186657983637929
394.59364538658406,349.7889935766659,10.094020920672335,6.186657983637929
394.59364538658406,349.7889935766659,10.094020920672335,6.186657983637929
394.59364538658406,349.7889935766659,10.094020920672335,6.186657983637929
409.0163062713662,351.82295857323777,10.094020920672335,6.186657983637929
409.0163062713662,351.82295857323777,10.094020920672335,6.186657983637929
409.0163062713662,351.82295857323777,10.094020920672335,6.186657983637929
423.22895678438016,353.77371452600437,10.094020920672335,6.186657983637929
423.22895678438016,353.77371452600437,10.094020920672335,6.186657983637929
423.22895678438016,353.77371452600437,10.094020920672335,6.186657983637929
439.68558266573416,354.1435263435629,10.094020920672335,6.186657983637929
439.68558266573416,354.1435263435629,10.094020920672335,6.186657983637929
438.91929914082993,356.8255186807276,10.094020920672335,6.186657983637929
452.13053228294825,359.2347241046261,10.094020920672335,6.186657983637929
452.13053228294825,360.1185624884645,10.094020920672335,6.186657983637929
452.13053228294825,361.2549261248281,10.094020920672335,6.186657983637929
463.90843056607423,361.745671886625,10.094020920672335,6.186657983637929
463.90843056607423,361.745671886625,10.094020920672335,6.186657983637929
463.90843056607423,361.745671886625,10.094020920672335,6.186657983637929
463.90843056607423,361.745671886625,10.094020920672335,6.186657983637929
477.120817529385,362.0153124368967,10.094020920672335,6.186657983637929
477.120817529385,362.0153124368967,10.094020920672335,6.186657983637929
477.120817529385,362.0153124368967,10.094020920672335,6.186657983637929
486.01006725596653,364.45124705768563,10.094020920672335,6.186657983637929
486.01006725596653,364.76842291249596,10.094020920672335,6.186657983637929
486.6594179053172,363.5819550593614,10.094020920672335,6.186657983637929
496.6810106717266,365.838877730791,8.180100439384546,4.994455602542359
494.5976773383933,366.18609995301324,10.094020920672335,6.186657983637929
494.5976773383933,366.18609995301324,10.094020920672335,6.186657983637929
505.76214467942356,367.07925734029567,10.094020920672335,6.186657983637929
505.76214467942356,367.07925734029567,10.094020920672335,6.186657983637929
505.76214467942356,367.07925734029567,10.094020920672335,6.186657983637929
505.76214467942356,367.07925734029567,10.094020920672335,6.186657983637929
509.83007467256726,369.29812824564675,10.094020920672335,6.186657983637929
509.83007467256726,369.29812824564675,10.094020920672335,6.186657983637929
443.27609653376,376.4544699810024,10.094020920672335,6.186657983637929
443.27609653376,376.4544699810024,10.094020920672335,6.186657983637929
443.27609653376,376.4544699810024,10.094020920672335,6.186657983637929
400.3113895219494,379.12124489897684,10.094020920672335,6.186657983637929
400.3113895219494,379.12124489897684,10.094020920672335,6.186657983637929
400.3113895219494,379.12124489897684,10.094020920672335,6.186657983637929
400.3113895219494,379.94429016646654,10.094020920672335,6.186657983637929
400.3113895219494,379.12124489897684,10.094020920672335,6.186657983637929
400.3113895219494,379.12124489897684,10.094020920672335,6.186657983637929
400.3113895219494,379.12124489897684,10.094020920672335,6.186657983637929
410.80598882251786,381.5774277140035,10.094020920672335,6.186657983637929
410.80598882251786,381.5774277140035,10.094020920672335,6.186657983637929
410.80598882251786,381.5774277140035,10.094020920672335,6.186657983637929
419.5433009245892,384.01574737039545,10.094020920672335,6.186657983637929
419.5433009245892,384.01574737039545,10.094020920672335,6.186657983637929
419.5433009245892,384.01574737039545,10.094020920672335,6.186657983637929
424.15068945994483,386.0811284379687,10.094020920672335,6.186657983637929
423.19743665952643,385.1278756375503,10.094020920672335,6.186657983637929
426.72673678351083,385.5721584731618,6.023407267283403,6.545829776584014
426.41736576535146,386.0525073232139,7.548070979649253,6.441252977740248
425.86233019095533,386.1947229794872,10.094020920672335,6.186657983637929
424.9196450106107,385.09101618759973,10.094020920672335,6.186657983637929
427.8399340027319,384.6083640188342,10.094020920672335,6.186657983637929
427.8399340027319,384.6083640188342,10.094020920672335,6.186657983637929
427.8399340027319,384.6083640188342,10.094020920672335,6.186657983637929
427.8399340027319,384.6083640188342,10.094020920672335,6.186657983637929
427.8399340027319,384.6083640188342,10.094020920672335,6.186657983637929
427.8399340027319,384.6083640188342,10.094020920672335,6.186657983637929
427.8399340027319,384.6083640188342,10.094020920672335,6.186657983637929
427.8399340027319,384.6083640188342,10.094020920672335,6.186657983637929
427.8399340027319,386.3325019498687,10.094020920672335,6.186657983637929
426.6726188276346,386.9072145935469,10.094020920672335,6.186657983637929
427.8399340027319,384.6083640188342,10.094020920672335,6.186657983637929
427.8399340027319,384.6083640188342,10.094020920672335,6.186657983637929
427.8399340027319,384.6083640188342,10.094020920672335,6.186657983637929
422.61934070656565,384.6083640188342,10.094020920672335,6.186657983637929
421.89241681296835,385.1839301984888,10.094020920672335,6.186657983637929
423.1508577194992,384.8316533656548,10.094020920672335,6.186657983637929
417.7490918504615,384.9905288323912,10.094020920672335,6.186657983637929
418.8366089151528,385.1012939159265,10.094020920672335,6.186657983637929
418.8366089151528,385.1012939159265,10.094020920672335,6.186657983637929
412.1799961990995,384.9163880071472,10.094020920672335,6.186657983637929
412.1799961990995,384.9163880071472,10.094020920672335,6.186657983637929
412.1799961990995,384.9163880071472,10.094020920672335,6.186657983637929
404.86503722992353,382.68126165545453,10.094020920672335,6.186657983637929
404.86503722992353,382.68126165545453,10.094020920672335,6.186657983637929
403.01412921651826,382.3447329257445,10.094020920672335,6.186657983637929
394.6714512659707,381.8539871639476,10.094020920672335,6.186657983637929
394.6714512659707,381.8539871639476,10.094020920672335,6.186657983637929
394.6714512659707,381.8539871639476,10.094020920672335,6.186657983637929
387.5261921677113,380.0676723893827,10.094020920672335,6.186657983637929
387.5261921677113,380.0676723893827,10.094020920672335,6.186657983637929
387.5261921677113,380.0676723893827,10.094020920672335,6.186657983637929
375.9936667654838,377.1231978186012,10.094020920672335,6.186657983637929
375.9936667654838,377.1231978186012,10.094020920672335,6.186657983637929
375.9936667654838,377.1231978186012,10.094020920672335,6.186657983637929
368.4693223762411,377.1231978186012,10.094020920672335,6.186657983637929
368.4693223762411,377.1231978186012,10.094020920672335,6.186657983637929
368.4693223762411,377.1231978186012,10.094020920672335,6.186657983637929
368.4693223762411,377.1231978186012,10.094020920672335,6.186657983637929
361.1149724240634,375.4748090362166,10.094020920672335,6.186657983637929
361.1149724240634,375.4748090362166,10.094020920672335,6.186657983637929
361.1149724240634,375.4748090362166,10.094020920672335,6.186657983637929
350.3965322204804,375.01544731320587,10.094020920672335,6.186657983637929
350.3965322204804,375.01544731320587,10.094020920672335,6.186657983637929
350.3965322204804,375.01544731320587,10.094020920672335,6.186657983637929
344.50392638419976,373.9994807897092,10.094020920672335,6.186657983637929
344.50392638419976,373.9994807897092,10.094020920672335,6.186657983637929
344.50392638419976,373.9994807897092,10.094020920672335,6.186657983637929
336.9857741103244,373.1867075709119,10.094020920672335,6.186657983637929
336.9857741103244,373.1867075709119,10.094020920672335,6.186657983637929
336.9857741103244,373.1867075709119,10.094020920672335,6.186657983637929
336.9857741103244,373.1867075709119,10.094020920672335,6.186657983637929
333.78875117807894,372.68191447634683,10.094020920672335,6.186657983637929
333.78875117807894,372.68191447634683,10.094020920672335,6.186657983637929
330.4425217843615,372.56652725587384,10.094020920672335,6.186657983637929
330.4425217843615,372.56652725587384,10.094020920672335,6.186657983637929
330.4425217843615,372.56652725587384,10.094020920672335,6.186657983637929
351.1519835676384,373.6759627085494,10.094020920672335,6.186657983637929
351.1519835676384,373.6759627085494,10.094020920672335,6.186657983637929
351.1519835676384,373.6759627085494,10.094020920672335,6.186657983637929
412.2498309113543,372.939844065854,10.094020920672335,6.186657983637929
412.2498309113543,372.939844065854,10.094020920672335,6.186657983637929
412.2498309113543,372.939844065854,10.094020920672335,6.186657983637929
412.2498309113543,372.939844065854,10.094020920672335,6.186657983637929
471.630068088781,368.52313220968176,10.094020920672335,6.186657983637929
471.630068088781,368.52313220968176,10.094020920672335,6.186657983637929
471.630068088781,368.52313220968176,10.094020920672335,6.186657983637929
489.1631053404023,366.73404677584284,10.094020920672335,6.186657983637929
489.1631053404023,366.73404677584284,10.094020920672335,6.186657983637929
489.1631053404023,366.73404677584284,10.094020920672335,6.186657983637929
482.86411289472295,366.53085347114353,10.094020920672335,6.186657983637929
482.86411289472295,366.53085347114353,10.094020920672335,6.186657983637929
482.86411289472295,366.53085347114353,10.094020920672335,6.186657983637929
477.2016613390183,364.37372906897036,10.094020920672335,6.186657983637929
477.2016613390183,364.37372906897036,10.094020920672335,6.186657983637929
477.2016613390183,364.37372906897036,10.094020920672335,6.186657983637929
470.1910070319554,362.4862452170688,10.094020920672335,6.186657983637929
470.1910070319554,362.4862452170688,10.094020920672335,6.186657983637929
470.1910070319554,362.4862452170688,10.094020920672335,6.186657983637929
462.05514704566804,361.5617156731725,10.094020920672335,6.186657983637929
462.05514704566804,361.5617156731725,10.094020920672335,6.186657983637929
462.05514704566804,361.5617156731725,10.094020920672335,6.186657983637929
454.2400199069468,359.99869024542824,10.094020920672335,6.186657983637929
454.2400199069468,359.99869024542824,10.094020920672335,6.186657983637929
454.2400199069468,359.99869024542824,10.094020920672335,6.186657983637929
444.746544298059,359.07996679940686,10.094020920672335,6.186657983637929
444.746544298059,359.07996679940686,10.094020920672335,6.186657983637929
444.746544298059,359.07996679940686,10.094020920672335,6.186657983637929
444.746544298059,359.07996679940686,10.094020920672335,6.186657983637929
436.42577840299236,358.71015498184835,10.094020920672335,6.186657983637929
436.42577840299236,358.71015498184835,10.094020920672335,6.186657983637929
436.42577840299236,358.71015498184835,10.094020920672335,6.186657983637929
431.0635070483939,358.15543725551055,10.094020920672335,6.186657983637929
431.0635070483939,358.15543725551055,10.094020920672335,6.186657983637929
431.0635070483939,358.15543725551055,10.094020920672335,6.186657983637929
420.191946270474,356.9304726608153,10.094020920672335,6.186657983637929
420.191946270474,356.9304726608153,10.094020920672335,6.186657983637929
420.191946270474,356.9304726608153,10.094020920672335,6.186657983637929
413.629636041128,356.42567956625027,10.094020920672335,6.186657983637929
413.629636041128,356.42567956625027,10.094020920672335,6.186657983637929
413.629636041128,356.42567956625027,10.094020920672335,6.186657983637929
405.3876921292047,355.5380856065047,10.094020920672335,6.186657983637929
405.3876921292047,355.5380856065047,10.094020920672335,6.186657983637929
405.3876921292047,355.5380856065047,10.094020920672335,6.186657983637929
394.10843169366996,354.42865015382915,10.094020920672335,6.186657983637929
394.10843169366996,354.42865015382915,10.094020920672335,6.186657983637929
394.10843169366996,354.42865015382915,10.094020920672335,6.186657983637929
386.183892810396,354.63184345852846,10.094020920672335,6.186657983637929
386.183892810396,354.63184345852846,10.094020920672335,6.186657983637929
386.183892810396,354.63184345852846,10.094020920672335,6.186657983637929
379.1574682767842,353.33750209707364,10.094020920672335,6.186657983637929
379.1574682767842,353.33750209707364,10.094020920672335,6.186657983637929
379.1574682767842,353.33750209707364,10.094020920672335,6.186657983637929
379.1574682767842,353.33750209707364,10.094020920672335,6.186657983637929
373.1857658776451,353.03126094839985,10.094020920672335,6.186657983637929
373.1857658776451,353.03126094839985,10.094020920672335,6.186657983637929
373.1857658776451,353.03126094839985,10.094020920672335,6.186657983637929
365.33383368889446,351.80439654390756,10.094020920672335,6.186657983637929
365.33383368889446,351.80439654390756,10.094020920672335,6.186657983637929
365.33383368889446,351.80439654390756,10.094020920672335,6.186657983637929
369.40176368203817,352.9138319965831,10.094020920672335,6.186657983637929
369.40176368203817,352.9138319965831,10.094020920672335,6.186657983637929
370.47360770239646,352.9138319965831,9.022176900314037,5.574175686290346
456.1151644702842,350.96015052806587,8.140339452155104,4.884203671293108
455.9077362398359,351.57880984053185,7.403632053621152,5.047930945650762
455.5711122665875,351.6476708385416,7.721345578574642,4.876639312783993
518.3875383790366,349.45835107219705,5.206099527454626,3.0624114867379717
519.0293518078512,348.14591684166095,6.222474808607103,5.037241511729519
519.0293518078512,348.14591684166095,6.222474808607103,5.037241511729519
531.2209500898111,347.1299503181643,6.222474808607103,5.037241511729519
531.2209500898111,347.1299503181643,6.222474808607103,5.037241511729519
531.2209500898111,347.1299503181643,6.222474808607103,5.037241511729519
521.9756546508482,345.83560895670945,6.222474808607103,5.037241511729519
521.9756546508482,345.83560895670945,6.222474808607103,5.037241511729519
521.9756546508482,345.83560895670945,6.222474808607103,5.037241511729519
512.6287626346789,344.4132558238141,6.222474808607103,5.037241511729519
512.6287626346789,344.4132558238141,6.222474808607103,5.037241511729519
512.6287626346789,344.4132558238141,6.222474808607103,5.037241511729519
512.6287626346789,344.4132558238141,6.222474808607103,5.037241511729519
504.1074214138298,344.06544597806516,6.222474808607103,5.037241511729519
504.1074214138298,344.06544597806516,6.222474808607103,5.037241511729519
504.1074214138298,344.06544597806516,6.222474808607103,5.037241511729519
493.5011324960353,343.4921330635898,6.222474808607103,5.037241511729519
493.5011324960353,343.4921330635898,6.222474808607103,5.037241511729519
493.5011324960353,343.4921330635898,6.222474808607103,5.037241511729519
480.55771888148723,342.38269761091425,6.222474808607103,5.037241511729519
480.55771888148723,342.38269761091425,6.222474808607103,5.037241511729519
480.55771888148723,342.38269761091425,6.222474808607103,5.037241511729519
470.29864040091496,342.5358181852512,6.222474808607103,5.037241511729519
470.29864040091496,342.5358181852512,6.222474808607103,5.037241511729519
470.29864040091496,342.5358181852512,6.222474808607103,5.037241511729519
458.76611499868744,340.0820893762666,6.222474808607103,5.037241511729519
458.76611499868744,340.0820893762666,6.222474808607103,5.037241511729519
458.76611499868744,340.0820893762666,6.222474808607103,5.037241511729519
444.5283600226845,339.8971834674873,6.222474808607103,5.037241511729519
444.5283600226845,339.8971834674873,6.222474808607103,5.037241511729519
444.5283600226845,339.8971834674873,6.222474808607103,5.037241511729519
432.02415660073063,338.11086869292245,6.222474808607103,5.037241511729519
432.02415660073063,338.11086869292245,6.222474808607103,5.037241511729519
432.02415660073063,338.11086869292245,6.222474808607103,5.037241511729519
413.9559288289764,337.65150696991174,6.222474808607103,5.037241511729519
413.9559288289764,337.65150696991174,6.222474808607103,5.037241511729519
413.9559288289764,337.65150696991174,6.222474808607103,5.037241511729519
413.9559288289764,337.65150696991174,6.222474808607103,5.037241511729519
394.96897761120084,337.34526582123794,6.222474808607103,5.037241511729519
394.96897761120084,337.34526582123794,6.222474808607103,5.037241511729519
394.96897761120084,337.34526582123794,6.222474808607103,5.037241511729519
379.42862756481605,336.1902398042769,6.222474808607103,5.037241511729519
379.42862756481605,336.1902398042769,6.222474808607103,5.037241511729519
379.42862756481605,336.1902398042769,6.222474808607103,5.037241511729519
362.62824913629197,336.08523743909865,6.222474808607103,5.037241511729519
362.62824913629197,336.08523743909865,6.222474808607103,5.037241511729519
362.62824913629197,336.08523743909865,6.222474808607103,5.037241511729519
349.3909765996613,335.3885388845391,6.222474808607103,5.037241511729519
349.3909765996613,335.3885388845391,6.222474808607103,5.037241511729519
349.3909765996613,335.3885388845391,6.222474808607103,5.037241511729519
360.5835369855439,335.04237722312007,6.222474808607103,5.037241511729519
360.5835369855439,335.04237722312007,6.222474808607103,5.037241511729519
360.5835369855439,335.04237722312007,6.222474808607103,5.037241511729519
460.2049266303176,329.644173843354,6.222474808607103,5.037241511729519
460.2049266303176,329.644173843354,6.222474808607103,5.037241511729519
460.2049266303176,329.644173843354,6.222474808607103,5.037241511729519
509.9872862816541,327.20585418696203,6.22247480860716,5.037241511729519
509.9872862816541,327.20585418696203,6.22247480860716,5.037241511729519
509.9872862816541,327.20585418696203,6.22247480860716,5.037241511729519
505.9193562885104,326.466230551845,6.22247480860716,5.037241511729519
505.9193562885104,326.466230551845,6.22247480860716,5.037241511729519
505.9193562885104,326.466230551845,6.22247480860716,5.037241511729519
505.9193562885104,326.466230551845,6.22247480860716,5.037241511729519
492.63760710316416,327.995064990446,6.22247480860716,5.037241511729519
492.63760710316416,327.995064990446,6.22247480860716,5.037241511729519
492.63760710316416,327.995064990446,6.22247480860716,5.037241511729519
476.65400596142865,327.52030456049346,6.22247480860716,5.037241511729519
476.65400596142865,327.52030456049346,6.22247480860716,5.037241511729519
476.65400596142865,327.52030456049346,6.22247480860716,5.037241511729519
455.6854203051914,327.52030456049346,6.22247480860716,5.037241511729519
455.6854203051914,327.52030456049346,6.22247480860716,5.037241511729519
455.6854203051914,327.52030456049346,6.22247480860716,5.037241511729519
442.9034084739178,329.0854488663637,6.22247480860716,5.037241511729519
442.9034084739178,329.0854488663637,6.22247480860716,5.037241511729519
442.9034084739178,329.0854488663637,6.22247480860716,5.037241511729519
429.77358679689524,330.2158308650478,6.22247480860716,5.037241511729519
429.77358679689524,330.2158308650478,6.22247480860716,5.037241511729519
429.77358679689524,330.2158308650478,6.22247480860716,5.037241511729519
412.6962781668889,329.5235075422097,6.22247480860716,5.037241511729519
412.6962781668889,329.5235075422097,6.22247480860716,5.037241511729519
412.6962781668889,329.5235075422097,6.22247480860716,5.037241511729519
395.3247963832967,329.14311013089014,6.22247480860716,5.037241511729519
395.3247963832967,329.14311013089014,6.22247480860716,5.037241511729519
395.3247963832967,329.14311013089014,6.22247480860716,5.037241511729519
374.2761396236157,328.12871703403806,6.22247480860716,5.037241511729519
374.2761396236157,328.12871703403806,6.22247480860716,5.037241511729519
374.2761396236157,328.12871703403806,6.22247480860716,5.037241511729519
374.2761396236157,328.12871703403806,6.22247480860716,5.037241511729519
361.5962259129645,327.114323937186,6.22247480860716,5.037241511729519
361.5962259129645,327.114323937186,6.22247480860716,5.037241511729519
361.5962259129645,327.114323937186,6.22247480860716,5.037241511729519
350.04596574335415,327.32432866754255,6.22247480860716,5.037241511729519
350.04596574335415,327.32432866754255,6.22247480860716,5.037241511729519
350.04596574335415,327.32432866754255,6.22247480860716,5.037241511729519
392.7408470196857,330.0234303574256,6.22247480860716,5.037241511729519
392.7408470196857,330.0234303574256,6.22247480860716,5.037241511729519
392.7408470196857,330.0234303574256,6.22247480860716,5.037241511729519
498.8908734757889,326.1160674203911,6.22247480860716,5.037241511729519
498.8908734757889,326.1160674203911,6.22247480860716,5.037241511729519
498.8908734757889,326.1160674203911,6.22247480860716,5.037241511729519
497.6717136475929,322.8649745452018,6.22247480860716,5.037241511729519
497.6717136475929,322.8649745452018,6.22247480860716,5.037241511729519
497.6717136475929,322.8649745452018,6.22247480860716,5.037241511729519
484.17358230670703,323.6045981803188,6.22247480860716,5.037241511729519
484.17358230670703,323.6045981803188,6.22247480860716,5.037241511729519
484.17358230670703,323.6045981803188,6.22247480860716,5.037241511729519
470.79697005916444,325.9733732658211,6.22247480860716,5.037241511729519
470.79697005916444,325.9733732658211,6.22247480860716,5.037241511729519
470.79697005916444,325.9733732658211,6.22247480860716,5.037241511729519
456.72365925706237,325.9733732658211,6.22247480860716,5.037241511729519
456.72365925706237,325.9733732658211,6.22247480860716,5.037241511729519
456.72365925706237,325.9733732658211,6.22247480860716,5.037241511729519
456.72365925706237,325.9733732658211,6.22247480860716,5.037241511729519
440.8389322131056,327.36677037494013,6.22247480860716,5.037241511729519
440.8389322131056,327.36677037494013,6.22247480860716,5.037241511729519
440.8389322131056,327.36677037494013,6.22247480860716,5.037241511729519
427.83416952548737,327.1213974940417,6.22247480860716,5.037241511729519
427.83416952548737,327.1213974940417,6.22247480860716,5.037241511729519
427.83416952548737,327.1213974940417,6.22247480860716,5.037241511729519
412.6182730727059,328.5161880022133,6.22247480860716,5.037241511729519
412.6182730727059,328.5161880022133,6.22247480860716,5.037241511729519
412.6182730727059,328.5161880022133,6.22247480860716,5.037241511729519
400.858008172739,329.14620219328293,6.22247480860716,5.037241511729519
400.858008172739,329.14620219328293,6.22247480860716,5.037241511729519
400.858008172739,329.14620219328293,6.22247480860716,5.037241511729519
386.43534728795686,328.96129628450365,6.22247480860716,5.037241511729519
386.43534728795686,328.96129628450365,6.22247480860716,5.037241511729519
386.43534728795686,328.96129628450365,6.22247480860716,5.037241511729519
370.3576869825824,330.49250202787266,6.22247480860716,5.037241511729519
370.3576869825824,330.49250202787266,6.22247480860716,5.037241511729519
370.3576869825824,330.49250202787266,6.22247480860716,5.037241511729519
356.40978190086605,330.49250202787266,6.22247480860716,5.037241511729519
356.40978190086605,330.49250202787266,6.22247480860716,5.037241511729519
356.40978190086605,330.49250202787266,6.22247480860716,5.037241511729519
341.3610931223807,331.6072197151679,6.22247480860716,5.037241511729519
341.3610931223807,331.6072197151679,6.22247480860716,5.037241511729519
341.3610931223807,331.6072197151679,6.22247480860716,5.037241511729519
341.3610931223807,331.6072197151679,6.22247480860716,5.037241511729519
328.4989648780811,332.2197020125155,6.22247480860716,5.037241511729519
328.4989648780811,332.2197020125155,6.22247480860716,5.037241511729519
328.4989648780811,332.2197020125155,6.22247480860716,5.037241511729519
319.9463332991337,333.20654411777866,6.22247480860716,5.037241511729519
320.5905397298949,332.5562307422255,6.22247480860716,5.037241511729519
320.5905397298949,332.5562307422255,6.22247480860716,5.037241511729519
388.4705011633589,333.89596682314914,6.22247480860716,5.037241511729519
388.4705011633589,333.89596682314914,6.22247480860716,5.037241511729519
388.4705011633589,333.89596682314914,6.22247480860716,5.037241511729519
493.1932048222228,329.65346923355764,6.22247480860716,5.037241511729519
493.1932048222228,329.65346923355764,6.22247480860716,5.037241511729519
493.1932048222228,329.65346923355764,6.22247480860716,5.037241511729519
493.1932048222228,329.65346923355764,6.22247480860716,5.037241511729519
493.1932048222228,329.65346923355764,6.22247480860716,5.037241511729519
493.1932048222228,329.65346923355764,6.22247480860716,5.037241511729519
474.8484848484848,330.30303030303025,5.757575757575751,5.151515151515184
474.60681738766783,330.4388095476938,6.22247480860716,5.037241511729519
474.51586032331494,330.3265266929777,6.22247480860716,5.037241511729519
455.5632418694496,330.82527981018467,6.22247480860716,5.037241511729519
456.5410376156796,330.3265266929777,6.22247480860716,5.037241511729519
456.5410376156796,330.3265266929777,6.22247480860716,5.037241511729519
433.271305893392,331.44124438027296,6.22247480860716,5.037241511729519
433.271305893392,331.44124438027296,6.22247480860716,5.037241511729519
433.271305893392,331.44124438027296,6.22247480860716,5.037241511729519
433.271305893392,331.44124438027296,6.22247480860716,5.037241511729519
413.94147442658874,332.22754260943105,6.22247480860716,5.037241511729519
413.94147442658874,332.22754260943105,6.22247480860716,5.037241511729519
413.94147442658874,332.22754260943105,6.22247480860716,5.037241511729519
400.5565568517189,332.34292982990405,6.22247480860716,5.037241511729519
400.5565568517189,332.34292982990405,6.22247480860716,5.037241511729519
400.5565568517189,332.34292982990405,6.22247480860716,5.037241511729519
383.39359163650624,335.3716883972945,6.22247480860716,5.037241511729519
383.39359163650624,335.3716883972945,6.22247480860716,5.037241511729519
383.39359163650624,335.3716883972945,6.22247480860716,5.037241511729519
375.9384237088487,337.3667333356818,6.22247480860716,5.037241511729519
375.9384237088487,337.3667333356818,6.22247480860716,5.037241511729519
375.9384237088487,337.3667333356818,6.22247480860716,5.037241511729519
395.8311253993032,338.9073751010426,6.22247480860716,5.037241511729519
395.09270230736934,339.21292886325006,6.22247480860716,5.037241511729519
395.09270230736934,339.21292886325006,6.22247480860716,5.037241511729519
485.76304951850057,337.13877059371436,6.22247480860716,5.037241511729519
485.76304951850057,337.13877059371436,6.22247480860716,5.037241511729519
485.76304951850057,337.13877059371436,6.22247480860716,5.037241511729519
565.4574962023611,335.2897115059218,6.222474808607217,5.037241511729519
565.4574962023611,335.2897115059218,6.222474808607217,5.037241511729519
565.4574962023611,335.2897115059218,6.222474808607217,5.037241511729519
574.8406323482429,335.92370719145435,6.222474808607217,5.037241511729519
574.8406323482429,335.92370719145435,6.222474808607217,5.037241511729519
574.8406323482429,335.92370719145435,6.222474808607217,5.037241511729519
574.8406323482429,335.92370719145435,6.222474808607217,5.037241511729519
558.7637993771593,336.37028588509554,6.222474808607217,5.037241511729519
558.7637993771593,336.37028588509554,6.222474808607217,5.037241511729519
558.7637993771593,336.37028588509554,6.222474808607217,5.037241511729519
540.9941674243148,338.79341751502886,6.222474808607217,5.037241511729519
540.9941674243148,338.79341751502886,6.222474808607217,5.037241511729519
540.9941674243148,338.79341751502886,6.222474808607217,5.037241511729519
540.9941674243148,338.79341751502886,6.222474808607217,5.037241511729519
527.1502279214372,341.69617902369674,6.222474808607217,5.037241511729519
527.1502279214372,341.69617902369674,6.222474808607217,5.037241511729519
512.4506527850949,342.46178189538125,6.222474808607217,5.037241511729519
512.4506527850949,342.46178189538125,6.222474808607217,5.037241511729519
512.4506527850949,342.46178189538125,6.222474808607217,5.037241511729519
497.13859558328755,345.4905404627717,6.222474808607217,5.037241511729519
497.13859558328755,345.4905404627717,6.222474808607217,5.037241511729519
497.13859558328755,345.4905404627717,6.222474808607217,5.037241511729519
486.7410663405536,347.26572838226286,6.222474808607217,5.037241511729519
486.7410663405536,347.26572838226286,6.222474808607217,5.037241511729519
486.7410663405536,347.26572838226286,6.222474808607217,5.037241511729519
474.12123897642664,350.46275131450835,6.222474808607217,5.037241511729519
474.12123897642664,350.46275131450835,6.222474808607217,5.037241511729519
474.12123897642664,350.46275131450835,6.222474808607217,5.037241511729519
466.59689458718395,354.3642632200416,6.222474808607217,5.037241511729519
466.59689458718395,354.3642632200416,6.222474808607217,5.037241511729519
466.59689458718395,354.3642632200416,6.222474808607217,5.037241511729519
466.59689458718395,354.3642632200416,6.222474808607217,5.037241511729519
449.3522119406983,355.75905372821325,6.222474808607217,5.037241511729519
449.3522119406983,355.75905372821325,6.222474808607217,5.037241511729519
449.3522119406983,355.75905372821325,6.222474808607217,5.037241511729519
434.9288093815713,355.9898281691593,6.222474808607217,5.037241511729519
434.9288093815713,355.9898281691593,6.222474808607217,5.037241511729519
434.9288093815713,355.9898281691593,6.222474808607217,5.037241511729519
425.1290926240097,357.6741544868652,6.222474808607217,5.037241511729519
425.1290926240097,357.6741544868652,6.222474808607217,5.037241511729519
425.1290926240097,357.6741544868652,6.222474808607217,5.037241511729519
414.7662340843437,359.90928083855783,6.222474808607217,5.037241511729519
414.7662340843437,359.90928083855783,6.222474808607217,5.037241511729519
414.7662340843437,359.90928083855783,6.222474808607217,5.037241511729519
405.29113374233435,361.9993765022364,6.222474808607217,5.037241511729519
405.29113374233435,361.9993765022364,6.222474808607217,5.037241511729519
405.29113374233435,361.9993765022364,6.222474808607217,5.037241511729519
396.6576410475162,365.45277358016364,6.222474808607217,5.037241511729519
396.709651134728,364.01854888049667,6.222474808607217,5.037241511729519
396.709651134728,364.01854888049667,6.222474808607217,5.037241511729519
378.03812987253315,366.2479842550871,6.222474808607217,5.037241511729519
378.03812987253315,366.2479842550871,6.222474808607217,5.037241511729519
378.03812987253315,366.2479842550871,6.222474808607217,5.037241511729519
368.28435010870004,367.0840225205585,6.222474808607217,5.037241511729519
368.28435010870004,367.0840225205585,6.222474808607217,5.037241511729519
368.28435010870004,367.0840225205585,6.222474808607217,5.037241511729519
368.28435010870004,367.0840225205585,6.222474808607217,5.037241511729519
356.7023317408381,368.50637565345386,6.222474808607217,5.037241511729519
356.7023317408381,368.50637565345386,6.222474808607217,5.037241511729519
356.7023317408381,368.50637565345386,6.222474808607217,5.037241511729519
348.6206285079478,369.760433051661,6.222474808607217,5.037241511729519
348.6206285079478,369.760433051661,6.222474808607217,5.037241511729519
348.6206285079478,369.760433051661,6.222474808607217,5.037241511729519
341.5770820884504,369.9135536259979,6.222474808607217,5.037241511729519
341.5770820884504,369.9135536259979,6.222474808607217,5.037241511729519
341.5770820884504,369.9135536259979,6.222474808607217,5.037241511729519
329.20376612117457,331.16553783373934,6.222474808607217,5.037241511729519
329.20376612117457,331.16553783373934,6.222474808607217,5.037241511729519
329.20376612117457,331.16553783373934,6.222474808607217,5.037241511729519
320.27219224835034,299.68173993203396,6.222474808607217,5.037241511729519
320.27219224835034,299.68173993203396,6.222474808607217,5.037241511729519
320.27219224835034,299.68173993203396,6.222474808607217,5.037241511729519
312.53203146501914,307.25363635051013,6.222474808607217,5.037241511729519
312.53203146501914,307.25363635051013,6.222474808607217,5.037241511729519
312.53203146501914,307.25363635051013,6.222474808607217,5.037241511729519
305.48848504552177,331.5998076700772,6.222474808607217,5.037241511729519
305.48848504552177,331.5998076700772,6.222474808607217,5.037241511729519
305.48848504552177,331.5998076700772,6.222474808607217,5.037241511729519
297.2465411335985,345.0405162033675,6.222474808607217,5.037241511729519
297.2465411335985,345.0405162033675,6.222474808607217,5.037241511729519
297.2465411335985,345.0405162033675,6.222474808607217,5.037241511729519
297.2465411335985,345.0405162033675,6.222474808607217,5.037241511729519
289.76418079808946,353.4821535049674,6.222474808607217,5.037241511729519
289.4269651757207,353.66901381206026,6.222474808607217,5.037241511729519
289.4269651757207,353.66901381206026,6.222474808607217,5.037241511729519
281.734657483413,355.5401156831621,6.222474808607217,5.037241511729519
281.56179663639483,355.5416729880902,6.222474808607217,5.037241511729519
281.5838279208187,355.6297981257858,6.222474808607217,5.037241511729519
273.72262399209336,358.113638675351,6.222474808607217,5.037241511729519
273.72262399209336,358.113638675351,6.222474808607217,5.037241511729519
273.72262399209336,358.113638675351,6.222474808607217,5.037241511729519
265.102056780117,358.44204123580727,6.222474808607217,5.037241511729519
265.69155703167587,357.93905026316804,6.222474808607217,5.037241511729519
264.81179919851263,359.13201865176023,6.222474808607217,5.037241511729519
256.26378320923897,359.8403372143146,6.222474808607217,5.037241511729519
256.975922980548,359.4533747562746,6.222474808607217,5.037241511729519
256.975922980548,359.4533747562746,6.222474808607217,5.037241511729519
249.22944410730855,360.3923418924249,6.222474808607245,5.037241511729519
249.0811861384427,360.24284844048515,6.2224748086071315,5.037241511729519
249.2607894493907,360.6403183764527,6.222474808607188,5.037241511729519
239.10050772499005,362.0862258439241,6.222474808607217,5.037241511729519
239.10050772499005,362.0862258439241,6.222474808607217,5.037241511729519
239.10050772499005,362.0862258439241,6.222474808607217,5.037241511729519
234.67246344454725,362.8242332239979,6.222474808607217,5.037241511729519
234.86888188980075,362.75437729158557,6.222474808607217,5.037241511729519
234.788392735257,362.70224227102887,6.222474808607217,5.037241511729519
235.1256123275005,362.92304592760615,6.222474808607217,5.037241511729519
241.76394598164865,363.7811410981614,6.222474808607217,5.037241511729519
240.7751488733154,363.7608669922495,6.222474808607217,5.037241511729519
241.30176558662527,363.97301829675433,6.222474808607217,5.037241511729519
0,0,0,0
0,0,0,0
0,0,0,0
388.1166872715947,365.41905334790556,8.971004837407008,8.810831709565718
386.563594601428,366.18644411923424,8.833423712344484,6.870440665156821
386.563594601428,366.18644411923424,8.833423712344484,6.870440665156821
386.563594601428,366.18644411923424,8.833423712344484,6.870440665156821
386.563594601428,366.18644411923424,8.833423712344484,6.870440665156821
386.563594601428,366.18644411923424,8.833423712344484,6.870440665156821
376.25825108997765,368.09484106579913,8.833423712344484,6.870440665156821
376.1933375357182,369.21110243006626,8.833423712344484,6.870440665156821
376.1933375357182,369.21110243006626,8.833423712344484,6.870440665156821
367.8506595851706,370.43796683455855,8.833423712344484,6.870440665156821
367.8506595851706,370.43796683455855,8.833423712344484,6.870440665156821
367.8506595851706,370.43796683455855,8.833423712344484,6.870440665156821
359.22996992999816,370.43796683455855,8.833423712344484,6.870440665156821
358.7971616427838,370.8494894683034,8.833423712344484,6.870440665156821
358.2040634019459,370.89732855756927,8.833423712344484,6.870440665156821
350.80043134832476,373.5895583952497,7.24554566316948,5.238027811646873
350.80043134832476,373.5895583952497,6.912951178331582,5.299144955509917
350.4322766570605,372.62247838616713,7.472471775366614,6.972967360118389
349.39856218944624,372.65497895599736,7.610783604946278,6.316983660825031
345.0173651492768,374.0144345868418,8.833423712344484,6.870440665156821
345.3881905706521,373.5895583952497,8.833423712344484,6.870440665156821
346.7300004352353,374.1287729354175,5.9646103432078235,6.110748022666371
0,0,0,0
0,0,0,0
0,0,0,0
0,0,0,0
0,0,0,0
0,0,0,0
466.27567888571014,374.7204254225857,8.833423712344484,6.870440665156821
466.8923853713133,374.73898368260603,8.833423712344484,6.870440665156821
467.05856627776535,374.663009655553,4.929854027987119,7.01501732013304
0,0,0,0
0,0,0,0
0,0,0,0
449.39280181431286,376.235831916021,8.833423712344484,6.870440665156821
449.39280181431286,376.235831916021,8.833423712344484,6.870440665156821
449.39280181431286,376.235831916021,8.833423712344484,6.870440665156821
440.3140052210699,379.425679367701,8.833423712344484,6.870440665156821
440.3140052210699,379.425679367701,8.833423712344484,6.870440665156821
440.3140052210699,379.425679367701,8.833423712344484,6.870440665156821
430.89399043928455,381.4624393205194,8.833423712344484,6.870440665156821
430.48279268268845,379.425679367701,8.833423712344484,6.870440665156821
430.88380387332774,381.0898325467143,8.833423712344484,6.870440665156821
431.8739028832287,379.1096345269123,8.833423712344484,6.870440665156821
422.93208784963684,382.2464457865239,8.833423712344484,6.870440665156821
419.9947748943781,381.0898325467143,8.833423712344484,6.870440665156821
421.9200512648034,381.0898325467143,8.833423712344484,6.870440665156821
413.3849028253966,381.72232294603714,8.833423712344484,6.870440665156821
415.3804212800361,383.1297513089895,8.833423712344484,6.870440665156821
414.4251461926818,383.5281522031063,8.833423712344484,6.870440665156821
410.2372455342073,383.16093291133404,8.833423712344484,6.870440665156821
410.6580229050105,383.18568644968167,8.833423712344484,6.870440665156821
410.7798937215363,384.87113995563357,8.833423712344484,6.870440665156821
412.1119197130626,383.2389988931539,8.833423712344484,6.870440665156821
411.5513579434583,383.5281522031063,8.833423712344484,6.870440665156821
412.2909998512183,383.2232741543258,8.833423712344484,6.870440665156821
0,0,0,0
0,0,0,0
0,0,0,0
0,0,0,0
0,0,0,0
0,0,0,0
0,0,0,0
0,0,0,0
0,0,0,0
0,0,0,0
0,0,0,0
0,0,0,0
0,0,0,0
0,0,0,0
0,0,0,0
0,0,0,0
0,0,0,0
0,0,0,0
0,0,0,0
0,0,0,0
0,0,0,0
0,0,0,0
0,0,0,0
0,0,0,0
0,0,0,0
0,0,0,0
0,0,0,0
0,0,0,0
0,0,0,0
0,0,0,0
0,0,0,0
0,0,0,0
0,0,0,0
0,0,0,0
497.77904868939123,370.4442140992858,6.2167961639765394,4.771029614214569
498.1427781250463,369.5377503375632,6.225213051150149,6.225213051150149
498.73585212676346,369.9331527347686,4.691464908113176,5.503449219132733
498.89227219874834,371.7451734250589,6.110279858455385,3.818924911534623
493.03985354700035,368.2351793672439,5.493912889095554,4.0481463393335275
492.53685743364446,367.16124825742065,4.461452603361693,5.155456341662386
491.9051581186267,367.22493925720653,7.681890136051493,4.539298716757685
488.2040577327484,368.0510169594037,5.936006014221618,3.666356655842776
486.59909680955536,367.3839790388056,8.833423712344484,6.870440665156821
486.59909680955536,367.3839790388056,8.833423712344484,6.870440665156821
480.4029536068357,363.72984330386834,8.833423712344484,6.870440665156821
480.0142806055439,363.67253717836275,8.833423712344484,6.870440665156821
482.1544719462646,364.7172041208311,8.833423712344484,6.870440665156821
472.14531754187124,362.01632118631227,8.833423712344484,6.870440665156821
471.49772561406013,361.03339057389627,8.833423712344484,6.870440665156821
470.8295688348553,360.13331476621306,8.833423712344484,6.870440665156821
470.8295688348553,360.13331476621306,8.833423712344484,6.870440665156821
470.8295688348553,360.13331476621306,8.833423712344484,6.870440665156821
470.8295688348553,360.13331476621306,8.833423712344484,6.870440665156821
458.5504510500823,356.19472981638023,8.833423712344484,6.870440665156821
458.45625286757945,358.17963329769583,8.833423712344484,6.870440665156821
458.45625286757945,358.17963329769583,8.833423712344484,6.870440665156821
451.9808618097819,354.83029309538676,8.833423712344484,6.870440665156821
451.9808618097819,354.83029309538676,8.833423712344484,6.870440665156821
451.9808618097819,354.83029309538676,8.833423712344484,6.870440665156821
