483.72178510826564,375.7554022995829,14.61545644948825,8.642793958110815
488.8423777896313,378.37017303049305,14.070712547215294,7.989101275383291
490.89778920491716,379.1789351904696,13.298661183434433,8.218273765043762
492.64639296867864,379.7184567339619,14.516620101519038,7.798822501348013
494.60690197640304,380.52321771463687,14.720856375806704,7.7995945475634585
495.7315314678213,381.447497212799,15.677431819438198,7.889949347037543
497.8641578192919,382.60725622248776,15.44321287395644,7.644390372608427
500.6272418232974,382.57679405365434,15.157822005346418,8.661612574483684
502.05379950365176,383.92505894249405,16.29223306725936,8.607217469495424
504.25923277385675,384.7639997446408,15.14622792103171,7.6367535736294485
507.57487303811786,385.8714791804568,13.67297413543497,7.609845333296391
509.5073811250381,386.71222603982136,13.734842796681221,7.609845333296391
511.6232659859662,386.65952112400714,14.359707406974849,8.811638636098223
513.4577996712361,388.61107234940346,13.937499618745733,8.06907872664226
515.5319565347127,388.70768658326216,14.279750291561072,8.858261062744248
517.4121414356039,389.66743538906496,14.721963833607902,8.188296887280444
519.5260560412521,390.715671130404,14.834688655852801,7.737057445509436
521.4637190861705,391.60791252593134,14.052350504374658,7.797163426857992
523.5742034593002,393.01341974189654,14.67953742486543,7.212489486205584
525.5999072600525,393.6562810009563,14.703996510388151,6.557879976758443
527.6394535853362,394.6647294301707,13.730561201337991,6.865280600668996
530.7061677608914,395.86992641542736,14.703996510388151,7.326381536534825
532.6519273163582,396.6999662037611,14.732686820143044,7.55283311665562
535.628017122595,397.62106933945665,14.079972847098702,6.900119143611278
536.7174489683821,398.64485638514043,14.477266731636973,5.19696754469021
539.9624124887749,399.6579639013568,12.311863588016081,5.011361560951286
539.598768868094,400.5193703386701,14.594684607380714,4.836610596631999
543.1140321580809,401.80336211047535,13.01329307888011,4.969643419887291
544.7654643403587,401.9133721228752,13.894149095667785,4.2872653859745355
545.160955092169,402.7403825874517,14.911035285009348,5.517165870341444
546.1751929069363,403.1911534895388,16.21623722063248,5.508753990160926
547.8289286675683,403.7967237705528,16.249021489364964,4.28321486958157
551.8234188554171,404.2647864413429,14.54933304905478,6.866741298852958
553.1184855871355,404.73245055168553,14.345362449159097,6.762813726032164
555.1192027634031,404.9601020227488,14.0054327481555,7.410641599752182
557.7100468637796,404.56684974876015,13.240769167470376,7.879190103177734
557.6459215535298,404.7422815409993,14.638124725605508,7.656865241085995
560.5107684249376,405.7007042090746,13.399514171900478,6.643456606236384
561.6006158004622,405.6854688831463,13.661303615048269,6.363961311357855
563.6812723239934,404.91689710853746,13.67221908184547,5.9769263745772605
565.6820966724839,404.58873798933155,13.744459457821222,5.7525967955487545
566.2690225648826,404.6167848831215,14.298792006276244,7.467146936610902
566.4157959798735,404.0708618994887,14.786610037868627,8.661612574483684
567.810950592791,404.5933264433837,14.469223286463944,6.587156126522473
569.6585279026842,404.9930474035756,14.329703143796223,5.345298798489637
570.5780293746728,404.84602376045,13.67186012515765,5.6048484050895695
570.9223920598737,404.57419443747557,13.733482597705915,5.710953159442056
570.885792350902,404.5269864523516,14.643469617714345,5.827503215212857
572.6970023489667,404.7515918252381,13.483501201270883,4.659739385733303
572.6263673309098,404.8595532474446,14.750725685033217,4.954442214820347
572.6263673309098,404.8595532474446,14.750725685033217,4.954442214820347
572.872669251252,404.4490500468743,15.735933366401923,5.118643495048445
574.6476031168039,404.6298832204882,13.875008179276278,4.597635846387391
574.8013139969594,404.66812127741923,14.121310099618427,4.926038406843645
572.8117426675313,404.643685276754,16.457063891518942,6.372472108370118
575.563890609824,404.5372562855963,14.037961825248544,4.611009358658293
575.8054362609839,404.5814848615379,14.40632983362093,4.382508104726071
575.7195061155325,404.5150078301177,14.779309246789012,4.941977224478364
576.5335536432094,404.3052539461746,13.898891586560808,5.212084344960317
576.6957851340791,403.89295294180874,14.439404037149302,5.5595566346243
577.6760096575529,403.45349504443476,13.703730023790627,4.879037005374357
577.6760096575529,403.45349504443476,13.703730023790627,4.879037005374357
577.6760096575529,403.45349504443476,13.703730023790627,4.879037005374357
577.6760096575529,403.45349504443476,13.703730023790627,4.879037005374357
577.6760096575529,403.45349504443476,13.703730023790627,4.879037005374357
577.6760096575529,402.63248864329415,13.703730023790627,5.700043406514965
577.6760096575529,402.63248864329415,13.703730023790627,5.700043406514965
577.6760096575529,402.63248864329415,13.703730023790627,5.700043406514965
577.6760096575529,402.63248864329415,13.703730023790627,5.700043406514965
577.6760096575529,402.63248864329415,13.703730023790627,5.700043406514965
577.6760096575529,402.63248864329415,13.703730023790627,5.700043406514965
577.5670608770982,401.4340520582937,13.703730023790627,5.700043406514965
576.6234915012858,401.97466479562723,13.703730023790627,5.700043406514965
575.4970340484612,402.0877447410212,14.902166608791049,6.026889747878727
575.7149316093703,401.65194961920287,13.703730023790627,5.700043406514965
574.6987338504811,401.54984289526806,13.703730023790627,5.700043406514965
574.7641396204865,400.67911374926865,13.568415611042042,5.798949410528337
573.6290186834663,400.81632603962055,13.399514171900478,5.404846052531298
573.617240669506,400.5865228330269,13.512115131328187,5.742648930814482
571.7026643836844,400.76806818480435,14.229792086651742,6.496209430862734
570.7796815899198,399.58535079871064,12.441719383070222,7.682591750201823
569.7398594475758,399.5571706164632,13.455814651614332,5.348545572817386
568.6464106181534,399.543038503397,13.860283554375883,6.138677117397663
567.5770807063448,399.5389972748697,12.884438638596293,6.586090222210544
566.7174324823189,399.5834509799352,13.5128112647119,6.717797600171025
565.5085890396838,399.68662246785914,13.319771103787389,4.671571894371823
564.4915926838331,399.3507034286594,13.597507502163353,5.0056758387084415
563.7018361493666,398.5434677939537,12.705892454969558,6.25047935284789
562.7750127472152,398.80198591673104,13.737317050183606,8.501372436793986
561.8856051410182,396.66531776385216,12.463140476447961,7.727285974599852
560.6651119372482,397.6886252492789,13.706993433930506,6.9933639969033266
559.4976189384319,397.7749515628138,13.473881300700441,6.573762157089163
558.633189926079,397.4470983893642,11.96424726535281,6.788225398781719
557.7413203655304,397.7511708031192,11.732457145919398,6.455413102121611
556.7150226974155,397.5327360854049,11.578756833964121,5.738144979663673
555.5870518834868,396.762120200287,11.804791747663558,6.745595284379192
554.7282271557866,396.6846318028474,11.58240958667136,5.430580319025353
552.6388564528297,395.6692647286674,11.87939444786798,6.576093355069759
551.6982217784958,395.6185798763241,11.878782959291925,6.496209430862734
550.6516686517689,395.53877516290663,11.655006430425715,5.7527916355306274
548.6321680144124,394.4427876331746,11.816914298045617,5.815654157153347
547.6897311903881,393.94993303624153,11.578756833964121,8.351050282903373
546.5901254961276,393.63598278169,10.809692105062595,4.898141735106492
545.394573919792,393.6412201087005,11.1191132692486,7.644390372608427
543.7044483617691,393.55291222603057,11.724839033670719,6.895252731960227
542.5834045148212,393.53767488207035,11.794541630383264,4.921463414116772
541.6686663341461,393.5983961483632,12.177987488201211,6.9481769104460795
539.5885062271034,392.48537165093745,13.01329307888011,8.04364965899282
539.5616546412139,392.63263508002757,11.816914298045617,5.382573528429134
538.6899439138356,392.03496295794235,11.599776768740412,6.7417506006354415
536.9341052099709,391.60201258750976,12.392923898226968,7.634041121307803
535.5911174574436,391.60201258750976,12.392923898226968,7.634041121307803
534.4752853765194,391.5049801379799,13.93744521054316,7.206678986914994
533.8923717347154,390.5238983581732,12.068794096766965,8.620567211976379
532.6596458979981,390.43320029495766,12.611307455906285,8.670273875935607
531.6555929850533,390.40892302035365,11.795473941443674,8.67177135616015
530.7048618228537,390.4743623940992,11.624835995413719,7.339768712432715
529.62642041508,389.6979218491531,11.625868931721357,7.9123591022931805
527.6726500943048,389.6826991035433,11.822492176424703,8.374265291634174
526.674613123849,389.56752309297104,11.693856469333696,6.798753761240562
525.6801419364456,388.87977091960937,11.937390895193175,7.428848411171714
524.7733347403824,388.71988739795387,12.293780507041106,7.832327903679413
523.6510631840148,388.7182399163709,11.597909071757385,7.784897870083739
522.5259865139138,388.6825799845476,12.064388943030849,7.733582655789007
521.5837710027369,387.62990559056504,11.822492176424703,8.948969772432633
520.6039820807682,387.4497675853913,11.655006430425715,6.87346533076385
519.6955230366136,387.71949181943313,11.693856469333696,7.478629137364578
518.7479546271061,386.6123341933473,11.599776768740412,8.228901468422691
517.6058991261147,386.6244991931363,11.638441791280684,8.661165984208878
515.2227671250687,386.30674825966344,13.386071925381088,9.296667851154496
515.2227671250687,385.6712463927178,13.386071925381088,9.296667851154496
515.2227671250687,385.6712463927178,12.273943658226244,6.913535850108474
513.264343890783,385.39147164496273,12.273943658226244,6.913535850108474
512.8009809555086,384.6964272420511,12.273943658226244,8.811007048076931
511.84170398941774,383.7371502759602,12.273943658226244,8.811007048076931
511.04732665573573,382.7838974755418,12.750570058435585,8.969882514813321
509.6174474551081,382.14839560859616,12.750570058435585,8.969882514813321
508.8500258822354,380.9972632492871,12.750570058435528,8.969882514813321
507.45331858477147,379.07679071527417,12.750570058435471,8.969882514813321
506.49552713691526,377.87955140545387,12.750570058435528,8.969882514813321
505.5040932250571,377.3838344495248,12.750570058435528,8.969882514813321
504.5448162589662,376.4245574834339,12.750570058435528,8.969882514813321
504.1110862940376,375.7016742085529,12.750570058435642,8.969882514813321
504.1110862940376,373.9749756695893,11.983148485562879,9.929159480904218
502.0006769686376,372.631987917062,13.517991631308348,10.121014874122409
501.42237034873284,371.6199513322286,13.517991631308348,10.121014874122409
500.46911754831444,371.14332493201937,13.517991631308405,10.121014874122409
499.5653741917465,369.8312438965776,13.79290753916223,9.605774893345142
498.88072609429287,368.5199025140937,13.71080689904818,11.083586415398202
498.51241961037744,367.74923086038996,12.77568012565888,9.11481272123035
497.2726277913064,366.8409959219433,13.400699995914408,8.933799997276253
496.53637136365114,365.6151730356261,13.780931374828356,9.02204859790919
495.99907198940844,364.4527416804366,13.343213692186566,8.670273875935607
494.6007751931128,362.5721492754572,13.82164224120993,10.833179053921299
494.2063285301335,361.4416969387012,14.078361548385772,10.310912683324773
493.4903977394866,359.66863697577384,13.887975993915177,9.937086271508235
492.7574064917593,359.06941156220597,13.780931374828356,8.228901468422691
491.5270745896281,357.1296331119366,14.005443704927188,9.592769660909028
490.5874634728412,354.56085404555665,13.887975993915177,9.697638409544197
489.74167108459966,353.6330806584344,14.525497119350348,8.119843110195859
489.58506938592717,351.43900321159015,13.72754633727817,9.260646338640072
488.6501922622666,350.67209894390464,13.884261513293325,8.504750594858649
487.7876855149883,349.66805592141293,14.415398070390665,8.290400607005836
487.6342338830422,347.58279929635023,13.661303615048212,9.206530697097719
487.61071827171656,346.1667271993779,13.67221908184547,9.11481272123035
486.83758913041675,344.523898010345,13.533071850326394,10.10469364824371
485.7464564026476,343.83995007255163,14.490187800460319,8.28010731454873
485.5217199973234,341.5369947813691,14.817034141824081,9.478543899549209
484.747979169913,341.1894972166906,14.599136580914887,9.042748777730878
484.5923519848894,339.6203264654557,14.023935532691269,8.530022643595714
483.58959342020034,337.8516053980539,14.867604356760921,9.488370619641387
483.7297372725429,337.2105951957838,14.525497119350348,7.939402152191462
482.4702202628774,335.5594108665805,15.44438709668151,9.218742685616121
482.54288398572703,334.4801779186874,14.976599514361226,9.473150295228493
482.2418964782539,332.7557702757512,15.143880483187843,9.478543899549209
481.5542009346617,331.7789626634157,14.886379035359028,9.022047900217615
481.63284627547904,330.5269325683728,14.718181197396518,8.815966402501488
481.67574843458726,328.9911701593634,14.778115220530935,9.687875533459192
480.7586736800086,327.7612349547615,15.595232880741264,8.670273875935607
480.54851426160974,324.31331024269724,14.871508677872328,9.716052336209884
479.7172140036017,323.63914728887914,15.517020981557494,8.948969772432633
479.8722201047808,322.4100571723215,15.393078035406461,9.077969097803816
479.5538533855414,320.79616816775246,15.76414331294751,9.563082199323617
479.3355834874518,319.6458122341747,15.091739095807611,8.89067798218366
479.7900073810435,317.69182850495656,14.539135392883338,8.909087219468915
478.6767212624145,316.50059172436517,15.76414331294751,8.442408504090395
478.8108982115643,315.1486131408429,15.529033972824323,8.7853498969763
478.792026649711,313.7130940896032,14.61571759835249,9.022047900217615
477.90159045425634,311.90080243178096,15.352819701329338,8.784768492204478
477.586636817992,310.7587832936575,15.76414331294751,8.292985344725935
477.71223701215087,308.88794948501186,16.25592674258405,10.016278093915389
477.6757205868398,307.20584743438974,15.608142867376444,9.292709337224096
477.58541619932043,305.6132576348194,14.817034141824081,9.696441460458402
476.78862345955986,303.8036904405132,15.70783384016903,8.726574355649461
476.7821418818728,301.97983396412775,15.681222261785592,9.195271692774782
476.57119051045026,301.46641691535416,15.788583825380783,9.743811732234974
475.940755502406,299.61903154431525,16.287124370723063,9.338947460276984
475.87469099977426,297.72911182467607,16.14946574138952,9.834032211237172
475.6137996409144,296.9998144452325,15.565512416173021,7.931471294865219
475.60149067133085,294.30612149294655,15.688624385460798,9.260646338640072
474.5619302139156,291.51737775255964,15.656207574473228,8.946404328270432
474.8084325774255,290.4224812282261,15.325125427477019,8.530022643595714
473.7665093576102,287.8768224049256,16.40217854453772,9.937086271508235
473.95179964435977,286.91931830506735,15.143880483187843,9.587492680003834
472.97746049114176,285.84208004001357,16.192585357334224,8.096292678667112
472.939231436201,283.4245310202112,15.469702082453239,8.963752608524317
472.643033093878,282.40330967141153,15.469702082453239,8.963752608524317
471.69375042612785,280.7914024477187,15.903432047381841,9.10832926350048
471.8415209218496,279.77940193369625,15.252829263642411,8.28010731454873
470.65101261108936,278.4574954535596,16.3380273826981,7.96376209106387
471.11124718382183,277.03025214146516,15.261513265873077,8.02545094153669
469.4877902696952,275.7277968772723,16.457802936845383,8.328044859608497
469.5885080176143,273.6715830159524,15.906521946369935,9.914339021367596
468.7357991208407,272.4890568445618,16.996009750915846,9.042748777730878
468.5610124582238,271.3606699306185,15.579675605006173,8.715902436367116
467.7144064206782,269.4127491053751,16.457802936845383,10.013482509767357
466.5573757922753,267.7784911499469,16.996009750915846,9.042748777730878
466.89203062433825,266.69000581080604,16.91546863221521,9.397482573452919
465.5820284445853,265.55717011872326,16.996009750915846,9.80539024091297
465.6593744197164,264.26704519909055,16.04642214037665,9.691403470920534
464.5826580081899,261.75489509339155,15.732142243890792,9.209058874472646
463.96327000389374,260.7575161422324,15.923282820609586,9.338466616598112
463.6647955036578,259.3217066058263,15.728671206903812,9.532528004184144
462.5962609867698,257.6917337247969,16.669163409552084,9.914339021367596
461.7576389255498,256.49710970955294,16.91546863221521,9.542059228429082
461.5002132109709,254.15681342507634,16.778112190006652,10.132236582276732
460.88919449830735,253.4290052016814,16.521902475519767,10.176534133472302
460.75897245367565,252.68247102369818,16.560214629097516,9.696441460458374
460.2829336981684,251.4694115064024,15.88754550865201,9.602362670064366
459.3683039471376,250.0809544175001,16.996009750915846,10.676980484549688
459.5927502501476,248.47524939361568,15.688624385460798,10.241185362731358
458.57914710892294,247.35337893761192,16.314031422140147,10.788311101737861
457.49225404807675,247.46857596033058,16.971855269807122,8.551710019670253
457.68887811179735,245.2396960225968,16.307708423545307,9.400914267690837
457.03169868951795,244.4939359987357,16.761350337483805,9.218742685616093
456.4460439489615,243.14065159744285,16.656089719216993,9.418622162652468
455.51675462034825,242.00787784782057,16.761350337483805,8.979294823652026
455.6555968361016,240.53324947418855,15.803558889627595,9.697638409544197
455.72302735127073,240.16573412349314,15.758855392405621,9.39748257345289
454.421705663692,238.793336638495,15.758855392405621,9.831212538381493
454.5607535104787,237.89681234058975,15.36722563380141,9.517765553838274
453.78362437437556,235.5629076347327,15.656207574473228,9.2095338673372
452.36420811530144,233.9518039119737,15.923282820609586,9.458190547580159
452.6721031790667,233.87965791311098,15.664655807358827,9.418622162652468
452.38248002629444,231.93674673292932,15.923282820609586,9.577914478562178
451.74459103968337,231.73976171360073,15.923282820609586,8.620123030705969
451.5278078705626,230.0869024941662,15.887546673640259,10.326905337866151
451.75822482252255,229.10296697129962,15.683834958645548,9.099018754634074
450.76746511079165,228.4834954916275,16.32990669939386,9.834032211237172
450.7881148010117,227.61295767614368,15.862942589730494,9.319478771466663
450.63668220946215,226.61204200010073,15.763799198544632,9.914339118581552
450.46780789846184,226.3752388004435,15.688624385460741,9.914339021367567
449.39816545080834,225.55152499344382,16.01547072682456,9.805390240912999
449.346566174879,225.07736883501835,16.04642214037665,10.326905337866151
449.3787312331667,225.73475443851612,16.06213392083498,9.078597433515426
449.35316770406234,225.36833539823752,15.927524182127797,8.948969772432633
448.5701101452031,225.48865271286874,15.688624385460798,9.151697558185447
448.62293972627367,225.5900714617532,15.517020981557494,8.620567211976379
448.73688245630456,225.42340499184044,15.683834958645548,8.859570892670007
448.1815283126277,225.77790879674922,16.23672233301795,9.427774257881396
447.1081600615258,225.14362027605094,17.20462194216759,9.2529059184767
447.5580454979211,225.51445533030025,16.12441950727913,9.042748777730878
447.59076292634677,225.87899309336484,16.113046414140115,8.974354964837516
447.59609245539343,225.43568805245818,15.157040472365566,10.10469364824371
446.61148862419316,227.15609019679442,15.681222261785592,7.7995608108357715
446.61464217605965,227.50049854647682,15.841096263690474,7.750579287814219
446.80995813635377,227.5757749725976,15.969024783385123,7.8491816731892925
446.31942082955504,227.44257490613955,16.04642214037665,8.579275203765718
446.7586947973981,227.5091113011377,15.44438709668151,8.500399099723921
446.70160435926874,228.03736448271442,15.129948496339694,8.42014525013687
446.56972195317604,227.93804046759652,14.79615855635683,8.570945505206709
445.6022209448988,227.95067734665233,16.009624822241847,8.702667852090457
445.7882607413268,228.54310225229926,15.76414331294751,8.591831663454826
445.7338973373359,228.59900164139168,15.841096263690474,8.634417276775508
445.53710928800785,228.59337360909024,15.788583825380783,9.022047900217586
445.4788014994517,228.53628139170323,16.16037276328791,9.815195727395718
445.462006606395,229.25469374838582,16.233368287733754,9.696441460458402
445.2432916871727,229.45183138252003,15.143880483187843,9.260646338640043
445.5330463242419,230.52444646790795,14.848478699114878,8.661612574483684
445.5357813762193,230.64788825674103,14.867604356760921,8.81596640250146
445.79432543240137,230.18658910321577,14.20899510960595,8.81483955873702
445.9319325518343,230.77229822195736,14.419334878667655,9.563082199323617
445.7216023641068,231.66799551516942,14.976599514361226,9.653591253232833
445.6982273510719,232.2218120513109,15.066819993363367,8.751386463211077
445.87807341572085,232.34624303329727,14.726043510789339,9.697638409544197
445.6396982861007,232.12996863961249,14.942316500759034,10.098378734029467
445.6839799042935,232.73120430193032,14.753295661891968,9.926180491411202
445.65134297309373,232.54066348937027,15.76414331294751,10.9078906336035
446.17301331931037,232.9555000777377,15.168938851429743,10.70748624806808
446.4567966832945,234.33264888710457,14.871508677872328,10.211769292138996
446.8503905622915,234.97492696617874,14.457667473012634,9.055901603974945
446.91776922585854,235.29226835899365,15.393078035406461,9.735792945470735
447.82477487367345,235.91407673805793,14.313088842643651,9.108329263500508
447.03431425734175,235.86305442970755,15.778597893185633,9.759520972984262
448.66282980580536,236.96414155932266,14.696014580416886,9.27737233288886
448.73144712971015,237.77011716066002,15.268082242615549,9.517765553838274
449.8924847915817,238.76677824215915,14.276648330757439,8.030614686051052
449.8819896846851,238.78903078447047,14.367612019960632,9.359472973002937
450.5603843220624,239.74120292318773,14.845767441771386,8.739846961687988
451.31714766676924,240.43623797192222,14.366871717843253,8.859570892670007
451.63788215334415,241.06846635456895,14.792892777078748,8.89067798218369
452.28294906926504,241.6302411436004,14.778115220530935,8.53846657186233
453.7333821388869,242.83065972724435,14.772365286686522,8.62547503316594
453.8929505895856,242.9488902313252,14.613913940302837,9.27737233288886
454.8137892662939,243.90541039729032,14.367612019960632,8.292164651520125
455.5888084251065,244.6070430568896,14.942315936443151,8.96538956186589
456.460531617252,244.68854635136543,14.25483568234381,8.570945505206709
456.5926366258037,245.77554716403114,14.957258274729213,8.498442201550688
457.54477954385055,245.64479780288366,14.871508677872328,9.517765553838274
458.7704328492564,246.74270603871895,14.490187800460319,8.60695365591252
459.85263168092956,247.36110648738912,14.613913940302837,8.866869132318584
460.65872918088013,247.8355238713917,14.472124648672718,8.288580480603486
461.80900840147683,248.4392623672632,13.836495117732795,8.715902436367116
462.6898422531404,249.66541884272533,13.713512808330734,8.39050454720234
463.6156245557551,249.8106467673939,14.696014580416886,8.374265291634174
464.41056183534613,250.30566748975141,13.957108819390328,8.866869132318556
465.45067890894086,251.85397499891832,14.685308124279572,8.838379889612725
466.2861424153661,251.68940409080153,14.25483568234381,9.92425269023937
466.7409367088401,253.3907438869645,15.714639956563246,8.166663284513191
468.658397076685,253.87227839101897,14.494046458349885,8.517120083772596
469.44570519766535,254.76319094857993,15.025245812341609,8.090516975876227
471.0019152463207,255.91422598576153,14.07439472433947,7.037197362169735
473.3702226934628,256.7264418454577,14.120488559938792,8.815966402501488
474.7488159041933,258.00803433737894,13.7469306615277,8.143562185361532
475.3385491125806,258.6133171863842,14.845767441771386,8.141227306777864
476.67510406489197,258.0757260350222,14.726043510789339,9.697638409544197
478.4090621342101,259.82034076879575,13.67221908184547,8.89067798218366
479.8262788205114,260.496098486407,13.623292329328592,7.939402152191462
480.62545314356345,260.9255323453023,13.8143008010058,8.551710019670224
481.0695033079948,262.61630133204017,14.998383726806253,7.762321402469922
482.6032527669657,262.6638810711418,14.886379035359028,8.570945505206737
484.29286289660735,263.3599327810879,14.127423855879215,8.021503375795817
484.38006025695347,263.5967413218784,15.035972117524636,8.963752608524317
486.4627026014048,264.6168581997373,14.007699924897167,7.782055513831779
487.5351365776712,265.78859672923335,14.4865956488253,7.422883720885693
489.051021188505,266.6816048737127,14.43527664034815,8.300284068200199
489.8362586335727,267.48645793058574,14.550296198432818,7.838715909719099
491.6242448503501,268.85180250760794,13.67297413543497,7.795451317035315
492.7523389288267,269.469670300438,14.345056161345951,8.02962263119366
493.6415990420626,270.75410604336366,14.821283199504421,7.478629137364578
494.42467504641473,271.6943047700902,15.02441714087314,7.96376209106387
495.93151551456504,272.5614620182962,14.121310099618483,7.635359530607673
497.7124791599781,273.3070254738439,13.73478222273883,7.517986058762347
499.3694992027232,275.50374628618744,14.1633414590965,7.408517070912012
500.7223592632767,276.89508677157477,14.486595648825244,7.542607651867684
501.8977155810964,277.55819451088007,14.364250993508051,7.645488432028458
502.76149921121475,278.56865710935386,14.735254187739542,7.499191863403155
503.82380228994026,279.4553373708679,14.61391394030278,7.7995608108357715
505.37176365381964,279.8939386270647,14.163341459096557,8.171158534094161
506.75920289648747,281.79853482051203,13.48350120127094,6.840893991821247
507.51656417904815,282.31553573615855,13.967072974639109,7.85647854823452
508.7134115312972,282.36620241591714,13.549236812942354,8.042925962020547
509.82879937163085,283.82155946216966,14.490187800460319,7.517465851366637
510.8079525921513,284.54026581333306,14.276648330757439,7.832327903679413
511.81818926434516,285.9164625476037,14.435276640348093,6.495874488156687
512.5367977739928,286.064388671775,13.981041072803464,7.467146936610902
513.6582406866748,286.5410182460604,13.880074766014104,8.030614686051024
514.5779074556168,287.51557674937277,13.945865570539127,7.367627093869771
515.6811789812549,288.75737191682015,14.472124648672775,7.630756632936539
516.7910821220337,289.3037689370229,13.82216560606696,7.308271469874512
517.1035747708378,289.69069344093987,15.538368684285956,8.20565537260046
520.155212697988,291.930348178975,14.247147786861206,6.345368342047436
519.5140954407437,291.40335101000886,15.05929539641977,9.03557723785184
521.5413590108728,292.1849288325406,14.139916539539854,7.626022403347292
522.7328069425864,293.5477813067667,13.409080269987044,7.782055513831779
523.7174258526743,294.4797514798369,13.50441467259418,7.784897870083739
524.7958882718953,295.5149894740835,13.528804200969034,8.141227306777864
524.5955130050834,296.4654291307299,14.753295661892025,7.614604212589427
525.7983556146169,296.33536815552094,14.426270174608135,7.737043162531961
526.5438611143662,297.13214448630083,14.67322189550066,8.129758077236886
527.8818621207735,297.7341298250011,14.177504939571577,8.030614686051024
527.8790443512383,299.4251144578142,15.465296994218647,7.0228884901283095
529.2872713682146,299.41517974247296,15.166450675489841,7.919427446314899
531.1343203944509,301.001514059731,13.29175121545984,6.8637731686391135
531.1186448128865,301.4836172678641,14.1633414590965,7.9532609731849675
531.7895744133654,302.95420855614987,14.340559879139391,7.367627093869771
533.6272798542993,303.4570148982448,13.814300801005743,7.499191863403155
534.68702989143,304.6094637559763,13.546605618820081,7.306956970151418
535.7951989552299,305.4854573835025,13.382404338591869,6.65015184923891
536.3485356969481,306.4071208500565,14.044186102912818,7.4242393495574674
536.849297514322,307.2539007752581,14.413357973829989,7.410641599752182
538.8688545784357,308.45763332819143,13.30030369847782,8.045862731177976
539.7403160345262,310.4516382635011,13.79290753916223,7.389057610265468
540.7365036291105,310.6268622583842,12.781657071132258,7.9545419006514635
540.9058843479808,310.3879765095395,14.345056161345951,9.202488858221955
542.4151479670727,312.48293218138326,12.810460615076863,7.901779444813769
543.065486300887,313.9041070138519,13.02491218380544,7.2360623243363875
543.8957059277657,314.55236769017665,13.713512808330734,7.758961194187123
544.4461175640954,315.48463669162936,13.384357810085135,7.634041121307803
545.7098295409935,316.3361638723729,12.64349857756531,7.5532588904935665
546.3311425889449,317.0540605813878,12.867322292881681,8.240869333643332
546.7705980977522,317.73017041617055,13.713512808330734,8.480725026204539
548.0514979611822,318.73612183950746,12.315096017109113,8.292164651520125
548.8471247872245,319.5219101230715,12.50970692068256,8.90636742722512
549.727026417337,320.46908302735875,12.611307455906285,7.769466200513705
550.86576343118,320.1999381306009,11.875417069550167,9.36959511909464
551.7922236634154,321.9059212262505,11.43962194773178,7.299568290457444
552.1984812546453,322.8515067676847,11.85266916722071,7.0637119279396074
552.3132758364221,323.4829419775283,12.54064658130244,7.578520236182783
553.0462031961146,323.78123627700967,12.451288822130778,7.782055513831779
555.8941481253672,325.36945534077586,11.25404951231053,8.50039909972395
556.9197120933088,325.48362456713033,11.85266916722071,8.979294823652026
556.8620100109571,326.2372797161452,12.919542501541173,7.85647854823452
557.6139100957729,326.69500957597097,12.919542501541173,7.85647854823452
558.3151964709972,327.21405557585996,12.810460615076863,8.50039909972395
559.3758245193342,327.83259516922067,13.02491218380544,8.946404328270432
560.2691088511336,328.491537796071,13.182802435005215,7.735363412275831
560.8099726108289,327.9621010666573,13.509648776368977,8.389056095003355
562.3990118068905,329.5466167999067,13.02491218380544,7.630756632936539
561.9947623219139,329.418571955523,14.298792006276244,8.10264880355652
564.3318096107928,330.42082039765296,12.855956093641453,8.062209753639593
564.540582548358,330.156458537516,14.247147786861206,8.500399099723893
564.787229245866,330.26970488747975,15.919337113539996,8.288580480603457
565.3494652463627,330.4989296683425,16.259516154473772,9.02204859790919
568.0408790335746,330.86104785078663,14.87150867787227,8.427188250794302
568.7725088111749,331.40893927157936,15.367225633801468,9.220335380280801
569.4549664143851,331.35680181260034,15.315873834854187,7.919427446314899
570.4338162137685,331.45945785049776,15.180548772500856,7.807139368714729
570.6478186615766,331.8555437028324,16.04800870235806,7.951716023690892
572.1267512172412,332.04108565546295,16.16037276328791,8.328044859608497
574.3050167177715,332.0820639221055,14.891395462548417,8.385445988619495
575.46516463186,332.2157922260747,16.40217854453772,8.260951237759855
576.8470158059952,333.0125253251698,15.524642804939845,7.630756632936539
578.3311638803498,333.6050040483313,16.043006751591633,5.746748687137313
580.2757429130396,333.4005107389264,15.469702082453182,7.373409403786127
580.0815267475655,334.61716220164806,16.585899157383892,7.332713311685552
582.1380323214456,334.69382841045916,16.40217854453772,7.422883720885693
583.0798649983897,334.7086325817661,16.233368287733697,7.735363412275831
584.2380793873128,334.44438910124717,16.192585357334224,7.6625627137385095
585.6673266818183,334.6015415820292,16.626315322262826,7.807139368714729
587.5865593163605,334.707789425415,15.252829263642411,8.715902436367116
587.4332694670434,334.4191989207543,17.25095006633194,7.832327903679413
589.1859492395479,334.85014788407693,16.68192400732221,7.626022403347292
589.6016984240475,334.5998418528517,17.49377525212003,8.530022643595714
590.0060519161111,334.80459221284724,18.801828535381674,8.057926515163558
593.4211848347087,334.48287882506696,15.96902478338518,8.480725026204539
594.929887930439,334.45861363430777,15.903432047381784,7.51798605876229
596.239052063156,335.0558949749375,15.517020981557494,8.866869132318584
596.4633313744276,334.927919415179,16.641626406501814,7.901779444813769
598.2092844887698,335.68575040992135,16.481738667286663,7.807139368714729
599.467034811839,335.9533983669798,16.04800870235806,7.228832748809907
600.413076605779,335.4555498663918,15.919337113539996,8.42014525013684
603.3476617769088,335.4074904829647,14.965491372753377,8.739846961687988
604.3579128165591,335.1251512327531,13.734782222738886,8.819175953548097
604.9810124548507,335.7298595458607,14.735254187739542,7.2360623243363875
606.0522783337738,335.63893942564374,14.340559879139278,7.630756632936539
607.7391169829083,335.57536988672837,13.483501201270883,7.5348977301219975
608.291901337832,335.38616106536426,14.164615203341668,7.758961194187123
608.4401467612488,334.88190646976557,15.168938851429743,8.129758077236886
610.5494878715723,334.0761649383764,13.648528131951139,7.901779444813769
611.6808002803119,334.67766451344863,12.991748976313374,6.946976883167565
612.5966744959516,334.6860698770365,13.172189934317657,6.044772093145809
612.7985305508074,334.40345854866297,13.79290753916223,7.224856330037369
614.2093269840618,334.7684819134889,13.086927636527662,5.65117329759147
615.4762333958229,334.789612612402,11.897206942297885,8.526331641980107
615.3401259902131,334.35517551996537,13.551171261938975,9.735792945470735
615.937011939307,333.6614073737659,13.156476953338824,9.867357715004118
616.847499986332,334.2422716749197,12.761782644738673,9.472663406403967
617.1172770333591,334.2399908379867,12.86891280564862,8.897026137238527
617.9413795731713,333.80258285650683,12.470600559181776,8.44163730159994
618.560608792811,333.35542848456964,11.566132398095874,8.530022643595714
619.5423645171179,333.55665053563735,12.289015672976802,9.10832926350048
620.7691654557898,333.56260350043175,11.597909071757385,9.214777070711364
620.7209836735967,332.8962658872215,11.875417069550167,8.933799997276253
620.7526219934698,332.9127041420326,12.571012753112882,9.099018754634074
621.0091155936813,333.25407969948157,12.744954089358203,8.554832196966458
621.4725817911127,333.5911269326582,12.97416218768467,8.340532834940177
621.0035760408305,332.8011142908043,13.90088805823359,8.108851367302918
621.2877994416666,333.06992021411503,14.07743034007251,7.630756632936539
621.7624401959805,332.2730644932985,13.443307738090198,7.85647854823452
622.5558097131288,332.6165575970745,13.049908477040958,6.225644411065389
622.612234222448,331.8786528693656,13.301052257810284,8.385445988619495
622.7456603193135,331.3518357848535,13.82216560606696,8.26152427029291
622.9313747300223,331.25303935707603,13.551171261938975,9.077969097803816
622.7040908557836,330.7721659957764,14.07743034007251,8.946404328270432
623.6674985491952,330.60727620280807,12.86891280564862,8.738150670502137
623.726630159184,329.84741191779835,12.964904874096078,9.478543899549209
623.3112790728111,329.45368391399484,14.168512187667488,10.554095813262506
623.3882196923698,329.7512765822961,14.007699924897224,8.50039909972395
623.6646528954869,328.9736106802233,13.76825206293313,7.183435858921655
623.8701480427576,328.7208956850562,13.727546337278227,6.64587560772992
623.8712037063885,328.2210362449459,13.445628912786447,7.951716023690892
623.7485233384657,327.510353059894,13.68273603147236,6.972932785269563
623.5375927615156,327.1872112555714,13.82216560606696,7.943773336820129
623.6962551149896,326.9782350133347,13.528804200969034,7.5426076518677405
623.9859786759166,325.90802965066155,13.483501201270883,5.65117329759147
623.7230627683184,324.775664649546,13.582644592456745,5.353743124034054
622.964602689416,324.58858961271255,14.457665497619814,7.6625627137385095
622.9809309607152,323.8607384942682,14.005443704927188,5.180095616890867
622.8080499372838,323.42435645609817,14.340559879139391,5.78884985946911
622.8906700634709,322.5365885460739,14.616542939749024,6.355018669456115
622.6368032119021,321.386029577728,14.457667473012634,6.831645069665285
622.4805938409856,320.7101910626515,13.617896150273168,8.554832196966458
621.6159698730182,319.77099452984527,15.180548772500856,8.385445988619495
621.2554077513813,318.30717226394034,15.179769583747543,8.22237519119659
621.6167923669304,318.2225645923659,14.457667473012634,8.26152427029291
621.6739854138376,317.3668682571399,13.713512808330734,7.127417841171905
620.8416357382935,315.7794476352073,15.470726824551662,5.883234144547771
620.3654610934569,315.160035031635,15.093169339958195,6.513894136192505
621.0787425802241,313.4991472490244,14.139916539539854,6.355018669456115
620.1308356691935,312.74192104294417,15.39059971685515,7.379054658766165
619.8387898921657,311.06572599312585,15.189191859920015,7.158124899502525
619.4308595171124,308.4870471929543,14.75810931753233,9.065695723627016
619.8545598159868,307.14420864275814,14.50076758741875,8.449481615394745
618.8760126613058,305.9429416717441,14.60224215259609,8.096292678667112
618.9138940789716,303.5742265451594,14.313088842643651,8.674599298571877
618.3363390746762,302.45766438142607,15.03597211752458,8.819175953548097
619.039469236353,301.6158635822496,14.125618918209511,8.85486559051941
618.1014358426135,299.899532857894,15.093169339958195,8.26152427029291
617.5574285841006,297.66987787553444,14.726043510789395,8.62012303070594
618.1150361839939,296.6798823912629,14.125618918209511,9.065695723627016
617.7840530808121,295.57133715056557,14.472124648672775,7.762321402469922
617.801079068437,293.71762752904397,14.336449051317118,9.276525856734622
616.9086610320381,292.1264667501732,15.22449237635169,8.65622979947841
616.7326665802985,290.2372403508263,15.569795740167478,9.532528004184144
616.8096358104807,288.7526622635158,15.363780272102986,8.904009021332456
616.4258580032483,287.60695852452534,15.986021266968692,8.572214302577379
616.3646011480756,286.3233993515967,15.986021266968692,9.267258705489041
617.0183712574683,284.4454257024897,14.49421815972471,8.827267158703762
616.1777485853387,282.5983212755297,15.325125427477019,9.542059228429082
616.1666546736304,281.3710841740854,15.189191859920015,9.602362670064394
615.8360717305515,280.15319781964456,15.348431457454467,7.866071121945424
616.0054543021797,278.993706643015,15.538368684285956,8.20565537260046
616.1537890691274,275.27658299746133,14.125618918209511,9.065695723627016
615.20977322517,273.154204421135,15.569795740167478,10.326905337866151
614.8860533400411,271.80800575325304,15.569795740167478,9.055901603974917
614.8425638609591,270.70027326977333,15.728671206903869,8.897026137238527
614.8401652161771,269.65537963735375,14.866818957272926,8.157015711070073
613.925570719,267.56633903373984,15.923282820609643,9.458190547580159
613.6154496575891,265.39911181704764,15.39059971685515,8.433205324304197
613.7672322637868,263.07700129955873,14.775418406485414,8.579275203765746
613.604759720865,261.82622693214256,15.069795460243995,7.634041121307803
613.1067187753612,259.60317137383385,15.180548772500856,7.084256093833744
612.5370761860038,257.7620989870142,15.15657606423622,8.44163730159994
612.3958584638272,256.0754573115752,15.129948496339694,8.157015711070073
612.7483239212223,253.1481658489824,15.05929539641977,9.730621640763502
611.8864511364798,251.77905041910506,15.180548772500856,7.951716023690921
611.5261304399459,249.24987481001943,14.891395462548417,7.951716023690892
611.71019813518,247.60755096795634,14.61571759835249,7.8491816731892925
610.8725996822318,245.63324999098592,15.361778044097036,8.824851216821685
609.9397068949353,243.6396283331911,15.204939234717472,7.782055513831779
609.9557506308053,241.83682531318829,15.367225633801354,8.328044859608497
609.7682330664002,239.5121765546677,14.772865277799838,8.825348088036293
608.7889257918271,237.50965309745243,16.04642214037665,8.897026137238527
607.4622872878228,233.56296903001243,15.788583825380783,8.751386463211077
607.3896823475484,231.69049704302785,15.106517780987133,8.292164651520125
606.8787380006911,229.8148263427544,15.393078035406461,8.288580480603486
606.6950750189221,227.53648831240127,15.564111027663557,8.739846961687988
606.0317085901888,225.92882168110125,15.758855392405621,8.530022643595714
605.4184249264931,223.73443077529618,15.903432047381784,9.686635883405302
605.840740580296,221.8799919066951,14.840015035554075,8.904009021332428
604.5228093636086,220.773584818666,16.02309011617797,10.541506655380232
604.9415382872886,219.0289306660406,15.728671206903869,8.261524270292938
604.5094524204883,217.61241124542212,14.708085361369513,7.735363412275802
603.8506251899255,215.75842913739024,15.361778044097036,8.280107314548758
603.907246946957,213.4651305432049,15.085215303735367,8.739846961687988
603.736949989328,211.83206889854273,15.732142243890848,8.825348088036293
603.0643442762946,209.56068106340442,15.410920273431088,9.691403470920534
602.5558616123349,207.99726053374619,15.88754550865201,9.078597433515426
602.8003110459059,207.04839442731532,15.656207574473228,9.077969097803816
602.4977973397282,204.8747638863475,15.728671206903869,9.214777070711335
602.6764304239167,203.71653905450069,15.88754550865201,9.253185845698397
602.332969757832,201.38797603244126,16.192585357334224,8.963752608524288
602.74956781992,199.95739629172365,14.616542939749024,9.055901603974945
602.4148176940156,198.80911182401127,14.735254187739542,9.2095338673372
603.0223070709716,195.50030305571912,14.866818957272926,9.2095338673372
602.5115379453703,194.72907893985158,15.862942589730437,8.62547503316594
602.6295020248116,193.52308090748153,15.732142243890848,9.784625054127218
602.6520117944194,192.27475025510634,15.887546673640259,9.214777070711335
603.7259718860032,191.38861319994447,15.252044806694585,8.261524270292938
603.7026438403768,191.3574815699827,15.466369024987102,8.228901468422663
603.2580979951509,189.29999968527804,16.05090188307338,10.262052023604298
604.7000955572481,189.71814802895463,15.599121621671543,8.53846657186233
604.8807345103999,188.48733679966594,15.579675605006173,8.498004875457923
605.2682370022152,187.71734072661494,16.115853030327116,9.017203481254484
606.0490951062927,187.73036165482733,16.577160961206914,9.867357715004118
605.9360768616286,186.35127850481848,16.585899157383892,10.9990699675283
607.4158263240782,185.8316194572203,16.06213392083498,8.38024378478346
608.4412218205317,185.27213719086527,15.728671206903869,9.055901603974945
610.4161408084176,184.69650259496527,15.247260951367707,9.112268379219756
611.0765900932208,184.5215322245486,15.887546673640259,9.850278937656952
612.0586950491568,183.9905552635659,16.314031422140147,9.341098636870584
613.1175289956507,183.44437627746075,16.192585357334224,8.674599298571906
614.1132296774794,183.17176801855237,16.043006751591633,8.141227306777836
615.6127585640951,183.0539035624649,16.451265848642947,8.60695365591252
618.2970827199606,180.65688498211045,16.655580515500787,10.11984638916502
619.5429043474654,179.49236561518492,16.996009750915846,9.151697558185447
620.4176931353484,180.37874551234214,16.337162012310387,8.674599298571906
622.0313691327194,180.21193118312166,16.41131074520092,8.38024378478346
624.1117548056044,179.66911242827942,15.093169339958195,8.261524270292938
624.540412065422,179.13765509800075,15.459587934578053,8.825348088036293
625.8344393690585,178.15570373695635,14.165560630941513,8.644035457411803
626.0445841278702,177.7283474324441,13.955415872129834,8.979294823652026
628.3594219922957,176.2362945348445,11.640578007704335,10.525181562671065
628.5182053405929,175.1455998690488,11.481794659407115,10.69867246823867
629.9378858723027,175.07496162559875,10.062114127697328,11.348246791894269
0,0,0,0
0,0,0,0
0,0,0,0
0,0,0,0
0,0,0,0
0,0,0,0
0,0,0,0
0,0,0,0
0,0,0,0
0,0,0,0
0,0,0,0
0,0,0,0
0,0,0,0
0,0,0,0
0,0,0,0
0,0,0,0
0,0,0,0
0,0,0,0
0,0,0,0
0,0,0,0
0,0,0,0
0,0,0,0
0,0,0,0
0,0,0,0
0,0,0,0
0,0,0,0
0,0,0,0
0,0,0,0
0,0,0,0
0,0,0,0
0,0,0,0
0,0,0,0
0,0,0,0
0,0,0,0
0,0,0,0
0,0,0,0
0,0,0,0
0,0,0,0
0,0,0,0
0,0,0,0
0,0,0,0
0,0,0,0
0,0,0,0
0,0,0,0
0,0,0,0
0,0,0,0
0,0,0,0
0,0,0,0
0,0,0,0
0,0,0,0
0,0,0,0
0,0,0,0
0,0,0,0
0,0,0,0
0,0,0,0
0,0,0,0
0,0,0,0
0,0,0,0
0,0,0,0
0,0,0,0
633.3010995466987,156.91451403175193,6.6989004533013485,8.539100914352076
629.0839278658882,155.03411592950988,10.9160721341118,10.838842667793898
629.6506838538363,155.7766348083291,10.349316146163687,10.776705934588279
628.0871494107276,154.28180595694778,11.912850589272352,10.395427200080775
626.0204306443675,153.1786197250352,13.97956935563252,11.509222971518028
624.7782515731149,152.62510160247248,15.221748426885142,12.239512573651268
623.429671866764,151.79322375925847,16.57032813323599,11.824192001229704
621.877617227515,151.61562460384735,18.122382772485025,11.37545551781841
619.2272122572549,151.99803704154613,16.506710117550142,10.631440414693316
618.0717446341338,152.01302042250788,16.233920249285575,12.017317587133448
616.4662395426923,151.3497502739088,16.80326961075218,10.43839475819459
616.0124505514217,150.82643575050932,16.54867461664992,10.692989752296882
614.6545610566848,150.5256835499738,16.449384202243095,10.657347511312423
614.2206973358684,150.7380851015092,16.233920249285575,9.909016256057413
613.0882814524499,150.22657405118753,16.217702734605837,9.96230310840076
612.1182924894694,149.7556354623644,16.803269610752295,10.947584746399201
611.6760906659287,149.84837331241766,16.825642324856517,10.974339693234157
610.8279717484382,149.64099082936667,16.314031422140147,10.525181562671065
610.1464937710145,149.8334435894787,16.935075981749947,10.300716318796333
609.476787955821,149.37692311131556,17.288070914823606,11.173997054703051
609.673255684154,149.57536887912573,16.294079622547656,10.18379976409227
609.4417978091523,149.7457308772856,17.077240781716,11.173997054703051
608.6693711284805,149.31213306442191,17.21690564859,11.682900261543239
609.19805487947,149.39018785404994,16.909460904865227,10.760566030368778
608.864480527111,149.5891799200453,17.476301341004273,10.803531738075378
608.8049464600289,150.17764780582908,17.70973118103882,10.11984638916502
608.6771455947826,150.38775612860294,17.498901047931213,10.330676522272626
609.5745048516943,150.71160114577873,16.691419209981746,10.552046626999925
610.1183548666091,150.95993973945076,17.376110072792017,11.352391914224114
610.7769716696803,151.75581600904638,17.077240781716,10.963166921595445
610.9206888011756,151.7567758827853,17.476301341004273,10.64465627133896
611.960502743326,151.6946623586586,16.233920249285575,11.806487454025842
612.8253931730587,152.04860643132287,17.349198597143754,11.566132398095874
613.6129110508566,152.24152891691003,16.481738667286663,11.855285708048257
615.0001208533084,152.73857789295624,16.481738667286663,12.144439018000668
615.7028797874433,152.94241398028356,16.41131074520092,11.697423616260266
617.941392018856,153.68077839131956,16.04642214037665,12.233410938702974
618.9470801845839,154.08517781416163,16.23672233301795,12.919542501541173
619.088861934401,155.16342271579848,19.024682847345957,11.750539405713681
621.7928999963726,155.8611954746921,16.8407994740586,11.121282671548158
623.3706174054778,156.34054097428339,16.629382594522212,10.947584746399201
624.6789143161311,156.58509404354461,15.321085683868887,12.030314153468765
626.4040549511327,157.7442776349077,13.595945048867293,10.473394031719522
628.6091384383558,158.65042305755264,11.390861561644215,11.051637383791615
630.7242986181917,158.24286160694987,9.27570138180829,10.145676542919148
630.6837641280559,158.4025697548806,9.316235871944059,9.415009587618101
0,0,0,0
0,0,0,0
0,0,0,0
0,0,0,0
0,0,0,0
0,0,0,0
0,0,0,0
0,0,0,0
0,0,0,0
0,0,0,0
0,0,0,0
0,0,0,0
0,0,0,0
0,0,0,0
0,0,0,0
0,0,0,0
0,0,0,0
0,0,0,0
0,0,0,0
0,0,0,0
0,0,0,0
0,0,0,0
0,0,0,0
0,0,0,0
0,0,0,0
0,0,0,0
0,0,0,0
0,0,0,0
0,0,0,0
0,0,0,0
0,0,0,0
0,0,0,0
0,0,0,0
0,0,0,0
0,0,0,0
0,0,0,0
0,0,0,0
0,0,0,0
0,0,0,0
0,0,0,0
0,0,0,0
0,0,0,0
0,0,0,0
0,0,0,0
0,0,0,0
0,0,0,0
0,0,0,0
0,0,0,0
0,0,0,0
0,0,0,0
0,0,0,0
0,0,0,0
0,0,0,0
0,0,0,0
0,0,0,0
0,0,0,0
0,0,0,0
0,0,0,0
0,0,0,0
0,0,0,0
0,0,0,0
0,0,0,0
0,0,0,0
0,0,0,0
0,0,0,0
0,0,0,0
0,0,0,0
0,0,0,0
0,0,0,0
0,0,0,0
0,0,0,0
0,0,0,0
0,0,0,0
0,0,0,0
0,0,0,0
0,0,0,0
0,0,0,0
0,0,0,0
0,0,0,0
0,0,0,0
0,0,0,0
0,0,0,0
0,0,0,0
0,0,0,0
0,0,0,0
0,0,0,0
0,0,0,0
0,0,0,0
0,0,0,0
0,0,0,0
0,0,0,0
0,0,0,0
0,0,0,0
0,0,0,0
0,0,0,0
0,0,0,0
0,0,0,0
0,0,0,0
0,0,0,0
0,0,0,0
0,0,0,0
0,0,0,0
0,0,0,0
0,0,0,0
0,0,0,0
0,0,0,0
0,0,0,0
0,0,0,0
0,0,0,0
0,0,0,0
0,0,0,0
0,0,0,0
0,0,0,0
0,0,0,0
0,0,0,0
0,0,0,0
0,0,0,0
0,0,0,0
0,0,0,0
0,0,0,0
0,0,0,0
0,0,0,0
0,0,0,0
0,0,0,0
0,0,0,0
0,0,0,0
0,0,0,0
0,0,0,0
0,0,0,0
0,0,0,0
0,0,0,0
0,0,0,0
0,0,0,0
0,0,0,0
0,0,0,0
0,0,0,0
0,0,0,0
0,0,0,0
0,0,0,0
0,0,0,0
0,0,0,0
0,0,0,0
0,0,0,0
0,0,0,0
0,0,0,0
0,0,0,0
0,0,0,0
0,0,0,0
0,0,0,0
0,0,0,0
0,0,0,0
0,0,0,0
0,0,0,0
0,0,0,0
0,0,0,0
0,0,0,0
0,0,0,0
0,0,0,0
0,0,0,0
0,0,0,0
0,0,0,0
0,0,0,0
0,0,0,0
0,0,0,0
0,0,0,0
0,0,0,0
0,0,0,0
0,0,0,0
0,0,0,0
0,0,0,0
0,0,0,0
0,0,0,0
0,0,0,0
0,0,0,0
0,0,0,0
0,0,0,0
0,0,0,0
0,0,0,0
0,0,0,0
0,0,0,0
0,0,0,0
0,0,0,0
0,0,0,0
0,0,0,0
0,0,0,0
0,0,0,0
0,0,0,0
0,0,0,0
0,0,0,0
0,0,0,0
0,0,0,0
0,0,0,0
0,0,0,0
0,0,0,0
0,0,0,0
0,0,0,0
0,0,0,0
0,0,0,0
0,0,0,0
0,0,0,0
0,0,0,0
0,0,0,0
0,0,0,0
0,0,0,0
0,0,0,0
0,0,0,0
0,0,0,0
0,0,0,0
0,0,0,0
0,0,0,0
0,0,0,0
0,0,0,0
0,0,0,0
0,0,0,0
0,0,0,0
0,0,0,0
0,0,0,0
0,0,0,0
0,0,0,0
0,0,0,0
0,0,0,0
0,0,0,0
0,0,0,0
0,0,0,0
631.7231682456307,225.9046721665507,8.276831754369255,7.902917685364741
629.7137999617082,227.05719414303096,10.286200038291781,8.108851367302947
628.9454882520134,227.3108777290667,11.054511747986567,9.099379876503548
628.2120912928654,227.71542075060077,11.787908707134648,8.854865590519381
627.386469085925,228.42324146769846,12.613530914075,8.784136929829288
625.3415599949508,227.44279461197877,14.511914663831476,10.18379976409227
624.2983124919908,229.46139927738204,15.701687508009172,8.44628550945123
623.3282456024072,229.86884447722625,15.06479244251625,7.686118593120568
623.6450613578276,229.53331383415087,14.257319669729213,8.656229799478439
621.7116606621253,230.79166579782768,15.784889634343017,8.147039811273828
621.5832594802023,230.73964831309914,15.275699646138378,8.147039811273828
619.9225126558174,231.0189128283711,15.252044806694585,8.261524270292938
619.8838932471115,230.93025605287724,14.257319669729213,9.16541978768305
618.2002685605113,231.19797826563374,15.754339799331433,9.4989401731263
617.4824217146373,232.25986172095332,15.275699646138378,9.420014781785369
615.8102598151819,233.06871859650508,15.541165337390225,8.44628550945123
615.1188258015459,233.70216911273414,15.530294640240754,8.40163480537612
614.7055662033702,234.1536023146985,14.964720671018085,8.825348088036293
613.2799554572556,235.2329956368145,15.189191859920015,6.9835364873195545
612.7279942064923,235.39169730259408,15.656207574473228,5.920414629002494
612.0550289773961,235.90012026127891,15.410920273431088,7.943773336820129
610.5143750589866,235.84678013790585,16.233920249285575,8.011545058088984
610.0794884682321,236.37308626838353,14.125618918209511,9.4873559898422
609.59412830804,237.2938213973124,14.457667473012634,8.261524270292938
608.5765387835747,237.97468586107098,14.866818957272926,7.367627093869743
608.1288083491196,237.87556042528007,14.603689418206159,8.42014525013687
607.9071882120393,238.19570840334586,14.340559879139391,8.42014525013687
606.6483360562647,238.58292312235466,15.290976864056915,7.8771698996657165
606.0223862301533,238.56976539414293,15.712957096468926,9.078597433515426
605.7429215143551,239.7196900695805,13.703958651994299,8.433205324304197
604.382602918292,239.92344908596525,15.179769583747543,8.22237519119659
604.6564389340648,240.55801616886825,14.364250993508108,8.108851367302947
603.9017303445928,241.24509228301483,14.139916539539854,6.8316450696653135
603.0832799049658,241.34879599765435,13.967072974639109,8.20565537260049
602.0013762961318,241.75199024599107,14.616542939749024,7.467146936610902
600.9587814704015,241.5240382602235,14.616542939749024,9.214777070711335
600.681891198233,241.93682613816821,14.340559879139391,9.077969097803816
599.452715954345,241.21699821186294,15.522658331694174,9.73062164076353
599.5366576768009,242.9012874886403,14.13256952587085,7.8771698996657165
598.7734885224424,243.0612217051877,13.82216560606696,8.261524270292938
598.8511592653517,244.03489784901933,13.703958651994299,7.5898847918737715
597.5656124411688,243.82272899051014,14.268512135509468,8.113467684897529
596.8570888194337,244.72089559158894,13.90088805823359,6.950444029116795
596.5684551456999,244.31593422533348,13.914788785101905,8.011545058088984
596.2220399838268,244.55686675312208,14.225922372624154,7.944171166585846
595.4325694774446,244.84209733449467,13.81358831170894,7.482360335509043
595.7645505601367,245.91631698419474,13.67297413543497,6.929290059586947
595.1837222033131,245.66094407819796,13.62870625893413,7.635359530607673
594.8279670430098,246.43921399432833,13.464504978705918,7.2248563300373405
594.8706286887569,246.43594898553374,13.373372763116663,7.321734808857144
594.8810719691342,246.90463384495544,13.189582296806634,7.5466166749770025
594.0871714486027,246.6198240125504,13.82164224120993,7.396446388539374
593.8826766328226,246.55433986897572,13.79290753916223,7.881661450949821
593.6822491359464,246.50290278695155,14.007699924897224,7.542607651867712
593.9353317321743,246.89848665527825,13.189582296806634,7.342654062139786
592.6462291985694,246.89960048242162,14.164615203341668,8.390504547202369
592.695928389725,247.72402629632404,13.76825206293313,6.584816204011503
592.2441279957002,246.9314561794578,13.533071850326337,7.398079278178415
591.8613917408585,247.35167430335014,13.59020556776261,7.951716023690921
591.7523197524877,247.35374485488398,12.433592327953079,7.951716023690921
591.180733736067,247.3558354290326,12.889800497907572,8.210064011406075
589.9202844071501,247.87122574102986,13.29175121545984,7.4085170709120405
589.7999210996616,247.80119304298657,13.52951998486867,6.866741298852958
588.6469281063355,247.26622094867878,13.623292329328592,7.307858799176245
587.9056268733442,246.8090182283127,13.734842796681278,7.114896043325871
586.7500053509218,246.73901564702282,13.325557372031426,8.430454663938292
587.1325221225356,246.74451921746854,13.086927636527662,8.724618424351746
585.4084860436474,246.84378400511886,14.866818957272926,7.367627093869743
584.1866264740341,247.55219790927327,13.920448780420202,6.434340769616455
582.8268094452436,246.70252635433675,13.623292329328592,7.398079278178415
581.9281782200368,246.52270586676306,12.638058532732316,7.626414631821206
579.8627293323713,246.41544290553745,15.325125427477019,8.096292678667112
577.9345015535234,246.15299572234005,14.419334878667655,8.143562185361532
576.9865828687789,244.86513857071955,13.62870625893413,9.11317105266076
574.8610640192302,246.07015391493957,13.289356339005053,8.500399099723921
571.7713878170547,245.98087547177175,13.289356339005053,7.782055513831779
569.9249359764258,246.18706975740173,12.761782644738673,6.4466737071360285
568.0295731192272,245.6742074976983,13.443307738090198,8.03106696041749
566.2750387476682,245.3891057253688,13.156476953338824,7.4991918634031265
563.6215512453703,245.96570752589778,14.840015035554075,7.5073017238685225
561.5683039455172,245.88990193312807,14.13256952587085,7.413806964391256
558.6604384455568,245.46393636246552,14.511914663831476,7.383254828966898
557.5840714091115,244.51838415654836,12.395777264992262,7.681890136051521
554.6819546489518,244.5130786990365,13.049908477040958,8.021503375795817
