372.5607183299919,327.3960092454987,12.8595008756389,6.807971051808863
372.5607183299919,327.3960092454987,12.8595008756389,6.807971051808863
372.5607183299919,327.3960092454987,12.8595008756389,6.807971051808863
372.5607183299919,327.3960092454987,12.8595008756389,6.807971051808863
373.8733914242782,326.7010646661707,12.8595008756389,6.807971051808863
373.8733914242782,326.7010646661707,12.8595008756389,6.807971051808863
373.8733914242782,326.7010646661707,12.8595008756389,6.807971051808863
375.75314785338276,326.30393302621906,12.8595008756389,6.807971051808863
375.75314785338276,326.30393302621906,12.8595008756389,6.807971051808863
375.75314785338276,326.30393302621906,12.8595008756389,6.807971051808863
376.9315169117065,325.5866649037611,12.8595008756389,6.807971051808863
376.9315169117065,325.5866649037611,12.8595008756389,6.807971051808863
376.9315169117065,325.5866649037611,12.8595008756389,6.807971051808863
379.039515438075,324.49753233180405,12.8595008756389,6.807971051808863
379.039515438075,324.49753233180405,12.8595008756389,6.807971051808863
379.039515438075,324.49753233180405,12.8595008756389,6.807971051808863
380.4799810977601,323.61919961248384,12.8595008756389,6.807971051808863
380.4799810977601,323.61919961248384,12.8595008756389,6.807971051808863
382.915721822797,322.61313279127296,12.8595008756389,6.807971051808863
382.915721822797,322.61313279127296,12.8595008756389,6.807971051808863
382.915721822797,322.61313279127296,12.8595008756389,6.807971051808863
384.60642525430507,321.79339779417813,12.8595008756389,6.807971051808863
384.60642525430507,321.79339779417813,12.8595008756389,6.807971051808863
384.60642525430507,321.79339779417813,12.8595008756389,6.807971051808863
385.95770638077624,320.6737648608163,12.8595008756389,6.807971051808863
385.95770638077624,320.6737648608163,12.8595008756389,6.807971051808863
385.95770638077624,320.6737648608163,12.8595008756389,6.807971051808863
387.65645979691146,320.0174283136731,12.8595008756389,6.807971051808863
387.65645979691146,320.0174283136731,12.8595008756389,6.807971051808863
388.6602686337186,319.51552389526955,14.094957905555418,6.846579083993731
388.6602686337186,319.51552389526955,14.094957905555418,6.846579083993731
389.2349812773968,318.94081125159136,14.094957905555418,6.846579083993731
391.78397121900207,318.81618749557924,14.094957905555418,6.846579083993731
391.78397121900207,318.81618749557924,14.094957905555418,6.846579083993731
393.50810915003655,317.6667622082229,14.094957905555418,6.846579083993731
391.78397121900207,318.81618749557924,14.094957905555418,6.846579083993731
394.6530437088339,317.4841181253002,14.094957905555418,6.846579083993731
394.6530437088339,317.4841181253002,14.094957905555418,6.846579083993731
394.6530437088339,317.4841181253002,14.094957905555418,6.846579083993731
397.251527481179,316.3704822228666,14.094957905555418,6.846579083993731
397.251527481179,316.3704822228666,14.094957905555418,6.846579083993731
397.8262401248571,315.7957695791884,14.094957905555418,6.846579083993731
399.72450841880186,315.00306923382806,14.094957905555418,6.846579083993731
399.72450841880186,315.00306923382806,14.094957905555418,6.846579083993731
401.29110269495874,314.97109792206976,14.094957905555418,6.846579083993731
401.29110269495874,314.97109792206976,14.094957905555418,6.846579083993731
401.29110269495874,314.97109792206976,14.094957905555418,6.846579083993731
403.66884645390587,314.08527181579535,14.094957905555418,6.846579083993731
404.24355909758407,313.5105591721172,14.094957905555418,6.846579083993731
404.8182717412622,312.3611338847609,14.094957905555418,6.846579083993731
405.9576484539815,312.78426857364707,14.094957905555418,6.846579083993731
405.9576484539815,312.78426857364707,14.094957905555418,6.846579083993731
406.5323610976597,312.20955592996893,14.094957905555418,6.846579083993731
408.5257663923356,311.7517263097727,14.094957905555418,6.846579083993731
408.9399336912862,311.74451111401294,14.406329833620873,6.946741570257302
409.8531182054756,310.84443322321476,14.587968907557865,7.413123945764426
410.2771865778208,310.69367875762174,15.122430461677595,7.417344327926401
411.5913883037639,309.57582835272973,14.667395235548156,7.730829257725759
412.6436446293905,309.31497598439114,14.89166946857739,7.467047938659903
413.7678688192573,308.59656079525274,14.834688655852858,7.4493156396846985
414.09043241613637,308.58963303553935,15.058487838160943,7.289459080893209
415.26451306664023,307.6902238297116,14.97991648773774,7.219702018574651
416.71806938268134,307.7172419100276,13.611105474188662,7.547976672050083
416.8564277957573,307.017591569839,14.848478699114878,8.228531945759471
417.9698776792748,306.613660834799,14.419061602994873,7.417344327926401
418.75265962243753,306.5688996395801,14.667395235548156,7.280746732447199
418.7360150622213,306.01852975240877,15.911741040730078,7.995583684360213
420.78550215788437,305.829677131129,14.806816651092618,7.339768712432715
421.7108124021725,304.82945107655496,14.424978972411168,8.35800252224999
422.39480470355676,304.48530470710466,14.806816651092618,7.7640327998565795
422.7658821170267,304.4857441204122,15.32738877740178,7.798822501348013
424.0034815304749,303.7530178942937,14.217312710269596,8.20738722566773
424.64675589328857,303.74309108112476,14.826256302125103,7.237461607198497
425.5408197693872,303.04153321751755,14.57604058528301,8.175384040847348
426.520743683107,302.7079119237864,14.983295421206662,7.721085656467324
426.9858579408866,302.60840584662594,15.201129522744225,7.769466200513705
428.657914651594,301.7735115952189,14.786876326813285,7.876038565717806
428.94702420361926,301.88936487417897,15.390669600029355,7.360755026101003
430.73624320032354,300.83729691250664,15.245200133110359,7.477130599636212
431.13541636332485,299.78714435212703,15.944869912939623,8.205547089699905
432.2338621667921,299.6457148574599,16.138157453284464,7.605782340423559
432.2338621667921,299.6457148574599,16.138157453284464,7.605782340423559
432.2338621667921,299.6457148574599,16.138157453284464,7.605782340423559
435.63136899906254,297.9083534091398,15.59764500269597,8.030470694457335
435.63136899906254,297.9083534091398,15.59764500269597,8.030470694457335
436.7807942864188,297.9083534091398,15.59764500269597,8.030470694457335
438.3339312520049,296.3640321217442,15.59764500269597,8.030470694457335
438.3339312520049,296.3640321217442,15.59764500269597,8.030470694457335
440.0580691830394,296.3640321217442,15.59764500269597,8.030470694457335
440.9648489505193,295.1143462149498,15.59764500269597,8.030470694457335
440.9648489505193,295.1143462149498,15.59764500269597,8.030470694457335
441.53956159419744,294.5396335712716,15.59764500269597,8.030470694457335
443.20272542952836,293.9954079754453,15.59764500269597,8.030470694457335
443.20272542952836,293.9954079754453,15.59764500269597,8.030470694457335
443.77743807320655,293.4206953317671,15.59764500269597,8.030470694457335
446.0028684065258,292.2559252170075,15.59764500269597,8.030470694457335
446.0028684065258,292.2559252170075,15.59764500269597,8.030470694457335
448.6768881155337,290.6409232145374,15.59764500269597,8.030470694457335
448.6768881155337,290.6409232145374,15.59764500269597,8.030470694457335
450.78450178151826,289.55312261273895,15.59764500269597,8.030470694457335
452.6820126467833,288.87564541397467,15.541084843441865,8.366239881648426
453.0987121869589,288.62335301862777,15.33248181326178,8.291759614382556
453.0987121869589,288.62335301862777,15.33248181326178,8.291759614382556
455.397129764279,287.6050667501948,15.33248181326178,8.291759614382556
455.397129764279,287.6050667501948,15.33248181326178,8.291759614382556
457.1445089800663,286.36072094501293,15.33248181326178,8.291759614382556
457.1445089800663,286.36072094501293,15.33248181326178,8.291759614382556
457.1445089800663,286.36072094501293,15.33248181326178,8.291759614382556
459.9022255483214,284.493958960348,15.33248181326178,8.291759614382556
459.9022255483214,284.493958960348,15.33248181326178,8.291759614382556
459.9022255483214,284.493958960348,15.33248181326178,8.291759614382556
463.4438454852805,283.4338822445235,15.33248181326178,8.291759614382556
464.0185581289587,282.85916960084535,15.33248181326178,8.291759614382556
466.07884364324116,281.8528833497471,15.33248181326178,8.291759614382556
466.07884364324116,281.8528833497471,15.33248181326178,8.291759614382556
468.37769421795383,281.278170706069,15.33248181326178,8.291759614382556
468.37769421795383,280.12874541871264,15.33248181326178,8.291759614382556
470.5983972437726,279.8142742646619,15.33248181326178,8.291759614382556
471.74782253112886,278.66484897730555,15.33248181326178,8.291759614382556
472.6698071466461,278.068959393532,15.33248181326178,8.291759614382556
473.8192324340024,278.068959393532,15.33248181326178,8.291759614382556
474.9686577213588,278.068959393532,15.33248181326178,8.291759614382556
475.44533853969796,276.75644726562484,15.33248181326178,8.291759614382556
476.0200511833761,276.18173462194676,15.33248181326178,8.291759614382556
477.16187824934207,276.31287364087007,15.33248181326178,8.291759614382556
477.73659089302026,276.31287364087007,15.33248181326178,8.291759614382556
478.88601618037654,275.16344835351373,15.33248181326178,8.291759614382556
479.0590769230737,275.1183411425946,16.562147620310043,8.713359319656206
479.0590769230737,275.1183411425946,16.562147620310043,8.713359319656206
479.0590769230737,275.1183411425946,16.562147620310043,8.713359319656206
482.01867317995305,274.16403846055357,16.498204996793447,9.160957684272432
482.01867317995305,274.16403846055357,16.498204996793447,9.160957684272432
482.01867317995305,274.16403846055357,16.498204996793447,9.160957684272432
482.01867317995305,274.16403846055357,16.498204996793447,9.160957684272432
482.01867317995305,274.16403846055357,16.498204996793447,9.160957684272432
483.7451240149014,272.85321467846313,16.498204996793447,9.160957684272432
483.7451240149014,272.85321467846313,16.498204996793447,9.160957684272432
483.7451240149014,272.85321467846313,16.498204996793447,9.160957684272432
483.7451240149014,272.85321467846313,16.498204996793447,9.160957684272432
483.7451240149014,272.85321467846313,16.498204996793447,9.160957684272432
484.96003386171697,272.11787450802217,16.498204996793447,9.160957684272432
484.96003386171697,272.11787450802217,16.498204996793447,9.160957684272432
484.96003386171697,272.11787450802217,16.498204996793447,9.160957684272432
485.88662663415437,272.0020504114675,16.498204996793447,9.160957684272432
485.88662663415437,272.0020504114675,16.498204996793447,9.160957684272432
485.88662663415437,272.0020504114675,16.498204996793447,9.160957684272432
485.88662663415437,272.0020504114675,16.498204996793447,9.160957684272432
485.88662663415437,272.0020504114675,16.498204996793447,9.160957684272432
485.88662663415437,272.0020504114675,16.498204996793447,9.160957684272432
485.88662663415437,272.0020504114675,16.498204996793447,9.160957684272432
485.88662663415437,272.0020504114675,16.498204996793447,9.160957684272432
486.46574711692773,270.68937731718125,16.45959696460858,9.778686199230663
486.46574711692773,270.68937731718125,16.45959696460858,9.778686199230663
486.46574711692773,270.68937731718125,16.45959696460858,9.778686199230663
486.46574711692773,270.68937731718125,16.45959696460858,9.778686199230663
486.46574711692773,270.68937731718125,16.45959696460858,9.778686199230663
486.46574711692773,270.68937731718125,16.45959696460858,9.778686199230663
486.46574711692773,270.68937731718125,16.45959696460858,9.778686199230663
487.42488646967684,269.76220927619045,16.45959696460858,9.778686199230663
487.42488646967684,269.76220927619045,16.45959696460858,9.778686199230663
487.42488646967684,269.76220927619045,16.45959696460858,9.778686199230663
487.42488646967684,269.76220927619045,16.45959696460858,9.778686199230663
487.42488646967684,269.76220927619045,16.45959696460858,9.778686199230663
487.42488646967684,269.76220927619045,16.45959696460858,9.778686199230663
487.42488646967684,269.76220927619045,16.45959696460858,9.778686199230663
487.42488646967684,269.76220927619045,16.45959696460858,9.778686199230663
488.41599713418424,269.66629534091555,16.45959696460858,9.778686199230663
488.41599713418424,269.66629534091555,16.45959696460858,9.778686199230663
488.41599713418424,269.66629534091555,16.45959696460858,9.778686199230663
488.41599713418424,269.66629534091555,16.45959696460858,9.778686199230663
488.41599713418424,269.66629534091555,16.45959696460858,9.778686199230663
488.41599713418424,269.66629534091555,16.45959696460858,9.778686199230663
488.80207745603315,269.2416069868818,16.45959696460858,9.778686199230663
488.80207745603315,269.2416069868818,16.45959696460858,9.778686199230663
488.80207745603315,269.2416069868818,16.45959696460858,9.778686199230663
490.4533429683551,269.2416069868818,16.45959696460858,9.778686199230663
490.4533429683551,269.2416069868818,16.45959696460858,9.778686199230663
490.4533429683551,269.2416069868818,16.45959696460858,9.778686199230663
492.344446038302,269.27070088026557,16.45959696460858,9.778686199230663
492.344446038302,269.27070088026557,16.45959696460858,9.778686199230663
492.344446038302,269.27070088026557,16.45959696460858,9.778686199230663
492.344446038302,269.27070088026557,16.45959696460858,9.778686199230663
495.06691578576044,269.48753475395694,16.45959696460858,9.778686199230663
495.06691578576044,269.48753475395694,16.45959696460858,9.778686199230663
495.06691578576044,269.48753475395694,16.45959696460858,9.778686199230663
497.11307973829184,269.35964950692374,16.459596964608636,9.778686199230663
497.11307973829184,269.35964950692374,16.459596964608636,9.778686199230663
497.11307973829184,269.35964950692374,16.459596964608636,9.778686199230663
499.1644665107168,270.01236347996803,16.459596964608636,9.778686199230663
499.1644665107168,270.01236347996803,16.459596964608636,9.778686199230663
499.1644665107168,270.01236347996803,16.459596964608636,9.778686199230663
502.0335390005486,270.21729722924175,16.459596964608693,9.778686199230663
502.0335390005486,270.21729722924175,16.459596964608693,9.778686199230663
502.0335390005486,270.21729722924175,16.459596964608693,9.778686199230663
504.5592726294546,270.9206660879244,16.363683029333686,9.842628822747258
504.5592726294546,270.9206660879244,16.363683029333686,9.842628822747258
507.74125328513355,271.04794531415155,16.363683029333743,9.842628822747258
507.74125328513355,271.04794531415155,16.363683029333743,9.842628822747258
510.1240431248435,271.1273716421419,16.363683029333743,9.842628822747258
510.1240431248435,271.1273716421419,16.363683029333743,9.842628822747258
512.4295478041727,271.4860057033709,16.363683029333743,9.842628822747258
512.4295478041727,271.4860057033709,16.363683029333743,9.842628822747258
513.578973091529,271.4860057033709,16.363683029333743,9.842628822747258
515.3929440779548,272.329248545504,16.363683029333743,9.842628822747258
516.5423693653111,272.329248545504,16.363683029333743,9.842628822747258
518.8412199400237,272.9039611891822,16.363683029333743,9.842628822747258
519.2318832641542,273.4941680226956,16.363683029333743,9.842628822747258
520.5735440637088,273.73540066071143,15.914359680937764,9.397327562966893
521.148256707387,273.73540066071143,15.914359680937764,9.397327562966893
523.2210883616345,273.85177623424664,15.914359680937764,9.397327562966893
523.2210883616345,273.85177623424664,15.914359680937764,9.397327562966893
525.5230228082324,274.1714893518297,15.914359680937764,9.397327562966893
526.0977354519106,274.1714893518297,15.914359680937764,9.397327562966893
529.043383907672,274.81155500627324,15.914359680937764,9.397327562966893
529.043383907672,274.81155500627324,15.914359680937764,9.397327562966893
531.7929167188861,275.1312681238563,15.914359680937764,9.397327562966893
531.7929167188861,275.1312681238563,15.914359680937764,9.397327562966893
534.6664799372769,275.1312681238563,15.914359680937764,9.397327562966893
535.4056749475744,275.70675173550575,15.914359680937764,9.397327562966893
535.9803875912526,275.70675173550575,15.914359680937764,9.397327562966893
538.7145354321332,276.4559639713649,15.636131558411535,9.155208000302594
538.7145354321332,276.4559639713649,15.636131558411535,9.155208000302594
540.4386733631676,276.4559639713649,15.636131558411535,9.155208000302594
542.205802638189,277.09602962580846,15.636131558411535,9.155208000302594
542.7805152818671,277.09602962580846,15.636131558411535,9.155208000302594
544.7700361037201,277.46900903897665,15.636131558411535,9.155208000302594
544.7700361037201,277.46900903897665,15.636131558411535,9.155208000302594
547.5406911564432,277.61356495477094,15.636131558411535,9.155208000302594
547.5406911564432,277.61356495477094,15.636131558411535,9.155208000302594
550.316706109646,277.81185173714255,15.636131558411535,9.155208000302594
550.316706109646,277.81185173714255,15.636131558411535,9.155208000302594
552.8198642254467,278.8725119557022,15.636131558411535,9.155208000302594
552.8198642254467,278.8725119557022,15.636131558411535,9.155208000302594
557.2689652626359,279.251583344521,15.636131558411535,9.155208000302594
558.4183905499922,279.251583344521,15.636131558411535,9.155208000302594
560.4021538149497,279.9549522032037,15.636131558411535,9.155208000302594
560.9768664586278,279.9549522032037,15.636131558411535,9.155208000302594
562.7912188115006,279.9198188944309,15.636131558411535,9.155208000302594
563.9406440988569,279.9198188944309,15.636131558411535,9.155208000302594
565.7965221167811,280.9748721824549,15.636131558411535,9.155208000302594
566.9459474041375,280.9748721824549,15.636131558411535,9.155208000302594
568.5022542014744,281.03305996922245,15.636131558411535,9.155208000302594
569.6516794888307,281.03305996922245,15.636131558411535,9.155208000302594
571.6274938778984,281.9552618409541,15.636131558411535,9.155208000302594
571.6274938778984,281.9552618409541,15.636131558411535,9.155208000302594
574.0984079377314,282.341342162803,15.636131558411535,9.155208000302594
575.8225458687658,282.341342162803,15.636131558411535,9.155208000302594
577.5193382958698,282.72499790390265,15.636131558411535,9.155208000302594
577.5193382958698,282.72499790390265,15.636131558411535,9.155208000302594
579.5323601406526,283.8681686172846,15.763581876932221,8.068147608777565
581.0233118129556,283.8397323885324,15.17837115839643,8.0951312844781
582.3932080917891,283.4745163754873,15.994756095879438,8.82469301841627
583.3098935715144,283.5515871085045,16.08892304124049,8.78635580190712
585.6087441462271,283.5515871085045,16.08892304124049,8.78635580190712
587.2547345283676,284.4252767163982,16.08892304124049,8.78635580190712
588.978872459402,284.4252767163982,16.08892304124049,8.78635580190712
590.267009549077,285.44351052621545,16.08892304124049,8.78635580190712
591.4164348364333,284.8687978825373,16.08892304124049,8.78635580190712
593.1405727674678,286.0182231698936,16.08892304124049,8.78635580190712
594.6089821458819,285.4777330637965,16.08892304124049,8.78635580190712
595.7584074332382,286.05244570747465,16.08892304124049,8.78635580190712
596.3331200769163,287.201870994831,16.08892304124049,8.78635580190712
598.7547125810732,287.45777805838696,16.08892304124049,8.78635580190712
599.9041378684296,287.45777805838696,16.08892304124049,8.78635580190712
601.0535631557859,287.45777805838696,16.08892304124049,8.78635580190712
602.6336296548857,287.843260500505,16.08892304124049,8.78635580190712
602.6336296548857,287.843260500505,16.08892304124049,8.78635580190712
605.5071928732764,288.99268578786126,16.08892304124049,8.78635580190712
607.173255390321,288.5645094491255,16.08892304124049,8.78635580190712
607.173255390321,288.5645094491255,16.08892304124049,8.78635580190712
608.8973933213555,288.5645094491255,16.08892304124049,8.78635580190712
611.1189114033629,289.5827432589428,16.08892304124049,8.78635580190712
611.1189114033629,289.5827432589428,16.08892304124049,8.78635580190712
612.2683366907193,290.15745590262094,16.08892304124049,8.78635580190712
615.9210213479032,290.7949263517394,15.622698774780247,8.506621242030974
615.9210213479032,290.7949263517394,15.622698774780247,8.506621242030974
618.794584566294,291.3696389954176,15.622698774780247,8.506621242030974
619.2000603939578,291.3517443029562,15.622698774780247,8.506621242030974
619.2000603939578,291.3517443029562,15.622698774780247,8.506621242030974
619.2000603939578,291.3517443029562,15.622698774780247,8.506621242030974
621.5567985106053,292.27394617468786,15.622698774780247,8.506621242030974
621.5567985106053,292.27394617468786,15.622698774780247,8.506621242030974
623.2809364416398,292.848658818366,15.622698774780247,8.506621242030974
624.0879672349957,292.5066973217582,15.622698774780247,8.506621242030974
624.0879672349957,292.5066973217582,15.622698774780247,8.506621242030974
624.0879672349957,292.5066973217582,15.622698774780247,8.506621242030974
625.6865328229109,292.89035306285786,14.313467177089137,8.634506489064165
625.6865328229109,292.89035306285786,14.313467177089137,8.634506489064165
625.6865328229109,292.89035306285786,14.313467177089137,8.634506489064165
625.6865328229109,292.89035306285786,14.313467177089137,8.634506489064165
626.9814438563299,293.90376169770747,12.90595518424243,8.747107448491874
626.9814438563299,293.90376169770747,12.90595518424243,8.747107448491874
626.9814438563299,293.90376169770747,12.90595518424243,8.747107448491874
626.9814438563299,293.90376169770747,12.90595518424243,8.747107448491874
628.3334942290645,293.90376169770747,11.553904811507778,8.747107448491874
628.3334942290645,293.90376169770747,11.553904811507778,8.747107448491874
628.3334942290645,293.90376169770747,11.553904811507778,8.747107448491874
628.3334942290645,293.90376169770747,11.553904811507778,8.747107448491874
628.3334942290645,293.90376169770747,11.553904811507778,8.747107448491874
629.2935927107299,293.90376169770747,10.593806329842437,8.89257691541087
629.2935927107299,293.90376169770747,10.593806329842437,8.89257691541087
629.2935927107299,293.90376169770747,10.593806329842437,8.89257691541087
629.2935927107299,293.90376169770747,10.593806329842437,8.89257691541087
629.2935927107299,293.90376169770747,10.593806329842437,8.89257691541087
629.2935927107299,293.90376169770747,10.593806329842437,8.89257691541087
629.2935927107299,293.90376169770747,10.593806329842437,8.89257691541087
629.2935927107299,293.90376169770747,10.593806329842437,8.89257691541087
629.2935927107299,293.90376169770747,10.593806329842437,8.89257691541087
629.2935927107299,293.90376169770747,10.593806329842437,8.89257691541087
629.2935927107299,293.90376169770747,10.593806329842437,8.89257691541087
629.2935927107299,293.90376169770747,10.593806329842437,8.89257691541087
629.2935927107299,293.90376169770747,10.593806329842437,8.89257691541087
629.2935927107299,293.90376169770747,10.593806329842437,8.89257691541087
629.2935927107299,293.90376169770747,10.593806329842437,8.89257691541087
629.2935927107299,293.90376169770747,10.593806329842437,8.89257691541087
629.2935927107299,293.90376169770747,10.593806329842437,8.89257691541087
629.2935927107299,293.90376169770747,10.593806329842437,8.89257691541087
629.2935927107299,293.90376169770747,10.593806329842437,8.89257691541087
629.2935927107299,293.90376169770747,10.593806329842437,8.89257691541087
629.2935927107299,293.90376169770747,10.593806329842437,8.89257691541087
629.2935927107299,293.90376169770747,10.593806329842437,8.89257691541087
629.2935927107299,293.90376169770747,10.593806329842437,8.89257691541087
629.2935927107299,293.90376169770747,10.593806329842437,8.89257691541087
629.2935927107299,293.90376169770747,10.593806329842437,8.89257691541087
629.2935927107299,293.90376169770747,10.593806329842437,8.89257691541087
629.2935927107299,293.90376169770747,10.593806329842437,8.89257691541087
629.2935927107299,293.90376169770747,10.593806329842437,8.89257691541087
628.5616864744496,293.90376169770747,11.325712566122661,8.836276435697016
628.5616864744496,293.90376169770747,11.325712566122661,8.836276435697016
628.5616864744496,293.90376169770747,11.325712566122661,8.836276435697016
628.5616864744496,293.90376169770747,11.325712566122661,8.836276435697016
628.5616864744496,293.90376169770747,11.325712566122661,8.836276435697016
628.5616864744496,293.90376169770747,11.325712566122661,8.836276435697016
628.5616864744496,293.90376169770747,11.325712566122661,8.836276435697016
628.5616864744496,293.90376169770747,11.325712566122661,8.836276435697016
628.5616864744496,293.90376169770747,11.325712566122661,8.836276435697016
628.5616864744496,293.90376169770747,11.325712566122661,8.836276435697016
628.5616864744496,293.90376169770747,11.325712566122661,8.836276435697016
627.4806615732726,293.90376169770747,12.40673746729965,8.913492500066809
627.4806615732726,293.90376169770747,12.40673746729965,8.913492500066809
627.4806615732726,293.90376169770747,12.40673746729965,8.913492500066809
627.4806615732726,293.90376169770747,12.40673746729965,8.913492500066809
626.3082044903655,294.8178005251551,13.674129890385302,8.349947401150132
626.3082044903655,294.8178005251551,13.674129890385302,8.349947401150132
626.3082044903655,294.8178005251551,13.674129890385302,8.349947401150132
626.3082044903655,294.8178005251551,13.674129890385302,8.349947401150132
626.3082044903655,294.8178005251551,13.674129890385302,8.349947401150132
626.3082044903655,294.8178005251551,13.674129890385302,8.349947401150132
625.7812048587733,294.7475339076095,13.674129890385302,8.349947401150132
625.7812048587733,294.7475339076095,13.674129890385302,8.349947401150132
625.7812048587733,294.7475339076095,13.674129890385302,8.349947401150132
624.8531749400786,294.6856652463632,13.674129890385302,8.349947401150132
624.8531749400786,294.6856652463632,13.674129890385302,8.349947401150132
624.8531749400786,294.6856652463632,13.674129890385302,8.349947401150132
622.9038840833641,295.41301258095814,14.401477224980226,8.000820680544564
621.1797461523297,295.41301258095814,14.401477224980226,8.000820680544564
621.0769520271781,295.51841250727654,14.401477224980226,8.000820680544564
621.0769520271781,295.51841250727654,14.401477224980226,8.000820680544564
618.4770871779903,295.51841250727654,14.401477224980226,8.000820680544564
618.4770871779903,295.51841250727654,14.401477224980226,8.000820680544564
616.9992756559371,295.51841250727654,14.401477224980226,8.000820680544564
616.9992756559371,295.51841250727654,14.401477224980226,8.000820680544564
614.9627031190712,295.46022472050896,14.401477224980226,8.000820680544564
614.9627031190712,295.46022472050896,14.401477224980226,8.000820680544564
612.8679427954377,295.2274735734386,14.401477224980226,8.000820680544564
612.8679427954377,295.2274735734386,14.401477224980226,8.000820680544564
611.1815439743428,295.332873499757,14.401477224980226,8.000820680544564
611.1815439743428,295.332873499757,14.401477224980226,8.000820680544564
607.6327283691711,295.2369595644821,14.401477224980226,8.000820680544564
607.6327283691711,295.2369595644821,14.401477224980226,8.000820680544564
607.6327283691711,295.2369595644821,14.401477224980226,8.000820680544564
604.897902391094,294.6841755901899,14.401477224980226,8.000820680544564
604.897902391094,294.6841755901899,14.401477224980226,8.000820680544564
600.3582766556588,294.1326322765389,14.401477224980226,8.000820680544564
599.2088513683024,294.1326322765389,14.401477224980226,8.000820680544564
597.5404376031454,293.6715313406731,14.401477224980226,8.000820680544564
597.5404376031454,293.6715313406731,14.401477224980226,8.000820680544564
594.4167350178619,293.485041634089,14.401477224980226,8.000820680544564
594.4167350178619,293.485041634089,14.401477224980226,8.000820680544564
591.4439165396253,293.4078255697192,14.401477224980226,8.000820680544564
591.4439165396253,293.4078255697192,14.401477224980226,8.000820680544564
588.2674434258829,292.74179088457964,14.401477224980226,8.000820680544564
588.2674434258829,292.74179088457964,14.401477224980226,8.000820680544564
585.5818532381854,292.2941925199634,14.401477224980226,8.000820680544564
583.9034458789287,292.0610803867333,14.401477224980226,8.000820680544564
583.9034458789287,292.0610803867333,14.401477224980226,8.000820680544564
579.7032314134325,292.01865397799094,14.401477224980226,8.000820680544564
579.7032314134325,292.01865397799094,14.401477224980226,8.000820680544564
577.1389979479013,292.111898831283,14.401477224980226,8.000820680544564
577.1389979479013,292.111898831283,14.401477224980226,8.000820680544564
573.2206324337116,291.6882917486679,14.401477224980226,8.000820680544564
573.2206324337116,291.6882917486679,14.401477224980226,8.000820680544564
567.4977676289752,291.36857863108486,14.401477224980226,8.000820680544564
567.4977676289752,291.36857863108486,14.401477224980226,8.000820680544564
563.8901248493842,291.07763969724687,14.401477224980226,8.000820680544564
563.8901248493842,291.07763969724687,14.401477224980226,8.000820680544564
560.5875938247402,290.0587737428354,14.401477224980226,8.000820680544564
558.1577741311091,290.21863030162694,14.401477224980226,8.000820680544564
558.1577741311091,290.21863030162694,14.401477224980226,8.000820680544564
554.8760913953934,290.14141423725715,14.401477224980226,8.000820680544564
554.8760913953934,290.14141423725715,14.401477224980226,8.000820680544564
550.6690224306442,289.8939395922719,14.401477224980226,8.000820680544564
550.6690224306442,289.8939395922719,14.401477224980226,8.000820680544564
546.8265146317623,289.7914727176351,15.733546595259327,8.205754429818285
546.8265146317623,289.7914727176351,15.733546595259327,8.205754429818285
542.7237410869124,289.93133999757316,15.733546595259327,8.205754429818285
542.7237410869124,289.93133999757316,15.733546595259327,8.205754429818285
538.8953084663694,289.0305323221513,15.733546595259327,8.205754429818285
538.8953084663694,289.0305323221513,15.733546595259327,8.205754429818285
535.2332252662484,288.7173278379305,15.733546595259327,8.205754429818285
531.683770273425,288.5136705842439,15.733546595259327,8.205754429818285
529.4224397248602,287.9122596992711,15.98483244334875,8.351050282903373
527.5182482367746,288.0073991041786,15.885265787553976,8.000820680544564
525.7502399073829,288.05994626186754,15.488133958114986,7.969108241696745
523.6478246708022,287.8546097671349,16.240216342026883,8.299668302559212
521.6289025474938,288.0276323825422,16.1902625689562,8.28787250553711
519.7609654721721,287.7038915694811,15.713469099250688,8.532375112860905
518.7289048997993,287.6024874922797,15.699937499422504,8.763371521600106
515.9230154026075,287.93795295764204,15.779363827412794,8.260338110994667
514.6321447186413,287.84993896726064,16.176495467364475,8.313288996321546
512.9135002989384,287.88402313229113,16.020788800400624,8.467127414246818
510.72640144397724,287.48163108365435,15.012421380019191,8.625148929514125
509.0212524515402,287.91672643754555,14.685723067033848,8.045527708973111
506.5455185810885,287.60055512380177,16.177483749701594,8.248598433642314
504.6131865985841,287.53028850625617,16.17748374970165,8.248598433642314
502.3295215283515,287.63568843257457,16.17748374970165,8.248598433642314
500.6024398521512,287.24192106257277,16.177483749701537,8.248598433642314
498.532987716491,287.09038380006547,15.953684567393452,8.024799251334173
497.620940708019,287.0229065156234,15.36894422215505,8.638179776789002
493.6423881602834,286.6828095636254,15.525268073125403,8.858261062744248
492.4414422315874,286.7530811754489,14.96016369698026,8.607217469495481
490.49313828996094,286.62654922500747,14.755989684579504,8.537394031792417
488.6441554236259,286.5350076353831,15.857770632118559,8.792110733533491
486.9090326033414,286.8362765537299,15.448857386796988,8.524510761452916
484.4659538322147,286.87632318587305,17.21532129867603,7.940127782654656
483.54715027558126,286.7852238734258,16.263486401543332,8.204477934231136
481.64572705756143,286.95064557281233,15.660224211043953,8.022853326580957
479.4058980454264,286.8480030496137,16.049598502668346,8.184655810125719
478.23411726141455,286.59791053793765,16.29258958202405,8.377942984121376
478.23411726141455,286.59791053793765,16.29258958202405,8.377942984121376
475.4339742844171,286.7676161729072,16.29258958202405,8.377942984121376
475.4339742844171,286.7676161729072,16.29258958202405,8.377942984121376
472.0008948651289,286.09845662507985,16.29258958202405,8.377942984121376
472.0008948651289,286.09845662507985,16.29258958202405,8.377942984121376
468.6492085744804,286.0136038075951,16.29258958202405,8.377942984121376
468.6492085744804,286.0136038075951,16.29258958202405,8.377942984121376
465.6980106375645,285.7676706461854,16.29258958202405,8.377942984121376
465.6980106375645,285.7676706461854,16.29258958202405,8.377942984121376
462.88298665187114,285.71137016647157,16.29258958202405,8.377942984121376
459.6013039161554,285.78858623084136,16.29258958202405,8.377942984121376
459.6013039161554,285.78858623084136,16.29258958202405,8.377942984121376
457.39528340483247,285.72464360732477,16.29258958202405,8.377942984121376
457.39528340483247,285.72464360732477,16.29258958202405,8.377942984121376
454.03638460474696,285.0683070601816,16.29258958202405,8.377942984121376
454.03638460474696,285.0683070601816,16.29258958202405,8.377942984121376
451.3338223518046,284.87526689925716,16.29258958202405,8.377942984121376
451.3338223518046,284.87526689925716,16.29258958202405,8.377942984121376
448.4564042935573,284.77935296398226,16.29258958202405,8.377942984121376
448.4564042935573,284.77935296398226,16.29258958202405,8.377942984121376
445.23199722913597,283.97325119787695,16.29258958202405,8.377942984121376
445.23199722913597,283.97325119787695,16.29258958202405,8.377942984121376
443.51545751949186,283.97325119787695,16.29258958202405,8.377942984121376
443.51545751949186,283.97325119787695,16.29258958202405,8.377942984121376
440.272382815961,283.8574271013223,16.29258958202405,8.377942984121376
440.272382815961,283.8574271013223,16.29258958202405,8.377942984121376
437.7779178930916,283.99796033641354,16.29258958202405,8.377942984121376
437.7779178930916,283.99796033641354,16.29258958202405,8.377942984121376
437.7779178930916,283.99796033641354,16.29258958202405,8.377942984121376
432.578188194716,282.7682945293653,16.29258958202405,8.377942984121376
432.578188194716,282.7682945293653,16.29258958202405,8.377942984121376
432.578188194716,282.7682945293653,16.29258958202405,8.377942984121376
429.4509375877398,282.1891740465919,16.29258958202405,8.377942984121376
429.4509375877398,282.1891740465919,16.29258958202405,8.377942984121376
426.5659417932576,282.14674763784956,16.29258958202405,8.377942984121376
426.5659417932576,282.14674763784956,16.29258958202405,8.377942984121376
426.5659417932576,282.14674763784956,16.29258958202405,8.377942984121376
423.4153641163077,281.8290423258882,16.29258958202405,8.377942984121376
423.4153641163077,281.8290423258882,16.29258958202405,8.377942984121376
423.4153641163077,281.8290423258882,16.29258958202405,8.377942984121376
419.484252062182,280.29694745747554,17.05541631443907,9.33380992332485
419.484252062182,280.29694745747554,17.05541631443907,9.33380992332485
419.484252062182,280.29694745747554,17.05541631443907,9.33380992332485
416.35901238575804,280.29694745747554,17.05541631443907,9.33380992332485
416.35901238575804,280.29694745747554,17.05541631443907,9.33380992332485
414.23557061558904,279.91086713562663,17.05541631443907,9.33380992332485
414.23557061558904,279.91086713562663,17.05541631443907,9.33380992332485
411.8112044299959,279.77099985568856,17.05541631443907,9.33380992332485
411.8112044299959,279.77099985568856,17.05541631443907,9.33380992332485
411.8112044299959,279.77099985568856,17.05541631443907,9.33380992332485
408.4735400965791,278.92780044514114,17.05541631443907,9.33380992332485
408.4735400965791,278.92780044514114,17.05541631443907,9.33380992332485
408.4735400965791,278.92780044514114,17.05541631443907,9.33380992332485
404.16993136183135,278.56916638391215,17.05541631443907,9.33380992332485
404.16993136183135,278.56916638391215,17.05541631443907,9.33380992332485
404.16993136183135,278.56916638391215,17.05541631443907,9.33380992332485
401.2023542366839,277.579974008863,17.05541631443907,9.33380992332485
401.2023542366839,277.579974008863,17.05541631443907,9.33380992332485
401.2023542366839,277.579974008863,17.05541631443907,9.33380992332485
398.2651413579845,277.579974008863,17.05541631443907,9.33380992332485
398.2651413579845,277.579974008863,17.05541631443907,9.33380992332485
396.0716741966881,276.88591067399744,16.118016934624336,9.455515349734469
396.0716741966881,276.88591067399744,16.118016934624336,9.455515349734469
396.0716741966881,276.88591067399744,16.118016934624336,9.455515349734469
393.50500898829307,276.5841888809102,15.44321287395644,8.802631338155152
392.3449457117343,276.6683798687831,15.59764500269597,8.841239370340077
391.2926388786092,275.54236202303997,15.165097446253924,9.990520277092969
389.500122885063,275.7646213749705,16.843284270727167,8.35800252224999
388.90929517527445,275.6957788970676,16.383439596735457,9.008076754218791
388.07331250809807,275.6783142284509,15.423522551262863,8.502260723019617
387.2664936064213,274.9049850413109,16.12203532210657,8.994398653385758
385.79794655565007,274.9462655086869,14.6324441980737,8.416551016306244
384.3494451124275,274.56847747862076,15.107322772307555,8.642793958110815
383.5876677049319,274.45643815474045,15.571890499771428,8.53190407622202
383.5876677049319,274.45643815474045,15.571890499771428,8.53190407622202
383.5876677049319,274.45643815474045,15.571890499771428,8.53190407622202
380.4990251301406,274.10896586507647,15.571890499771428,8.53190407622202
378.8663112184384,274.10896586507647,15.571890499771428,8.53190407622202
378.8663112184384,274.10896586507647,15.571890499771428,8.53190407622202
376.6142920298837,274.0526653853626,15.571890499771428,8.53190407622202
376.6142920298837,274.0526653853626,15.571890499771428,8.53190407622202
376.6142920298837,274.0526653853626,15.571890499771428,8.53190407622202
373.84363697716054,273.73946090114174,15.571890499771428,8.53190407622202
373.84363697716054,273.73946090114174,15.571890499771428,8.53190407622202
371.6690853282364,272.79727074917105,14.808791732353427,8.611792441604337
370.3909172055946,272.66609925122765,15.774855638990914,9.169793589702977
368.6529114333138,272.88957412324476,16.485629742948504,8.33933495193645
367.8171561914374,272.2280897229786,16.518932552765307,9.465905170685744
366.42723620621314,272.63786975321995,15.909903278394665,8.654987383446723
363.9581886860081,271.7713095682812,16.369805646393843,8.879847402524945
362.7483234515616,271.86848652684847,15.674861067065763,8.455159048491169
361.63336389586084,271.7160853713638,16.263486401543332,8.55360465483676
361.63336389586084,271.7160853713638,16.263486401543332,8.55360465483676
359.37909265385014,271.5111516220901,16.263486401543332,8.55360465483676
359.37909265385014,271.5111516220901,16.263486401543332,8.55360465483676
356.49816133447985,271.5814182396357,16.263486401543332,8.55360465483676
355.59042640516077,271.6037582200017,16.020788800400567,8.572527340565216
354.7310834171018,271.5053782159617,14.925167305888579,8.55360465483676
352.3413803060838,271.15142183329573,16.271457907780075,9.032824541961531
351.72079559707294,271.33684941276584,15.493789168808462,7.377994842289752
349.6262891495232,270.4318753918029,15.880255565309369,9.169793589702977
348.6620686346363,270.751941944848,15.909903278394665,8.994398653385815
346.80569539984236,270.6038366588018,16.049598502668402,8.600282862983647
345.71930074247047,270.60998879401103,15.298834421558297,8.601076989757985
344.23230583749165,270.51424515423673,15.681608533867347,8.815449695290908
342.422195773948,270.5213225925539,16.24099962994086,9.017084968042866
341.495499000819,270.24366473196596,15.80500263300155,8.858261062744248
339.5954701505788,270.550751607018,15.681608533867347,8.320853507766344
339.5954701505788,270.550751607018,15.681608533867347,8.320853507766344
335.2389398627506,270.5858849157908,15.681608533867347,8.320853507766344
333.51480193171614,270.5858849157908,15.681608533867347,8.320853507766344
332.59139556482495,269.71306811427684,15.681608533867347,8.320853507766344
330.8672576337905,269.71306811427684,15.681608533867347,8.320853507766344
328.54734438447696,269.71306811427684,15.681608533867347,8.320853507766344
328.54734438447696,269.71306811427684,15.681608533867347,8.320853507766344
325.57749577250996,269.4585096618225,15.681608533867347,8.320853507766344
323.8533578414755,269.4585096618225,15.681608533867347,8.320853507766344
322.0255568115,269.41990162963765,15.681608533867347,8.320853507766344
322.0255568115,269.41990162963765,15.681608533867347,8.320853507766344
318.73251170039475,268.7485040827133,15.681608533867347,8.320853507766344
317.0083737693603,268.7485040827133,15.681608533867347,8.320853507766344
315.3436550394739,268.7485040827133,15.681608533867347,8.320853507766344
314.19422975211756,268.7485040827133,15.681608533867347,8.320853507766344
311.69004395191854,268.3248970000982,15.681608533867347,8.320853507766344
309.96590602088406,268.3248970000982,15.681608533867347,8.320853507766344
307.82924073342946,267.5527363564004,15.681608533867347,8.320853507766344
306.105102802395,266.9780237127222,15.681608533867347,8.320853507766344
303.8835847203876,267.510309947658,15.681608533867347,8.320853507766344
302.7341594330313,267.510309947658,15.681608533867347,8.320853507766344
298.6866171756974,267.07722931893386,15.681608533867347,8.320853507766344
297.53719188834106,266.5025166752557,15.681608533867347,8.320853507766344
294.55555773191406,266.7297570292698,15.681608533867347,8.320853507766344
292.8314198008796,266.1550443855916,15.681608533867347,8.320853507766344
290.4631063203156,265.8803803212022,15.681608533867347,8.320853507766344
288.164255745603,265.8803803212022,15.681608533867347,8.320853507766344
286.432597489789,265.6682482774903,15.681608533867347,8.320853507766344
284.13374691507636,265.6682482774903,15.681608533867347,8.320853507766344
282.679485243279,265.6391543841065,15.681608533867347,8.320853507766344
280.3806346685663,265.6391543841065,15.681608533867347,8.320853507766344
278.52284074511823,264.9772683175204,15.681608533867347,8.320853507766344
276.79870281408375,264.9772683175204,15.681608533867347,8.320853507766344
274.3734447736222,265.1637580241045,15.681608533867347,8.320853507766344
274.3734447736222,265.1637580241045,15.681608533867347,8.320853507766344
270.72871523317565,264.6841883477299,15.681608533867347,8.320853507766344
269.0045773021412,264.6841883477299,15.681608533867347,8.320853507766344
265.7868871135096,263.9892437684019,15.681608533867347,8.320853507766344
264.0627491824751,263.9892437684019,15.681608533867347,8.320853507766344
261.50181983052863,263.86196454217475,15.681608533867347,8.320853507766344
261.50181983052863,263.86196454217475,15.681608533867347,8.320853507766344
257.471311000002,263.6922589072052,15.681608533867347,8.320853507766344
253.43098049112905,263.6219922896596,15.681608533867347,8.320853507766344
252.2815552037727,263.6219922896596,15.681608533867347,8.320853507766344
249.0610603906633,262.98559615852383,15.681608533867376,8.320853507766344
248.4863477469851,262.98559615852383,15.681608533867376,8.320853507766344
244.94569874265187,262.68861129732716,15.681608533867347,8.320853507766344
242.64684816793923,263.2633239410053,15.681608533867433,8.320853507766344
240.52342694831452,262.1649212164188,15.681608533867347,8.320853507766344
238.79928901728005,261.59020857274066,15.681608533867347,8.320853507766344
236.7012317620103,261.8560569589397,15.681608533867347,8.320853507766344
236.7012317620103,261.8560569589397,15.681608533867347,8.320853507766344
231.61779319244005,261.56831515311495,15.681608533867347,8.320853507766344
229.75284292094358,260.8669876389247,15.56405578635406,8.502260723019617
226.8792797025528,260.8669876389247,15.56405578635406,8.502260723019617
225.60890666817505,260.62606111260095,15.56405578635406,8.502260723019617
223.3100560934624,260.62606111260095,15.56405578635406,8.502260723019617
221.708406633662,260.62606111260095,15.56405578635406,8.502260723019617
218.8348434152712,260.62606111260095,15.56405578635406,8.502260723019617
216.72797048181107,259.892508501088,15.56405578635406,9.158597270162772
214.42911990709842,259.31779585740986,15.56405578635406,9.158597270162772
212.6741271023975,259.5836442436089,15.56405578635406,9.158597270162772
208.07642595297222,260.158356887287,15.56405578635406,9.158597270162772
206.03393174433674,259.37284439097203,15.56405578635406,9.158597270162772
204.30979381330224,259.37284439097203,15.56405578635406,9.158597270162772
202.36616868677208,258.83233194038354,15.56405578635406,9.158597270162772
200.6420307557376,258.83233194038354,15.56405578635406,9.158597270162772
198.46566865225904,258.6405040698337,15.56405578635406,9.158597270162772
197.31624336490273,258.6405040698337,15.56405578635406,9.158597270162772
194.68208149813972,258.1385996514301,15.56405578635406,9.158597270162772
192.95794356710522,258.1385996514301,15.56405578635406,9.158597270162772
190.8598863118355,258.1385996514301,15.56405578635406,9.158597270162772
190.8598863118355,258.1385996514301,15.56405578635406,9.158597270162772
187.9863230934447,258.1385996514301,15.56405578635406,9.158597270162772
186.41587397743132,257.7549439103305,15.212371357012728,9.414367764229212
186.41587397743132,257.7549439103305,15.212371357012728,9.414367764229212
184.63301768263554,257.77903656296286,15.212371357012728,9.414367764229212
182.90887975160103,257.77903656296286,15.212371357012728,9.414367764229212
182.17228597557715,257.86388938044763,15.212371357012728,9.414367764229212
181.02286068822082,257.86388938044763,15.212371357012728,9.414367764229212
179.29872275718634,257.86388938044763,15.212371357012728,9.414367764229212
179.75398067726115,257.6941837454781,15.212371357012728,9.414367764229212
179.75398067726115,257.6941837454781,15.212371357012728,9.414367764229212
177.4551301025485,257.1194711017999,15.212371357012728,9.414367764229212
177.65340974720573,257.64295030815964,15.212371357012728,9.414367764229212
177.65340974720573,257.64295030815964,15.212371357012728,9.414367764229212
177.65340974720573,257.64295030815964,15.212371357012728,9.414367764229212
176.51496571267762,257.6694257508231,15.212371357012728,9.414367764229212
176.51496571267762,257.6694257508231,15.212371357012728,9.414367764229212
176.51496571267762,257.6694257508231,15.212371357012728,9.414367764229212
176.51496571267762,257.6694257508231,15.212371357012728,9.414367764229212
176.51496571267762,257.6694257508231,15.212371357012728,9.414367764229212
176.51496571267762,257.6694257508231,15.212371357012728,9.414367764229212
176.51496571267762,257.6694257508231,15.212371357012728,9.414367764229212
176.51496571267762,257.6694257508231,15.212371357012728,9.414367764229212
174.79082778164315,257.6694257508231,15.212371357012728,9.414367764229212
174.92643915287096,257.58999942283276,15.212371357012728,9.414367764229212
174.92643915287096,257.58999942283276,15.212371357012728,9.414367764229212
174.92643915287096,257.58999942283276,15.212371357012728,9.414367764229212
174.92643915287096,257.58999942283276,15.212371357012728,9.414367764229212
174.92643915287096,257.58999942283276,15.212371357012728,9.414367764229212
174.92643915287096,257.58999942283276,15.212371357012728,9.414367764229212
174.92643915287096,257.58999942283276,15.212371357012728,9.414367764229212
174.92643915287096,257.58999942283276,15.212371357012728,9.414367764229212
174.92643915287096,257.58999942283276,15.212371357012728,9.414367764229212
174.92643915287096,257.58999942283276,15.212371357012728,9.414367764229212
174.92643915287096,257.58999942283276,15.212371357012728,9.414367764229212
174.92643915287096,257.58999942283276,15.212371357012728,9.414367764229212
174.92643915287096,257.58999942283276,15.212371357012728,9.414367764229212
174.92643915287096,257.58999942283276,15.212371357012728,9.414367764229212
174.92643915287096,257.58999942283276,15.212371357012728,9.414367764229212
174.92643915287096,257.58999942283276,15.212371357012728,9.414367764229212
174.92643915287096,257.58999942283276,15.212371357012728,9.414367764229212
174.92643915287096,257.58999942283276,15.212371357012728,9.414367764229212
174.92643915287096,257.58999942283276,15.212371357012728,9.414367764229212
175.50466281604795,256.84312719122914,15.212371357012728,9.414367764229212
175.50466281604795,256.84312719122914,15.212371357012728,9.414367764229212
175.50466281604795,256.84312719122914,15.212371357012728,9.414367764229212
175.50466281604795,256.84312719122914,15.212371357012728,9.414367764229212
175.50466281604795,256.84312719122914,15.212371357012728,9.414367764229212
175.50466281604795,256.84312719122914,15.212371357012728,9.414367764229212
175.50466281604795,256.84312719122914,15.212371357012728,9.414367764229212
175.50466281604795,256.84312719122914,15.212371357012728,9.414367764229212
175.50466281604795,256.84312719122914,15.212371357012728,9.414367764229212
175.50466281604795,256.84312719122914,15.212371357012728,9.414367764229212
175.50466281604795,256.84312719122914,15.212371357012728,9.414367764229212
175.50466281604795,256.84312719122914,15.212371357012728,9.414367764229212
175.50466281604795,256.84312719122914,15.212371357012728,9.414367764229212
175.79240462187266,256.77918456771255,15.212371357012728,9.414367764229212
175.79240462187266,256.77918456771255,15.212371357012728,9.414367764229212
175.79240462187266,256.77918456771255,15.212371357012728,9.414367764229212
175.79240462187266,256.77918456771255,15.212371357012728,9.414367764229212
175.79240462187266,256.77918456771255,15.212371357012728,9.414367764229212
175.79240462187266,256.77918456771255,15.212371357012728,9.414367764229212
175.79240462187266,256.77918456771255,15.212371357012728,9.414367764229212
175.79240462187266,256.77918456771255,15.212371357012728,9.414367764229212
175.79240462187266,256.77918456771255,15.212371357012728,9.414367764229212
175.79240462187266,256.77918456771255,15.212371357012728,9.414367764229212
175.79240462187266,256.77918456771255,15.212371357012728,9.414367764229212
175.79240462187266,256.77918456771255,15.212371357012728,9.414367764229212
175.79240462187266,256.77918456771255,15.212371357012728,9.414367764229212
175.79240462187266,256.77918456771255,15.212371357012728,9.414367764229212
176.44511859491698,255.9866033147302,15.212371357012728,9.414367764229212
176.44511859491698,255.9866033147302,15.212371357012728,9.414367764229212
176.44511859491698,255.9866033147302,15.212371357012728,9.414367764229212
176.44511859491698,255.9866033147302,15.212371357012728,9.414367764229212
176.44511859491698,255.9866033147302,15.212371357012728,9.414367764229212
176.44511859491698,255.9866033147302,15.212371357012728,9.414367764229212
176.44511859491698,255.9866033147302,15.212371357012728,9.414367764229212
176.44511859491698,255.9866033147302,15.212371357012728,9.414367764229212
176.44511859491698,255.9866033147302,15.212371357012728,9.414367764229212
176.44511859491698,255.9866033147302,15.212371357012728,9.414367764229212
176.69105175632663,257.00546926914166,15.212371357012728,9.414367764229212
176.7969535269804,257.00546926914166,15.10646958635894,10.076253830815347
176.3525641782694,256.4404751499201,15.142456081080354,11.0318589546618
176.3525641782694,256.4404751499201,15.142456081080354,11.0318589546618
176.3525641782694,256.4404751499201,15.142456081080354,11.0318589546618
176.3525641782694,256.4404751499201,15.142456081080354,11.0318589546618
176.3525641782694,258.16200727978764,15.142456081080354,11.0318589546618
176.3525641782694,258.16200727978764,15.142456081080354,11.0318589546618
176.3525641782694,258.16200727978764,15.142456081080354,11.0318589546618
176.3525641782694,259.39351688149856,15.142456081080354,11.0318589546618
176.3525641782694,259.39351688149856,15.142456081080354,11.0318589546618
176.3525641782694,259.39351688149856,15.142456081080354,11.0318589546618
175.65761959894135,260.4359337504906,15.142456081080354,11.0318589546618
175.65761959894135,262.1600716815251,15.142456081080354,11.0318589546618
174.7266150106598,262.2979429270537,15.142456081080354,11.0318589546618
174.7266150106598,262.2979429270537,15.142456081080354,11.0318589546618
174.7266150106598,262.2979429270537,15.142456081080354,11.0318589546618
174.65634839311417,263.351942190238,15.142456081080354,11.0318589546618
174.65634839311417,263.351942190238,15.142456081080354,11.0318589546618
174.65634839311417,263.351942190238,15.142456081080354,11.0318589546618
173.59568817455454,264.8368664962215,15.142456081080354,11.0318589546618
173.59568817455454,264.8368664962215,15.142456081080354,11.0318589546618
173.02097553087637,266.56100442725597,15.142456081080354,11.0318589546618
173.46840894832738,266.3642172109474,14.378780723717398,10.947006137177027
172.31898366097104,268.0883551419819,14.378780723717398,10.947006137177027
172.31898366097104,267.51364249830374,14.378780723717398,10.947006137177027
172.48933798876092,268.3223591300803,14.378780723717398,10.947006137177027
172.48933798876092,268.8970717737585,14.378780723717398,10.947006137177027
172.48933798876092,268.3223591300803,14.378780723717398,10.947006137177027
171.91462534508275,270.62120970479293,14.378780723717398,10.947006137177027
171.60135324850842,270.71605712554356,14.378780723717398,10.947006137177027
170.4519279611521,271.2907697692217,14.378780723717398,10.947006137177027
171.02664060483025,272.44019505657803,14.378780723717398,10.947006137177027
169.56172712013625,272.6876957163033,14.378780723717398,10.947006137177027
169.56172712013625,272.6876957163033,14.378780723717398,10.947006137177027
169.56172712013625,274.4118336473378,14.378780723717398,10.947006137177027
169.56172712013625,274.986546291016,14.378780723717398,10.947006137177027
168.75095844425354,274.7725294542874,14.378780723717398,10.947006137177027
168.75095844425354,274.7725294542874,14.378780723717398,10.947006137177027
168.17624580057537,276.49666738532187,14.378780723717398,10.947006137177027
167.63132551089168,276.7801471279017,14.262956627162737,10.252061557849004
167.63132551089168,276.7801471279017,14.262956627162737,10.252061557849004
167.63132551089168,278.5042850589362,14.262956627162737,10.252061557849004
167.63132551089168,276.7801471279017,14.262956627162737,10.252061557849004
167.01202023403914,278.69436343817324,14.262956627162737,10.252061557849004
167.01202023403914,278.69436343817324,14.262956627162737,10.252061557849004
167.01202023403914,280.4185013692077,14.262956627162737,10.252061557849004
166.24351867426276,280.1288996830892,14.262956627162737,10.252061557849004
166.24351867426276,280.1288996830892,14.262956627162737,10.252061557849004
166.24351867426276,282.42775025780185,14.262956627162737,10.252061557849004
165.51161243798248,282.09941647307454,14.262956627162737,10.252061557849004
165.51161243798248,282.09941647307454,14.262956627162737,10.252061557849004
165.51161243798248,282.09941647307454,14.262956627162737,10.252061557849004
164.5381771289324,283.07285178212464,14.262956627162737,10.252061557849004
164.5381771289324,283.07285178212464,14.262956627162737,10.252061557849004
164.5381771289324,283.07285178212464,14.262956627162737,10.252061557849004
163.50563486505808,285.0320345392195,13.892300429874524,9.245994736638124
163.50563486505808,285.0320345392195,13.892300429874524,9.245994736638124
163.50563486505808,285.0320345392195,13.892300429874524,9.245994736638124
163.0037304466545,286.6149638588001,13.892300429874524,9.245994736638124
163.0037304466545,286.6149638588001,13.892300429874524,9.245994736638124
163.0037304466545,286.6149638588001,13.892300429874524,9.245994736638124
162.6875306676992,287.1419634903922,13.892300429874524,9.245994736638124
162.6875306676992,287.1419634903922,13.892300429874524,9.245994736638124
162.6875306676992,287.1419634903922,13.892300429874524,9.245994736638124
161.43649325219587,288.2475314389765,13.892300429874524,9.245994736638124
161.43649325219587,288.2475314389765,13.892300429874524,9.245994736638124
161.43649325219587,288.2475314389765,13.892300429874524,9.245994736638124
161.43649325219587,288.2475314389765,13.892300429874524,9.245994736638124
161.43649325219587,288.2475314389765,13.892300429874524,9.245994736638124
161.43649325219587,288.2475314389765,13.892300429874524,9.245994736638124
160.1415822187769,290.2743487086758,13.892300429874524,9.245994736638124
160.1415822187769,290.2743487086758,13.892300429874524,9.245994736638124
160.1415822187769,290.2743487086758,13.892300429874524,9.245994736638124
160.1415822187769,290.2743487086758,13.892300429874524,9.245994736638124
159.63246531386827,291.8441258321441,13.892300429874524,9.245994736638124
159.63246531386827,291.8441258321441,13.892300429874524,9.245994736638124
159.63246531386827,291.8441258321441,13.892300429874524,9.245994736638124
159.63246531386827,291.8441258321441,13.892300429874524,9.245994736638124
159.63246531386827,291.8441258321441,13.892300429874524,9.245994736638124
159.63246531386827,291.8441258321441,13.892300429874524,9.245994736638124
159.63246531386827,291.8441258321441,13.892300429874524,9.245994736638124
159.63246531386827,291.8441258321441,13.892300429874524,9.245994736638124
159.09114243985522,293.28765349617885,13.892300429874524,9.245994736638124
159.09114243985522,293.28765349617885,13.892300429874524,9.245994736638124
159.09114243985522,293.28765349617885,13.892300429874524,9.245994736638124
159.09114243985522,293.28765349617885,13.892300429874524,9.245994736638124
159.09114243985522,293.28765349617885,13.892300429874524,9.245994736638124
159.09114243985522,293.28765349617885,13.892300429874524,9.245994736638124
159.09114243985522,293.28765349617885,13.892300429874524,9.245994736638124
159.09114243985522,293.28765349617885,13.892300429874524,9.245994736638124
159.09114243985522,293.28765349617885,13.892300429874524,9.245994736638124
159.09114243985522,293.28765349617885,13.892300429874524,9.245994736638124
159.09114243985522,293.28765349617885,13.892300429874524,9.245994736638124
158.45874288194466,294.0605862891806,13.892300429874524,9.245994736638124
158.45874288194466,294.0605862891806,13.892300429874524,9.245994736638124
158.45874288194466,294.0605862891806,13.892300429874524,9.245994736638124
158.45874288194466,294.0605862891806,13.892300429874524,9.245994736638124
158.45874288194466,294.0605862891806,13.892300429874524,9.245994736638124
158.45874288194466,294.0605862891806,13.892300429874524,9.245994736638124
158.45874288194466,294.0605862891806,13.892300429874524,9.245994736638124
159.63969391124039,294.45816602854813,12.21943522119534,8.728168015139545
159.63969391124039,294.45816602854813,12.21943522119534,8.728168015139545
159.63969391124039,294.45816602854813,12.21943522119534,8.728168015139545
159.63969391124039,294.45816602854813,12.21943522119534,8.728168015139545
159.63969391124039,294.45816602854813,12.21943522119534,8.728168015139545
159.831605079963,295.3958101190883,12.431238762502886,7.986855620563119
159.831605079963,295.3958101190883,12.431238762502886,7.986855620563119
160.67480449051038,295.7471432068164,12.536638688821313,8.830055031110476
160.67480449051038,295.7471432068164,12.536638688821313,8.830055031110476
160.67480449051038,295.7471432068164,12.536638688821313,8.830055031110476
161.71722135950245,295.9401833677409,12.536638688821313,8.830055031110476
161.71722135950245,295.9401833677409,12.536638688821313,8.830055031110476
161.71722135950245,295.9401833677409,12.536638688821313,8.830055031110476
163.73141400027555,296.57960960290694,12.536638688821313,8.830055031110476
163.73141400027555,296.57960960290694,12.536638688821313,8.830055031110476
164.83450062757757,296.57960960290694,12.536638688821313,8.830055031110476
164.83450062757757,296.57960960290694,12.536638688821313,8.830055031110476
166.4034438009041,297.10259066068244,12.536638688821313,8.830055031110476
166.4034438009041,297.10259066068244,12.536638688821313,8.830055031110476
166.4034438009041,297.10259066068244,12.536638688821313,8.830055031110476
168.20505915174786,297.4403935389656,12.536638688821313,8.830055031110476
168.20505915174786,297.4403935389656,12.536638688821313,8.830055031110476
169.8265965035133,297.5562176355203,12.536638688821313,8.830055031110476
169.8265965035133,297.5562176355203,12.536638688821313,8.830055031110476
169.8265965035133,297.5562176355203,12.536638688821313,8.830055031110476
171.7381159960002,298.06906432862655,12.536638688821313,8.830055031110476
171.7381159960002,298.06906432862655,12.536638688821313,8.830055031110476
173.3263525528714,299.1449665123135,12.536638688821313,8.830055031110476
173.3263525528714,299.1449665123135,12.536638688821313,8.830055031110476
174.76885045011252,299.22981932979826,12.536638688821313,8.830055031110476
174.76885045011252,299.22981932979826,12.536638688821313,8.830055031110476
176.59578250629855,299.4406191824351,12.536638688821313,8.830055031110476
176.59578250629855,299.4406191824351,12.536638688821313,8.830055031110476
179.85935237152012,299.86022102224933,12.536638688821313,8.830055031110476
179.85935237152012,299.86022102224933,12.536638688821313,8.830055031110476
181.44228169110065,300.0532611831738,12.536638688821313,8.830055031110476
181.44228169110065,300.0532611831738,12.536638688821313,8.830055031110476
183.81816058067426,300.6472309055672,12.536638688821313,8.830055031110476
183.81816058067426,300.6472309055672,12.536638688821313,8.830055031110476
183.81816058067426,300.6472309055672,12.536638688821313,8.830055031110476
186.69557863892157,300.90300139963364,12.536638688821313,8.830055031110476
186.69557863892157,300.90300139963364,12.536638688821313,8.830055031110476
188.80357716529008,301.0435346347249,12.536638688821313,8.830055031110476
188.80357716529008,301.0435346347249,12.536638688821313,8.830055031110476
190.49428059679812,301.55586900790917,12.536638688821313,8.830055031110476
190.49428059679812,301.55586900790917,12.536638688821313,8.830055031110476
192.71821778052745,301.58234445057263,12.536638688821313,8.830055031110476
192.71821778052745,301.58234445057263,12.536638688821313,8.830055031110476
195.6040410308429,301.8206234345436,12.536638688821313,8.830055031110476
195.6040410308429,301.8206234345436,12.536638688821313,8.830055031110476
195.6040410308429,301.8206234345436,12.536638688821313,8.830055031110476
198.91330091274898,302.41459315693703,12.536638688821313,8.830055031110476
198.91330091274898,302.41459315693703,12.536638688821313,8.830055031110476
201.16190057609543,302.92371006184567,12.536638688821313,8.830055031110476
202.8860385071299,302.92371006184567,12.536638688821313,8.830055031110476
204.76954335568644,303.41830624937023,12.536638688821313,8.830055031110476
204.76954335568644,303.41830624937023,12.536638688821313,8.830055031110476
206.80815244077166,303.8683887746488,12.536638688821313,8.830055031110476
208.53229037180614,303.8683887746488,12.536638688821313,8.830055031110476
209.2404584684198,303.9456048390186,12.536638688821313,8.830055031110476
210.38988375577614,303.9456048390186,12.536638688821313,8.830055031110476
212.39103614536967,304.05150660967234,12.536638688821313,8.830055031110476
213.540461432726,304.05150660967234,12.536638688821313,8.830055031110476
215.0894132401957,304.24424783073135,12.536638688821313,8.830055031110476
216.23883852755202,304.8189604744095,12.536638688821313,8.830055031110476
217.34389044738126,304.4038568365498,12.536638688821313,8.830055031110476
219.06802837841573,304.4038568365498,12.536638688821313,8.830055031110476
219.88711088927852,304.82041880548127,12.536638688821313,8.830055031110476
222.18596146399116,306.54455673651574,12.536638688821313,8.830055031110476
221.9527773195282,304.67494933856227,13.671300530789438,8.742773350959055
224.25162789424084,304.67494933856227,13.671300530789438,8.742773350959055
225.21129337851363,305.5186722466924,13.671300530789438,8.742773350959055
225.7860060221918,305.5186722466924,13.671300530789438,8.742773350959055
227.74246210290408,305.72232950037903,13.671300530789438,8.742773350959055
228.31717474658225,305.72232950037903,13.671300530789438,8.742773350959055
232.43360219816006,306.4022048765031,13.671300530789438,8.742773350959055
232.43360219816006,306.4022048765031,13.671300530789438,8.742773350959055
232.43360219816006,306.4022048765031,13.671300530789438,8.742773350959055
236.430016167948,307.16951635870237,13.671300530789438,8.742773350959055
236.430016167948,307.16951635870237,13.671300530789438,8.742773350959055
238.66629621168525,307.2791379294738,13.671300530789438,8.742773350959055
239.8157214990416,307.2791379294738,13.671300530789438,8.742773350959055
241.36679136335658,307.9410239960599,13.671300530789438,8.742773350959055
243.09092929439106,307.9410239960599,13.671300530789438,8.742773350959055
244.22613917100858,308.0204503240503,13.671300530789438,8.742773350959055
246.34745960812788,308.1477295502774,13.67130053078941,8.742773350959055
246.34745960812788,308.1477295502774,13.67130053078941,8.742773350959055
249.15812430995254,308.5693292555511,13.671300530789381,8.742773350959055
249.15812430995254,308.5693292555511,13.671300530789381,8.742773350959055
251.8929502880296,308.7438926158539,13.67130053078941,8.742773350959055
253.61708821906407,309.31860525953203,13.67130053078941,8.742773350959055
255.69753638726772,309.6390893450864,13.67130053078941,8.742773350959055
255.69753638726772,309.6390893450864,13.67130053078941,8.742773350959055
257.9479490136605,310.0362209850381,13.671300530789381,8.742773350959055
257.9479490136605,310.0362209850381,13.671300530789381,8.742773350959055
261.2646528594135,310.26897213210844,13.671300530789381,8.742773350959055
264.0781282941442,310.6526278732081,13.671300530789381,8.742773350959055
265.8022662251787,310.6526278732081,13.671300530789381,8.742773350959055
267.54962417069544,310.7922857532992,13.671300530789381,8.742773350959055
269.35785763235435,311.6604641251681,13.18000486633315,7.962224623925238
270.1759967714532,312.2248375658329,13.843577991345455,8.440426304192158
271.90013470248766,312.2248375658329,13.843577991345455,8.440426304192158
273.55234115121334,312.24676187998716,13.843577991345455,8.440426304192158
274.7017664385696,312.24676187998716,13.843577991345455,8.440426304192158
276.54901216974457,312.85773364104693,13.843577991345455,8.440426304192158
278.27315010077905,312.85773364104693,13.843577991345455,8.440426304192158
280.07024604398265,313.1489635103448,13.843577991345455,8.440426304192158
280.64495868766085,313.1489635103448,13.843577991345455,8.440426304192158
283.3422306632608,313.8073506593459,13.843577991345455,8.440426304192158
283.3422306632608,313.8073506593459,13.843577991345455,8.440426304192158
285.97722882122144,313.7722173505731,13.843577991345455,8.440426304192158
285.97722882122144,313.7722173505731,13.843577991345455,8.440426304192158
289.302245244085,314.6993853915639,13.843577991345455,8.440426304192158
290.45167053144127,314.6993853915639,13.843577991345455,8.440426304192158
292.7062307699894,315.1648876857047,13.843577991345455,8.440426304192158
294.4303687010239,315.1648876857047,13.843577991345455,8.440426304192158
297.81599120403416,315.80029830962735,13.843577991345455,8.440426304192158
298.96541649139044,315.80029830962735,13.843577991345455,8.440426304192158
301.3995886988606,316.1164980885826,13.843577991345455,8.440426304192158
303.1237266298951,316.1164980885826,13.843577991345455,8.440426304192158
304.50080593941607,316.78789563550697,13.843577991345455,8.440426304192158
305.6502312267724,317.9373209228633,13.843577991345455,8.440426304192158
308.1898033605609,316.963562179371,13.843577991345455,8.440426304192158
309.9139412915954,316.963562179371,13.843577991345455,8.440426304192158
311.11722556378555,317.47267908427966,13.843577991345455,8.440426304192158
312.84136349482003,317.47267908427966,13.843577991345455,8.440426304192158
314.46891185443405,317.68481112799157,13.843577991345455,8.440426304192158
316.96969696969694,318.18181818181813,12.727272727272748,7.878787878787932
317.90502671888936,318.10949948202534,13.843577991345455,8.440426304192158
319.62916464992384,318.10949948202534,13.843577991345455,8.440426304192158
321.7454206455508,318.9532223901555,13.843577991345455,8.440426304192158
321.7454206455508,318.9532223901555,13.843577991345455,8.440426304192158
324.0442712202634,318.9532223901555,13.843577991345455,8.440426304192158
326.0295764211635,319.3688494430134,13.843577991345455,8.440426304192158
326.0295764211635,319.3688494430134,13.843577991345455,8.440426304192158
330.2698832844615,319.70614657986664,13.843577991345455,8.440426304192158
330.2698832844615,319.70614657986664,13.843577991345455,8.440426304192158
334.94261335124503,319.9169464325035,13.843577991345455,8.440426304192158
334.94261335124503,319.9169464325035,13.843577991345455,8.440426304192158
338.5488580943478,320.5109161548969,13.843577991345455,8.440426304192158
339.69828338170413,320.5109161548969,13.843577991345455,8.440426304192158
341.9058458289697,320.9904858312715,13.843577991345455,8.440426304192158
344.20469640368236,321.5651984749497,13.843577991345455,8.440426304192158
345.2575321196182,321.2026178749834,13.843577991345455,8.440426304192158
347.5563826943308,321.2026178749834,13.843577991345455,8.440426304192158
349.0870627758543,321.37828441884744,13.843577991345455,8.440426304192158
351.6046738147395,321.5181516987855,13.843577991345455,8.440426304192158
351.6046738147395,321.5181516987855,13.843577991345455,8.440426304192158
354.450471825337,322.0451513303776,13.843577991345455,8.440426304192158
354.450471825337,322.0451513303776,13.843577991345455,8.440426304192158
357.67989399093864,322.3651841575994,13.843577991345455,8.440426304192158
357.67989399093864,322.3651841575994,13.843577991345455,8.440426304192158
360.856367104681,322.5701179068731,13.843577991345455,8.440426304192158
362.495943294117,323.64604720246047,13.78306749000609,7.605782340423559
364.25970382180503,323.3357891353972,13.807390347713635,7.904994473881857
365.5395365822647,323.48339084607795,13.873435658760172,7.467047938659903
369.07381095277503,323.54991197156977,13.651750120795612,7.705086133751138
370.58769280969557,323.7189540554857,13.753615860576588,7.459588263363571
371.50965038100486,323.4705341878817,14.053323715300337,7.837430533532881
373.46648643735676,322.9259692378511,14.043141293729718,8.230723296022859
375.06332527695434,323.79002031139976,13.399514171900478,7.656865241085995
376.0684825858725,323.6060662799027,14.345362449159154,8.86338465608759
378.21547087006047,324.08823918724096,13.631723803849638,8.431994105473962
379.921284868938,324.25664566676085,13.456057259985585,8.15092763529151
381.29962653585505,325.10610384236287,13.551419296896768,7.412742179499105
383.04950590201605,324.76880152703734,13.109760301397216,7.509474347402261
384.30843178512015,324.7211284813168,13.109760301397216,7.467047938659903
385.46820580940687,324.5529156447737,14.243788152933064,7.863206471042986
387.5235625770643,325.51222139568,13.831009250017757,6.957931033751265
387.9732544280217,325.48028176494034,14.685723067033848,7.413128151062551
390.5552567985239,325.66476452651955,13.856166545509268,7.585812697383233
392.4768863182737,325.34836428865526,13.793705627654504,7.201320404456851
393.3209412846092,325.3401598513486,14.163291108928433,7.7370574455094925
395.03263017333364,325.74831816184087,13.19843712088067,7.6515856398460755
396.41532453732964,325.81017526286644,13.900015173817849,7.498115440766071
398.5617864895545,325.6591237222607,12.770349031458125,8.018591252310898
398.7209105648876,325.8119399168199,14.47801206933417,7.953254630087542
402.67333429121436,326.474330292099,13.290672217049064,7.571976601745064
404.03428678781904,326.4584443152133,13.092252022709317,7.855351213625568
404.9968618623551,326.3650698436547,13.179533702860681,8.117196254079772
406.096145457275,327.5127361170289,13.106403032012167,6.529108863373722
407.8717733562512,327.4780435554856,13.5128112647119,7.258310050759519
409.4667510790389,327.63673846404856,13.140209132662733,6.841860716276983
410.79140578098304,327.6399692633203,13.491190568758384,6.921261828243246
410.7972005529512,327.6857897702009,14.663322265434374,6.895252731960227
413.5384013441063,327.57835332419006,13.105344118404957,6.5923852231976525
413.73021936010736,327.5458665588894,14.25600775806123,7.8844451070093555
415.39049235726884,327.7338732986716,13.491190568758384,7.202328298425698
416.7505329505191,327.66338727584156,13.28116307160252,7.914646597902674
418.59735983775244,328.27087932179757,12.472324614346917,6.780728593151991
419.339484301951,328.2581071084713,12.94005466642767,7.042783851236038
421.0062558420025,328.0114414788752,12.57583526513605,6.910090535158986
421.3825334298758,328.5134845184792,13.317147659712532,6.777713321841759
422.28947658765105,327.93460371831696,14.525497119350348,7.217638320174103
423.6269273087399,328.3013239348496,13.088122910678067,7.219702018574651
424.7850781947748,328.3195154020221,12.81786668538382,6.601973503616364
424.60111365459176,328.3893248060613,13.831009250017757,6.745798990039361
426.88716783265374,328.487814801841,12.962059641561666,6.967747475305885
427.36288686322405,328.7977501992096,12.972298814123405,7.567174308238634
427.3969548636229,329.22859940946876,13.860283554375883,6.988053825465272
