42.773544566847775,295.2815155457824,41.49349997816891,23.999724726048953
42.773544566847775,295.2815155457824,41.49349997816891,23.999724726048953
15.277285203798623,294.00854057527084,44.03944991919198,26.036484678867396
15.277285203798623,294.00854057527084,44.03944991919198,26.036484678867396
15.277285203798623,294.00854057527084,44.03944991919198,26.036484678867396
1.271841498871451,293.43297439561627,44.03944991919198,26.036484678867396
1.271841498871451,293.43297439561627,44.03944991919198,26.036484678867396
1.271841498871451,293.43297439561627,44.03944991919198,26.036484678867396
1.271841498871451,293.43297439561627,19.771660625756525,26.385661503233393
1.271841498871451,293.43297439561627,19.771660625756525,26.385661503233393
1.271841498871451,293.43297439561627,19.771660625756525,26.385661503233393
0,0,0,0
0,0,0,0
0,0,0,0
0,0,0,0
0,0,0,0
0,0,0,0
0,0,0,0
0,0,0,0
0,0,0,0
0,0,0,0
0,0,0,0
0,0,0,0
0,0,0,0
0,0,0,0
0,0,0,0
0,0,0,0
0,0,0,0
0,0,0,0
0,0,0,0
0,0,0,0
0,0,0,0
0,0,0,0
0,0,0,0
0,0,0,0
0,0,0,0
0,0,0,0
0,0,0,0
0,0,0,0
0,0,0,0
0,0,0,0
0,0,0,0
0,0,0,0
0,0,0,0
0,0,0,0
0,0,0,0
0,0,0,0
0,0,0,0
0,0,0,0
0,0,0,0
0,0,0,0
0,0,0,0
0,0,0,0
0,0,0,0
0,0,0,0
0,0,0,0
0,0,0,0
0,0,0,0
0,0,0,0
0,0,0,0
0,0,0,0
0,0,0,0
0,0,0,0
0,0,0,0
0,0,0,0
0,0,0,0
0,0,0,0
0,0,0,0
0,0,0,0
0,0,0,0
0,0,0,0
0,0,0,0
0,0,0,0
0,0,0,0
0,0,0,0
0,0,0,0
0,0,0,0
0,0,0,0
0,0,0,0
0,0,0,0
0,0,0,0
0,0,0,0
0,0,0,0
0,0,0,0
0,0,0,0
0,0,0,0
0,0,0,0
0,0,0,0
0,0,0,0
0,0,0,0
0,0,0,0
0,0,0,0
0,0,0,0
0,0,0,0
0,0,0,0
0,0,0,0
0,0,0,0
0,0,0,0
0,0,0,0
0,0,0,0
0,0,0,0
0,0,0,0
0,0,0,0
0,0,0,0
0,0,0,0
0,0,0,0
0,0,0,0
0,0,0,0
0,0,0,0
0,0,0,0
0,0,0,0
0,0,0,0
0,0,0,0
0,0,0,0
0,0,0,0
0,0,0,0
0,0,0,0
0,0,0,0
0,0,0,0
0,0,0,0
0,0,0,0
0,0,0,0
0,0,0,0
0,0,0,0
0,0,0,0
0,0,0,0
0,0,0,0
0,0,0,0
0,0,0,0
0,0,0,0
0,0,0,0
0,0,0,0
0,0,0,0
0,0,0,0
0,0,0,0
0,0,0,0
0,0,0,0
0,0,0,0
0,0,0,0
0,0,0,0
0,0,0,0
0,0,0,0
0,0,0,0
0,0,0,0
0,0,0,0
0,0,0,0
0,0,0,0
0,0,0,0
0,0,0,0
0,0,0,0
0,0,0,0
0,0,0,0
0,0,0,0
0,0,0,0
0,0,0,0
0,0,0,0
0,0,0,0
0,0,0,0
0,0,0,0
0,0,0,0
0,0,0,0
0,0,0,0
0,0,0,0
0,0,0,0
0,0,0,0
0,0,0,0
0,0,0,0
0,0,0,0
0,0,0,0
0,0,0,0
0,0,0,0
0,0,0,0
0,0,0,0
0,0,0,0
0,0,0,0
0,0,0,0
0,0,0,0
0,0,0,0
0,0,0,0
0,0,0,0
0,0,0,0
0,0,0,0
0,0,0,0
0,0,0,0
0,0,0,0
0,0,0,0
0,0,0,0
0,0,0,0
0,0,0,0
0,0,0,0
0,0,0,0
0,0,0,0
0,0,0,0
0,0,0,0
0,0,0,0
0,0,0,0
0,0,0,0
0,0,0,0
0,0,0,0
0,0,0,0
0,0,0,0
0,0,0,0
0,0,0,0
0,0,0,0
0,0,0,0
0,0,0,0
0,0,0,0
0,0,0,0
0,0,0,0
0,0,0,0
0,0,0,0
0,0,0,0
0,0,0,0
0,0,0,0
0,0,0,0
0,0,0,0
0,0,0,0
0,0,0,0
0,0,0,0
0,0,0,0
0,0,0,0
0,0,0,0
0,0,0,0
0,0,0,0
0,0,0,0
0,0,0,0
0,0,0,0
0,0,0,0
0,0,0,0
0,0,0,0
0,0,0,0
0,0,0,0
0,0,0,0
0,0,0,0
0,0,0,0
0,0,0,0
0,0,0,0
0,0,0,0
0,0,0,0
0,0,0,0
0,0,0,0
0,0,0,0
0,0,0,0
0,0,0,0
0,0,0,0
0,0,0,0
0,0,0,0
0,0,0,0
0,0,0,0
0,0,0,0
0,0,0,0
0,0,0,0
0,0,0,0
0,0,0,0
0,0,0,0
0,0,0,0
0,0,0,0
0,0,0,0
0,0,0,0
0,0,0,0
0,0,0,0
0,0,0,0
0,0,0,0
0,0,0,0
0,0,0,0
0,0,0,0
0,0,0,0
0,0,0,0
0,0,0,0
0,0,0,0
0,0,0,0
0,0,0,0
0,0,0,0
0,0,0,0
0,0,0,0
0,0,0,0
0,0,0,0
0,0,0,0
0,0,0,0
0,0,0,0
0,0,0,0
0,0,0,0
0,0,0,0
0,0,0,0
0,0,0,0
0,0,0,0
0,0,0,0
0,0,0,0
0,0,0,0
0,0,0,0
0,0,0,0
0,0,0,0
0,0,0,0
0,0,0,0
0,0,0,0
0,0,0,0
0,0,0,0
0,0,0,0
0,0,0,0
0,0,0,0
0,0,0,0
0,0,0,0
0,0,0,0
0,0,0,0
0,0,0,0
0,0,0,0
0,0,0,0
0,0,0,0
0,0,0,0
0,0,0,0
0,0,0,0
0,0,0,0
0,0,0,0
0,0,0,0
0,0,0,0
0,0,0,0
0,0,0,0
0,0,0,0
0,0,0,0
0,0,0,0
0,0,0,0
0,0,0,0
0,0,0,0
0,0,0,0
0,0,0,0
0,0,0,0
0,0,0,0
0,0,0,0
0,0,0,0
0,0,0,0
0,0,0,0
0,0,0,0
0,0,0,0
0,0,0,0
0,0,0,0
0,0,0,0
0,0,0,0
0,0,0,0
0,0,0,0
0,0,0,0
0,0,0,0
0,0,0,0
0,0,0,0
0,0,0,0
0,0,0,0
0,0,0,0
0,0,0,0
0,0,0,0
0,0,0,0
0,0,0,0
0,0,0,0
0,0,0,0
0,0,0,0
0,0,0,0
0,0,0,0
0,271.1202892347569,17.444195974102787,20.608936643060986
0,271.1202892347569,17.444195974102787,20.608936643060986
0,271.1202892347569,17.444195974102787,20.608936643060986
0,271.1202892347569,21.899379059851697,25.806650243101387
0,271.1202892347569,21.899379059851697,25.806650243101387
0,271.1202892347569,21.899379059851697,25.806650243101387
0,273.8102919740764,28.905629165443276,25.806650243101387
0,273.8102919740764,28.905629165443276,25.806650243101387
0,273.8102919740764,28.905629165443276,25.806650243101387
1.6217702734605866,275.89542518281144,37.70952493565789,29.976916660571476
1.6217702734605866,275.89542518281144,37.70952493565789,29.976916660571476
1.6217702734605866,275.89542518281144,37.70952493565789,29.976916660571476
16.59070972410051,282.00949904293196,34.96873320525904,25.971144131527012
16.59070972410051,282.00949904293196,34.96873320525904,25.971144131527012
16.59070972410051,282.00949904293196,34.96873320525904,25.971144131527012
28.40646457359907,286.8748098633137,34.96873320525904,25.971144131527012
28.40646457359907,286.8748098633137,34.96873320525904,25.971144131527012
28.40646457359907,286.8748098633137,34.96873320525904,25.971144131527012
28.40646457359907,286.8748098633137,34.96873320525904,25.971144131527012
41.3191438100416,291.7939257629109,33.1240647429101,21.359472975654683
41.3191438100416,291.7939257629109,33.1240647429101,21.359472975654683
41.3191438100416,291.7939257629109,33.1240647429101,21.359472975654683
53.134898659540156,298.51268832439047,31.50229446944951,19.042658299282436
53.134898659540156,298.51268832439047,31.50229446944951,19.042658299282436
53.134898659540156,298.51268832439047,31.50229446944951,19.042658299282436
60.40904210117243,302.9890842884719,31.50229446944951,19.042658299282436
60.40904210117243,302.9890842884719,31.50229446944951,19.042658299282436
60.40904210117243,302.9890842884719,31.50229446944951,19.042658299282436
0,0,0,0
0,0,0,0
0,0,0,0
0,0,0,0
0,0,0,0
0,0,0,0
93.55354402859663,317.5523518166284,31.713124602557116,17.566847367529192
93.55354402859663,317.5523518166284,31.713124602557116,17.566847367529192
93.55354402859663,317.5523518166284,31.713124602557116,17.566847367529192
96.01691736218615,317.0596771499105,31.713124602557116,17.566847367529192
96.01691736218615,317.0596771499105,31.713124602557116,17.566847367529192
96.01691736218615,317.0596771499105,31.713124602557116,17.566847367529192
101.85836749295764,317.0596771499105,31.713124602557357,17.566847367529192
101.85836749295764,317.0596771499105,31.713124602557357,17.566847367529192
101.85836749295764,317.0596771499105,31.713124602557357,17.566847367529192
101.85836749295764,317.0596771499105,31.713124602557357,17.566847367529192
105.1067713085328,317.0596771499105,31.713124602557357,17.566847367529192
105.1067713085328,317.0596771499105,31.713124602557357,17.566847367529192
105.1067713085328,317.0596771499105,31.713124602557357,17.566847367529192
110.47872231864174,321.4723511939289,31.713124602557755,17.566847367529192
110.47872231864174,321.4723511939289,31.713124602557755,17.566847367529192
110.47872231864174,321.4723511939289,31.713124602557755,17.566847367529192
115.7494756463319,322.1048415932517,31.713124602557755,17.566847367529192
115.7494756463319,322.1048415932517,31.713124602557755,17.566847367529192
115.7494756463319,322.1048415932517,31.713124602557755,17.566847367529192
123.17478078924664,323.96116787898046,31.71312460255804,17.566847367529192
123.17478078924664,323.96116787898046,31.71312460255804,17.566847367529192
123.17478078924664,323.96116787898046,31.71312460255804,17.566847367529192
0,0,0,0
0,0,0,0
0,0,0,0
0,0,0,0
0,0,0,0
0,0,0,0
0,0,0,0
0,0,0,0
0,0,0,0
0,0,0,0
0,0,0,0
0,0,0,0
0,0,0,0
0,0,0,0
0,0,0,0
0,0,0,0
0,0,0,0
0,0,0,0
0,0,0,0
0,0,0,0
0,0,0,0
0,0,0,0
0,0,0,0
0,0,0,0
0,0,0,0
0,0,0,0
0,0,0,0
0,0,0,0
0,0,0,0
0,0,0,0
0,0,0,0
0,0,0,0
0,0,0,0
0,0,0,0
0,0,0,0
0,0,0,0
0,0,0,0
0,0,0,0
0,0,0,0
0,0,0,0
0,0,0,0
0,0,0,0
0,0,0,0
0,0,0,0
0,0,0,0
0,0,0,0
0,0,0,0
0,0,0,0
0,0,0,0
0,0,0,0
0,0,0,0
0,0,0,0
0,0,0,0
0,0,0,0
0,0,0,0
0,0,0,0
0,0,0,0
0,0,0,0
0,0,0,0
0,0,0,0
0,0,0,0
0,0,0,0
0,0,0,0
0,0,0,0
0,0,0,0
0,0,0,0
0,0,0,0
0,0,0,0
0,0,0,0
0,0,0,0
0,0,0,0
0,0,0,0
0,0,0,0
0,0,0,0
0,0,0,0
0,0,0,0
0,0,0,0
0,0,0,0
0,0,0,0
0,0,0,0
0,0,0,0
168.83472310268309,315.72034478782,20.43499952170484,14.640639602438966
168.2600104590049,313.4214942131074,20.43499952170484,14.640639602438966
169.54022988505747,313.3103448275862,18.564904303806117,15.462969965150194
168.39080459770116,308.71264367816093,19.714329591162425,14.313544677793914
168.9655172413793,308.13793103448273,19.714329591162425,12.58940674675938
169.54022988505747,308.71264367816093,18.965517241379303,13.218390804597732
169.54022988505747,309.28735632183907,19.179793791255747,13.457594127715367
167.24137931034483,308.13793103448273,22.05335700964656,12.882881484037227
166.09195402298852,308.1379310344828,22.6280696533247,14.607019415071647
170.6896551724138,306.98850574712645,16.880943216543102,14.607019415071647
168.9655172413793,302.9655172413793,20.76654301976731,13.118125150590117
169.54022988505747,303.5402298850575,20.191830376089143,12.54341250691192
169.54022988505747,302.9655172413793,20.191830376089143,13.118125150590117
169.54022988505747,301.2413793103448,19.981000242981537,13.36645214987135
171.26436781609195,301.2413793103448,18.25686231194706,13.36645214987135
168.39080459770116,301.2413793103448,21.130425530337845,13.36645214987135
168.9655172413793,297.7931034482759,19.60246008624128,14.431596010894282
163.79310344827587,296.0689655172414,24.77487387934471,16.15573394192876
169.54022988505747,297.2183908045977,19.02774744256311,15.006308654572479
172.41379310344828,297.2183908045977,16.328772636355296,11.6891288230957
169.54022988505747,297.2183908045977,19.20233585474611,11.6891288230957
166.66666666666666,294.91954022988506,22.075899073136924,13.987979397808317
160.42892637137305,291.17926450969287,29.108016702112536,12.96199111590846
160.42892637137305,291.17926450969287,29.108016702112536,12.96199111590846
166.66666666666666,290.32183908045977,22.87027640681893,13.819416545141564
170.11494252873564,263.3103448275862,19.42200054474995,12.41292057880321
169.54022988505747,263.3103448275862,19.996713188428117,12.41292057880321
166.66666666666666,262.735632183908,22.87027640681893,12.987633222481406
164.94252873563218,261.58620689655174,23.436006999667285,12.978651171651563
166.09195402298852,261.58620689655174,22.286581712310948,12.978651171651563
165.51724137931035,261.01149425287355,22.861294355989116,13.55336381532976
166.66666666666666,262.735632183908,21.711869068632808,11.829225884295283
164.367816091954,255.26436781609198,22.813480333525177,14.391809081848237
165.51724137931035,254.68965517241378,21.66405504616884,14.966521725526434
164.367816091954,254.11494252873564,22.813480333525177,15.541234369204574
165.51724137931035,252.39080459770116,21.66405504616884,17.26537230023905
165.51724137931035,252.9655172413793,21.66405504616884,16.69065965656091
163.79310344827587,254.68965517241378,23.388192977203317,14.966521725526434
162.21599216009577,248.67230465659162,25.1403296789847,14.6380401709946
164.367816091954,247.21839080459768,23.86846583216152,14.522905112440469
166.09195402298852,248.367816091954,20.994902613770762,14.522905112440469
165.489943150548,243.73962378679028,26.46407983795777,14.973019891370654
165.489943150548,245.46376171782475,28.988292771130517,15.236745804566965
165.489943150548,245.46376171782475,28.988292771130517,15.236745804566965
166.1254450174936,239.97563516387478,28.988292771130517,15.236745804566993
166.1254450174936,239.97563516387478,28.988292771130517,15.236745804566993
166.1254450174936,239.97563516387478,28.988292771130517,15.236745804566993
165.914614884386,238.71065436522915,23.717539443440387,11.441803408630108
165.914614884386,238.71065436522915,23.717539443440387,11.441803408630108
164.70739607402083,238.82030783335364,24.90257764426164,12.211840960166768
164.09698747962304,234.0873645996705,23.708753056094196,10.776705934588279
165.5338816042348,234.8058116619764,21.84256517912894,9.633401332504008
164.4326910828552,233.36891753736464,24.809943577473803,12.00276992609244
165.5338816042348,231.21357635044697,22.271858931482427,15.087388308423584
166.2523286665407,231.93202341275287,23.055060373366672,12.213600059200047
166.2523286665407,231.93202341275287,23.055060373366672,12.213600059200047
166.2523286665407,231.93202341275287,23.055060373366672,12.213600059200047
164.39600238081195,229.70443186987836,23.055060373366672,12.213600059200047
165.4355717860004,229.00513056503127,22.82578118755052,14.164615203341612
166.2523286665407,230.4951292881411,22.969847295067638,12.213600059200047
164.81543454192894,228.33978810122343,22.990305993788297,12.932047121505917
166.02542737063754,227.70786665673992,22.007653651826928,13.945443898187364
166.02542737063754,227.70786665673992,22.007653651826928,13.945443898187364
165.60376710442233,225.81039545877147,22.007653651826928,13.945443898187364
165.60376710442233,225.81039545877147,22.007653651826928,13.945443898187364
165.60376710442233,225.81039545877147,22.007653651826928,13.945443898187364
165.17003713949376,224.65378221896194,22.007653651826928,13.945443898187364
165.17003713949376,224.65378221896194,22.007653651826928,13.945443898187364
165.17003713949376,224.65378221896194,22.007653651826928,13.945443898187364
165.17003713949376,223.3107944664346,22.007653651826928,13.945443898187364
165.17003713949376,223.3107944664346,22.007653651826928,13.945443898187364
165.17003713949376,223.3107944664346,22.007653651826928,13.945443898187364
165.17003713949376,223.3107944664346,22.007653651826928,13.945443898187364
165.17003713949376,223.3107944664346,22.007653651826928,13.945443898187364
165.17003713949376,223.3107944664346,22.007653651826928,13.945443898187364
165.17003713949376,223.3107944664346,22.007653651826928,13.945443898187364
165.17003713949376,222.67830406711178,22.007653651826928,13.945443898187364
165.17003713949376,222.67830406711178,22.007653651826928,13.945443898187364
165.17003713949376,222.67830406711178,22.007653651826928,13.945443898187364
163.9859542136933,222.02048021944486,22.007653651826928,13.945443898187364
163.9859542136933,222.02048021944486,22.007653651826928,13.945443898187364
163.9859542136933,222.02048021944486,22.007653651826928,13.945443898187364
163.9859542136933,222.02048021944486,22.007653651826928,13.945443898187364
163.9859542136933,222.02048021944486,22.007653651826928,13.945443898187364
163.9859542136933,222.02048021944486,22.007653651826928,13.945443898187364
163.9859542136933,222.02048021944486,22.007653651826928,13.945443898187364
163.9859542136933,222.02048021944486,22.007653651826928,13.945443898187364
163.9859542136933,222.02048021944486,22.007653651826928,13.945443898187364
163.9859542136933,222.02048021944486,22.007653651826928,13.945443898187364
163.9859542136933,222.02048021944486,22.007653651826928,13.945443898187364
163.0837494236716,221.65959830343618,22.007653651826928,13.945443898187364
163.0837494236716,221.65959830343618,22.007653651826928,13.945443898187364
163.0837494236716,221.65959830343618,22.007653651826928,13.945443898187364
163.0837494236716,221.65959830343618,22.007653651826928,13.945443898187364
163.0837494236716,221.65959830343618,22.007653651826928,13.945443898187364
163.0837494236716,221.65959830343618,22.007653651826928,13.945443898187364
162.58803246774258,221.26302473869296,22.007653651826928,13.945443898187364
162.58803246774258,221.26302473869296,22.007653651826928,13.945443898187364
162.58803246774258,221.26302473869296,22.007653651826928,13.945443898187364
162.58803246774258,221.26302473869296,22.007653651826928,13.945443898187364
162.58803246774258,221.26302473869296,22.007653651826928,13.945443898187364
162.58803246774258,221.26302473869296,22.007653651826928,13.945443898187364
161.93122734683018,219.78521321664007,22.007653651826928,13.945443898187364
161.93122734683018,219.78521321664007,22.007653651826928,13.945443898187364
161.93122734683018,219.78521321664007,22.007653651826928,13.945443898187364
161.93122734683018,219.3093004533533,22.007653651826928,13.945443898187364
161.93122734683018,219.3093004533533,22.007653651826928,13.945443898187364
160.87617405880636,217.16722256554735,22.007653651826928,13.945443898187364
160.87617405880636,217.16722256554735,22.007653651826928,13.945443898187364
160.87617405880636,217.16722256554735,22.007653651826928,13.945443898187364
160.87617405880636,217.16722256554735,22.007653651826928,13.945443898187364
160.87617405880636,217.16722256554735,22.007653651826928,13.945443898187364
160.87617405880636,217.16722256554735,22.007653651826928,13.945443898187364
160.87617405880636,214.65302001492478,22.007653651826928,13.945443898187364
160.87617405880636,214.65302001492478,22.007653651826928,13.945443898187364
160.87617405880636,214.65302001492478,22.007653651826928,13.945443898187364
160.96639453780853,213.3899333088943,22.007653651826928,13.945443898187364
160.96639453780853,213.3899333088943,22.007653651826928,13.945443898187364
160.96639453780853,213.3899333088943,22.007653651826928,13.945443898187364
160.96639453780853,211.82099013556777,22.007653651826928,13.945443898187364
160.96639453780853,211.82099013556777,22.007653651826928,13.945443898187364
160.96639453780853,211.82099013556777,22.007653651826928,13.945443898187364
160.96639453780853,211.82099013556777,22.007653651826928,13.945443898187364
160.96639453780853,211.82099013556777,22.007653651826928,13.945443898187364
160.96639453780853,211.82099013556777,22.007653651826928,13.945443898187364
159.65278429598357,208.53696453100534,22.007653651826928,13.945443898187364
159.65278429598357,208.53696453100534,22.007653651826928,13.945443898187364
159.65278429598357,208.53696453100534,22.007653651826928,13.945443898187364
159.23112402976835,207.0611535992521,22.007653651826928,13.945443898187364
159.23112402976835,207.0611535992521,22.007653651826928,13.945443898187364
159.23112402976835,207.0611535992521,22.007653651826928,13.945443898187364
159.02029389666075,206.63949333303688,22.007653651826928,13.945443898187364
159.61891355157084,206.0408736781268,22.007653651826928,13.945443898187364
159.61891355157084,206.0408736781268,22.007653651826928,13.945443898187364
159.61891355157084,206.0408736781268,22.007653651826928,13.945443898187364
159.61891355157084,205.6050785563084,22.007653651826928,13.945443898187364
159.61891355157084,205.6050785563084,22.007653651826928,13.945443898187364
159.61891355157084,205.6050785563084,22.007653651826928,13.945443898187364
159.61891355157084,203.0591286152852,22.007653651826928,13.945443898187364
159.61891355157084,203.0591286152852,22.007653651826928,13.945443898187364
159.61891355157084,203.0591286152852,22.007653651826928,13.945443898187364
159.61891355157084,203.0591286152852,22.007653651826928,13.945443898187364
159.61891355157084,203.0591286152852,22.007653651826928,13.945443898187364
159.61891355157084,203.0591286152852,22.007653651826928,13.945443898187364
159.61891355157084,200.0472695360012,22.007653651826928,13.945443898187364
159.61891355157084,200.0472695360012,22.007653651826928,13.945443898187364
159.61891355157084,200.0472695360012,22.007653651826928,13.945443898187364
161.71397449776683,198.99973906290322,22.007653651826928,13.945443898187364
161.71397449776683,198.99973906290322,22.007653651826928,13.945443898187364
161.71397449776683,198.99973906290322,22.007653651826928,13.945443898187364
161.71397449776683,196.38091288015823,22.007653651826928,13.945443898187364
161.71397449776683,196.38091288015823,22.007653651826928,13.945443898187364
161.71397449776683,196.38091288015823,22.007653651826928,13.945443898187364
161.71397449776683,196.38091288015823,22.007653651826928,13.945443898187364
161.71397449776683,196.38091288015823,22.007653651826928,13.945443898187364
161.71397449776683,196.38091288015823,22.007653651826928,13.945443898187364
161.71397449776683,196.38091288015823,22.007653651826928,13.945443898187364
161.71397449776683,196.38091288015823,22.007653651826928,13.945443898187364
161.71397449776683,196.38091288015823,22.007653651826928,13.945443898187364
161.71397449776683,196.38091288015823,22.007653651826928,13.945443898187364
161.71397449776683,196.38091288015823,22.007653651826928,13.945443898187364
161.71397449776683,196.38091288015823,22.007653651826928,13.945443898187364
162.36766718049435,194.6377323928848,22.007653651826928,13.945443898187364
162.36766718049435,194.6377323928848,22.007653651826928,13.945443898187364
162.36766718049435,194.6377323928848,22.007653651826928,13.945443898187364
162.46681057168016,194.43944561051316,22.007653651826928,13.945443898187364
162.46681057168016,194.43944561051316,22.007653651826928,13.945443898187364
162.46681057168016,194.43944561051316,22.007653651826928,13.945443898187364
162.46681057168016,194.43944561051316,22.007653651826928,13.945443898187364
162.46681057168016,194.43944561051316,22.007653651826928,13.945443898187364
162.46681057168016,194.43944561051316,22.007653651826928,13.945443898187364
162.46681057168016,194.43944561051316,22.007653651826928,13.945443898187364
163.5209612372182,194.43944561051316,22.007653651826928,13.945443898187364
163.5209612372182,194.43944561051316,22.007653651826928,13.945443898187364
163.5209612372182,194.43944561051316,22.007653651826928,13.945443898187364
164.87236691873042,194.43944561051316,22.007653651826928,13.945443898187364
164.87236691873042,194.43944561051316,22.007653651826928,13.945443898187364
164.87236691873042,194.43944561051316,22.007653651826928,13.945443898187364
164.87236691873042,196.29577189624192,22.007653651826928,13.945443898187364
164.87236691873042,196.29577189624192,22.007653651826928,13.945443898187364
164.87236691873042,196.29577189624192,22.007653651826928,13.945443898187364
165.21021833910848,196.97147473699803,22.007653651826928,13.945443898187364
165.21021833910848,196.97147473699803,22.007653651826928,13.945443898187364
165.21021833910848,196.97147473699803,22.007653651826928,13.945443898187364
165.84176169212367,197.0616952160002,22.007653651826928,13.945443898187364
165.84176169212367,197.0616952160002,22.007653651826928,13.945443898187364
165.84176169212367,197.0616952160002,22.007653651826928,13.945443898187364
167.9268949008587,198.45178402182356,22.007653651826928,13.945443898187364
167.9268949008587,198.45178402182356,22.007653651826928,13.945443898187364
167.9268949008587,198.45178402182356,22.007653651826928,13.945443898187364
167.9268949008587,198.45178402182356,22.007653651826928,13.945443898187364
169.34322904676836,198.56073280227815,22.007653651826928,13.945443898187364
169.34322904676836,198.56073280227815,22.007653651826928,13.945443898187364
169.34322904676836,198.56073280227815,22.007653651826928,13.945443898187364
170.49436140607745,198.1770220158418,22.007653651826928,13.945443898187364
170.49436140607745,198.1770220158418,22.007653651826928,13.945443898187364
170.49436140607745,198.1770220158418,22.007653651826928,13.945443898187364
171.65276874426357,198.40870348347903,22.007653651826928,13.945443898187364
171.65276874426357,198.40870348347903,22.007653651826928,13.945443898187364
171.65276874426357,198.40870348347903,22.007653651826928,13.945443898187364
173.80810993118126,198.40870348347903,22.007653651826928,13.945443898187364
173.80810993118126,198.40870348347903,22.007653651826928,13.945443898187364
173.80810993118126,198.40870348347903,22.007653651826928,13.945443898187364
175.96345111809896,199.12715054578493,22.007653651826928,13.945443898187364
175.96345111809896,199.12715054578493,22.007653651826928,13.945443898187364
175.96345111809896,199.12715054578493,22.007653651826928,13.945443898187364
175.96345111809896,199.12715054578493,22.007653651826928,13.945443898187364
175.96345111809896,199.12715054578493,22.007653651826928,13.945443898187364
175.96345111809896,199.12715054578493,22.007653651826928,13.945443898187364
175.96345111809896,199.12715054578493,22.007653651826928,13.945443898187364
179.34534329907208,199.12715054578493,22.007653651826928,13.945443898187364
179.34534329907208,199.12715054578493,22.007653651826928,13.945443898187364
179.34534329907208,199.12715054578493,22.007653651826928,13.945443898187364
180.272069169621,199.12715054578493,22.007653651826928,13.945443898187364
180.272069169621,199.12715054578493,22.007653651826928,13.945443898187364
180.272069169621,199.12715054578493,22.007653651826928,13.945443898187364
183.83639908705348,199.12715054578493,22.007653651826928,13.945443898187364
183.83639908705348,199.12715054578493,22.007653651826928,13.945443898187364
183.83639908705348,199.12715054578493,22.007653651826928,13.945443898187364
184.99480642523963,199.12715054578493,22.007653651826928,13.945443898187364
184.99480642523963,199.12715054578493,22.007653651826928,13.945443898187364
184.99480642523963,199.12715054578493,22.007653651826928,13.945443898187364
188.63187814605575,198.56760105027476,22.007653651826928,13.945443898187364
188.63187814605575,198.56760105027476,22.007653651826928,13.945443898187364
188.63187814605575,198.56760105027476,22.007653651826928,13.945443898187364
191.3726698764546,198.35677091716715,22.007653651826928,13.945443898187364
191.3726698764546,198.35677091716715,22.007653651826928,13.945443898187364
191.3726698764546,198.35677091716715,22.007653651826928,13.945443898187364
194.17321481157998,198.35677091716715,22.007653651826928,13.945443898187364
194.17321481157998,198.35677091716715,22.007653651826928,13.945443898187364
194.17321481157998,198.35677091716715,22.007653651826928,13.945443898187364
194.17321481157998,198.35677091716715,22.007653651826928,13.945443898187364
197.2476622488282,198.04932617344232,22.007653651826928,13.945443898187364
197.2476622488282,198.04932617344232,22.007653651826928,13.945443898187364
197.2476622488282,198.04932617344232,22.007653651826928,13.945443898187364
201.6496101339355,198.51268910871678,22.007653651826928,13.945443898187364
201.6496101339355,198.51268910871678,22.007653651826928,13.945443898187364
201.6496101339355,198.51268910871678,22.007653651826928,13.945443898187364
203.43177509265175,198.51268910871678,22.007653651826928,13.945443898187364
203.43177509265175,198.51268910871678,22.007653651826928,13.945443898187364
203.43177509265175,198.51268910871678,22.007653651826928,13.945443898187364
208.96578047969854,198.20524436499196,22.007653651826928,13.945443898187364
208.96578047969854,198.20524436499196,22.007653651826928,13.945443898187364
208.96578047969854,198.20524436499196,22.007653651826928,13.945443898187364
211.05091368843358,199.13197023554088,22.007653651826928,13.945443898187364
211.05091368843358,199.13197023554088,22.007653651826928,13.945443898187364
211.05091368843358,199.13197023554088,22.007653651826928,13.945443898187364
215.18167582358004,199.13197023554088,22.007653651826928,13.945443898187364
215.18167582358004,199.13197023554088,22.007653651826928,13.945443898187364
215.18167582358004,199.13197023554088,22.007653651826928,13.945443898187364
217.86765132863454,199.13197023554088,22.007653651826928,13.945443898187364
217.86765132863454,199.13197023554088,22.007653651826928,13.945443898187364
217.86765132863454,199.13197023554088,22.007653651826928,13.945443898187364
221.78449779720577,199.13197023554088,22.007653651826928,13.945443898187364
221.78449779720577,199.13197023554088,22.007653651826928,13.945443898187364
221.78449779720577,199.13197023554088,22.007653651826928,13.945443898187364
221.78449779720577,199.13197023554088,22.007653651826928,13.945443898187364
223.5111963361694,199.7075364151954,22.007653651826928,13.945443898187364
223.5111963361694,199.7075364151954,22.007653651826928,13.945443898187364
223.5111963361694,199.7075364151954,22.007653651826928,13.945443898187364
228.36028939764432,198.86421588276497,22.007653651826928,13.945443898187364
228.36028939764432,198.86421588276497,22.007653651826928,13.945443898187364
228.36028939764432,198.86421588276497,22.007653651826928,13.945443898187364
231.14046700929103,198.86421588276497,22.007653651826928,13.945443898187364
231.14046700929103,198.86421588276497,22.007653651826928,13.945443898187364
231.14046700929103,198.86421588276497,22.007653651826928,13.945443898187364
234.9593919208256,199.6280008650719,22.007653651826928,13.945443898187364
234.9593919208256,199.6280008650719,22.007653651826928,13.945443898187364
234.9593919208256,199.6280008650719,22.007653651826928,13.945443898187364
236.91781515511119,199.6280008650719,22.007653651826928,13.945443898187364
236.91781515511119,199.6280008650719,22.007653651826928,13.945443898187364
236.91781515511119,199.6280008650719,22.007653651826928,13.945443898187364
240.91459682353386,199.01311137762227,22.007653651826928,13.945443898187364
240.91459682353386,199.01311137762227,22.007653651826928,13.945443898187364
240.91459682353386,199.01311137762227,22.007653651826928,13.945443898187364
242.31347056230928,199.01311137762227,22.007653651826928,13.945443898187364
242.31347056230928,199.01311137762227,22.007653651826928,13.945443898187364
242.31347056230928,199.01311137762227,22.007653651826928,13.945443898187364
246.10841295824616,199.01311137762227,22.0076536518269,13.945443898187364
246.10841295824616,199.01311137762227,22.0076536518269,13.945443898187364
246.10841295824616,199.01311137762227,22.0076536518269,13.945443898187364
245.97684818871278,199.01311137762227,22.0076536518269,13.945443898187364
245.97684818871278,199.01311137762227,22.0076536518269,13.945443898187364
245.97684818871278,199.01311137762227,22.0076536518269,13.945443898187364
247.24182898735842,199.01311137762227,22.0076536518269,13.945443898187364
247.24182898735842,199.01311137762227,22.0076536518269,13.945443898187364
247.24182898735842,199.01311137762227,22.0076536518269,13.945443898187364
250.5033706720675,198.43754519796772,22.0076536518269,13.945443898187364
250.5033706720675,198.43754519796772,22.0076536518269,13.945443898187364
250.5033706720675,198.43754519796772,22.0076536518269,13.945443898187364
250.5033706720675,199.1325896008794,22.0076536518269,13.945443898187364
254.16972732791046,199.1325896008794,22.007653651826303,13.945443898187364
254.16972732791046,199.1325896008794,22.007653651826303,13.945443898187364
254.16972732791046,199.1325896008794,22.007653651826303,13.945443898187364
254.16972732791046,199.1325896008794,22.007653651826303,13.945443898187364
254.16972732791046,199.1325896008794,22.007653651826303,13.945443898187364
254.16972732791046,199.1325896008794,22.007653651826303,13.945443898187364
257.8149797990559,197.59774645513397,22.00765365182633,13.945443898187364
257.8149797990559,197.59774645513397,22.00765365182633,13.945443898187364
257.8149797990559,197.59774645513397,22.00765365182633,13.945443898187364
259.3937570334565,197.4661816856006,22.00765365182633,13.945443898187364
259.3937570334565,197.4661816856006,22.00765365182633,13.945443898187364
259.3937570334565,197.4661816856006,22.00765365182633,13.945443898187364
261.08039809831735,196.20120088695495,22.00765365182633,13.945443898187364
261.08039809831735,196.20120088695495,22.00765365182633,13.945443898187364
261.08039809831735,196.20120088695495,22.00765365182633,13.945443898187364
261.08039809831735,196.20120088695495,22.00765365182633,13.945443898187364
262.7696552002076,195.86334946657695,22.00765365182633,13.945443898187364
262.7696552002076,195.86334946657695,22.00765365182633,13.945443898187364
262.7696552002076,195.86334946657695,22.00765365182633,13.945443898187364
262.7696552002076,195.86334946657695,22.00765365182633,13.945443898187364
265.3156051412308,195.86334946657695,22.00765365182633,13.945443898187364
265.3156051412308,195.86334946657695,22.00765365182633,13.945443898187364
265.3156051412308,195.86334946657695,22.00765365182633,13.945443898187364
266.6312528365646,195.60021992751018,22.00765365182633,13.945443898187364
266.6312528365646,195.60021992751018,22.00765365182633,13.945443898187364
268.9009021949432,194.3781010422292,22.00765365182633,13.945443898187364
268.9009021949432,194.3781010422292,22.00765365182633,13.945443898187364
268.9009021949432,194.3781010422292,22.00765365182633,13.945443898187364
272.14444274186405,193.91473810695473,22.00765365182633,13.945443898187364
272.14444274186405,193.91473810695473,22.00765365182633,13.945443898187364
272.14444274186405,193.91473810695473,22.00765365182633,13.945443898187364
274.22957595059904,192.9880122364058,22.00765365182633,13.945443898187364
274.22957595059904,192.9880122364058,22.00765365182633,13.945443898187364
274.22957595059904,192.9880122364058,22.00765365182633,13.945443898187364
278.0449542670673,192.59331792780563,22.00765365182633,13.945443898187364
278.0449542670673,192.59331792780563,22.00765365182633,13.945443898187364
278.0449542670673,192.59331792780563,22.00765365182633,13.945443898187364
281.913257495433,192.2328156994517,22.00765365182633,13.945443898187364
281.913257495433,192.2328156994517,22.00765365182633,13.945443898187364
281.913257495433,192.2328156994517,22.00765365182633,13.945443898187364
281.913257495433,192.02198556634409,22.00765365182633,13.945443898187364
286.0355103534938,192.02198556634409,22.00765365182633,13.945443898187364
286.0355103534938,192.02198556634409,22.00765365182633,13.945443898187364
286.0355103534938,192.02198556634409,22.00765365182633,13.945443898187364
290.9239858946175,191.67280874197812,22.00765365182633,13.945443898187364
290.9239858946175,191.67280874197812,22.00765365182633,13.945443898187364
290.9239858946175,191.67280874197812,22.00765365182633,13.945443898187364
294.9001895334568,191.0026850858396,22.00765365182633,13.945443898187364
294.9001895334568,191.0026850858396,22.00765365182633,13.945443898187364
294.9001895334568,191.0026850858396,22.00765365182633,13.945443898187364
299.34870260207606,191.0026850858396,22.00765365182633,13.945443898187364
299.34870260207606,191.0026850858396,22.00765365182633,13.945443898187364
299.34870260207606,191.0026850858396,22.00765365182633,13.945443898187364
303.5890651151783,191.0026850858396,22.00765365182633,13.945443898187364
303.5890651151783,191.0026850858396,22.00765365182633,13.945443898187364
303.5890651151783,191.0026850858396,22.00765365182633,13.945443898187364
307.91718001491756,191.0026850858396,22.00765365182633,13.945443898187364
307.91718001491756,191.0026850858396,22.00765365182633,13.945443898187364
307.91718001491756,191.0026850858396,22.00765365182633,13.945443898187364
312.22724153027053,190.88296115485758,22.00765365182633,13.945443898187364
312.22724153027053,190.88296115485758,22.00765365182633,13.945443898187364
312.22724153027053,190.88296115485758,22.00765365182633,13.945443898187364
316.0643493946342,190.69110576163942,22.00765365182633,13.945443898187364
316.0643493946342,190.69110576163942,22.00765365182633,13.945443898187364
316.0643493946342,190.69110576163942,22.00765365182633,13.945443898187364
316.0643493946342,190.69110576163942,22.00765365182633,13.945443898187364
320.5375515587694,189.9017171444391,22.00765365182633,13.945443898187364
320.5375515587694,189.9017171444391,22.00765365182633,13.945443898187364
320.5375515587694,189.9017171444391,22.00765365182633,13.945443898187364
324.37849662679514,189.55254032007312,22.00765365182633,13.945443898187364
324.37849662679514,189.55254032007312,22.00765365182633,13.945443898187364
324.37849662679514,189.55254032007312,22.00765365182633,13.945443898187364
329.2438074471768,189.78422178771038,22.00765365182633,13.945443898187364
329.2438074471768,189.78422178771038,22.00765365182633,13.945443898187364
329.2438074471768,189.78422178771038,22.00765365182633,13.945443898187364
334.24326868944553,189.78422178771038,22.00765365182633,13.945443898187364
334.24326868944553,189.78422178771038,22.00765365182633,13.945443898187364
334.24326868944553,189.78422178771038,22.00765365182633,13.945443898187364
338.4598713515976,188.94090125527995,22.00765365182633,13.945443898187364
338.4598713515976,188.94090125527995,22.00765365182633,13.945443898187364
338.4598713515976,188.94090125527995,22.00765365182633,13.945443898187364
343.3850108204261,188.62315032180712,22.00765365182633,13.945443898187364
343.3850108204261,188.62315032180712,22.00765365182633,13.945443898187364
343.3850108204261,188.62315032180712,22.00765365182633,13.945443898187364
347.5490332502303,189.21801066892198,22.00765365182633,13.945443898187364
347.5490332502303,189.21801066892198,22.00765365182633,13.945443898187364
347.5490332502303,189.21801066892198,22.00765365182633,13.945443898187364
352.61209720353696,189.74177590547094,22.00765365182633,13.945443898187364
352.61209720353696,189.74177590547094,22.00765365182633,13.945443898187364
352.61209720353696,189.74177590547094,22.00765365182633,13.945443898187364
352.61209720353696,189.74177590547094,22.00765365182633,13.945443898187364
354.19839146250985,189.74177590547094,22.00765365182633,13.945443898187364
354.19839146250985,189.74177590547094,22.00765365182633,13.945443898187364
354.19839146250985,189.74177590547094,22.00765365182633,13.945443898187364
357.23611514673007,190.39858102638343,22.00765365182633,13.945443898187364
357.23611514673007,190.39858102638343,22.00765365182633,13.945443898187364
357.23611514673007,190.39858102638343,22.00765365182633,13.945443898187364
359.76607674402135,189.13360022773782,22.00765365182633,13.945443898187364
359.76607674402135,189.13360022773782,22.00765365182633,13.945443898187364
359.76607674402135,189.13360022773782,22.00765365182633,13.945443898187364
362.7403784795958,190.12503413959598,22.00765365182633,13.945443898187364
362.7403784795958,190.12503413959598,22.00765365182633,13.945443898187364
362.7403784795958,190.12503413959598,22.00765365182633,13.945443898187364
364.48626260142566,190.12503413959598,22.00765365182633,13.945443898187364
364.48626260142566,190.12503413959598,22.00765365182633,13.945443898187364
364.48626260142566,190.12503413959598,22.00765365182633,13.945443898187364
368.67339524724275,190.86393990062254,22.00765365182633,13.945443898187364
368.67339524724275,190.86393990062254,22.00765365182633,13.945443898187364
368.67339524724275,190.86393990062254,22.00765365182633,13.945443898187364
370.515198730522,191.36892561459436,22.00765365182633,13.945443898187364
370.515198730522,191.36892561459436,22.00765365182633,13.945443898187364
370.515198730522,191.36892561459436,22.00765365182633,13.945443898187364
373.82493365385204,191.87811560279897,22.00765365182633,13.945443898187364
373.82493365385204,191.87811560279897,22.00765365182633,13.945443898187364
373.82493365385204,191.87811560279897,22.00765365182633,13.945443898187364
373.82493365385204,191.87811560279897,22.00765365182633,13.945443898187364
375.1679214063794,191.68626020958078,22.00765365182633,13.945443898187364
375.1679214063794,191.68626020958078,22.00765365182633,13.945443898187364
375.1679214063794,191.68626020958078,22.00765365182633,13.945443898187364
378.85173495331424,192.21251928771434,22.00765365182633,13.945443898187364
378.85173495331424,192.21251928771434,22.00765365182633,13.945443898187364
378.85173495331424,192.21251928771434,22.00765365182633,13.945443898187364
380.77028888549614,192.21251928771434,22.00765365182633,13.945443898187364
380.77028888549614,192.21251928771434,22.00765365182633,13.945443898187364
380.77028888549614,192.21251928771434,22.00765365182633,13.945443898187364
383.8297280780544,191.94056913726473,22.00765365182633,13.945443898187364
383.8297280780544,191.94056913726473,22.00765365182633,13.945443898187364
383.8297280780544,191.94056913726473,22.00765365182633,13.945443898187364
386.1176524676008,191.39582523499178,22.00765365182633,13.945443898187364
386.1176524676008,191.39582523499178,22.00765365182633,13.945443898187364
386.1176524676008,191.39582523499178,22.00765365182633,13.945443898187364
390.32772509266925,193.10616723892585,22.00765365182633,13.945443898187364
390.32772509266925,193.10616723892585,22.00765365182633,13.945443898187364
390.32772509266925,193.10616723892585,22.00765365182633,13.945443898187364
391.7712527567041,192.9257262809215,22.00765365182633,13.945443898187364
391.7712527567041,192.9257262809215,22.00765365182633,13.945443898187364
391.7712527567041,192.9257262809215,22.00765365182633,13.945443898187364
395.2464747712621,192.23068187800982,22.00765365182633,13.945443898187364
395.2464747712621,192.23068187800982,22.00765365182633,13.945443898187364
395.2464747712621,192.23068187800982,22.00765365182633,13.945443898187364
395.4573049043697,192.23068187800982,22.00765365182633,13.945443898187364
397.2004853916428,192.01278431710062,22.00765365182633,13.945443898187364
397.2004853916428,192.01278431710062,22.00765365182633,13.945443898187364
397.2004853916428,192.01278431710062,22.00765365182633,13.945443898187364
401.0107759554358,192.2369190561473,22.00765365182633,13.945443898187364
401.0107759554358,192.2369190561473,22.00765365182633,13.945443898187364
401.0107759554358,192.2369190561473,22.00765365182633,13.945443898187364
402.8629052231638,191.47427759296517,22.00765365182633,13.945443898187364
402.8629052231638,191.47427759296517,22.00765365182633,13.945443898187364
402.8629052231638,191.47427759296517,22.00765365182633,13.945443898187364
405.97572742869653,191.71372545492923,22.96544509968254,13.945443898187364
405.97572742869653,191.71372545492923,22.96544509968254,13.945443898187364
405.97572742869653,191.71372545492923,22.96544509968254,13.945443898187364
408.3551688171561,191.31715189018598,22.96544509968254,13.945443898187364
408.3551688171561,191.31715189018598,22.96544509968254,13.945443898187364
408.3551688171561,191.31715189018598,22.96544509968254,13.945443898187364
411.93928107998534,190.68466149086316,22.96544509968254,13.945443898187364
411.93928107998534,190.68466149086316,22.96544509968254,13.945443898187364
411.93928107998534,190.68466149086316,22.96544509968254,13.945443898187364
413.8230055125158,190.78380488204894,22.96544509968254,13.945443898187364
413.8230055125158,190.78380488204894,22.96544509968254,13.945443898187364
413.8230055125158,190.78380488204894,22.96544509968254,13.945443898187364
418.18531472469124,190.78380488204894,22.96544509968254,13.945443898187364
418.18531472469124,190.78380488204894,22.96544509968254,13.945443898187364
418.18531472469124,190.78380488204894,22.96544509968254,13.945443898187364
418.18531472469124,190.78380488204894,22.96544509968254,13.945443898187364
420.25534155332804,190.78380488204894,22.96544509968254,13.945443898187364
420.25534155332804,190.78380488204894,22.96544509968254,13.945443898187364
420.25534155332804,190.78380488204894,22.96544509968254,13.945443898187364
423.7856690782326,190.865905522163,22.96544509968254,13.945443898187364
423.7856690782326,190.865905522163,22.96544509968254,13.945443898187364
423.7856690782326,190.865905522163,22.96544509968254,13.945443898187364
426.81165877750055,191.12903506122976,22.96544509968254,13.945443898187364
426.81165877750055,191.12903506122976,22.96544509968254,13.945443898187364
426.81165877750055,191.12903506122976,22.96544509968254,13.945443898187364
430.5314025563779,191.31286096670976,22.96544509968254,13.945443898187364
430.5314025563779,191.31286096670976,22.96544509968254,13.945443898187364
430.5314025563779,191.31286096670976,22.96544509968254,13.945443898187364
430.8288327299353,191.31286096670976,22.96544509968254,13.945443898187364
430.8288327299353,191.31286096670976,22.96544509968254,13.945443898187364
430.8288327299353,191.31286096670976,22.96544509968254,13.945443898187364
434.79853380603106,191.04219952970323,22.96544509968254,13.945443898187364
434.79853380603106,191.04219952970323,22.96544509968254,13.945443898187364
434.79853380603106,191.04219952970323,22.96544509968254,13.945443898187364
436.53551882263514,191.04219952970323,22.96544509968254,13.945443898187364
436.53551882263514,191.04219952970323,22.96544509968254,13.945443898187364
436.53551882263514,191.04219952970323,22.96544509968254,13.945443898187364
439.69307329143646,191.70002337737014,22.96544509968254,13.945443898187364
439.69307329143646,191.70002337737014,22.96544509968254,13.945443898187364
439.69307329143646,191.70002337737014,22.96544509968254,13.945443898187364
439.69307329143646,191.70002337737014,22.96544509968254,13.945443898187364
441.61162722361837,191.12445719771557,22.96544509968254,13.945443898187364
441.61162722361837,191.12445719771557,22.96544509968254,13.945443898187364
441.61162722361837,191.12445719771557,22.96544509968254,13.945443898187364
443.2333974970788,191.12445719771557,22.96544509968254,13.945443898187364
443.2333974970788,191.12445719771557,22.96544509968254,13.945443898187364
443.2333974970788,191.12445719771557,22.96544509968254,13.945443898187364
444.3109128759172,191.12445719771557,22.96544509968254,13.945443898187364
444.3109128759172,191.12445719771557,22.96544509968254,13.945443898187364
444.52881043682635,191.12445719771557,22.96544509968254,13.945443898187364
446.11756510419036,189.69457799708795,22.96544509968254,13.945443898187364
446.11756510419036,189.69457799708795,22.96544509968254,13.945443898187364
446.11756510419036,189.69457799708795,22.96544509968254,13.945443898187364
446.11756510419036,189.69457799708795,22.96544509968254,13.945443898187364
446.11756510419036,189.69457799708795,22.96544509968254,13.945443898187364
446.11756510419036,189.69457799708795,22.96544509968254,13.945443898187364
448.40548949373675,189.2587828752696,22.96544509968254,13.945443898187364
448.40548949373675,189.2587828752696,22.96544509968254,13.945443898187364
448.40548949373675,189.2587828752696,22.96544509968254,13.945443898187364
448.40548949373675,189.2587828752696,22.96544509968254,13.945443898187364
448.40548949373675,189.2587828752696,22.96544509968254,13.945443898187364
448.40548949373675,189.2587828752696,22.96544509968254,13.945443898187364
452.16448252311847,189.2587828752696,22.96544509968254,13.945443898187364
452.16448252311847,189.2587828752696,22.96544509968254,13.945443898187364
452.16448252311847,189.2587828752696,22.96544509968254,13.945443898187364
452.16448252311847,189.2587828752696,22.96544509968254,13.945443898187364
453.594361723746,188.9410319417968,22.96544509968254,13.945443898187364
