428.46079483810956,53.78456731536638,23.036942676778324,16.36417307384945
428.8261496775775,52.965648251712665,22.299912336869,16.24902148936492
428.8992277925188,53.471922792865314,22.367899874481395,16.996884403101376
428.6038397004939,53.93361534822105,22.745393804402454,15.426331441599686
429.08911919301784,52.4785895793386,22.23531179619664,16.54840025385144
429.0853713851137,52.68870738467544,22.316290998494935,16.46144659204569
429.259753954859,52.87191417404165,22.025243403687057,15.962114601548507
429.5775580430409,52.76858437956599,21.591646528160368,15.83885489262974
429.22563459526555,52.60305559362049,22.27386458975252,15.952329687137045
429.5384550806399,52.2549911562772,21.900886608694464,16.552341035877035
429.12703221301314,52.11264000671859,22.351290446405358,16.27083863730769
429.17396942815975,52.38881759810802,22.272718048672346,16.085851924041123
428.9274335205265,52.04105608293175,22.42538721673668,16.177982046169724
428.75149003919796,52.21941322621008,22.413473904664727,15.764143312947525
428.82470139699154,51.785897453787776,22.443570224722066,16.461446592045682
429.2083006489909,52.296028219303885,22.099030230214566,15.571890499771435
428.7557671995442,54.612528211422216,21.65403143620921,16.14772058528743
428.7793145122446,54.68705063683992,21.563083730411222,15.820434799596747
428.1225960898049,54.888226854629295,22.104017355533074,15.337481430369905
428.02441961912604,54.68306203431392,22.57186248731864,16.384996564589727
427.7506212169172,57.47781874720984,22.189339165618094,15.764143312947525
427.7887785771472,57.57767132880592,22.39645537116496,15.776508617809569
427.9963985572822,57.68196048790143,21.67456899011205,15.59912162167155
426.33212942229045,63.68025053893964,23.200747967367022,17.075750503982114
426.83762116179736,63.00511003696983,23.011166542122453,17.93077912373179
426.748542819676,64.65210110250987,23.077010644874406,15.962114601548507
426.65949922367133,69.4514370741735,21.74106968752477,15.988278051994186
425.4163310448008,68.9379993746496,23.077010644874406,15.59090263407063
426.3729809929904,69.2328646069343,22.09594972403181,15.909083801302884
424.7722012037852,77.91706759849262,22.64534022954615,14.34505616134598
424.93361685968017,77.48966741722799,22.338762324982497,15.241162255172014
424.6867910781582,77.66466593332025,22.52019188554698,14.807026164747143
424.72335650724716,81.09270537096006,21.715900097455517,11.507570991814035
424.8501701989527,80.76624794518548,21.516934948478138,12.103275908518953
424.80470863447295,80.91002486040227,21.442223368795908,11.28144853201458
424.155362909077,84.63138695633917,20.621825366649603,15.168938851429758
423.80902283172173,83.83732984147309,21.06866547038487,15.689431733265309
423.83224854649274,83.66575184599836,21.181965149427697,16.09172546235591
423.20212237709853,84.81800397626826,22.114627585935864,15.166450675489799
423.3728656752753,84.08432472577189,21.81154606087938,16.556946328031174
423.0835971422973,84.28852762717067,22.334499993190718,17.104958531370443
421.77684751122,84.94183222558271,22.334499993190718,15.361778044097022
421.64567972741315,84.72305349777002,22.28445831353747,15.51792238837426
421.4752135067245,84.5100595660165,22.823977951708912,18.636845305891796
422.2028715374858,85.01994397291936,22.208119625622658,18.440670760561673
421.7928414591358,84.69504822520621,22.460032104082586,17.69575637249494
422.1781780592761,85.72213053755186,21.49998286026414,13.220398198080318
421.7832835315793,84.74715987783748,22.469590031639086,17.643644719863673
422.07528922377185,85.75173867522805,21.620036960744926,15.22920842517884
422.3453563822958,85.63355750453866,21.666358107842598,16.81010542849856
422.0103049017929,85.35603326360054,21.7566696302261,17.076933143724645
422.64198119839983,85.91654507439264,20.260286208496836,17.540784704000615
421.7714502195282,84.8497290162942,21.43058364578286,16.761350337483805
421.66634669171316,85.5399874490486,22.029203300692984,15.564111027663529
420.4614438638819,86.28599076585694,22.77029511500905,16.887060970461263
420.39527328427545,86.15370972739278,22.73556070854835,17.32233196841777
420.7595959326346,86.12154581429996,23.138879306120714,18.003780422676797
419.8065635496175,87.02196199026415,23.15238051216511,16.42012802281215
421.0939507458139,86.82819514969037,22.104017355533074,17.68321388442648
420.65747580582905,87.18853957020146,22.802979972737546,16.45780293684537
424.0323653671521,92.65965494781966,18.085497555461757,11.33067316727724
420.915372989891,92.28819055083056,20.129409738608445,12.235523566605124
422.386499023885,94.38241771825969,17.322331968417757,10.014473169241526
421.1547479217834,95.31425442231745,18.676933233196223,9.338466616598112
424.1309195891152,94.67502934196604,15.252829263642411,8.824851216821699
423.08624424109917,94.77485627489136,14.845767441771386,9.81736234052623
421.00853270012067,101.94137236416518,19.79606500102875,9.644834532386554
422.58585204498576,101.3487199171587,16.494607725129185,10.81219962307118
422.8660159831015,100.86928505333712,15.639731143335268,11.291634486892761
423.21879718745527,101.38149231246312,15.44438709668151,9.09901875463406
423.1449201452061,104.89993156813739,15.069795460243938,10.41005607451062
424.37212715030563,103.96884007510066,13.76825206293313,8.260951237759869
425.54805984625176,104.93924337983695,11.693856469333753,6.7987537612405475
424.226476279883,108.44833292278368,13.393544909643879,8.83837988961271
424.4112086489017,108.83973192612936,12.2735045776231,7.037559964233424
424.5118323221255,108.59481351383634,12.892809854475672,6.981259484519569
421.9705751650305,109.9510243363808,14.728930657629576,6.786650716597762
422.3022707714446,110.08215408102024,14.490838211188077,8.554832196966458
422.1738725209819,110.5262999695245,15.1805487725008,9.542059228429096
421.6627133422443,111.6856187255091,16.641626406501757,14.366871717843253
420.7886800688964,111.67988166712301,17.109664393932917,13.443307738090141
422.40248724507836,112.55384620140357,14.25483568234381,11.548221312278514
421.891789566615,112.89185025503613,15.168938851429743,12.69035407178437
422.2122138875307,111.94713514884495,15.614278737429402,12.867322292881653
421.521735031149,113.2530552209659,15.085215303735424,11.61322130525663
421.16576716428125,115.00740921421067,15.034931702733275,13.618597556823602
417.2095170932143,114.57118186042251,20.721517389544317,15.405829633830365
418.4702603316491,115.70794345582432,21.184912082143967,16.567918613141174
418.0898828981447,118.55351218326638,22.140002159326514,16.59591310408996
418.3577717530698,118.24667641661054,23.021538591757803,16.328036227067628
416.7775018550735,118.6060787987181,21.728245271363278,13.669783270247422
419.17128799159235,126.86685732654719,21.058597065878928,16.90325761598156
419.9804498949825,129.35573934623326,18.216658527001016,13.734782222738858
421.645172328516,128.3294172790582,16.84029050027374,11.314570179871396
419.8423378664745,129.16725464522725,19.812834547318573,14.602860297301504
418.0727589790261,132.69589992375728,22.157126078445174,15.09720352451859
420.8252148564055,132.76676388420321,19.4046702010657,15.601052207750797
419.048998766769,131.8345198678332,22.330311578058627,17.108008867798986
419.17544142900897,140.7337180325914,18.94630059045693,15.608142867376444
419.3767574891938,136.92506023122945,17.794052274477053,18.906180541631898
418.0625811105631,139.9123927854688,21.96337474244075,17.19948782647475
417.95351176646363,146.35275552755954,21.68802449835738,14.821283199504393
417.8888580168954,146.85212694886357,22.167172830796403,15.024417140873112
418.1432072919408,146.68911797132102,21.530294113716593,14.972216021607494
415.68973871623996,152.80954853500444,27.23579230054628,17.284252806115916
416.7029709616423,155.35860840133935,26.86785901135596,14.970652069058133
417.2413793103448,154.6896551724138,22.988505747126453,16.09195402298849
416.4177501496212,157.44198714082597,23.893557275781518,16.457802936845354
416.8753333074069,157.68051816991883,23.387712938667505,15.909083801302899
417.7257945175209,158.34005945191237,22.542712420107193,16.804567440443577
418.02084451300766,161.06772220183592,22.052407803568542,15.851625059647574
418.2156561766518,161.87649579366843,22.081611484241364,15.113864008935536
417.85984177962337,162.32221419299796,22.43588741209379,15.501158575628466
417.4952180321122,163.48729816149276,23.138879306120714,14.167923425405462
418.32874008075856,163.77983281406185,22.087112064933365,14.415398070390694
418.27954148420304,163.47434432156052,21.652914960522253,15.427701909372075
419.0290619336564,164.31170130840934,21.348086810295342,15.909083801302899
418.8876943124771,164.7773067989187,20.973476162499765,15.652771295316938
418.1875338451006,165.2221300757687,23.077010644874406,15.652771295316938
418.18290836985574,164.92058189253942,21.54192159145356,13.879358877715049
419.411049424246,165.93717762011164,21.11995927064811,15.012421380019163
418.7642706630846,165.2924316681905,22.366010820676024,18.81376204327455
419.16824855014585,166.36410993593213,21.807174093586298,15.315933556001255
419.4293174423714,168.74617966509913,22.57186248731864,14.617320586667176
418.80107564754366,168.07241338081104,22.374678792539612,17.683213884426493
419.87497244186943,169.09692371527063,21.484061885520134,17.064871940713772
420.2200590628049,170.36998079258228,21.111592086509177,16.60056813640037
420.1792358706445,170.6264249032647,20.844530731338182,16.73539384881633
419.84901159081994,171.2241989192841,21.592468349998,16.091725462355924
418.8885253787474,175.47818861589198,23.155399437876383,16.314031422140175
419.82781787830294,175.05926892874854,22.823977951708912,15.927524182127797
419.4012527048754,176.07107701373369,25.536674394644706,17.00274487358797
418.3279091528049,178.58869297395455,24.80424445449563,14.195200139620994
419.15014453482024,178.37345087640554,24.548091394104176,14.696014580416886
418.9655172413793,177.10344827586206,23.563218390804593,14.36781609195404
419.577613760494,182.27897470777296,24.465990753990127,16.173826102469974
421.20797166408147,181.86420456739913,22.413473904664727,15.764143312947539
419.5402298850575,181.70114942528735,24.464378812245457,15.96821726491683
420.6896551724138,184.0,21.616608243460064,15.230116218154365
421.3386371362391,184.53166591578042,21.89049284688923,15.91356647231197
418.9655172413793,185.72413793103448,24.065595464351873,14.009694922302288
420.6896551724138,190.32183908045977,21.861563363481878,13.633963441970451
420.71245070181334,187.9477182451564,22.406406407994268,16.854376501588632
421.46254924790327,187.6054263519008,21.923576397528734,17.051670531411247
420.7831209330356,187.7779147595478,21.833355918526593,16.60056813640037
420.93405184843556,192.56878320384513,22.23444605114264,14.998383726806281
421.41109914272454,193.1765095622105,21.55204942313253,13.05360722158187
422.22863461178,192.95257140465273,20.114656827944884,13.546605618820024
422.2578900784506,195.21848158591757,20.324473176706135,13.455814651614332
422.0881707730871,194.08118892997035,20.6604896914983,14.52549711935032
421.5760758744545,193.96526967852603,23.155399437876383,15.656207574473228
421.4540215355652,195.79126767436037,22.02796218641936,13.801470135318311
421.7324338254958,195.05268578174352,21.484061885520134,14.6853081242796
421.62261605727946,196.0693615252762,22.231438181010162,13.576450797563439
421.634276299686,196.791863377518,22.264050745300324,13.82164224120993
421.98750828852656,196.65416870539218,21.90150608119444,14.601004054129646
421.5567286328041,196.22437826988434,22.51863207002873,13.940105567160657
421.8253708071651,196.6834488476951,21.073336844002085,14.313084980328824
421.8823359200238,196.86608217590796,21.49293868381625,14.17321770039078
422.3368818679083,197.6797323781166,21.348086810295342,13.665495060093491
422.1564596496557,198.61103991414325,21.722977423012424,13.730561201338048
422.1243587851999,198.55364718467135,21.41607434790774,14.005432748155528
421.3173140391682,198.746492458151,23.04777525060547,13.801470135318311
422.01776114804665,198.848861155192,22.334499993190718,16.12441950727913
421.37903942026577,199.57709622933166,22.659776671480756,15.18861842110124
421.39691819342687,199.60889620999524,22.98817923193701,14.942316500759063
422.07049863266957,203.86314691200184,22.272718048672346,13.98231744166651
422.43934746746874,203.7298425476227,22.002971550568304,13.464504978705975
421.9639349982176,203.56009209953862,22.42538721673668,14.126595273744755
422.5176851253224,203.46644726015924,21.484061885520134,14.345370436217564
422.30782446770485,204.61541888221058,21.81154606087938,15.069795460243938
421.74080855420243,205.39248914357793,22.45832403241127,13.98231744166651
422.43401700403325,204.99008986702543,21.712402669693574,14.47493511312905
422.8705527518752,209.77505815942257,21.09721348499238,13.858580119173894
422.45468413043244,210.2627203136932,21.76223225108123,13.528660423466278
421.65899909623926,209.7393381098899,22.576492365260833,14.300321847322323
422.1104191431763,211.95667069489596,22.22006167202096,14.610889473544717
421.88341830949474,211.9800743786122,22.276834570682183,14.593836165888831
421.8109681855754,211.87376172586255,22.520192693657577,14.477266731637002
422.1595739313744,216.5327717664352,22.081611484241364,15.062630571617092
421.8571538004676,216.74464893438545,22.286545233515085,14.8576968223434
421.51703825671126,216.45851794325716,22.182389007263794,15.032228083602604
421.6509143044647,218.70672928405332,22.192275083506615,15.38540079318733
421.66672491997537,218.4920376108832,21.891987111194567,14.617320586667176
421.5759565146775,218.82327190822951,22.413473904664727,14.643469617714288
421.0088363638597,222.86302847608698,23.003813355973023,14.8576968223434
421.6288275222683,222.71026195811754,22.539774789603996,15.186373085194191
421.0403851178393,222.9614350830681,23.208747105246744,14.089195262567017
421.90392286987014,224.20825091401747,22.061732546040616,14.594684607380714
421.5885427600775,224.7674810225,22.472009643382705,14.359707406974849
421.97577289337823,225.12293660104993,22.392658667236844,13.705851425636325
421.94580255266663,226.63032022965376,22.40759092611927,14.13142040818073
421.3518901373629,226.4115975814597,22.911800175380677,14.889270737116817
421.2849443284896,226.10465026030744,22.78703180307582,14.344623298985425
422.52096962056584,226.43937281548756,21.442223368795908,14.568758038032087
421.66288531650616,226.5872001560477,21.61325927850777,15.565512416173021
421.6382997690281,227.16168940516667,22.46489927154181,14.70593807735466
421.9984081076423,226.6237045837073,21.72605081704637,15.478645646479379
421.1840077335561,228.08626610976043,22.751744203258852,15.152288659957236
421.5527793168547,228.37224880012565,22.45832403241127,14.601004054129646
421.5748466151315,228.83204007293511,22.0285846005508,14.510056523169823
421.06833101205035,229.02017350140093,22.571746101362294,15.058487838160971
421.1272779688465,228.68335294700196,22.48599663346448,15.443212782228414
421.2144922721379,229.70488481785827,22.413474751138608,13.7929075391622
420.9999337279763,229.62089840208807,23.078101189781023,15.851625059647574
420.72094686624484,229.81692458430695,23.403000207078207,15.665942761568743
420.8583205056297,229.55717354978776,22.81734702127062,15.520428938326205
421.44221033869565,230.19779300514298,22.894563085640414,15.481820906141337
421.36346027672533,230.1811021250588,23.077010644874406,15.219690666592754
420.8400144330094,230.41713149017724,22.857994763830163,14.863326644461011
421.0990649749628,230.73145617762293,23.10628023060991,15.267564320890813
421.1645043388876,231.087916279712,23.1575136679283,15.062630571617092
420.81096726965734,230.8696202454958,23.324485289859638,15.281559327839062
420.95784084535273,231.6294444003439,23.139497162399493,15.25743000245808
420.7804174528309,231.62869346380012,23.36469908125497,15.595232880741293
420.6990941228309,231.62634056002224,23.516147729157296,15.779898694075058
419.5838903455021,231.69583263173374,25.67549441721951,16.14772058528743
419.887527972667,231.9508397616924,25.635733370767696,15.674861067065791
419.4656306828935,231.51857506872312,26.026586157760164,17.11196806435413
419.8737283198518,231.83618633706743,25.05315084871006,16.036065880667195
419.8379724245929,232.27494435918598,25.50246737537418,15.478645646479379
419.4151193510429,232.05976938092275,25.73736307846582,16.457063891519
419.8711209739461,231.69119549438935,25.360551472620614,15.779898694075058
418.2389330191084,233.06801436981942,27.600476574445167,13.986727993806682
418.55267877272627,232.95869135773768,27.09847362588465,14.22979208665177
418.57732325519027,232.7907343150904,26.855328823514753,14.13142040818073
417.8191642384926,232.923003519574,28.335846850810924,14.415398070390694
417.71964461821386,232.79193003322686,28.075923650497145,14.755229947706539
418.09008999314517,233.27701796363036,27.973456775860313,14.499062761114402
416.7757073265418,233.7294475875308,29.506591323783994,13.801470135318311
417.0027806647356,233.1211040941351,29.53165473201568,14.982599909812848
416.67998207320056,233.2003643548414,29.696957398229813,14.662872715375954
417.0064073924811,233.6007880393136,29.325506360348015,14.2664625536828
416.1839583798661,233.56782326999306,30.191906688200277,14.477266731637002
416.6738114190281,233.7900246709208,29.511073974475266,13.82164224120993
415.9466779987607,233.8750726916355,29.869093956642075,14.755229947706539
416.12064203554155,234.65927492678543,29.66049713383967,14.568758038032087
416.1255542986198,233.86124637088437,29.664160207368354,15.267564320890813
416.05610987606235,233.55243657624058,30.064456167205208,16.045636718452215
415.54562743813386,233.53781023460908,30.501249994431817,17.19948782647475
415.9720109194284,233.83736414762626,30.31408094473113,15.517922388374245
415.8623042552999,233.8326621099257,28.76395817765308,15.390585414536446
416.0655704140388,233.7210988754351,29.14815700862971,15.962085980916271
416.0037176039212,233.92860528430498,28.9498702262581,16.16037276328791
415.9247614019272,233.83816098874254,28.59989184368976,15.969024783385152
416.06292658954357,234.0908546267975,28.24262019923691,14.942316500759063
415.48379048087673,233.7549755494726,29.05099423870064,14.705938077354688
415.786601040753,233.78257099278323,28.8705532806963,16.781009094404737
414.97209256159005,234.11546408230333,29.148157008629767,16.656089719216993
415.30798365629005,234.3416600388445,29.139016653763917,15.19891108660326
415.027106907259,234.55369749918066,28.3833242744077,14.96016369698026
414.96188054761814,234.85602355966031,28.656944174358557,14.581824245891681
415.1530563483397,234.23219992773735,28.465111858924217,15.764143312947539
415.06361948156837,234.76662922983667,28.37544177578917,14.187720887894585
414.35550502015525,235.5913409772002,29.139016653763917,14.126595273744755
414.8776926964098,235.18237624590523,28.057579705585795,14.27664833075741
414.51443402402117,234.66142293931694,29.25429270882097,16.343466504577748
414.5517616621837,234.76857085496505,28.32472083935096,16.091725462355924
414.9034657654371,235.29633854564761,28.24718025333783,16.301855270583047
414.6746355527018,235.1778241872121,28.319141296075315,16.72124247501864
415.02890699972914,235.8582843998014,26.56232614320504,16.485629742948504
414.8754290989006,235.5725972658111,26.771581284879915,16.618055049538327
415.04872218645073,235.98975530301132,26.219520602794432,16.249314548333757
415.39570978868215,236.10046169513956,24.902180759254747,16.215373517654257
415.98305264198666,236.5242711739347,24.323060276481385,15.365996809586647
415.5225306478606,236.13544672027433,24.883438766140387,15.909083801302899
416.1786082072821,236.15574224705125,23.007680370491585,14.965491372753405
416.56339162131377,236.5041941583742,22.64534022954615,14.25483568234381
415.684757593408,236.512058074799,23.36244741720202,13.884261513293296
416.3687827944268,236.4731290749938,22.443448773645287,15.361778044097008
416.68110253850585,236.84123090260562,22.029203300692984,14.366871717843253
416.9197560997972,236.9966958577397,21.81154606087938,14.574078504314883
416.1555332181079,236.7115737294093,22.953273322381733,14.477266731637002
415.8870042041305,236.65077905227128,23.324485289859638,16.085851924041123
416.1987372184721,237.28040750019085,22.97059572325793,14.300321847322323
415.48280410340624,236.97036940879792,23.42099956096888,15.370030961885817
415.9776956474687,237.18183100421635,22.264050745300324,14.494046458349857
415.5403403212411,237.3822198265905,22.79887960669936,14.39659588647757
415.84228699904446,237.24000684968792,22.645179294744082,15.113864008935536
415.1121095971469,237.51182953151664,23.208747105246744,15.113864008935536
414.8752157298942,237.1532087655633,23.628115697153362,15.94511729236001
415.44251550009466,237.07117214387796,22.334586709918653,15.776508617809554
414.9232240028908,237.54239473997876,22.98048450872892,16.866410648608365
415.09788621351555,238.36987042118628,23.015141983628098,13.672974135434941
415.1414507105572,237.55163960844874,23.457324540565764,14.705938077354688
414.60964543978406,238.30655493827757,23.367104061563566,14.25483568234381
413.43956211297694,237.64266991695013,24.47104713321022,16.44559619167356
413.8155129625862,237.617613099398,24.35952933058752,16.781009094404737
414.80834220747045,238.8640655377587,23.186663103559226,14.34505616134598
414.4430149950644,237.62294721933552,24.040304837821395,16.72124247501864
415.2993878192239,238.04802078074005,22.627822955603108,14.247147786861234
414.715348178979,237.95150911924497,21.5921627749629,15.714639956563246
414.5487027564913,238.23095231835404,22.09594972403181,15.16122088756643
414.6386567342125,237.55516774181748,21.743135439524394,16.14946574138949
414.66247264986106,238.22188695017937,21.83877027034015,14.860215860645013
414.7000841483132,238.3553239474913,21.756012035969775,14.41335797382996
415.0284634180687,238.58852953942474,21.67456899011205,14.039209459504406
415.1964443437098,237.73247894926217,22.013796876530932,14.976599514361197
412.7285795978632,237.3529490521995,25.381473368189745,15.683834958645548
413.21359742915826,237.70165623652824,24.73137316319162,13.945443898187364
413.4292820449877,237.51728897229333,24.548091394104176,15.434920341443416
413.3075068896996,237.69075473764144,25.504117310381957,14.638124725605536
412.8995871365799,237.58955774268162,26.123422587234472,15.032228083602604
413.0609056814461,238.11426803007615,26.067122107520618,14.807026164747128
411.5144443966529,237.2837964740756,27.257412517868204,14.778115220530935
411.6210275894735,237.2657215261387,27.750016358552557,14.531813300188759
411.2289246442283,236.80564544139503,28.166265540195354,15.241162255172014
411.49729801089467,237.60219960511654,28.58825802368142,14.8576968223434
411.36153261874875,237.03093041504945,28.486302680719575,15.665135353063476
411.54726377616976,236.75372474590282,28.600643694644646,16.38343959673543
411.00333875389504,236.96960978274427,28.82584561350012,14.469223286463944
411.4935396580592,236.89575188233297,28.5329251073656,14.17321770039078
410.5020983473832,236.64232400806,29.449482753244524,14.167923425405462
410.2367098808692,236.2816137390249,30.21303556197438,14.696014580416886
410.9394760381344,236.00134731695914,29.66049713383967,15.017027516125381
409.95129381501357,236.56758272685067,30.688828953736845,14.447829323795986
410.2394762525859,235.4379666596315,30.623538762544683,16.830631223382454
410.6883722694088,235.88601582513763,30.0507066764888,16.40217854453772
410.0193848042054,235.9379468290527,30.734451267602765,16.953519892774437
410.5260187356929,235.56848074963762,30.459337482316528,15.84542354201372
411.052911472078,235.74045866808297,29.811258814524763,15.324663165699462
410.78753252573074,235.5292330499271,30.034055032250762,14.942315936443151
410.44285267056813,235.58656179739674,30.55703609002626,14.79289277707872
411.4934968361915,235.05372521852618,29.09291522863259,15.803558889627595
411.61229231070394,235.0855413126446,28.98152596026347,17.15903378383871
411.77382157570884,234.95348960790434,29.392029160833772,16.009624822241847
411.72333679138166,234.73320757741476,28.016524416541472,15.539916510984824
411.66284298606223,234.5598335892211,27.868737458364365,15.876735279310623
412.23890076467535,234.33059677243972,27.257412517868204,16.42012802281215
413.00084044137776,233.71262104967565,26.175201980776137,14.957258274729213
412.9032020784528,233.56110288790777,25.476648671635587,15.166450675489813
412.1811795909059,233.3327491864904,26.937884470956135,15.324663165699462
413.25313935963203,232.80968936057022,25.893277473624494,15.427701909372075
413.9275184363178,233.35158009597157,24.745750224799508,15.011397134298676
412.8154544460467,232.84524269406936,25.428019772234222,14.972216021607494
415.5086100468453,231.46820735499418,22.552397554099855,15.797573165915367
414.38781610110215,232.1050451968197,23.367104061563566,15.337481430369905
415.34523236722816,232.3001169308901,20.601432637592666,14.490838211188077
414.8329737356288,230.948446062861,22.867270817567203,15.803558889627595
415.33529805651705,231.63574562330152,22.09594972403181,14.821283199504393
415.182844840305,231.24362864263472,22.189339165618094,15.689431733265309
416.25764183125546,230.8589027864797,22.189339165618094,14.643469617714288
416.5109250734352,230.88548828884583,21.337881811555746,14.244021367608468
416.1303491203855,230.67111164782233,21.815781267207,15.017027516125381
415.7561279045901,230.5495811063115,22.443570224722066,15.231080738516482
415.8938921899079,230.24869741238024,22.565254496674754,15.19891108660326
415.52941067171184,230.75404499254267,22.86783431214593,14.552258198638327
416.3965866621113,230.85396973048915,21.530294113716593,14.662872715375954
416.7785828305484,229.5073089805832,21.722977423012424,15.318797758209229
416.9798962975939,229.81067346965446,21.844586128980552,14.807026164747128
417.0016641307767,230.09181407272703,21.619384210125077,14.69442520531939
416.89629234204676,229.64510299229232,22.40759092611927,14.750725685033274
416.9015547269773,229.8353882884278,21.90150608119444,14.106054764159126
416.721211652165,230.07632330450485,22.126088527549882,14.638124725605536
415.50694397461547,227.12262400643553,22.286545233515085,17.214434938990962
415.33452805937867,226.85413609357528,21.466065894799442,17.412222515385878
415.6476488189781,227.07447799772385,21.01776386919954,17.241134423952758
412.6646583858877,227.4228309323751,21.367511789113735,16.212412791040833
412.64453156577196,227.01953952327446,21.764747684843883,17.225121949408617
412.70326546286185,227.57249588316466,21.722977423012424,16.343466504577748
400.9284339625759,227.26847913181012,20.99395389070264,16.660682269134128
400.8954438181152,227.59277186555377,21.34468812997767,16.20958924653374
401.16166915104384,228.02949435342953,21.21064304982815,15.779898694075058
392.64157963492556,227.5094135453233,20.973476162499765,16.70453853650423
392.3449396574438,227.32635065004274,20.99395389070264,16.73539384881633
392.16129428811587,227.41570716551112,21.67989486735911,16.503873000788076
369.06821984890786,229.258128771162,24.06758831479152,14.889270737116817
369.3344345271042,229.634738510175,23.477300040682735,14.469223286463944
368.8070131115641,229.50396128930302,23.874781790386294,14.601529635751263
368.986466348305,229.02497352283086,23.684192736179284,15.059043806665187
357.17278406404046,231.27829910992423,23.10628023060991,12.296024956422116
357.7534149961547,230.66573175693782,22.085072190682354,13.464504978705975
357.0960206725236,231.54180047238208,22.294989966691503,12.442406016764693
333.2077929996762,229.41392296312915,22.64534022954615,14.52549711935032
333.98627125940396,229.37221304771248,21.466065894799442,14.593836165888831
333.9233137573394,229.44331685588708,21.639741389663413,14.78322484684702
323.5908979598542,229.8901303189763,21.281581331841892,14.807026164747128
323.81835714795886,229.88617583416644,20.974585337366534,14.896522919670701
323.18891710739535,230.22770584101215,21.74751813036835,14.545189831942622
307.7162129319904,231.3377576594932,21.367511789113735,15.614720153583107
307.86207179881717,231.14684756649234,21.337881811555746,16.327139117021545
307.95430933442384,231.25767603279616,20.964161476395873,16.138157453284464
301.157988437019,232.30409108230015,22.148980726179673,15.467165311578015
301.7794976696286,232.9068896958422,21.04797691743829,14.561493464894397
301.0052342644834,232.62806938048863,22.52019188554698,15.032228083602604
293.4135427689615,236.26376605349694,21.620510548375535,13.884261513293296
292.12199056949987,236.2405365546146,23.160589701486913,14.643469617714288
291.5085448128061,235.7327145799715,23.234481152279216,14.613913940302808
290.1558914552543,237.33286171681348,21.90150608119444,14.291660747898078
290.48928868291256,236.9514596855011,21.715900097455517,14.53913539288331
289.9205942837289,236.9891215185641,22.14565265686059,14.546197113558947
286.2731399678399,237.984137562859,21.844586128980552,15.201129522744196
286.6252440667754,238.70138107411705,21.17077796245053,14.934095877319805
285.84341696637534,237.4243725840959,22.76766733864281,16.085851924041123
286.8414388606905,237.7822937279207,22.025243403687057,15.776508617809554
286.51509549911464,238.94571735954787,21.77421086033081,15.370031195527645
286.29213091182146,238.87033123786648,21.96797031320301,15.867901227990245
286.18037776439644,238.83811602032034,21.772673243692395,15.525268073125403
289.11128375821005,240.14589690754028,22.503874949706244,15.909083801302899
289.6678739550283,240.9518713640213,22.316290998494935,14.891669468577419
289.96213730933124,240.50978962741115,21.261876487146594,14.601529635751263
292.5723770672602,241.46234958885762,22.520192693657577,14.662872715375926
292.80577791686596,241.30796963577183,22.43588741209379,14.821283199504421
293.3346473727685,242.11999197951883,21.563083730411222,14.244021367608468
303.00064458020427,242.74139672449235,22.50554979918013,13.780931374828356
302.85059679623663,242.62776574364133,22.624306860346167,14.439404037149274
302.6943425914299,242.67516677786165,22.251394106311864,14.127423855879215
308.8771269477221,243.74769865449892,22.914295243544018,15.032228083602575
309.0004744990293,243.89719204613218,22.204251144414854,15.774855638990942
308.12205628748706,243.74678456073406,23.516147729157296,15.216330883572368
320.76739113062996,243.8434839331261,23.53414759989795,15.9882780519942
321.2482992708484,244.03640827105596,22.843812637768224,15.365183500403646
321.35695558921077,243.9812916553783,22.751744203258852,14.406329833620873
325.88074932547767,243.68944704931792,23.39878364269032,14.89652291967073
326.38171626206514,243.72860007636828,22.850113044017746,15.472498070164505
325.8909904266836,243.76880375250738,23.311213979883576,15.3187977582092
335.23216138372226,243.20413630372352,22.914295243544075,14.97592760388872
335.33654946855194,243.13892199084881,22.97059572325793,15.032228083602604
335.3348611960793,243.78131661822005,22.61187692332078,14.546197113558947
335.2672261203593,243.7618427497199,23.051315777736818,14.674832097061312
338.5075507057934,242.92120692423907,22.914295243544075,14.97592760388875
338.60354080817126,243.52861149404237,22.952579918654635,14.857696822343371
338.6455638313565,242.98912346750606,22.79887960669936,15.011397134298676
343.180761649249,243.51551962130503,22.184078358878253,13.730561201338048
342.5350638216738,242.97983524466707,22.850113044017746,14.089195262566989
342.90094664825676,243.58939310965957,22.593945857425638,13.83302807597488
343.6160851785415,243.38042994585624,23.280643407489322,13.705851425636354
343.34597809813164,243.02255244817798,23.824060016117357,13.940105567160629
344.0862943695151,243.49841185208288,23.003813355973023,13.474394014745883
345.7960692820154,242.5723975323269,22.294989966691503,13.68101657046978
346.14801352459347,242.80139826591818,22.37991768827885,13.596590495076782
346.47031296857875,242.91422784442793,21.89202691107107,13.364318753851506
346.6325804817912,242.97163747854228,22.570849450949197,12.855201848942897
346.78202195484886,242.55736317218037,22.192275083506615,13.613748580638514
346.7659557412456,242.6778707828714,22.45832403241127,13.239893506710786
346.7111955145135,241.78775969286616,23.26261662861333,13.301762167957094
346.9882611893897,241.5737563229486,23.384724440533546,14.344623298985425
346.781730406222,241.5321966242763,23.35783574965717,14.2664625536828
347.4230048707794,241.41020524153333,22.632792844974745,13.455814651614304
347.5801951878029,241.50839914670323,22.210849387426038,13.17802484546445
347.8487401124193,241.43364394738032,22.40759092611927,13.343213692186595
347.6277086166906,240.47303442321586,22.42538721673668,13.846860713868608
347.59206156912893,240.73486781397526,22.72233073274657,13.965068824223238
347.9241099886381,240.74015376460795,22.485317614597307,13.772257038940836
347.5522562728502,240.06388713293708,22.66291489253109,14.439404037149274
347.2577880342957,239.44920739514168,23.53414759989795,14.494046458349885
347.45478089393856,239.62042860334833,22.8449890565509,14.033350420452706
348.0840796225544,239.80522154058139,22.351290446405358,13.793617529897517
347.37115366620185,238.91529932598772,23.26261662861333,14.477266731637002
347.5131591766877,238.92561765665934,23.026896202971784,13.906218489325255
347.9677044001294,238.67769435781523,22.63760864371136,14.195200139620994
347.5710803958072,238.52727173488682,23.234481152279216,14.44971266007471
348.08547756103536,238.71204646276652,22.09594972403181,14.345370436217564
347.411831851896,238.6638504180728,23.138879306120714,14.22979208665177
347.85952148339464,237.62702889004612,22.775825100155828,14.005432748155528
348.0499990349491,237.4456975141166,22.463891405833124,14.356622327036206
347.9230534284456,237.64966399460627,22.829535999889117,14.353529409144386
348.0464024283182,237.78368915907873,22.582061354903885,13.796711457927586
347.69127211122594,237.52049605660707,22.576492365260833,13.737317050183663
348.2313046799473,238.06520726359543,23.09714145637281,12.420160971823123
347.6397264649916,236.52254664856312,23.631509669508887,14.721963833607873
347.3742673101731,236.37961082717626,23.60885917958018,14.643469617714288
347.6594544401892,237.45458115553942,23.311213979883576,13.628094326701188
347.8120683169343,237.24704483789657,23.42141810614413,14.168512187667432
347.9464188101435,236.94452158682375,23.324485289859638,14.353529409144386
347.74613170660854,236.79342402641538,23.152380512165166,13.710806899048151
348.04198531160006,236.80278804837116,22.891404661135425,14.044186102912818
348.095478295942,236.83026114948996,22.936454962440223,14.045776980256562
347.7181656315174,237.02276466834144,22.82578118755049,13.803733287332932
348.01501391752606,237.31710820029252,22.916001666552688,13.623292329328564
347.6485563074373,236.9182244762184,23.186663103559226,14.074394724339442
348.44690640788554,237.07335234121942,22.64534022954615,13.623292329328564
348.35008165094786,236.99999806691218,22.43588741209379,13.257569834419058
348.25295404614997,236.74369447980564,22.495575391252657,13.7929075391622
347.9247577232893,236.8228523493076,22.82578118755049,13.803733287332932
348.16073887293425,237.02002263569625,22.80169428411631,13.906218489325255
347.7488567272511,236.61102885337337,23.10628023060991,13.884261513293296
347.6792479086176,236.5705966819818,22.78703180307582,14.419334878667655
348.92373929744053,236.88809260994557,21.82399957358217,13.869457672930736
348.44283823376185,236.7193665867763,22.64534022954615,14.164615203341612
348.85225959363106,236.66956096284238,22.025243403687057,14.22979208665177
348.74615106174326,236.62323150110325,22.114627585935864,13.89635382089213
348.98644741577897,237.01849353156294,21.353071403878175,13.287391594116343
348.78856379660175,236.87563644785044,21.825444297649256,13.628094326701188
348.44130230959973,236.6808888086025,22.593945857425638,14.652763073069707
349.22308282431254,236.49325260959287,22.108976234436852,14.47493511312905
348.7599503767989,236.7612487570785,22.577676031366707,14.203410739732504
348.50939015215204,236.61454706397743,22.334499993190718,13.945443898187364
348.519672404805,236.6147202166946,22.71232022339359,14.269911719303224
348.7535832372951,236.4103871470692,22.463891405833124,14.187720887894585
348.9204589248566,237.06756761798252,22.413473904664727,13.89635382089213
347.5271064675939,236.9149614707888,23.772314915749405,14.037961825248601
348.2772119266603,236.8803378031952,22.97059572325793,14.13142040818073
348.1653902354388,236.36110630096044,22.829535999889117,14.601004054129646
347.9236483280612,236.76143618808436,23.259980542565188,14.191662137203878
348.49282306221363,236.72264303510806,22.63760864371136,14.568758038032087
348.38789613744876,236.72812253356412,22.413473904664727,14.269911719303224
348.6527111327828,236.84337697712635,22.338762324982497,14.195200139620994
348.12057551806197,237.30377969958045,22.911800175380677,14.54933304905478
347.8678388616616,237.26572838535907,23.160589701486913,15.315873834854244
347.89590092034564,237.61508031465394,23.459436020215776,14.045776980256562
347.86173476069763,238.33789209581866,22.6890933246886,14.13142040818073
347.0941444665751,237.86417047279113,23.311213323011145,14.313084980328824
347.31781340560855,237.8526347538301,22.911800175380677,14.141407823380348
344.5869415243888,236.64663959689156,22.577676031366707,15.76332290189967
345.02995490328186,236.79952980932723,22.90212336392335,15.76379919854466
344.73836131325834,237.19344565571095,22.46489927154181,14.796158556356858
341.86583501974985,236.8400474884835,21.652914960522253,15.427701909372075
341.67938235796606,236.91350939387115,21.815781267207,14.942315936443151
342.8760107883986,236.99374109738088,21.428267069769845,14.942316500759063
331.0707442261217,235.9867757701779,22.21084938742598,15.59090263407063
331.0927334785233,236.29991183484807,24.02848210234157,15.677431819438198
330.7639616120011,235.66166852975792,21.220950807484996,17.075750503982107
323.70028535967856,236.5040779825522,22.43588741209379,15.093233349954033
323.1099670532854,235.84479943600357,22.745393804402454,15.088528563316487
322.7307887181248,235.7647038600391,23.138879306120714,15.467165311578015
303.0798481636448,235.21912665345113,23.53360052039659,15.144829043030342
302.7643590126285,234.2552046663941,22.80169428411631,15.82043479959674
303.1962338975466,234.35718642198387,23.276883582561368,16.23968622039166
302.7472423588793,234.67062738603192,23.387712938667505,16.04505887652769
291.38907430801316,234.37657318316184,23.8132232855433,14.340559879139334
291.1737526413223,233.40300985715402,23.19581814351477,15.252044806694641
291.65766964334506,233.74779048082263,23.757565918583794,15.219690666592754
264.1834634940005,231.60166942251328,24.95859459467448,15.76332290189967
264.9581231071849,232.51079081056653,24.383890113876078,14.039209459504406
264.67865876846196,231.19637547064676,24.07635282461007,15.129948496339665
251.1704469271615,231.42919520518015,24.80424445449563,13.82164224120993
250.7266701461064,231.69577117328183,24.99107268360271,13.442851371324224
250.56523993863968,231.22817645865143,25.41178490993903,14.550296198432846
223.9306419094979,228.0296778422491,24.71591059438782,15.25743000245808
224.08528463382913,228.12598835261235,24.130948976978402,14.8576968223434
224.48944366515303,226.57151601571908,24.475513540465982,16.520971639814547
211.25821362553262,226.1881869731224,24.137588193533873,15.76332290189967
211.51554112914,226.18055901064133,24.190987449338962,15.76379919854466
211.48538190761596,226.5702325131776,24.407526002853587,15.229208425178825
189.80975209869231,224.20040260001568,23.56288371273544,15.517020981557494
190.31061924271944,224.25161657360337,23.251737863442685,16.04505887652769
189.96731704434546,224.3385151731036,23.927703878393658,15.98933623873836
182.07255359290994,223.78586401491847,25.532395557615786,16.42012717839603
182.3816111832097,224.05704670367152,23.235301281169114,15.91356647231197
182.50601262423305,223.66656387884788,22.659776671480785,16.173826102469974
169.48151303289714,222.68375708849376,23.81510291896592,15.820434799596768
170.08995665571393,222.6959139628241,22.90607859182296,15.927524182127797
169.87303340531633,223.1249751522403,23.186663103559226,15.157040472365566
169.71238789483866,222.89118946335415,23.637765498570104,16.05924526238732
165.4892427506167,222.47078836550307,23.56738116647574,15.626198382119782
165.27256222912058,222.31308557269708,23.943171902322746,15.900245940302199
166.02839054453636,222.82742715336013,23.547545019567906,14.976599514361197
159.72404923335287,222.88439815935536,24.06758831479155,14.005432748155528
159.5591989150417,222.88482951024284,24.438121192293238,14.22979208665177
159.99062556278213,222.7117217099975,23.727650626729513,14.41335797382996
157.9614629473774,222.06651134214752,24.077680480464124,15.034931702733246
157.88620675536163,221.58522026319758,23.891286273191696,15.18861842110124
158.2218952927678,222.178316130173,23.51356907698755,13.981041072803407
155.4076385623426,221.54484760129344,23.45108060294919,13.380636447408392
155.12334482412274,221.64116321600912,23.68357075926241,13.223949603752203
155.14922871099648,221.86566519209615,23.53360052039659,13.061711293617236
154.6841520665776,220.8873955426298,23.186663103559226,13.081969455315516
154.28144028521126,220.47459585665848,23.907705498309042,13.672219081845498
154.88833364260984,220.9152151003274,23.546656852024114,13.491597980078694
153.057205923706,219.17934084493248,23.459436020215747,13.149238024069973
153.04414241529716,219.088348377464,24.005040563569054,13.363630829203402
152.94530354861283,218.7571914672052,24.179088372583152,14.164615203341612
152.70826491265183,218.4781256888315,23.384724440533546,12.92510328502334
153.06979489168947,217.7100604511947,22.367899874481395,13.801470135318311
152.90374864356482,217.7965225226245,22.707837562543432,13.801470135318311
152.01363745912514,215.28801050429198,22.78703180307582,14.120488559938792
151.767722068944,215.95186492344104,23.078101189781023,13.706993433930535
152.15304625474545,216.03108025225848,22.54271242010722,13.679327764019604
152.23698398294195,215.82261546659234,23.115762788217893,13.52951998486867
150.69242192598807,214.99757599859936,24.407526002853587,13.529519984868699
151.0639389743143,215.12371658249884,24.057128657673474,13.7469306615277
151.12392233068468,214.95376940206742,23.999600777179154,13.665495060093491
149.55999139255937,213.9240745270529,24.28464928893368,13.26946026547219
149.70997868764002,213.60844861439372,24.5470091552462,13.624716090755925
149.57786322264292,213.01237975409285,24.352758618129428,14.000714884987303
150.08584688143014,212.69434171534468,22.801517393552558,13.245257407348731
150.0875448649377,212.15330076034456,23.083196682685667,13.061711293617236
149.8433827395808,211.89435998779322,23.730815162825337,14.126595273744755
145.730874898848,209.6462200431401,24.06690922481536,14.22979208665177
146.70833196817736,209.7891859520445,23.43507553622888,14.593836165888831
147.0841910439231,209.36796574607794,22.914295243544046,14.581824245891681
144.6047076349602,208.69446443154422,22.56289706402916,14.643469617714288
143.96990449721812,208.53867476922773,23.81943457983013,15.281559327839062
144.32502321014658,208.70615682574697,23.419377625796955,15.315933556001255
136.35346064007967,207.34231652952352,23.727985977572274,14.886379035359028
135.86621761556196,207.3994162898549,24.54350107807838,14.481345511442385
136.33176803035525,207.2807338587731,23.659663089117117,14.54933304905478
117.53345623191595,204.91638398210054,24.430686556084567,14.045776980256562
116.91169681010243,204.8860376077319,23.943171902322746,13.672974135434941
116.45969631239626,203.78580807128208,25.351954599611446,16.5103476573982
91.78629064128417,201.92426483134676,26.615041305641896,13.533071850326394
92.95775574153478,201.1952465356795,26.147707309101307,15.797573165915367
92.92651275346037,201.8559227082343,25.929809748192127,15.361778044097008
92.36419676868685,201.71125845277214,26.038758528646724,14.381239020005722
74.0128834513103,198.62753529170823,25.04069523478853,14.44971266007471
73.79837513461229,198.57529831114888,25.589982287436115,15.203264608152153
74.48552580391218,198.4903187078865,24.900852204600554,15.608142867376444
61.88441358920842,197.77622023494462,24.37810771610461,15.201129522744225
62.19813613399261,197.61468796394385,23.855148071072726,15.61427873742943
61.7255299504762,197.81731370186645,24.37810771610461,14.69442520531939
56.210984484436814,197.18215728959962,24.59204991284424,14.49906276111443
57.01608413769162,197.41141635946545,24.46011878816053,14.898453550651908
56.96967485623437,197.40909539005543,24.523049523420177,14.29925667053297
55.39983756590767,195.83096638292886,23.702501959538203,14.638124725605536
55.00316348096631,195.6749565261719,24.39518502687183,15.443212782228414
54.69649550406265,195.44892057781516,24.096605317535264,14.807026164747128
58.909854450879806,193.50610119865394,23.53360052039659,16.439740076449283
58.66362968848366,193.54633917543347,23.61861460379415,16.138532755304027
59.08214316546878,193.90661416350827,24.040304837821395,16.27083863730769
75.01631369624602,193.25788612520714,23.316581792393265,16.42012802281215
75.12646267588525,193.38476730699887,22.8449890565509,16.13135961952372
74.52638983645559,193.78334833425333,24.131840237355703,15.83885489262974
101.29989959373846,193.67027189334047,26.282753344352287,16.650867128488272
101.3570193990824,194.33678767513734,25.451198435358847,15.352819701329366
101.45897802674635,193.96796801305481,25.25251393258894,15.988278051994172
137.3984246749722,194.74180046418036,24.73137316319165,14.708085361369484
136.74391732470806,196.04697811440877,24.499989853539546,14.044186102912818
137.18159787258708,195.5409056406362,24.580109715448998,14.494046458349857
137.62874677106572,196.11068482708782,24.6548212951312,14.195200139620994
165.74706217935346,196.7955881915675,26.52482082663971,13.498371558757611
166.82559246694964,196.86978287645252,24.607317070583747,12.303658535291873
164.33606367184544,196.1486592704374,27.336805137659297,13.442851371324224
187.81937163654626,196.0466447852079,24.953667613860063,11.057313792967932
187.8802907481513,196.10377863053316,25.053713472671006,13.624716090755925
188.5702846347636,196.0267675805419,23.795638164341938,13.393544909643879
210.7694118514231,195.00445712614064,24.290130840524768,13.681787983642522
210.79001946521188,195.27881128682995,24.040304837821395,13.568415611042042
210.26146342710675,195.05591954985817,24.809333159771114,14.167923425405462
233.88697107555413,193.42364881627128,24.44974980958966,13.533071850326394
234.05959416937534,193.38582620231597,23.818206456574472,14.34505616134598
234.09909652722874,193.39430222576902,23.794413884595684,13.979218157199966
252.12130829959764,192.08149935654066,22.698534831263117,16.048008702358032
251.90402617956607,191.56476893515241,23.234481152279216,16.666429943154327
251.7700520100533,192.18626685616118,23.794413884595713,17.944953804632604
262.5340579297266,191.85644579571584,24.209206276963016,13.11801177333112
262.438892874798,191.65426002225107,24.057128657673502,12.92510328502334
262.88137267102775,191.4694447845597,24.135575852403974,13.325557372031483
272.2120376490004,189.979941394519,23.758802439252065,14.525523766177798
272.96952956532107,190.1951974819761,22.23868948697765,13.624716090755925
272.80913048442244,189.99166983618022,22.413473904664727,13.298661183434405
285.4178201463506,189.34810441696467,22.33137411102456,14.121310099618455
284.8846798283411,188.7721142882968,22.741877311594806,14.778115220530935
285.0889014121927,188.97011796500502,22.911800175380677,14.073420285767924
284.81799281732367,188.59035293942807,22.495575391252657,14.696014580416886
298.8817216348875,189.70483421411214,23.973386913305774,13.628706258934102
299.84979816259045,189.695052277671,22.66134633455448,14.381239020005722
299.853873144287,189.83401052409351,23.36469908125497,14.356622327036206
312.7390160969341,188.35210207712342,23.234481152279216,15.10651778098719
313.1840366826353,189.2452294785261,22.71232022339359,14.86760435676095
312.83289334125016,188.77603431880897,23.011166542122453,15.166450675489813
321.9097951687728,190.33881065736173,22.86174338275805,14.419334878667655
321.8059143936096,190.3575489753329,23.195797642113405,14.97592760388875
321.6754379396877,190.3420997980976,22.90607859182296,14.778115220530935
325.9968999468887,191.84116843161283,22.659776671480756,13.957108819390328
325.8170040968658,192.41366323938897,23.160589701486913,13.89635382089213
325.0703924961487,191.5746949147994,23.818206456574444,13.533071850326394
327.74688165406917,192.97657772333676,23.001266755109157,12.888640854155994
327.0280967396091,192.89954966757836,23.012582687293843,12.860304721541013
328.14224042285974,192.9939167334999,21.83877027034015,12.725599217679417
328.62049545345167,193.08121048949153,22.639850024931036,13.66549506009352
328.5432918672687,192.81824224300462,22.40759092611927,13.624716090755925
329.21690814977995,193.2498736620155,21.90150608119444,12.806812877986602
329.4257547740345,194.1545572257112,22.099030230214566,12.867789754302152
328.6222117044715,193.11375739362268,22.63760864371136,14.79289277707872
328.8752443951284,193.1729560830473,22.802979972737546,14.177504939571605
328.37219234679924,193.61694177978742,23.34616654149528,13.887975993915148
328.74708219755803,193.87544145004355,22.823977951708912,13.7929075391622
328.7857532990289,193.55626158743414,23.15238051216511,14.613913940302808
328.3233459854079,193.82669933445908,23.53360052039659,13.793617529897517
329.091344570503,194.05261088063673,22.80169428411631,13.455814651614332
328.76056075382166,193.9349345101064,23.276883582561368,13.623292329328564
329.3509928749578,194.18763241054157,22.698128677176385,13.279465936366762
328.9239520614848,194.63395390669237,22.97059572325793,13.68101657046978
328.7901793367179,194.376251135042,23.200747967367022,14.291660747898078
328.7602022246421,194.46581650348864,22.97059572325793,14.356622327036206
328.8061653679704,194.425543080047,22.582061354903885,15.405296650331678
329.0886196297856,194.4734437704525,22.488185484346957,14.942315936443151
328.9276890172987,194.3061544971903,21.90150608119444,15.219690666592754
328.61300185941326,195.02764617966264,22.632792844974688,15.144829043030342
328.0467301174942,194.02008149107556,23.457324540565764,16.5103476573982
328.32469690649737,194.35448242029696,23.206090236827436,15.906521946369963
328.8746502059712,196.61783701171709,21.74106968752477,14.344623298985425
328.9240937090781,196.6363979331681,22.163937261644207,13.937445210543132
328.44506184736764,196.64527852937707,22.576492365260833,14.356622327036206
327.9584829282461,198.6269134406612,22.82578118755049,13.172189934317686
327.9162779729696,199.61742342669822,23.09714145637281,12.747007313186884
328.02830204857537,199.31469212345112,22.645179294744082,12.398491831058976
327.97637961009616,199.0328383160745,21.82399957358217,12.91763214635705
327.22175733983903,198.37316522489266,22.63760864371136,13.82164224120993
327.46345266831037,198.85178976787162,22.388375093639127,12.690736684094873
326.91002404731313,198.6256109303315,22.002971550568304,15.434920341443416
327.4821017389159,197.9195264114312,21.02137160750698,14.074394724339442
327.09342106078594,198.98457399145767,22.208119625622658,14.177504939571605
327.2766961268326,199.4168417932561,22.62914035974285,13.551171261939004
326.09981745604995,199.07577223602905,22.747546886585155,13.76825206293313
326.07187731889286,199.54591981131645,22.007653651826956,12.747007313186884
326.40107817097066,199.25312420229366,21.789755438728946,13.887975993915148
326.1866458121402,199.69684006477536,21.971316512075873,14.998383726806281
325.87998105604174,200.2592810656282,21.909479369710994,15.32466316569949
325.0273087121603,199.2855891323076,23.992700666967323,17.25095006633188
326.63526793914883,201.46748001261452,21.789755438728946,15.085215303735424
327.13732216260496,201.8559861005976,20.973476162499765,14.848478699114878
327.13920396820083,201.53877747618841,21.81154606087938,14.772365286686494
327.8276564185759,203.70357440252695,21.450482770983513,12.836509374761789
327.5282059346839,203.73462588776735,21.95718708840832,13.906218489325255
327.95662325458414,203.10139719423188,21.97565155638216,14.313088842643651
328.3858916370851,203.29360804284428,21.83877027034015,13.054001778135671
328.7134743237763,203.33398402418317,21.008149122233306,13.529519984868699
328.64687285236676,203.01222451987678,21.712402669693574,15.168938851429772
329.7137381064214,205.95844173919946,20.91924231102041,13.89635382089213
330.7289772824113,206.55086193676848,20.045446243805088,12.86868153923291
330.3992037328639,206.13752095575427,21.15908214623869,15.095953344100138
332.4608837710475,211.1016404393623,19.12674154846127,12.54064658130244
331.9696626486011,211.36818744021622,19.734715430008237,13.682736031472388
331.18401227778304,210.83313517439615,20.046575603644328,12.638058532732288
331.883679790405,212.4982070510311,20.396261253244916,14.718181197396518
331.7277917813899,212.6785341727315,19.126164398647234,13.672219081845498
332.861407923879,213.1660052816015,17.694437116445215,13.734842796681278
332.2224921888768,213.27252952675684,19.33296128123402,13.483501201270911
332.2302106148687,218.2075313068301,20.077667401043698,14.141661386822108
332.1972172167703,217.46426876492887,20.02894633848308,13.533071850326394
330.6354075131812,215.89674162370494,21.708186973009106,17.62967911747404
330.6955776255098,221.72476583676593,19.98357758255878,10.765147056858297
331.71556187429263,221.6570310569603,18.94630059045693,13.172189934317686
331.1990700454279,221.74213843954902,18.44067076056166,12.492067289412745
330.2945640182172,223.7930318055816,18.498729712647275,12.992418861725525
330.25758006443266,223.94346274663758,18.31312372890835,11.260096346828789
329.7239283134088,223.55647024993178,18.675639153450447,11.909103228287222
328.96018864667826,221.54550111395338,18.83546036499297,12.867789754302152
328.8192922240521,221.60933095852107,18.667619846649757,11.624835995413719
328.2738940037524,221.92447526957673,19.366239306364832,11.168889335416765
328.43337963548646,213.25933289166613,19.700557875313905,14.298792006276216
327.4809120631382,211.46618963377202,20.66135304454525,14.336449051317118
329.4734414305648,213.0517740774048,17.952927741213443,12.551161872175783
327.4087965939957,199.87995112215782,20.23969277833004,13.07146825267148
327.5760967449536,200.6867465954901,18.675639153450447,12.089544186291562
327.98779534448306,200.93679857402327,19.373271766810547,11.855285708048285
327.3781104494115,189.01977022116773,18.31475723744171,11.367780354274174
326.7957103434309,188.3116279831803,19.283934140462236,12.311212191368526
326.85156065307126,188.64175455717083,18.62246703513989,11.75504563679928
326.5279325117163,174.1146262180502,20.720382467563468,16.88327460319988
327.1306413855263,174.86796284829913,18.521292677280087,14.272290239551126
328.8605437975655,172.52059811848557,16.192585357334224,15.325125427477019
328.73748554550565,174.56648590949303,16.04642214037665,12.551161872175783
323.597407095237,160.8390266017328,22.379604399015875,17.413846961485604
326.0228608905888,162.2078159022052,19.37943795998592,14.895632373656866
325.6207013005197,161.70584200651228,18.331783279213823,14.490838211188077
327.0366500794133,148.41601138268607,16.233920249285575,10.330676522272626
326.89138498846427,148.398805730429,12.66245595239991,10.743902020218115
325.7145630257523,148.63817580783308,16.655580515500787,9.065695723627016
324.6221476042334,136.00128029054568,12.860638119563873,14.75810931753233
325.5147214313996,137.8263607098918,12.43897785334866,12.43897785334866
321.8390804597701,138.02298850574712,16.666666666666686,12.068965517241395
322.98850574712645,125.37931034482759,13.570833441301318,14.58458015835879
323.42306885696945,125.78555943831905,14.507965625789154,12.812141711106236
322.98850574712645,125.37931034482759,14.942528735632152,14.94252873563218
319.75006419848376,113.00599055384313,19.517848421786766,17.0600452871914
323.82424968028795,112.78221569934935,12.919542501541173,14.141661386822094
322.6490438556672,112.21123129094839,13.429877525272616,15.540286850672615
315.51229463156204,104.24787567009791,21.6489631106906,10.9990699675283
317.2612119703322,102.95396661237575,20.392539277675212,12.10395879707174
317.8645826630848,104.21788525139225,20.09615504169159,10.698672468238684
316.4510553912847,92.60928987814401,20.129409738608445,12.893347414272071
317.0193180911637,92.89602361852432,19.035531107676547,11.996350333483662
317.0135417292728,92.54888438156283,19.93762682318976,12.638058532732302
315.97374856848137,80.43503383901923,21.47437469850763,15.887545508651996
315.9079783593824,82.100312821557,19.457851707032376,12.232995376995063
314.9090533835108,81.21012421542785,20.82011214902127,13.086927636527633
315.1944253644916,80.98660555417443,20.65566881674198,14.866818957272898
315.38217726895095,70.49198979621924,19.848505380478684,13.623292329328564
315.81655427168084,71.32078915245474,19.211549786690227,12.971901138021607
315.504445770726,71.05805012579371,19.728490576677757,12.395777264992219
315.82061345174645,62.840721990282354,19.53995234714648,12.9719011380216
314.6848508382135,62.12806714211073,18.155938195607632,13.551171261939011
315.97747731142937,62.71884514742816,18.94630059045693,14.79615855635685
314.8461459370007,58.803927451977884,20.601432637592666,13.792484562456124
315.03972787918303,59.55105281457131,19.303022308849336,12.126257604277157
315.19205774375024,59.67231796521722,19.14216310271496,12.160903618195363
314.441319995732,57.6874738339844,19.950455547716786,13.382404338591911
315.3054738087211,57.865834617598125,19.126164398647234,12.775680125658909
315.19556893019956,57.71291010365559,18.860660704145573,12.667607935620168
315.00537005242984,57.63021902838052,19.44443575714797,12.509706920682618
314.8697133231289,57.6791458358374,19.62205298726053,13.054001778135671
315.2601670825312,57.801592722440375,18.751438058543783,12.70589245496953
315.1675144495399,57.70372600836411,18.97674123928283,12.850391705341117
315.245065404186,57.65704439514319,18.684335696386256,13.116156184218141
315.73918431086236,57.952377035560545,18.546504309270006,12.808359329606375
316.71850153431717,57.35158867120522,17.836910869419683,12.31596226698025
316.07698279680613,57.06151809242836,18.964604707846433,13.406745162593907
316.4517884745154,57.47868364157604,18.374720488178752,12.96419093716625
317.6231644320272,57.823390550254985,19.13431034281598,12.685496213973352
317.564792423961,56.60679974898634,19.828678042735135,13.727546337278191
317.38448751092733,57.336935740868675,19.198463582428815,12.555006976192438
317.83320809474213,57.38027972476541,18.931810341371488,11.44570233056772
318.74975388390413,57.5056071625468,19.376448219535575,12.169769232620588
318.71745441953834,58.0312410305944,19.48817433803731,12.075208501319764
318.76929808030667,57.81889484604696,18.603183340871738,12.626256966294477
320.8872573344371,57.60101082418498,18.965247866348022,11.740391536310696
320.58661821490483,57.329649047107694,19.648867420139766,12.836509374761775
321.2060289460158,57.85968748411474,18.6843356963862,11.755045636799288
322.62811931071036,57.96594186612971,18.47264402566367,12.068794096766936
322.0823816711462,57.71441655466898,18.55474466577772,11.822492176424753
322.8175604010634,58.02039113275341,18.453760181507278,11.505583271061234
323.5551891002535,56.81962670717743,19.283934140462236,12.638058532732295
323.67196368440597,55.35819999067482,18.638957542933326,13.582644592456717
323.90273923016986,56.79027365246678,17.71652212548844,11.88871879473568
325.4994898943241,56.67746267185076,17.726769312175236,11.527523396645734
324.9843115179964,57.29856354356657,17.405335704180857,11.329888335740392
325.1228040379241,57.09756753862254,17.521835562901515,11.629990271282594
326.4340523035298,56.18601285524636,18.016697467287486,11.829831544558559
326.39359734134035,56.10197584606877,17.632568455198907,11.816914298045589
326.6904899773809,56.33941718493114,18.808073018878815,11.878782959291904
327.3988149635699,55.7097577993781,18.6843356963862,11.260096346828782
327.38256763711445,55.47635362215778,16.287124370723063,11.281448532014586
326.6171025255489,55.008337288288885,18.676933233196223,11.972393098202716
327.91390167379785,54.01220360455356,17.487436344294963,11.986693456652873
327.7662337611331,54.506898471315274,17.70664438468515,11.72971801010788
328.4158915925643,54.538829715722954,17.57306900021996,11.629990271282594
328.23813649788605,54.234850502628206,18.24135542729306,12.611307455906314
328.7404120929188,53.323307028147376,18.75260650023614,12.700968545976686
328.9981309770603,53.36104247838945,17.487436344294963,12.80769985779348
328.53467112940183,53.19653382447489,19.33296128123402,12.888640854156002
328.93664101991396,52.947628915943156,18.379048601825104,12.999814864705556
329.46532709597756,52.68041301787431,18.676933233196223,13.049908477040965
328.7442422822154,53.01421551280797,18.016153508437583,12.273504577623108
328.6279455504965,53.119132378213095,17.815838904751217,11.658290896196633
329.2457314377505,52.58828778030068,18.08468500489988,13.393544909643886
328.6676408467636,52.24209499353699,18.144241465207415,12.9719011380216
329.0205896332148,55.715046686699004,18.229625442460645,13.746930661527706
329.4037064092123,55.807927673541435,17.323235064066807,12.807699857793487
329.00261826783293,56.57436840791014,19.457851707032376,12.47929729733724
328.1071831973988,62.69456132798702,20.48004873349396,13.803733287332918
329.54499653673383,62.626160646961225,17.00274487358797,14.356622327036192
329.1617676197995,63.87486220818617,19.029562143287194,13.849918009611386
328.55012766314957,75.57939380852606,19.497056253369976,11.814057848576667
328.72823931301264,75.86354716825886,19.878573679549106,11.937390895193147
328.93075164264826,75.66829873143273,19.18819199589086,11.89127391294646
328.41075176467047,87.25156313985038,18.83546036499297,11.842096368089656
328.5595072756253,87.34969102866296,19.14765328118051,11.804791747663586
327.3982720745276,87.61660849689376,20.097414934516053,11.505583271061226
328.14065045197503,98.0848968659768,18.936387716490742,11.599776768740398
328.22086153880696,97.8121638490732,18.76585963245259,11.548221312278514
328.04473856644216,97.32441301273198,18.94630059045693,12.811308018308978
328.0712304571344,97.50447414397925,19.550496953834624,12.497469571755033
328.739674340577,102.8852138939569,19.25506220480719,11.795473941443632
328.5806350368664,101.57564335301721,19.855559291436577,12.685496213973352
328.28940581292625,101.27387929030277,19.53124806360563,13.483501201270897
329.3376298485272,102.73452126866944,20.032556187830835,12.47929729733724
329.59876098177966,102.66261971250947,19.874172543016527,13.528804200969063
330.30854106191083,102.75315299877059,19.126741548461325,12.3602056232981
330.99435877830757,103.16348591514567,19.198463582428815,12.780208895047906
331.24122751303537,104.43927579870353,17.982936498767344,11.73245714591944
331.1433910829335,104.12227374789653,18.684335696386256,11.507570991814035
330.54350867174395,102.82030511694981,20.689361308743344,13.218203058363784
331.33800598310563,103.6241320601336,20.046575603644328,11.548570728186405
330.6278445799577,103.38657012563397,20.973476162499765,11.693176975552973
330.99440093998743,102.80781714097965,21.315829104950296,12.69035407178437
330.8841418074311,103.0394226590188,21.280099272682946,12.84964460874464
330.7807672164257,103.16561351019524,21.466810236420258,12.757125892287945
330.1137969178527,102.4343056536023,22.741877311594862,13.710806899048151
329.811965423446,103.6396194272663,22.045186377572804,11.852665880761563
330.3422357449995,103.56081964829447,22.910260720888346,11.879394447868023
329.1211011686995,102.76708515383078,23.311213979883576,12.091091207148423
328.98599550765704,103.24278710791205,23.98400435810754,11.766800260198295
328.59499708572724,102.80579777215604,24.659610114673967,12.32980505733697
327.83204290508996,102.89885675011558,24.336906709223626,11.282627248337391
327.87912124778086,103.67715959542927,24.490708675532346,10.865992584776421
327.9328469321078,103.16493031903134,24.611488615690803,11.625868931721342
327.9166401510275,102.8302886896625,24.269308851585322,12.721087539306808
326.93892263336517,102.21088005735774,23.8194345798301,12.311863588016095
326.8816508048324,102.64222940046571,23.809185633077618,11.494089615968505
326.6143271387526,102.43738069422423,23.998647414578784,11.818882749285052
325.1027597357864,102.7109253426347,24.055487553419823,12.397196657223176
324.86318281951975,102.87141086967429,24.505398135766768,11.80442958979009
324.68321764977077,103.1843720747296,24.407526002853558,13.461532447256289
323.39520647119906,102.29972315738821,24.84821709943634,13.013293078880082
323.93069599773804,102.8408876664293,24.06758831479152,11.761844006946149
323.74861974054534,102.70046683690428,23.891286273191668,11.904592816538809
323.4700682435109,103.87493881228707,22.313264675878315,12.52894148965973
324.93514919924826,103.10686017435822,20.09615504169159,11.999862363024462
324.6611177268851,102.6231139226225,19.86835490760268,14.778115220530935
322.9066380333729,104.81199740401371,21.13606340819024,10.35013414318594
322.7598288014288,105.0028230938544,21.01776386919954,10.344680654371658
322.7734712436487,105.01349273619684,21.280099272682946,9.58624280334918
321.5498732200482,105.83382439036788,21.01776386919954,9.687875533459177
322.2185069065826,105.5442242992135,19.868354907602736,10.673083214827898
322.0873324753898,106.16204455992305,20.107314905051396,8.2285319457595
321.84703414077967,105.93953823393537,18.436861051400967,9.960854460656236
321.479290084232,106.03864197570442,19.275587558011694,9.114812721230322
321.8044256411703,105.84323708973946,18.290337122677897,9.017084968042894
321.08945936588634,106.67536788300048,17.856389405426512,8.392036796284003
320.84519783280075,106.05351864249106,18.031819831683208,7.992827939575889
320.99662134560515,107.19739534766268,17.672054312722594,7.342861533516924
320.65529373432474,106.90909868651379,18.33881528782325,8.455159048491154
320.1155747818908,107.16438323645981,19.307182506465665,10.10469364824371
320.6076203244096,107.21711502938945,19.347439100225984,10.473801618167442
319.76502894318355,107.03208303643915,19.9203485204348,8.90636742722512
320.11992906169417,107.72201010206379,18.353956386720768,8.445071957080117
319.755419719961,107.13133616563869,19.93762682318976,10.56803170409512
319.34787269451584,107.46934578039549,20.621825366649603,13.186071027713453
322.7779662009321,108.14620030462041,19.750769431251797,13.210121534460058
321.80795301302607,105.88471136307612,20.812686142468692,19.859433342050295
322.1534858412319,107.18812540986585,19.80053714727387,16.467047003927263
334.32804123084685,106.90172321736118,20.84437256225658,17.3281618401101
335.8298535067909,107.56182937429236,19.917272929990702,15.518630395822584
334.5235423980129,106.66031847918889,20.07415875141237,16.420141290926054
362.8545087278768,108.43226993475197,17.605261387065752,14.64818983536297
362.6968220403519,107.96111549165505,19.30445759510104,15.387611126529805
362.568393635527,108.23446622153554,18.194446335916325,13.182802435005243
400.3449147441217,108.70044330409064,13.546605618820024,10.508881934599785
397.5153007142738,106.86590676856176,19.275552888106347,14.007699924897182
401.14942528735634,108.13793103448276,17.241379310344826,12.643678160919535
440.9334880127034,112.46013962227195,15.763799198544632,10.608342856882246
441.1316634380681,112.10821758055755,15.02441714087314,9.19527169277481
440.56060742747184,111.47180784815873,14.889270737116817,8.566429739163098
472.57894602512835,113.11664073043353,15.36722563380141,11.203203203997148
471.79641633111936,117.54781437194156,14.726043510789339,9.458190547580145
471.8390804597701,116.18390804597698,18.965517241379303,9.77011494252875
470.6896551724138,115.60919540229884,17.204625648326157,10.084636749783442
488.7806890683677,118.39314750751657,18.198037509268147,10.535705926418387
488.9649636365496,117.83456644120537,18.216658527001016,9.2529059184767
490.76690327820234,119.60991999891165,14.965491372753377,6.943987996957574
500.9127888870383,123.18894174858174,19.382806941841125,12.710037338912187
501.7035876895846,123.56255164360356,18.80182853538173,13.046166738836277
501.510606680643,123.62573545647982,18.79665716417827,12.571012753112853
518.5285719136883,125.8822874002415,19.993896473998575,15.32466316569949
517.8303909753295,127.17745309333519,20.482370725462715,13.945443898187378
517.2814141539257,126.76950096587206,21.050363125342187,13.682736031472388
538.9909482811953,129.9989769317585,20.95060946195872,13.443307738090141
539.3499003540596,131.08702978036956,19.87328019546942,11.430871691379025
538.5322768260644,130.33253288848562,20.389828254491704,12.17976466529376
559.1976327265547,133.14543241355221,19.185542112792064,13.07146825267148
558.4260482303607,133.40661205966643,16.192585357334224,9.108329263500508
558.4015704442696,133.46482360110028,18.801828535381674,14.581009884581704
578.5376838118448,133.72467548617885,20.8721831776528,13.282298385779114
577.2509810809827,134.53359150317664,21.252768281501176,13.011898947857844
577.5868822726045,135.3084389503193,20.95060946195872,11.173658379711298
0,0,0,0
0,0,0,0
0,0,0,0
0,0,0,0
0,0,0,0
0,0,0,0
0,0,0,0
0,0,0,0
0,0,0,0
0,0,0,0
581.3734108990869,137.97326762488962,14.827613928782512,15.059295396419742
582.8104014345394,138.55927259720548,14.457665497619814,14.602242152596034
580.3752008638685,138.12041844494942,16.459700562533158,15.365513015383158
542.1001834247436,140.78033517263685,19.95296089469082,10.935757413436278
541.8305808397607,139.86380573334378,19.39637224589967,12.228147720241054
542.6509466973602,140.34178590839522,18.738100934119075,11.104059812811329
506.5837859359697,136.39624211151929,18.03440696250891,13.813588311708997
506.2974569606241,137.09155065246182,18.945326812807934,12.103958797071726
507.45294328902884,136.75281384170836,17.419368688264683,13.013293078880082
480.1574103348126,135.23779335854545,17.794052274477053,16.04642214037665
481.54103405984193,136.51490582808708,18.287502965141016,14.735254187739514
480.80930918456227,133.14485532756578,19.076891582341318,16.44559619167356
465.8768286024305,136.5061329815502,20.018308808786685,13.981041072803407
465.2844496781497,135.7617478268741,18.41234389682552,15.797573165915367
466.85602235629693,136.32289819621718,19.185539321818055,14.772865277799895
458.7849926656675,137.8267628262943,19.185539321818055,14.19729909814535
459.54322568315183,138.37821912161982,19.084118456858164,12.867322292881653
459.37033149165165,139.4807231100272,19.09188393407362,12.558216987746192
456.3234045935991,139.97656410090093,19.993896473998575,12.930184546058939
456.55964109588547,139.71676018349618,19.758284901476543,12.630867060304638
456.7592853987347,139.86054625848996,19.33296128123402,12.59121068059855
456.2904919965045,140.41070750959645,19.155828957124356,11.613221305256644
455.88663057002617,139.27028684770204,18.883147226233973,12.068794096766936
455.6586895864244,138.63438163097607,20.022703354833823,12.476833806930046
456.04382840137566,138.69677379061395,18.37499239015466,12.992418861725525
455.74786854460393,138.7372774991955,18.931810341371488,13.487368151696018
453.3154383198429,137.8375920773612,20.918798355808747,12.893347414272057
454.45369970912685,138.17225671608807,18.696572843411502,12.03379415739576
453.04143795707193,138.5073269383059,19.603150660474853,12.893347414272057
454.17971123095265,138.70221679689845,18.82731807991837,12.551545386612247
453.9463546634662,138.9768597141258,18.226342105321464,12.232995376995063
452.41944512773375,138.79023039428446,18.630241457734655,11.875417069550167
452.2604777914693,137.84240712513036,18.916381095160318,13.289356339005025
452.96343033482924,138.4206768877902,19.814531324559482,11.469116954921475
451.98842736472943,138.11361467449458,18.36123518197718,13.445628912786447
450.3858318971308,138.74783033899598,21.313492664408898,13.682736031472388
451.6855027235595,138.73699786787245,20.851332087350386,11.352391914224114
451.8159958206075,140.01240763097138,17.635176807740663,12.392286405439393
451.5750111052935,140.0672469603329,18.0783135782861,13.528804200969063
452.2621283359608,139.4778803678861,18.39054338554962,11.986693456652887
449.96885440387894,141.6408382817941,19.72953484597724,12.987784245341828
449.96977111112835,141.18263275620808,19.75444861203448,12.571012753112853
449.9615315886939,142.18225649524263,18.630241457734655,11.766468289095599
445.91383916679473,143.8885138118681,18.47264402566367,10.590982574713848
446.1343450591126,143.391831878758,19.610780481825998,10.894878045458881
445.4438842759003,143.71749323296643,19.668064422474345,10.28513460624805
445.27428023403166,143.03540189616197,19.62205298726053,10.344680654371672
437.23228072363327,144.5294611562418,20.591319505917284,12.09331463045936
436.92922428861556,143.42223644738453,21.591646528160368,12.476833806930046
437.5901344047722,144.72972901611595,20.38982825449176,10.01447316924154
427.9566262908422,144.53940074153797,19.275587558011694,11.729718010107888
427.68262704905277,145.46482065892104,19.64914545642273,12.85039170534111
427.544038381819,142.44342493478726,19.728490576677757,16.935075981749918
415.76963221456145,145.17348778424105,19.229561813889802,14.595932461145281
416.1676123378335,145.13489511957042,17.60779154042922,15.522658331694174
415.55697283008067,144.73477267181232,18.801828535381674,14.00544370492716
401.0511596245795,145.44133456758135,18.73810093411913,15.168938851429772
401.255744981167,145.61656745966562,18.81376204327455,15.787772344006612
400.7520630818023,145.68775612873839,19.208456351874702,14.603689418206102
385.4050388255058,145.36483029507812,19.392882920916804,14.708085361369484
385.17006601135904,144.68598136007304,19.134674498862353,16.854376501588632
383.91339339425735,144.57458852635463,21.385979504593763,17.821649587161488
370.78089261483706,143.55700221269842,19.03013692794582,18.85554851576279
370.63377646786444,144.41693421152763,18.34222158036158,17.498901047931184
370.937036475891,143.77529906570643,19.866280199541677,16.84029050027371
359.9310794993548,143.72920680807675,18.747305074895507,14.298792006276216
360.9443960569478,142.0928668536084,16.58589915738395,16.41131074520095
360.62232667519476,142.5284882220871,16.12441950727913,15.470726824551605
351.1427271563532,143.830271582091,14.313088842643651,12.57816898292927
352.1395027891968,143.91796652564125,13.288041722872208,12.103958797071726
350.58132615150095,142.98769381988075,14.602242152596034,13.445628912786447
350.47266855528926,143.815835098938,15.156576064236276,13.621732918490807
339.6692454685775,142.17006792425244,14.778115220530935,9.76997617357324
339.68181139419227,141.06718593376124,15.923282820609586,13.169632408022977
338.24047717250966,140.57205153211885,19.340021121408085,15.787772344006612
326.0421783685203,139.55054281229792,13.879358877715049,14.891395462548417
323.9512873981768,139.8744560667696,15.862942589730494,14.375791721943244
323.9127275587858,139.0381517515662,17.62967911747404,14.735254187739486
316.51967233134246,139.33668518565543,12.492067289412716,14.772365286686494
315.05174469556016,140.71542825120682,14.490187800460319,13.182802435005243
315.0232837118647,136.14086548046546,16.364173073849486,17.635176807740663
310.0120468714302,134.57564932411532,16.05090188307338,17.892808656540808
309.5522155851807,134.10064308855,13.298661183434433,18.229625442460645
310.2303436389107,137.62812974901564,13.89395376633513,15.698363346378613
307.19121691581745,135.60296281206345,13.803733287332932,13.442851371324224
306.9735773493449,136.7000898998386,15.085215303735424,11.732945236238663
307.6012367818506,136.15900060040292,13.223949603752203,12.252699067883384
306.5349886815351,135.56178127597093,12.889800497907515,14.44971266007471
307.15401496103,135.44841626716422,12.420160971823123,13.509648776369005
307.45369432020925,134.9242469724673,12.310088901223821,15.387611126529805
306.1429368040608,133.33330922433942,11.806487454025842,13.493128518886692
305.1592082859694,132.91463940252754,13.34553920585779,14.616542939749024
306.88535915522834,133.67322390785876,12.52910975227769,12.964904874096078
306.0488988950511,131.8234799733121,13.493128518886692,12.860638119563873
305.6459364025512,132.17252508379087,11.875417069550167,12.311212191368526
304.62826458781154,131.5230403054232,13.623292329328592,14.43527664034815
305.8960073731488,132.2911421680093,11.798063551112023,11.798063551112023
307.0600269317668,129.9506663568508,10.785929265004313,12.964904874096078
304.3407218159413,130.2782922950399,13.618597556823602,13.836495117732767
305.56076749011277,131.06858822354613,12.095493724669495,11.302346595182968
305.2840499276479,129.96895930258438,11.88048822866375,10.766692457226526
305.7586836130787,129.1706737478743,11.798063551112023,12.1946371158553
304.5440618127784,129.41931038501434,13.149238024069973,13.149238024069973
305.51383009249025,127.51974815755607,12.492067289412716,13.186071027713453
306.00196609186105,128.05739991208364,11.411988975854456,12.971901138021593
305.24388222035867,128.12188059901243,12.237756770232977,11.353918781271716
306.07612741085865,126.48593050673591,10.759021836869351,12.70589245496953
304.75292716749266,126.14617853567115,13.400699995914408,14.925982922278664
305.17511379885883,126.07539635725477,12.681300047718025,13.287391594116329
306.0712354277945,124.76759050902746,11.329888335740407,13.218203058363798
304.9783368684808,124.7822558145629,13.967072974639109,15.538368684285999
305.0274092446166,123.3517380265134,13.238939693319935,16.294079622547656
306.3619871442131,125.40095189848104,12.202263410913929,13.94544389818735
305.5841044867666,124.76503890860789,12.700968545976707,13.597507502163268
305.14300079413107,123.91429048851043,13.981041072803407,14.139916539539826
305.7174865534461,125.06052506756652,12.855956093641453,12.964904874096078
305.7535075676316,124.81026945135517,13.461532447256275,12.985619683969446
306.22623173991536,124.5316239796028,13.464504978705975,13.46450497870596
305.5180452424282,124.91653596573927,13.352630892322054,12.089544186291576
306.37410797566685,124.54734297921097,12.479297297337212,13.300303698477833
305.64887837660893,124.52102548958358,12.498653105671906,13.682736031472402
306.1384441622138,124.38658287862366,13.301828868929363,13.53307185032638
306.64780186424065,125.2267521450158,12.643498577565367,14.367612019960646
306.5883341401808,125.17081281437163,12.577694458295014,13.597507522481095
306.53902390056663,124.88604200644532,12.603425580332669,12.75712589228796
308.101461346786,125.97900043987514,12.551545386612247,11.87914116947232
308.03112821378977,125.73634267755543,13.30030369847782,14.121310099618455
308.2867582263524,125.652940916626,13.081969455315516,13.172189934317686
306.6975493834754,126.14285515673821,13.7469306615277,13.149238024069987
306.98270264509983,126.27777177084049,12.747007313186884,13.291751215459826
307.1252052082981,126.18757844539498,13.013293078880054,13.218226828153789
307.4600681983877,126.94201659570382,12.630867060304638,13.352630892322026
306.68615908322244,126.6554522698367,13.384357810085078,13.285214418899272
307.65069876654945,127.27201214550584,12.867322292881681,12.144439018000668
307.9048549915674,127.07431878254411,12.327410647565614,12.775680125658909
307.42984426464085,127.09298708188425,12.964904874096078,13.073853654550646
307.31045830509817,127.17362290818815,12.700968545976707,12.402122227247816
308.78801068965663,127.54191825934478,12.331564891148787,14.366871717843253
308.459990053198,128.33271940633273,12.992418861725525,13.42549949044971
307.7254230792537,127.24209341943876,13.464504978705975,16.091725462355924
307.6949461107766,126.2342587967412,13.780931374828356,19.729534845977284
309.1205036140865,127.04229292062544,11.55788139410896,14.073420285767924
308.66825108039177,127.48617311794055,12.54064658130244,14.43527664034815
309.6446779972827,130.3797933464906,12.327410647565614,14.643469617714288
309.3917237802976,129.2905154594757,19.066036579553042,15.361778044097008
307.8870869502684,129.3135854443553,18.939541801882,16.192585357334195
309.3345775487603,129.611136419909,18.73919023818928,15.361778044097008
309.4001202948705,131.87143224813371,18.4190677346744,12.63021787520529
309.55602951298204,127.36301878353024,18.993683928599864,17.266985389636233
309.6425473347285,125.89983375190046,19.30445759510104,20.98310608163156
308.20943730463796,126.66764098268591,20.91223786078166,18.418117748945335
310.49245963137923,128.89578354193995,19.584232342856126,18.46513335183576
308.197210980902,128.71807008290438,18.226262355727158,17.842551569290777
310.63944159672354,132.4871822148817,16.626315322262826,12.144439018000668
310.00407896965703,131.81104277791823,18.44067076056166,14.177504939571605
309.38127662864946,130.68462288609274,19.487623464470005,14.43527664034815
309.8891243847806,129.59362827447836,18.437485371232185,16.521902475519738
308.6309750769972,131.1763654371699,18.682197273741167,16.84029050027371
308.2997490272884,129.8131718059562,20.91924231102041,15.91356647231197
311.16758989128175,129.76149224974506,17.104958531370414,15.25282926364244
311.2536119732088,131.36092508801207,14.886379035359028,13.984174245337272
310.47229217498375,131.21732614407907,15.393078035406461,14.60368941820613
310.34416844708414,130.96293826224704,16.881074268465852,16.043006751591633
311.97053546518293,131.59065683809357,13.464504978705975,12.39719665722319
311.8955898226008,132.499584894003,12.293780507041106,13.285214418899272
310.9428037638201,130.49334672949698,11.915660005230166,14.616542939749024
310.8143023282545,131.39511854030886,13.455814651614332,13.906218489325255
310.7095019556067,131.95066264534626,16.600568136400398,14.43527664034815
311.50983672845064,131.0760003824016,14.726043510789339,12.451288822130834
310.27124690959835,129.94184197666758,14.141407823380348,14.889270737116817
310.2583133763931,130.05090088627566,13.086927636527662,14.177504939571605
310.06525166765357,130.2225441916375,14.867604356760921,13.82164224120993
310.3486379449755,129.00595969443208,13.869457672930707,14.753295661891997
309.8075839067395,128.17877483311824,13.984174245337272,14.52549711935032
309.03360679609364,129.09805006282244,14.313088842643651,12.722745637905462
311.2703783204186,127.78298012214233,11.909103228287222,12.991748976313346
310.7283934497854,127.77447487584153,13.546605618820024,13.218203058363784
311.4520609549767,128.12098005422462,17.240246061411938,12.571012753112853
309.7939541440685,125.53197838137658,17.322856092279608,15.143880483187843
309.9954942540444,124.93787562737228,17.44923684870355,13.483501201270883
310.574020570283,124.18764667867617,14.125618918209511,12.43897785334866
309.1092515752865,124.98773754106269,14.367612019960632,12.561397937451304
310.9140102138381,124.7081032022214,14.31624979900505,15.014603447737045
309.1821718917094,126.35693154699544,13.945443898187364,13.182802435005243
309.0603575097514,124.93806293167812,13.869457672930707,13.461532447256289
310.22442796307973,125.09110558900159,13.186071027713467,12.987784245341828
309.48783372896577,124.62119848203238,13.887975993915177,14.247147786861234
308.8355660986249,125.1732669431943,13.282298385779086,10.752336788487838
308.1655993820924,124.00813217657722,14.197299098145379,14.389154491363541
308.9438265239795,124.42383143412158,16.02309011617797,13.282298385779086
308.2032914541604,124.31738060988008,13.648528131951082,12.092117029184749
309.07789074932253,124.13174837300292,13.528804200969091,12.451288822130834
309.42272449003497,124.13324604377365,12.630867060304638,12.45042610230027
308.61314314950846,124.09551670375392,12.638058532732316,11.875417069550181
308.55947937349134,123.5095874574994,12.991748976313318,13.262410413319856
308.7058143756992,123.36626691315996,12.991748976313318,13.262410413319856
308.59329246464506,123.66040442036683,12.690736684094873,12.81046061507692
308.7966806772238,124.15641191678083,11.984365850004792,11.984365850004764
309.5197958569427,123.68897788464756,11.511323593090822,12.278745165963556
308.20538361012444,123.72223301788358,13.289356339004996,12.81046061507692
308.23388148847147,122.85971760876697,13.509648776369033,12.855956093641481
309.39340166658917,123.33990943618886,11.348246791894269,11.522835204077268
308.5290671643747,123.48210583725384,11.879401219626004,11.26009594277349
307.4571335863099,121.25232978385166,13.419606492405649,12.761782644738688
308.50531913143357,121.57664370654538,11.89781908217094,11.761844006946149
308.50632899233517,122.04239602101973,11.766468289095599,11.221724386822643
308.37337244979125,120.71557935202836,12.103958797071755,12.103958797071726
308.3744380154906,120.16207162010073,11.798063551112023,12.78949746297019
308.34780575777313,120.51670024323056,11.99200217905377,12.048302658767625
307.9135908681772,119.25296919330223,11.44613494940478,12.10395879707174
308.3808800611053,118.81643901015522,11.373773443292578,14.007699924897167
308.16867209832014,117.37699403016393,13.617896150273111,13.79248456245611
308.43915761288736,117.74000513039402,11.37545551781841,11.682900261543239
309.01428495421123,117.53862727736924,10.552046626999925,13.429877525272616
308.1012756230647,115.16976200156817,12.66245595239991,15.348431457454424
308.43000250713106,115.9332518510736,11.993762012865602,13.289356339005025
308.2924254328645,115.45607350686899,11.693856469333753,13.461532447256303
308.7169464594948,115.4648129547113,11.732945236238663,13.76825206293313
307.73688943175625,114.57976499322814,13.710806899048123,11.411988975854456
307.8496148253006,114.00874334309773,11.732945236238663,13.76825206293313
307.2622648383625,115.55592567351441,11.984365850004792,14.381239020005708
307.9094490681052,115.71316780014762,12.068794096766908,12.72559921767943
307.814641845401,114.3851006469061,11.85266916722071,14.4865956488253
308.58822324027824,115.56364581144165,10.590982574713848,12.068794096766936
308.11700514566894,115.03511276372485,12.218805717807129,13.534024388821067
308.5396901471804,115.25210645599765,11.940651620538176,13.363630829203402
308.192519631319,114.7207100478267,12.103275908518981,14.045776980256576
308.4799937807313,114.27606501762668,11.411988975854456,13.710806899048151
307.5251729919923,115.35466914255056,12.315096017109113,12.725599217679417
307.33452730058855,115.41562404125676,13.382404338591925,12.232995376995063
306.9944576511707,114.90043246394411,12.9877842453418,13.186071027713453
306.8828223133546,114.39547190589525,12.710037338912173,14.457667473012606
306.29731948559146,115.02134881905431,12.476833806930017,12.3274106475656
307.21740531044276,116.12894044159681,10.56803170409512,11.330673167277226
306.06692865893797,114.8264699940671,12.327410647565614,13.223949603752189
305.9488620044424,115.29533698161458,13.419606492405592,12.893347414272057
306.4203336683785,114.66102668088979,11.657519508640974,12.747007313186884
306.0805829872221,115.83825168549171,11.99635033348369,12.59121068059855
306.32152670936534,115.3371121952803,11.569439653060329,12.806812877986573
305.5110237029368,115.32822730547963,12.293780507041106,11.599776768740412
306.94379837333145,115.29762365850249,11.330673167277212,12.638058532732302
305.22670387575556,115.23045142868011,12.78949746297019,13.086927636527633
306.0125360060712,115.66772540095658,12.095493724669495,12.59121068059855
305.70335483901016,115.33263568215953,11.728662270282882,13.803733287332918
306.10894569075924,115.52294132342374,12.855956093641453,13.509648776369005
304.4875526441444,113.44823993754187,12.860638119563873,15.601429849962727
306.2665467998963,115.65517455705852,11.421555743119654,12.28901567297686
305.67263210833266,115.53830330516018,11.74039153631071,13.382404338591897
305.7816398779396,115.43599665821617,12.451288822130834,14.127423855879215
305.00256597041505,115.66454120993528,13.984174245337272,13.803733287332918
304.9937867526972,115.74545471262289,12.710037338912173,14.139916539539826
305.8070778575023,114.71373631177882,12.9877842453418,15.268082242615591
305.2626091811095,114.96693780576899,13.689504421796414,14.726043510789339
305.8681077413258,116.05443124752736,12.3602056232981,12.45042610230027
305.4990251707946,115.97577177823048,14.4865956488253,13.049908477040972
305.52913187522626,116.34874202325848,12.985619683969446,13.937445210543117
305.6825552836621,116.65633665725093,13.618597556823602,13.073853654550646
305.79137682055534,116.30672826101377,12.85039170534111,12.700968545976679
304.66197814368485,116.6549663028388,13.780931374828356,12.293780507041106
306.0952011216137,116.74738014761255,12.991748976313318,13.442851371324224
305.4355890586651,116.2348446713928,12.591210680598579,13.483501201270911
305.9645580316846,116.69630216409594,12.150894736881014,12.150894736881
305.53106236844087,116.5510434274594,13.533071850326394,13.262410413319856
305.84815277699374,115.99190415176568,13.182802435005215,13.945443898187364
305.4863965698815,116.4664063559919,12.561397937451318,12.807699857793494
306.1025475134987,116.2037964967303,12.09331463045936,13.07385365455066
304.7373399717034,116.44631377845636,14.840015035554075,13.967072974639109
305.4322202338162,116.24450259029706,12.722745637905462,14.457665497619843
305.4332240713241,117.05631493668467,13.409080269987044,13.169632408022991
304.9428464327568,116.09467870446039,14.845767441771386,15.32466316569949
306.04427881854497,116.66019926642427,13.182802435005215,14.817034141824067
305.6632021605884,117.16486816213333,13.400699995914408,14.05439267864196
305.6128224112118,118.53082409832821,14.203410739732533,13.957108819390342
305.4601989048619,119.1618211620079,13.533071850326394,13.262410413319856
305.65254362850305,117.56586522476987,14.285511379846582,14.860215860644999
304.9429323790663,118.97534889314177,14.665426623371047,14.84001503555406
306.63633734391766,118.96231314164041,12.420160971823123,14.05439267864196
305.79312497499893,120.5504721003183,13.647402790196281,13.634692515810173
305.89030608692946,121.77576471964973,12.985619683969446,12.71366953351982
305.3280430471683,120.83017002838095,13.289356339004996,13.28935633900501
306.8003943526054,122.27540242076681,11.74039153631071,11.49408961596852
305.4341186821452,122.21659440917627,14.077430340072567,12.235523566605124
306.8257604778096,123.5201146757332,13.011898947857844,11.710709053072065
306.3943253793732,121.98580551661392,12.700968545976707,13.522795922481052
306.5740886013684,123.91421874038676,12.002520281784541,12.683075555493957
306.0290612719585,123.9845847276145,12.77568012565888,12.85039170534111
305.92076592668764,123.7115500642103,13.425499490449681,14.539135392883324
307.3087089971884,124.94408961466117,11.988624332511563,14.550296198432832
307.1396530535986,125.26764466241208,11.965806619783393,13.665495060093505
307.3178147771388,125.49343533393399,11.445702330567713,13.239893506710771
307.87262895019643,126.38360125881046,12.048302658767625,12.498706496478562
307.0216617996284,126.51638154203414,13.981041072803407,13.34553920585779
308.0311169053836,126.78593503675752,12.693207438549678,11.428041723322721
305.17241379310343,127.10344827586206,18.547640753556095,11.199317941599958
304.79396872776493,125.71375480169937,17.045111732005182,15.18279692243857
302.64637205101747,126.0530466865815,18.043283121396314,13.694079750200103
306.0916248727758,127.42186869621813,18.5632628572871,12.251753485809502
306.24418268608815,127.70542302732785,12.638058532732316,13.400699995914422
304.1760798460915,126.8443289654968,16.681065669880297,15.986021266968635
306.7852883368796,126.93582688613193,12.649807986456267,15.390599716855121
305.538541045854,127.61564074691901,15.754339799331433,13.437525122959158
305.19900136943096,126.90823598973088,13.621732918490807,12.66245595239991
307.99567709782775,129.38730861964416,14.527611076256107,12.162651133609785
306.57903755803676,129.58959492635418,14.490187800460319,10.13223658227676
306.1958794641248,127.19538051277605,17.60779154042922,18.071154475703693
306.26601114913274,129.61237579592077,15.947160622039974,13.708962639999271
306.55282835555556,129.1311977931324,14.116887865673732,14.807021677240016
306.01689706266933,127.97718943139108,14.490187800460319,16.560214629097487
307.95943392147865,130.4221693422068,11.500633377554607,12.987784245341828
307.60138248403405,131.08469987256333,12.451288822130834,13.169632408022977
307.1963572671513,128.9606219632643,13.50441467259418,14.934293873221833
306.1594406681687,130.0514987016565,13.703958651994299,15.601429849962727
307.2493438646857,129.83466233032652,14.039482332233604,14.676469826770074
306.1792491306277,130.85595579721704,14.457665497619814,13.590205567762638
307.1912166670184,131.36800892375075,12.202263410913929,12.964904874096078
306.7587345937529,129.94052107654772,11.613221305256616,14.247147786861234
306.03595014528145,129.44188273665574,11.915660005230166,12.710037338912201
306.9605651959565,130.01317077416175,12.93018454605891,14.726043510789339
306.5072329416574,129.23858715037156,10.552046626999925,12.278745165963556
306.5339112554634,129.76322639769114,11.829831544558544,13.597507522481095
304.165135554933,127.33326006478693,13.663290139330627,15.569795740167436
307.1965620474599,128.49719589869366,10.350134143185926,14.708085361369484
304.68896061858777,128.17434277568563,13.011898947857844,13.301052257810255
303.91629825897087,128.31934555377944,12.722745637905462,16.481738667286606
304.734871891159,126.6991569894843,12.278745165963528,17.266985389636233
304.08447298548595,126.86059429126826,12.571012753112825,15.683834958645548
302.9268731805822,128.19840502630151,12.964904874096078,14.925982922278678
303.55939409926754,125.7404271435205,11.895034379527203,15.540286850672615
301.1184530299066,127.91860889759123,13.623292329328592,12.540646581302454
301.334672226008,125.54911388360938,13.981041072803407,13.822165606067017
300.86146326657655,126.89251715930438,13.081969455315516,11.45800083327633
300.4595369192998,127.409623552818,13.054001778135671,12.315096017109113
300.2512541214933,126.55345870462553,12.278745165963528,11.703178986308998
299.5877569206157,127.67806418479422,13.238022132054425,10.168335840563557
299.20407321607513,127.60904675799057,13.34553920585779,10.48578080460257
298.22578999071527,126.3746372123157,14.616542939749024,10.168029871129747
298.71413181691275,127.65547618047664,12.81046061507692,9.09901875463406
296.83486927249146,126.16032636346256,14.077430340072567,12.235523566605139
297.11961833130795,126.13832679028343,13.945865570539183,12.498653105671906
296.82234937828963,126.08729943299309,14.419334878667655,10.086063257099141
297.13204368746335,118.77369692842001,11.44613494940478,9.341098636870584
296.56533771745666,119.17288479246898,13.663290139330627,11.756784538493775
297.08509729443193,119.92099965101117,11.85266916722071,9.577914478562164
293.228966465143,96.51716192009046,21.576622203475722,13.156476953338839
293.5492845252176,95.50996809734742,21.765938942887146,16.364173073849443
294.62708304221576,96.94605671480105,20.177184275523132,15.410920273431032
293.174968844169,96.97250419920287,22.719191743305544,15.887546673640244
292.8212152834881,67.79090953172715,23.79006875905435,12.854311345618086
294.184825633312,68.19500795683095,22.747546886585155,12.331564891148801
293.4746352182831,68.63778578724452,22.508099024621117,11.972393098202716
293.9648838189412,41.65080655259452,21.562694481520055,11.818882749285045
293.6405513300886,41.1056235248047,21.833355918526593,11.728662270282868
