221.26267102651337,257.9104701452813,11.446134949404808,5.394155550868902
220.2450016182485,257.95131992116234,12.17976466529376,5.052346824121855
219.9371096624858,258.18628935334823,12.611307455906314,5.123343653961911
220.09236777326157,257.88121296171323,13.053607221581842,5.778940697054452
220.07882064962578,258.013773278628,12.667607935620168,5.5737474916728615
219.6281198149782,258.3276736785157,12.3602056232981,6.134992572147951
219.98657645639503,258.6749987765237,11.852669167220682,5.5073008251732745
220.13045802282318,258.5479716855235,11.732945236238663,5.746748687137313
220.8356505348709,258.6758747116506,12.39292389822694,5.452886515219859
220.79477308467702,258.8662749411704,12.386105537050838,5.123343653961911
220.98639856455299,258.56910925446743,12.311863588016081,5.630048173414366
228.43656573894822,258.69978683442963,10.758467474239069,5.6033684761661675
227.78472706610552,258.8291428167732,11.401489986368773,5.849460079963137
228.4843205485207,258.8737172023923,10.641409734365652,5.382573528429134
230.104710698345,258.6040003046491,13.218203058363798,6.732252489352959
229.298801443524,258.6077105862389,14.25483568234381,7.037197362169707
229.34033980719707,258.1300788173739,14.285511379846582,5.911246088212351
240.47863662551987,259.2344229429813,12.311863588016081,5.320704867182826
240.09144829277136,259.32293357879155,12.509706920682618,5.371015471380019
240.53262907482255,259.3763364157636,12.232995376995063,5.500742887642048
245.98644037549855,257.98789563514396,11.613221305256616,7.303159789903646
246.41163136106655,259.76381240475905,11.44613494940478,4.473202164135216
246.1165882866579,258.799819353479,10.80353173807535,6.355018669456115
246.62924219506777,259.32593605131603,9.099018754634074,5.148129032227189
250.28186198447935,259.4856027477319,9.78721693837025,4.856252679344038
249.68172770046547,259.335584871407,10.676980484549716,4.902695120456485
250.9073276769751,259.51595989472054,9.260646338640043,4.140053657274393
250.97006900144177,259.02812053839335,9.112268379219785,5.503449219132733
249.88147656774157,259.20472065399514,10.375355085250249,5.503449219132733
249.876700561362,259.1097351950551,9.92425269023937,5.232787782126195
247.26883501600713,258.31393380181686,11.85266916722071,5.627024756155265
247.59104610443734,259.2400017682457,11.879141169472291,3.9597137231574493
247.1458253350648,258.54221494579866,11.285931243659292,4.691140095256003
248.22368003289833,257.83519017555733,9.218742685616093,4.549509377317008
247.1142422973092,257.5276321320372,11.30234659518294,6.047746862334748
247.17188644516133,257.53334267229656,9.914339021367567,4.684797559547292
244.9587771912351,256.17532541419183,10.410056074510607,4.957169559290776
244.36272292996367,255.90921433000693,11.657519508641002,5.120592681365679
244.5084825308419,255.6711365256837,11.203203203997134,5.452886515219831
242.79051955942168,254.5057832602002,14.599136580914887,6.319029266366158
244.9839234338633,254.35188622724456,12.331564891148787,6.824264065975569
244.21757759312896,254.2357367007209,13.384357810085078,6.642607209449636
244.07085102899447,253.28602987981074,13.509648776369033,6.427978046820755
244.37907696994515,253.5475783596155,13.400699995914437,6.8637731686391135
244.77464648984102,253.82065482138165,12.315096017109113,5.747044807984253
246.336169545947,252.40868757813618,11.80442958979009,6.275772693306152
247.4119797214006,252.813634590091,11.057313792967932,4.258560041886312
0,0,0,0
0,0,0,0
0,0,0,0
0,0,0,0
0,0,0,0
0,0,0,0
0,0,0,0
0,0,0,0
0,0,0,0
0,0,0,0
0,0,0,0
0,0,0,0
0,0,0,0
0,0,0,0
0,0,0,0
0,0,0,0
0,0,0,0
0,0,0,0
0,0,0,0
0,0,0,0
0,0,0,0
0,0,0,0
0,0,0,0
0,0,0,0
0,0,0,0
0,0,0,0
0,0,0,0
0,0,0,0
0,0,0,0
0,0,0,0
0,0,0,0
0,0,0,0
0,0,0,0
0,0,0,0
0,0,0,0
0,0,0,0
0,0,0,0
0,0,0,0
0,0,0,0
240.37597109314675,225.63534939441578,8.474603619496946,6.065800030871571
239.8012584494686,226.21006203809395,9.624028906853226,4.9163747435152345
240.36977408952282,225.53103864301252,9.319478771466663,5.65117329759147
236.98466995436897,224.71601118850808,10.806629639253885,4.560595994547498
238.2041027472517,224.73312465581816,7.487963801944375,3.99733405968459
237.84432743636188,224.8019168314779,8.094883096311236,4.815943107931986
233.80228980957278,222.36023047711504,10.349154338321938,5.123343731842539
234.09702486271811,222.50220031100613,10.246687307923878,5.123343653961939
233.96916659195733,222.27940478138942,9.908884429640665,5.123343653961939
232.1532060934191,221.33253539136558,9.994168029023598,5.1670528585428315
232.39129544190322,221.52560151029067,9.605774893345114,4.926038406843645
231.34111372140745,221.56525268483696,10.878006017984887,4.963090245705615
231.642481233873,221.37046323024526,10.40209325469803,5.1670528585428315
228.91178502760778,219.0438817940958,10.525181562671065,4.999461242268751
228.28394440842166,219.14787561757976,11.16568705551228,4.679736486501469
228.2236628364025,219.27805510130014,11.421906318884112,4.963090245705615
225.94196320539302,218.07624289077833,11.897819082170969,5.1670528585428315
226.48604648219572,218.08668595249833,11.445702330567713,5.011361560951286
225.41370111619227,218.24377695126955,12.435600910508725,4.94949289970495
223.2935548877733,216.99579031075888,11.879401219626033,4.672939816250988
222.62722719870132,216.93230343333414,12.232995376995063,4.679736486501469
223.5757894973959,216.94153958665487,10.528189706493208,4.27883645825392
222.62546149555126,216.78132322621056,11.083586415398202,5.0081390469576945
222.11063467847845,216.37090369942396,11.580294850743456,6.0516379542594905
222.5682865955293,216.29024502610397,11.505583271061226,5.902214794895059
219.5824168975387,214.67194759810258,10.742360750789999,5.5949795577031125
219.3105015053474,214.73428454762242,10.878006017984887,5.982903309891697
218.47073996214138,214.31020961188653,11.878782959291897,6.496209430862763
218.01185755585198,215.40333825875817,10.865992584776421,5.742648930814482
218.8932221391035,214.68703245384418,10.198130641860814,6.322840997953705
219.2963432830333,214.75755020893772,9.898985799409928,6.310603447123839
214.91540199310947,214.83420085092254,11.505583271061226,6.798753751081648
215.0324769480284,214.69887688215655,11.1499561684345,6.5947911484033455
214.79922876218146,214.93133287004818,12.002520281784541,6.991158720833255
215.09351302603858,214.44623606755636,10.606055867535247,5.031077783318011
217.38476354528711,214.19459224746188,8.546884685683779,5.5885587857571295
217.58315216627707,214.29164955797174,8.310575563946713,5.949226568001251
217.51994324543995,214.45531098829287,8.45636593174828,5.664944167870203
214.17070884186631,214.59601453276412,9.04234250244994,4.895102708093191
215.6642470881702,214.81939247806952,7.275148099216409,4.969643419887262
215.68111993352963,215.03932214863022,7.750579287814219,4.963090245705615
210.66706208943728,213.83752482071864,11.003826825913478,5.5563878031840375
210.8779492577461,214.86070222026805,10.190386828209995,5.067043174248084
210.77215480458125,214.2122526962084,10.755183854941947,5.747044807984253
211.77959508704083,214.45407380343826,9.92777964571826,6.406387720100241
212.7546563990102,214.6254384072452,8.55767291650784,5.967850849669958
211.64707616345214,214.58118331510082,9.450267728124373,6.1188783851164885
211.33965451449083,214.21140522555635,9.03282454196156,5.939391479645963
211.75500434757217,214.41046879256714,8.430454663938292,6.050890847504093
208.84121891524785,214.20716240348915,11.353918781271716,6.1188783851164885
208.3070650830862,215.58531929070048,11.316396422487344,6.41825468738088
207.7928203488881,215.35377338737752,11.580294850743456,6.5746190120349866
208.02609280484478,215.49483783318604,11.878782959291897,6.496209430862763
208.9556897799133,215.43628579740766,12.451288822130834,6.943987996957588
208.55538200324878,215.6130155056736,12.775680125658909,6.5746190120349866
208.15693723836267,215.52862584530726,12.971901138021593,6.56805120912486
211.9311083355051,215.64490188829788,10.332066428134112,6.248734785877502
211.53466342211678,215.87695180545825,10.833179053921299,6.2757726933061235
211.6800841056694,215.6936465035825,10.517672411873036,6.619946753355379
211.94668838219144,215.47930357654113,11.165687055512251,8.127963371292026
211.71548406513512,215.5756286569557,11.50757099181402,6.867421398340639
211.9782002522263,215.55157250617395,11.115719090505081,7.467047938659903
211.5791528218926,215.6006839957467,11.655606661505573,7.599455543301616
219.7917313001297,215.44835168264234,10.888884379350912,6.372472108370147
219.6071976101445,215.4475545739211,11.356160111696795,6.5746190120349866
219.89668740986247,215.73027747033598,11.329888335740378,6.403849928896733
227.04148118025492,216.42110288443973,10.806629639253885,5.353743124034025
226.6336699506868,216.17467532728628,10.9078906336035,5.603368476166196
226.78471862581793,216.23930309798055,10.945993555597283,4.895102708093191
244.3253479193114,216.22241408664053,10.90577303043969,5.65117329759147
244.69190596005552,216.74094039518096,10.606055867535247,5.235040396155227
244.95488245408546,216.48451844332817,10.350134143185926,6.319029266366158
255.84076763745927,217.2076667626748,11.16568705551228,5.2544409672998995
256.232620959444,217.04315684586237,11.097118917267665,5.503449219132733
256.4006849307426,217.29272621868932,11.006898438265466,5.142567303124025
269.74090249967435,216.79201453736235,10.673083214827898,5.91124608821238
269.01093126970363,217.34189753204018,10.894877719364445,6.225644411065417
268.911563195788,217.41728372786665,9.834032211237172,5.683890177137073
269.19959936182863,216.4073741821961,12.367088336138522,5.3941555508689305
271.53982935815696,217.08450653205878,9.57791447856215,5.387576894191227
269.6052605143979,217.27888983627514,11.897206942297828,5.056312950476581
268.0404346619827,216.51126454800573,10.916677959263268,4.871905866117487
0,0,0,0
0,0,0,0
265.4093040955398,216.71709751239138,14.077430340072567,4.999461242268751
265.823138428012,216.8173917538709,12.074535471966556,4.766264002092072
265.7174833786593,216.5654741286,12.3602056232981,5.503449219132733
266.1078738192655,216.822467591892,11.710709053072037,4.337299649285939
265.70860414409367,216.831604247923,11.840829258004987,5.262590781335547
265.95454378026903,216.81891217479915,12.331564891148787,4.429785446335018
265.6755250531148,216.6709701145985,10.39361679313771,4.999461242268751
263.18759887080785,216.79164351943726,11.756784538493775,5.242890402301271
263.40037081881496,216.45302761425387,9.571081551357452,4.672939816250988
264.0713186576875,216.1367903041167,10.775153788382454,5.746748687137313
259.932429166475,216.72486334568256,11.657519508640974,5.120592681365679
258.29497754444986,215.73196494606597,13.582644592456688,6.7417506006354415
259.81723944088793,216.24304248032726,10.697091145634829,6.193052768525405
258.12741209934853,216.00778456147955,12.451288822130834,7.0637119279396074
258.49536119911875,216.2802144108713,10.579541073119344,5.4444421896754704
258.1707057571244,216.47772337572206,12.103958797071755,6.578238476669412
254.68993040779202,214.92080014670458,13.445628912786447,8.096292678667112
253.88074620396947,216.3755954655056,11.277559875272004,5.864331135141441
253.8686418909863,216.8865193925322,11.221724386822672,5.665336583638606
251.86384631156255,217.25955290552014,11.314570179871396,6.051979398535877
250.79667860036366,217.70960195185728,13.05360722158187,5.303027933767623
251.51518337624535,217.56960704679804,12.52910975227772,6.319029266366158
247.4596692934162,217.15253272278636,11.500633377554607,6.246033644706358
248.59502563485938,217.07604205544612,14.970652069058133,6.642607209449636
249.31875158764777,217.33941894604183,11.02607599855915,5.74104082407311
245.20591355374023,218.02774848743397,12.643498577565367,5.418642247527998
245.6982771667795,217.87848026245018,12.002520281784513,5.75378549590701
245.41986440550076,218.05097182554042,11.577699718938192,5.525720320402314
244.99322524723428,218.0805519457737,12.08954418629159,5.774110656139271
243.3168888008856,218.4674904874578,11.13432558132854,5.866472618119332
243.91678857719958,218.5423405354543,10.69867246823867,6.505949473928922
243.17236786248557,218.40476647612837,11.597909071757385,6.037267735983278
242.50562929502058,218.30167489133623,11.756784538493775,6.990520536401704
242.65530471677954,218.3432248525873,11.401489986368773,5.552029906405664
242.98055371801524,218.44867017090397,11.439621947731837,6.210080485911561
242.77194047481967,218.3012862957253,14.602242152596062,5.927642854024128
243.07516503602824,218.71295242849015,15.261513265873077,5.262590781335547
243.1637458413164,218.5246922079137,14.381239020005722,5.5563878031840375
251.46907816829062,218.5658447553269,10.393616793137681,4.736331703201984
250.79536787908728,218.3645868525974,10.426781294485693,4.761837126615518
251.70383339034356,219.03235771350194,9.80539024091297,5.120592681365679
261.19070667233524,218.11265270685644,11.367780354274146,4.691464908113147
257.71842054449087,218.3072722461017,14.375791721943244,3.9657356474326093
257.5452169233714,217.3481165642937,14.772365286686522,5.452886515219859
268.05929862535754,217.0570985125718,14.606319579807291,5.507300825173246
269.28860600100035,217.14199840981047,13.373372763116606,6.126349533941692
268.41233569535643,217.35001604122107,13.957108819390328,5.500742887642076
296.58658766697613,218.1569232010773,11.083586415398202,5.664944167870203
296.93762943954334,218.67975833196832,10.97859354420416,4.954442214820347
296.6710022960544,218.16108875266437,11.576190256082555,5.2544409672998995
309.67335559186836,218.52126755605622,7.247023229174943,3.9597137231574493
309.62181771251534,218.2094103361024,6.856756404165367,4.511023950108807
309.81914443675527,217.7688417693262,6.533666946327401,4.96388982285913
309.70762525302416,217.4916582400018,6.713975469243735,5.690893492978034
322.4598263544028,218.00380899204603,10.262580014257594,4.105032005703038
320.9045178716395,217.89264565129363,11.430871691379025,4.781541099661808
322.1455236858049,217.70869418486404,9.914339021367596,4.68479755954732
322.12085576007263,217.68457786878918,11.330673167277212,4.357951218183558
322.03743141245,217.0372020054601,10.755183854941947,5.5828435277561255
322.05806070549653,217.7258212774997,11.01398109320968,5.235040396155227
321.09499301768153,216.86778225482,9.92618049141123,5.1670528585428315
321.30366921809957,217.12508342404192,9.616908945024079,5.25459973284822
320.9848232539625,217.05947638102404,10.211769292138968,5.155456341662415
320.27761397509147,216.888782880572,10.086063257099113,5.229810577755103
319.42450303658836,217.3470165879245,11.657519508640974,4.793746340001917
318.9143856643711,216.86853789419686,11.621017687652227,5.250692377145185
317.0373563124174,216.8173065739022,10.878006017984887,5.031077783318011
316.5074095378033,216.43005356039635,11.879394447868037,5.6851387714797
316.6935857487229,216.92636438182075,11.965806619783393,4.895102708093191
315.89600555967706,216.92560850430363,11.217943706046924,5.50699054660484
316.1281903651275,216.82374184282105,10.912722148824628,5.430744355753092
316.24379023574073,217.00152553613484,10.610259249388093,5.340262933466846
315.26472930166483,216.66495609312295,9.79070959566468,5.4082014909385805
315.22069854852896,216.76329864815293,9.802193147613536,5.340262933466846
315.1971912539963,216.86999630195814,10.070728800332859,5.179920315960686
315.0197374584655,217.27074626702912,9.227319692188985,4.478531733447369
315.01320559020786,217.29854091188605,11.728662270282882,4.511023950108807
315.46775590607393,217.30144460618283,9.604219889080582,4.755487517894267
315.039682048052,216.9877719011127,8.842797849590397,5.215662204698532
311.32552503346,216.64004108489442,12.337556281165064,5.189186762035092
311.1545021957913,216.8304014679554,12.611307455906285,4.391437417681658
310.7946022088802,217.07479461266357,13.194613118881989,4.242640874238589
309.81381912531066,217.17655673368853,13.007657034240196,4.196018398142002
312.889987496576,217.66600725550714,9.32385656872924,3.4211566737972987
312.0263809495035,217.6120811111604,10.617208850845032,3.667763057564656
310.75249112410245,217.3911654100914,9.227319692188985,3.783587154119317
311.4891220537325,217.3547602266466,8.818460501974869,3.4781975685080226
311.57587666523267,217.69701274861885,8.400428930992348,3.0122750207093816
308.1298641295813,217.57771973726597,10.715659175706548,3.8646639650089014
308.58270251561413,217.53203896305394,10.550532880240155,3.9644426580296397
308.83970560056093,217.45954523330428,10.579541073119344,4.0214629810102736
306.77538458006717,216.74705781252916,10.733881411823575,4.6244785529200385
307.14066887494874,217.03673533654234,10.801980606685277,3.9977918421801064
307.13402024168016,217.0822809985704,10.38556065773571,4.092451411598461
305.50014385082096,216.3554184245373,11.012621701843557,5.135098883443902
305.8177695538272,216.90415599970999,10.605321524914075,4.149908422792464
305.60457022307156,216.83109971168818,11.102125572207399,4.567330140465089
304.79852180020725,216.84941909335106,10.793508379304114,4.7462525685779156
304.74708411060493,216.59239045778824,10.816402981877161,4.429130531372124
303.6909558903899,216.6341393082187,12.217204097909246,4.616639336537133
303.95376776620867,216.867678279708,10.940232762989126,4.406787145011634
303.8850978930358,216.42262873917085,11.142759968399332,4.802109944540291
303.91281581476727,216.4183151101713,10.888884379350941,4.145200303502918
303.6508451986943,216.61279477051744,11.22012277273518,4.611009358658293
301.9968528787487,217.09235222476585,10.077785868782257,4.27883645825392
302.11009152419905,216.11261722111175,9.178317577674761,4.487177482418758
302.1079168135713,216.5733011461514,11.418325351162707,5.269996315921247
301.1417496574544,215.48884102502552,10.531989404935018,6.517032117970842
300.9815072291976,215.8087489164461,10.605321524914075,5.9943121662557814
301.01016146426355,216.14904245476473,10.696078836031518,5.321563975352319
300.4277014044516,216.24496071905915,10.270197766887804,5.320704867182826
300.63665034278034,216.4931721887472,9.38059344233983,4.040330508872955
300.4123697029111,216.41101831730285,10.555796043254588,5.142567303124025
297.39969845946297,216.37424803422863,14.746818807572254,5.493912889095526
297.9306930034981,215.98060552677325,13.352630892322054,7.037197362169735
298.074910070951,216.37595780070106,13.384357810085078,6.444320427077997
296.033929965337,215.94141483741132,12.402122227247844,6.87346533076385
296.3769295808839,216.17881988041387,11.47628995932729,4.86717654525043
296.2560278225597,216.46145993641102,11.22012277273518,4.713476233295154
294.71991174263553,216.33570254236005,11.550275673367992,5.353276382618901
294.9705783545947,216.76106202811764,11.430871691379025,5.229810577755103
294.90864889854754,216.513142468941,11.548221312278542,5.232787782126195
293.81341374270113,216.531974942049,12.237756770232977,5.50699054660484
293.9292125012824,216.11557466277435,11.401489986368802,4.659739385733332
294.2008821289602,216.45333995084584,11.953852749154521,5.7527916355306274
293.5131282756794,216.0764854831826,11.829831544558544,5.303027933767623
293.77746963869026,216.03345882913504,12.101781695008185,5.982903309891697
293.6850524433189,216.30958226188332,11.834924020556286,4.969643419887262
293.7249811939443,216.07792528712477,11.698920159926217,5.552029906405664
291.67764034443985,215.66575296333863,11.816914298045617,6.1249974633848865
291.7801001404492,216.18333063769091,11.469116954921503,5.687936050814727
291.65490492025026,216.2003716570943,11.657519508640974,5.665336583638606
291.4538324208536,215.79818409463672,10.358705009690368,5.75483611649463
291.6921126557646,215.87930110777944,10.134905827382227,5.5949795577031125
290.77364464431196,215.527365473159,11.383833669321405,6.1249974633848865
287.64434009178905,216.2033828776851,12.305744307845373,5.371015471380048
288.7339261272346,216.45115780509366,10.946013455535535,4.879037005374357
288.6303946044346,216.38316033320456,11.32924967498343,5.128466931062462
287.6017145489015,216.1383835657481,11.766800260198295,5.967850849669958
287.09110034844423,216.44731015518784,12.1946371158553,4.758882776919137
287.57923092853576,216.23198054925183,11.766800260198295,5.3485455728174145
285.70024314838105,216.0761881581142,11.489893856496508,5.303027933767623
285.3945418274261,215.57426433929456,12.121830927965789,6.060915463982894
285.59244263964735,216.041965587952,12.177987488201154,6.2757726933061235
284.86709916418357,216.32721552720545,12.232995376995063,5.336541607413949
284.8903458244966,216.57767815042453,11.217943706046924,5.1670528585428315
285.07601324174436,216.678919885661,11.500633377554607,4.858026168104971
282.3532840408668,216.46723889898198,12.690736684094873,4.31006151535297
282.0620296254169,216.29184665230306,12.761782644738673,6.051979398535877
281.6432293248514,216.4428460058264,13.400699995914408,5.338490242274844
281.37037733732797,215.92097206455435,12.66245595239991,5.755661796545411
282.0532875159537,215.82028016373266,11.30234659518294,5.353743124034025
282.358268788754,215.67574282315903,10.919875871271245,5.657285089935698
282.0173181800101,216.10335261183394,11.439033605020995,5.401765869037689
279.66335613223583,216.17978651481195,11.915660005230166,5.0840149355648805
280.08373896998694,215.80850866947702,11.25404951231053,5.387576894191227
279.26481648043034,215.85620597909883,11.221724386822643,5.120592681365679
277.53826161346785,216.21557709867733,9.713379815670976,5.19696754469021
277.84429214813804,216.28114156150946,9.687875533459192,5.829145448098302
277.7925431535991,216.41196592404026,10.19545402636669,4.76470967061357
274.23143366089664,216.02989354564238,10.086063257099113,5.9769263745772605
273.77460597790065,216.62009593830405,10.023287801822164,5.120592681365679
273.79220604101187,216.136180332964,9.92618049141123,6.322840997953705
271.2726784174546,217.25611740945277,11.55788139410896,6.050890847504093
271.03254090982216,216.77482476517875,11.693176975552944,6.619946753355379
271.3210517257855,217.3517218238765,11.580294850743428,6.499907432352785
268.9593000768836,217.53467457841106,10.77630782056599,4.285067282980975
269.0563990397528,217.33730325894956,10.810255274187796,6.0455456035741975
268.9550364178666,217.1759463839943,10.31091268332483,5.452886515219859
267.7246633324335,217.4348706578032,10.297920901003522,4.559775921339877
267.90855680664737,217.40929628953563,10.352043733142125,5.048742640343903
268.0254405391004,217.0993429872396,10.707788399550907,5.277044043797815
265.30868257255304,217.6306498782232,11.54159834134282,4.56033885682325
265.0542859031684,217.59383963340701,12.929057628393423,4.672730066783515
265.61594960471865,217.7874135970777,11.755096542569277,4.633202466102773
264.5547617584929,217.67549585365057,11.445702330567713,4.825755577212334
265.63346897239745,217.61964853648666,10.531989404935018,5.295088595851325
264.878835136265,217.641263997856,11.081968630822075,4.827115170480795
265.5937547574683,217.94990656424196,10.646016522256787,4.601244429110977
260.9522195099517,217.53724813423247,12.237756770232977,4.623152557643579
260.6410953358125,217.77535179243023,13.182802435005271,4.140053657274365
260.94397489115124,217.52836261298285,12.901528497311176,4.601244429110977
260.86806963292645,218.02495395091603,11.353918781271716,4.555165020031154
259.67735537463943,217.846923347039,12.888640854155994,4.064879038618443
260.76937549922167,217.94835800627428,10.922293064490304,3.941033579970707
259.2009633971769,218.19316591464568,11.0669922634346,3.7241307299176754
259.6482627872912,218.28129229248367,11.006898438265466,4.0599215550979295
260.5354770251169,218.0792311688955,9.683119653182416,3.9962081108371876
258.79875690248616,217.89415834837632,9.990520277092969,4.20114186011088
258.97697584683607,217.82822850628492,10.262580014257594,4.351333926045214
258.6761930519967,217.9300013547298,10.085184510971942,4.099846746851625
256.8339462725414,217.70751296868772,11.69939182134516,4.145730435191382
257.1459248432724,218.05244093402922,10.694424915214825,3.590546993194863
259.94671547497626,218.09761165247622,7.567174308238634,3.2430747035308514
258.4660794946133,217.52163098455242,7.6367535736294485,4.0305088305266565
258.3703073242418,217.51439124376714,7.981057300774239,4.145200303502918
258.87660204597034,217.2554034100213,7.5062106900095955,5.081844504416438
256.7093378128685,217.05992525049422,9.28029918694682,6.001260140892271
256.7291547459935,217.54046988495247,9.204926898475776,4.953796536965967
256.5561666252133,217.69254150242483,9.41572675111263,4.321396979055436
254.0441127969051,217.6475784636653,10.922293064490304,4.222535978540066
255.1790367603345,217.40269511687902,10.163689008832876,4.335885678080075
255.23083024532164,217.34188386903202,10.359288267351616,5.235944613389677
254.39844977966555,217.49674044749884,11.149956168434528,4.963090245705615
252.88243456701218,217.69376856907354,9.858192953798778,6.050890847504093
252.51849922265907,217.24866269075403,10.609044314874637,6.798753751081648
252.8774352847751,217.38406358767904,9.291383514582463,6.194255676388337
251.92247655268648,217.81081503544297,11.115719090505081,4.836610596631971
252.16526183140078,217.2790553927446,11.132025372650133,5.00567583870847
251.9638977149939,217.30792333568263,9.92618049141123,4.963090245705615
250.88269673327633,217.3133534936811,10.310197996145774,5.827503215212829
251.34669907469646,216.99870858958843,9.683119653182416,5.533211230389952
251.98688329434628,217.4123092518358,9.119551842679755,4.713476233295154
247.58740714801016,217.30173644432324,10.83317905392127,7.844715866632669
247.93749776476875,217.26212385864903,10.641409734365652,7.238633365818515
247.8423015658675,217.49086583330336,10.61447550375675,6.90580333979355
245.97515447786137,217.2763227953802,8.248583408266512,5.277044043797815
245.9039871228085,217.13779621180194,8.607217469495481,5.481977793071536
245.70220703661676,217.37482269182064,9.458480591929742,4.954442214820347
242.8402223213988,217.71165327783984,10.41558874706547,5.517447011959007
243.09945136276244,217.2143053141436,10.39393508938042,5.75378549590701
243.128408670546,217.2788357795739,9.796283470212927,6.0241513293838125
241.72629099745726,217.5382099939186,10.555796043254588,5.413228740130563
243.59229167362562,217.67195143013035,8.25216951634593,5.268334211000507
242.22515349072577,217.64467884808974,9.908884429640665,5.404846052531269
238.88561919567803,216.77453625908072,12.59121068059855,5.25459973284822
238.4790068422221,216.88923413374584,12.775680125658909,5.453945316801764
238.66143413957457,216.61894601972466,12.930184546058939,5.387576894191227
239.2476513624545,216.59857497283767,12.09331463045936,5.774285364093203
239.84796935249238,217.50501902859614,11.221724386822643,4.68479755954732
239.14473054095026,217.34844409297662,11.356160111696795,5.229810577755103
238.91629319323494,217.43969779450316,12.101781695008185,5.1670528585428315
239.0319089664367,217.15035392580663,9.345879632502005,5.742648930814482
238.92203474467544,217.07777458182292,9.137995622620366,5.781180904106748
238.63757583423964,216.99659150033793,9.734353090500832,6.096779040892642
237.65122727751256,217.72208611145703,11.236004821691353,5.594691197522678
237.83648262270376,217.72265918610773,10.64902859433883,5.515433136510154
237.83677841155418,217.62803042219397,10.518561568481857,5.307237751878375
235.80258866628836,216.9515267406937,11.253901738922849,5.499065622428219
235.8566531821338,216.98296485039177,11.42249452827545,5.361579064292556
235.48448870915,217.01457601372505,11.910191673982013,5.024063154511595
238.57893357317292,216.7258937381021,7.605782340423531,4.8260040231113805
238.66600165223002,216.9040350572387,7.721606391114221,4.582052144177652
238.55492479885373,216.94151215234297,7.6367535736294485,4.454772917950521
234.95099611328826,216.7700318862728,9.930576875602753,4.8487323711863155
234.52562802227885,216.97663286015674,10.539992786475267,4.6329638621869265
234.6810395363452,216.94872429192245,10.270197766887804,4.330806287241842
233.50286778106258,216.48960291852032,10.810018480372463,4.487177482418758
233.52987834453347,216.6650197316166,10.606602185596444,4.412346509208135
234.01047941467368,216.6610279458255,10.504859323069667,4.356530287828235
231.55932608138752,216.10265843667014,11.729718010107888,5.229810577755103
232.20946567023276,215.6506740774255,11.580294850743456,5.603368476166196
231.7239326951371,216.11461287374337,12.073965754276344,5.3823702760027174
231.66003354325952,216.2778997373019,11.78369058323787,5.072110294524123
231.17910527081315,216.1283813546682,10.583290848647067,5.454823917584605
231.3489359591908,216.42042123762596,10.946013455535535,4.836610596631971
231.1056627343263,216.47535985364632,10.564175776854057,4.879037005374357
228.49059985815936,216.158252210599,11.904592816538809,5.2544409672998995
228.78743889692637,215.89495350176472,11.281448532014593,4.93096425902624
228.832093739836,215.80092476066108,11.083586415398202,5.664944167870203
228.04643779206418,215.38476436444964,12.232995376995063,6.157548008554556
227.58644028195374,215.53138130837624,12.747007313186884,6.319029266366158
227.90081503429306,215.379987364696,12.690354071784384,6.543463818263831
227.39109177438905,215.8213615217238,10.332066428134112,4.516412270980766
227.0155316108685,215.87633186999346,11.049515115107283,5.175089357708458
227.0666241270876,215.58766848185664,11.389369494542876,5.212084344960289
226.78042531717813,215.43891575259875,10.329192779205641,4.988929845738767
227.05745138979563,215.59132609280064,9.891923750491458,5.149619128932329
226.5511915105961,215.6763387792901,10.457799852060532,4.712628794093092
225.78914635289718,215.2621914706988,10.083259617795989,4.075463817645755
225.88999989300808,215.32389347736816,10.102934515623929,4.060356593304562
225.92390318974475,215.15999806933573,8.960919162209905,4.4513656877211645
227.70082616606683,215.1903160695,5.01214256111092,5.249049965110771
224.93608471774056,214.95322247808585,10.736237001258928,4.420803471106609
224.95832065784276,214.92900930707444,10.470080792310455,4.827115170480795
223.36501346809055,214.55549194799417,10.344680654371672,5.090239687071772
224.58021929514257,213.96299164615198,9.790205416186382,4.555165020031154
225.51661482257086,214.927310810042,6.915504625008879,4.794184187889584
224.93391921759832,215.13697945267776,7.27466652452739,4.487177482418758
224.3973327881609,213.98034221000913,8.599743913237376,5.382573528429134
224.4487199438768,214.4792255093846,8.15892466305391,4.8487323711863155
223.4370777633595,214.3177793307147,9.527773831932052,5.135098883443902
221.75296621930906,213.87393606559527,10.95075304059722,4.825755577212334
221.42989095290054,213.31313994191046,11.012621701843528,5.630048173414394
221.96738287061615,213.52487070709455,9.965184909354548,5.179644133675794
221.07762274765741,213.46948056232873,9.924252690239342,5.593669698134903
220.82890690735218,213.44407709836267,10.916677959263296,5.593669698134903
220.74893030165055,213.54154519554226,11.798063551112023,5.849460079963109
219.66505697596287,213.70251115120726,10.576674505612743,5.348568884387305
220.02327179692173,213.91423556552826,10.193045425426078,4.527300695448986
219.84430142870514,213.6660453773613,10.308344593365916,4.94182811966607
217.9029441902532,213.0734168338784,11.485297861628965,5.517447011959007
218.1170651387436,213.19557908468482,10.816402981877161,5.314956637646532
217.9808485417271,213.09405819994117,11.505193591097537,5.520948602439432
217.3660600025154,213.10600002996648,10.769780555231137,6.060915463982894
217.67652050398016,213.27059849275258,10.616652508041199,5.427465746006106
217.66793407458954,213.73389148555304,10.68052586693372,4.848396610647541
217.01177825125467,212.69024608961888,10.256933862124896,5.314956637646532
217.73559688970553,213.75302182988338,9.627382031071335,4.616639336537133
216.71283730374185,213.68631071793493,10.443423568708994,4.708865091248242
215.8339972061287,213.29248375047118,11.327851134217013,5.388153910282995
215.6268514615697,213.2435837721419,11.35076146235798,5.482340570254536
215.79939311785319,213.0558056515394,11.38319204238988,5.269996315921247
215.75206813632158,213.056152193342,11.42249452827545,6.247405170566992
214.7642947729336,212.7495789421189,10.469726014296867,6.007795800150205
214.95023886980857,213.01242300886273,10.224764506914966,5.769991588964473
215.14948279754756,212.68900516463842,10.26973656118102,5.8298128599185475
212.98750704564443,212.8998880720075,12.393178331350043,6.138677117397691
212.9579095720237,212.77379743089674,12.215075781257838,6.387272450505037
212.83675229085802,212.89222956763587,12.01559160030044,5.867262565058979
212.9052115448891,212.4236898114404,12.34608494403426,6.873078216266492
212.91256588607752,212.63455133138785,12.01985096920373,6.512958895207305
212.889992258947,212.81227940047648,11.980458291527611,6.042929108923033
210.73173200228976,212.7530063208213,10.575125940615294,5.796995947513352
210.85195407897703,212.65300489732778,10.583290848647039,5.827803330752772
210.70231597160932,212.7452684384594,10.926073108324175,5.868420892103444
209.83214097563425,213.0752180813883,10.606602185596444,5.1760218665710624
209.68154510323126,212.8964178681608,11.080505237063733,5.366516473699875
209.85858891040354,213.07788234018736,11.217943706046896,5.371015471380048
207.76482859674337,212.7362645735347,11.375872101629426,5.501446344230629
207.79449242436795,212.7534715954813,11.3702775429594,5.812417997706859
207.6946275938965,212.74470335939972,11.68122370860101,5.32827748111626
208.10314631223181,213.00436046706386,10.436896550626898,4.6244785529200385
207.80399095811708,212.72965904997358,10.673083214827898,5.664944167870203
208.11786341562814,212.93110777309644,10.384909575828004,5.902214794895059
204.91130256234004,212.3537423564967,11.083586415398202,6.321749288782684
204.2132558098686,212.70205662153307,12.252699067883384,6.425195852670555
206.21701765014052,212.27608285960906,10.086063257099141,6.87346533076385
204.65686162263526,212.57023395708003,11.82249217642476,6.814353129467037
204.43350613450593,212.54313234245197,11.411988975854456,5.993346728326429
204.5889484934085,212.64571713035662,11.187339396269806,5.683890177137073
204.51630412645886,212.58722876186366,11.373773443292578,4.788957239281075
204.15688927189402,212.67038147845645,9.713379815670976,4.516412270980766
205.60781701255317,212.93010888655542,8.7703923520003,4.215227331969146
205.3417266650514,212.5859980566607,8.661612574483684,4.578280932227102
205.45639090603382,212.9411551089652,7.736249035082238,4.611009358658293
205.60114368509977,212.92342632629797,7.838715909719099,4.3548421720661565
205.68985854849552,212.8088575602751,7.55283311665562,4.568997811310169
205.24207414878597,212.60591318595507,8.445071957080103,5.010742694534201
201.6323716270394,212.6666150810697,11.548570728186405,5.447439022729441
202.17275476211586,212.78203033258814,11.353918781271716,4.6911400952559745
202.11847149488221,212.388220020245,10.98260221328573,6.425195852670555
202.12503647861115,212.48536123292988,11.329249674983402,6.480517303797086
202.20759037433433,212.89511587988113,11.19822768558248,6.558078092109071
201.89219822448968,213.49386260955094,11.057313792967932,4.781541099661808
202.19739788565488,212.8374701460079,10.806629639253885,5.948603471148914
201.82604876686815,213.07870561750516,11.132025372650162,4.93096425902624
202.58322502862654,213.24200180323987,10.470080792310455,5.439003008992444
202.1893310762728,213.39048190380421,11.01398109320968,5.982903309891697
202.5881534227247,213.1600920688514,10.266118179473239,5.710953159442056
205.19656087531862,213.38562673059818,9.22033538028083,5.353743124034025
206.2153213301526,213.57957997735394,9.042748777730878,4.902695120456485
206.06364406196968,213.45851213537554,9.151697558185447,6.210080485911561
205.69958724542872,213.42551667554557,9.260646338640043,5.883234144547799
204.90197916739612,213.29518077441404,10.393616793137681,5.525720320402314
205.04218897457318,213.31963606217434,9.914339118581552,5.849460079963109
204.6224520123589,213.50399915658036,10.459082923640523,5.5563878031840375
208.5838548857306,213.74144256025545,9.418622162652468,4.362309212175887
208.63182068420156,213.87025290954506,8.841606942213247,4.601244429110977
208.59606483202953,213.80896607290939,9.517765553838274,4.461452603361693
209.2399355253547,213.78270893011867,9.580652778545556,4.815943107931986
209.3006553685738,213.80098842474263,9.51825526573677,5.1670528585428315
209.15911567731692,213.69029114780983,9.359472973002937,5.090239687071772
216.1544231310993,213.67283771594657,9.022047900217586,4.691464908113147
216.32461325712583,213.24350888264613,9.11317105266076,5.172340327185822
216.5722696399593,213.6817417517284,8.591831663454826,4.258560041886312
247.26848677267887,213.8656448660377,8.088741874850797,3.7726147874798244
247.07983305953397,213.67612521502357,8.107269078796918,3.4906297422597845
246.70794653099404,213.62851841411324,7.972434956469812,3.9162838382658833
257.31246519839084,212.97221890589228,7.733184512493608,3.5691620826893597
256.9017777699311,212.81165259076263,6.526803610790921,3.671327031069893
256.76515134671484,212.92216485437282,7.646077969947669,3.3568147185136183
250.28721592069695,212.91359959913797,7.886554363039011,4.147239794356722
250.8157918920636,212.8308553068127,7.224856330037369,4.351333926045214
250.4638205399804,212.72621375424956,7.5466166749770025,4.419189944806362
250.95334317782593,212.98538151751808,5.678080055848426,4.333271621568514
250.85068212510004,212.58096717908714,5.336541607413949,4.351333926045214
251.2514727468399,212.45750234137347,5.031077783317983,4.623152557643579
250.32690076310087,212.30814755639318,6.047746862334748,5.25459973284822
245.14322171056006,212.43184148317826,8.81483955873702,4.999461242268751
245.6873767166919,213.28283973995588,7.578520236182783,4.330582992104439
245.11375769420317,213.8055391451645,9.099018754634074,3.7114418604428465
241.41601371830006,212.25043980700536,9.867357715004118,4.999461242268751
242.04332769279486,212.91918482886805,9.36959511909464,5.120592681365679
242.09632241019094,212.87921796799225,9.739982990499072,4.447737897395541
240.0597611994902,212.6423005506936,8.998128342682293,4.475752958018148
239.94429415657098,211.6892923536336,7.121447787261133,5.891845291618921
239.77981329468065,211.62624755156492,7.319062362802754,5.686348451100599
240.35593089151894,211.92729751108314,7.599455543301616,4.475752958018148
240.28785377634708,212.27109929826884,7.939402152191491,4.601244429110977
239.0252142183015,211.9935499470379,9.022048597909219,4.164022429804248
237.93962310007487,212.00200183566557,8.210063589198,5.683890177137073
237.4610008369798,212.1578526573057,8.456365931748252,5.664944167870203
237.58812909781142,212.4198453654119,8.933799997276282,5.447439022729441
234.99997144910205,212.2855053453111,10.310912683324801,6.146890253520553
234.11698319662383,212.21144909648302,11.104059812811329,5.750316688777303
234.58259136186973,212.41200292228606,10.459082923640523,5.774285364093203
234.19290048136423,212.8086680148186,9.616908945024107,4.957169559290776
234.5394566655076,212.96478631766203,9.121191989095024,5.353743124034025
233.2356223840498,213.08763984330608,10.90577303043969,5.25459973284822
233.2270785988573,212.89679993127345,9.722217878573986,4.895102708093191
232.26089519676574,213.09557881282925,10.19491412724588,4.330582992104439
232.36853113185276,212.73565984627137,9.960854460656236,4.887624238458642
232.3728649245505,212.7204891189867,10.534332735192436,5.080387418390671
231.17219915397115,212.98959765181033,9.914339118581552,5.155456341662415
231.11345851491137,213.3502531130595,10.016278093915417,4.351333926045214
230.46631389874355,212.7606757030101,11.112775606368047,6.210080485911561
230.45257382984843,213.44566795380118,10.534332735192436,5.528656896483966
230.3654671929112,213.1339407276634,10.29625806445435,5.1481290322271605
230.27570984129346,212.65284209664753,10.56803170409512,6.863773168639085
229.1244236829504,213.58568295998927,9.93417745380134,5.91124608821238
228.34228066452567,213.00917174360185,10.90577303043969,6.246033644706387
228.04806155774355,213.25787928119246,11.709264488471575,6.841368015736208
228.5452765538355,213.75261934960173,10.98782577819108,5.638489544071746
229.0362375205148,213.45975448359042,10.310912683324801,5.65117329759147
228.89416685782913,213.4182200543749,10.176534133472302,6.105920480083398
229.2084198476338,213.74610612341007,8.841606942213247,5.774110656139271
228.93464703595924,213.81413347964823,9.246305115287157,5.303027933767623
228.80597529511,213.9125543526333,9.577914478562178,5.986196549101351
228.15371752188145,213.38684524784057,10.459082923640523,6.536926827275323
227.73987623696917,213.73952292339885,10.465575564252418,5.774110656139271
227.20576538734423,213.86043213146004,11.003826825913478,5.120592681365679
227.23069854513554,214.66009090560365,8.824851216821685,5.338490242274844
227.3578143638767,214.70443940622187,8.81483955873702,5.525720320402314
228.11322499379142,215.09560285448276,7.8491816731892925,5.142567303124025
227.94437661077836,214.8161797711203,7.247023229174943,5.9769263745772605
227.16866603850636,214.70083138677813,8.739846961687988,5.627024756155265
226.10326100796996,215.29935996666794,9.472663406403967,5.131026011802163
225.1812831865876,214.62931037535122,11.276979088143463,6.2167961639765394
225.50049187646772,214.59394681397677,11.014601650346492,6.345368342047436
225.70353788426942,215.42854268823996,10.310912683324801,5.750316688777303
225.46321139794125,214.7375568975247,10.736237001258928,6.315433530152319
225.1842273146783,215.36493900690405,11.001485775284152,6.075447368440507
225.48833767469173,215.68758615013516,10.517672411873036,5.258836205936518
225.47004766819083,215.13789204470703,10.459621155510206,5.9769263745772605
225.63564415304657,216.140985347648,10.502854650277214,5.072110294524123
225.60683464521537,215.30782112265098,10.451621212958798,5.9943121662557814
225.84256334444405,216.08164180293173,10.357426044632234,5.033243555397121
225.94753544176592,216.04774337476343,11.217943706046896,5.1670528585428315
226.42453573870046,216.07579803951344,10.270197766887804,4.454543609734458
226.24147516246938,215.56705302620682,10.415981995436368,5.627024756155265
226.02890544379102,216.65648169820267,11.001485775284152,5.172340327185822
225.95132363339363,215.911598023253,11.147494983345752,5.911550369956075
225.98233465925193,216.07293791354627,11.196329333618422,6.061461053027898
226.22972151144307,215.6280273517784,10.99813124485641,6.074549234077665
226.06247037723352,215.77836737873648,11.299454084584,5.734051326505323
225.95982679337797,215.57380456664964,11.084773379227215,6.10971761059767
225.8382075109803,215.94691719847407,11.277792116071453,6.218595652787059
225.78166460557344,215.61097860300038,11.46658555891264,6.524757439246599
225.63993142241438,215.61771115139075,11.596243886588638,6.354106239226638
225.8017340344628,215.77035431639268,11.527523396645734,6.609113414076887
225.9290457156453,216.07754915291204,11.316396422487344,5.85524989024222
225.82133982327545,215.73979583262312,11.427977526727773,6.563365471431496
225.9111767504274,215.93630820850186,11.412703951701786,6.321534902615468
226.83640841903002,215.86196374987293,11.251268779319247,5.926792547564304
226.64538718240578,215.8627934347749,11.510264931000563,6.401899733051749
226.85005844907514,216.23109994969687,11.172630407291251,6.124995598282879
227.04904406352247,216.45938110618712,11.28593124365932,6.458816073178525
226.65527870448037,216.29836680288633,11.823100739912178,6.249353248239288
227.22068745525868,216.58242707793505,11.327851134217013,5.854844406449246
227.2686832408778,216.2644821508897,12.949110334189527,5.967850849669958
227.51559037040346,216.43217348318822,12.9610346075942,6.01429303733687
227.3202701839162,216.56741002367002,12.962059641561666,5.379510918434676
227.02951201556164,215.78998415790988,13.385790642439957,6.218595652787059
227.21965578593287,215.60249686921978,13.174312253044974,6.305653727953143
227.7918572192851,215.5245403926637,12.852467326838024,6.138491857594289
230.06061735920912,215.71460013401858,11.981963648027715,5.641313624168703
229.63979206382962,215.58758596664333,12.261698207903862,5.548068770876654
229.35826383285757,215.6625861086225,12.962059641561666,6.096779040892642
230.3998709090864,215.20844547437613,11.702229088151597,6.9933639969033266
230.4903092685272,215.4531949584849,11.877677747760998,5.85451458966719
230.76940801971097,215.93138034507672,11.527523396645734,5.6869115423452286
229.7920314689096,215.40317766246542,12.2447915191037,6.096779040892642
230.43301713876048,215.94445872048422,11.576190256082555,5.747044807984253
229.8036674373898,215.53662303701,12.217204097909246,6.193052768525405
229.89705481608377,215.6158139784776,12.725599217679417,6.978554409695164
230.01184879443971,215.8127570909457,12.085858217846038,5.2348630071484195
229.94315060401416,215.6524532074054,12.45042610230027,5.683890177137073
230.22005837092618,215.39919015051802,11.996350333483662,5.552029906405664
230.30590764346036,215.00769883148803,13.442851371324224,6.044772093145781
230.07868501740535,215.60054640947806,13.796711457927586,5.630048173414394
229.94305958656085,215.6421659301619,13.940105567160657,5.9676706106908455
232.71936507272736,215.47169066393747,11.115719090505081,5.557859545252541
232.61238391675107,215.4566989087036,11.321965008075097,5.815654157153318
232.92573470999815,215.35997792723617,11.066422460779904,5.430744355753092
233.75478968711272,215.73298963075152,12.075208501319764,5.4082014909385805
234.06674651616183,216.0113148198522,11.543801623282434,5.134868280590524
233.82912608802593,215.7269415090777,12.02858607467374,5.454823917584605
235.6609183715376,214.96505574711162,11.22012277273518,6.609113414076887
235.9470303742344,214.89356734382454,10.902217309581516,6.52214759869392
236.0022854369863,215.15759688837912,10.912722148824628,5.6356781050268125
237.98828666484334,214.49688536382277,11.11765589809832,6.301712790166334
238.05816923813177,214.6511115625256,10.810249011769514,5.67538073117899
237.6159179888987,214.3502617444293,11.625868931721328,6.1188783851164885
240.10791890793897,214.37077090821097,11.074490363089836,5.320704867182826
239.68930673028902,214.34974526380412,11.260096346828789,5.19696754469021
239.96075592989797,214.44816778134268,10.9078906336035,5.155098998072901
247.61527877874968,213.1440707446029,11.26009594277346,4.898141735106464
247.24887875960732,212.36021048962326,12.420160971823094,6.536926827275323
248.04359854553599,212.72618552968592,11.401489986368802,5.849460079963109
252.64410017864117,212.88906244636976,8.453517157540205,5.277044043797815
252.46774026940827,212.70545472321635,8.555984032177065,5.277044043797815
253.1761205452786,212.78803165436102,8.02252943826386,5.574978084217264
252.75997320077946,212.92637936372705,8.782874835363344,5.067043174248056
255.9910155573329,211.56441552892997,10.021485389068403,5.742648930814482
256.15004214448146,212.52075062607358,10.013482509767357,5.155456341662415
256.05038272042486,212.01867312751605,10.344680654371643,5.747044807984253
257.867257470747,211.59702363211596,10.415588747065499,6.41825468738088
257.47077551485984,211.8670407360764,10.837284495055997,6.239648648668606
257.9362566674509,211.521243922774,9.92425269023937,7.037197362169735
259.2541810300502,211.17872992782245,9.92618049141123,6.662778686015741
259.3290401151031,211.45955371095158,9.514781071643597,6.080451809097696
259.6765530030688,210.9540589735284,8.859570892670035,6.704540134993522
258.5375917116064,210.92970321351316,10.788311101737861,7.236062324336359
259.3515362031735,210.95081602134633,9.914339118581552,6.543463818263831
259.4055094442425,210.6330777248484,10.014473169241512,7.668740715184953
259.9232164816879,210.57507802607995,9.220335380280858,6.444320427077997
259.6176655688804,210.61469181566565,9.478543899549209,6.64587560772992
259.0395676067525,210.40362373518434,10.508881934599799,7.142755689923291
258.6478295822162,210.93663173665203,10.640790665920974,5.404846052531269
258.8923940124,211.01074812281283,10.144220589048246,5.430744355753092
259.2131313600467,211.22154589501625,10.134086348496169,4.898141735106464
258.54585742697395,210.95993262229254,10.609044314874666,6.5746190120349866
257.9516607125871,211.44028617215838,11.074490363089865,5.19696754469021
257.99660346121243,210.70456758244322,10.982602213285702,6.3504842729883535
258.79084517952884,210.98090245626315,10.765147056858268,5.939391479645963
258.4190223091456,210.95466897574397,11.597898821056674,5.798949410528337
258.9228849270974,210.9297841363208,11.281448532014565,5.155098998072901
257.98721667453987,210.7159600428878,12.202263410913929,5.992182925002396
259.7772175594677,210.36949901813952,11.221724386822643,5.992182925002396
258.0531179180235,210.81186299129772,13.289356339004996,5.866472618119332
257.4111258947167,210.58603121762286,13.582644592456688,6.246033644706358
260.308656581052,209.77837426347963,11.200571907989854,6.279108493873082
260.7589233276231,210.15709860669853,10.676535701939088,6.154160317274943
260.5556631650503,210.67032488713076,10.765147056858268,5.135098883443902
260.8489255453011,209.76830711056365,11.910191673982013,6.042929108923033
261.1230182934014,209.85422483177516,12.064388943030849,6.310603447123839
261.1510165460817,210.1015486324578,11.693856469333753,7.002716374077778
261.118278031496,210.42787391616628,12.91763214635705,6.254853460341309
261.2975474452642,210.4835983549793,12.930550200479217,6.1868661246311945
264.196339516821,210.10157516047312,9.222018717316587,5.6869115423452286
265.22556009412324,210.34691300574863,10.697091145634829,5.067043174248084
266.58002773552585,210.146001962686,8.789846964263518,5.427465746006106
265.1572465093521,210.18822812632928,10.241050471097026,5.295088595851325
265.59903313693775,210.19454069960486,10.861488711506183,5.277044043797815
265.15644020750227,209.73632408232493,11.539983177928946,5.897270815191632
265.4363357027117,209.95897368107285,11.383192042389908,5.480796168558101
265.77918859023737,210.28123910689277,12.430937761519033,5.727565180222086
266.12142659672884,210.26625805895787,12.091526491579941,5.557859545252541
266.14602525080045,210.2805526698037,12.121830927965789,5.781180904106748
266.94190623689656,209.91104169972112,11.49755676918653,6.1094028589035645
266.9145058023142,209.68756123189343,11.515739381567471,5.734558477460723
267.0481536851019,209.95998149618285,11.389369494542848,5.8298128599185475
267.25527414406463,209.7683071524966,11.236004821691381,5.827803330752772
269.48675463873695,210.17660851475932,10.629913275293063,4.941977224478364
269.4881640072269,210.10686768682083,10.426781294485693,4.843937766729596
269.4888867039133,210.13867136610102,10.810018480372491,5.371015471380048
269.9025154424698,209.50815982779156,11.597898821056674,5.686348451100599
269.6392069382605,209.79871469868218,11.89781908217094,6.1188783851164885
269.86048546218143,209.71578009919,11.421906318884112,5.846928234666876
270.3497660207764,209.3346921756595,12.630867060304638,5.323008261128393
273.17183271286785,209.40664923373754,9.965184909354548,5.461146532245152
271.88885752073384,209.37408165222683,11.22012277273518,5.738144979663645
273.02312310225045,209.49366468846824,11.693856469333753,5.64296562182966
273.25113317593764,209.29849798202034,11.658290896196604,6.157548008554556
273.3234351296022,209.27070089844958,11.829831544558544,5.914915772279272
274.9734767220606,209.1273613741579,11.89781908217094,5.77894069705448
274.6644951469686,209.2479541547295,12.17976466529376,5.052346824121855
275.2218390747564,208.85889719230917,11.321965008075097,5.877522818399655
275.2128816128625,208.41657977533356,12.992418861725525,6.0631288021385785
275.160193247938,208.389661859332,12.985619683969446,6.254853460341309
275.592203497092,208.51454256494344,12.435600910508697,6.434340769616455
276.3259831391663,208.42346369199407,11.878782959291925,7.176764704572207
275.96628723404734,208.75557289907172,12.509706920682618,7.070703911690174
276.07329453815703,208.88995425103292,12.450426102300298,5.954551614143611
276.3840505376581,208.11551983159507,12.72108753930678,6.856756404165367
276.32406534706956,208.7215327639155,12.441719383070222,5.50699054660484
276.24590691695994,208.7334036310075,13.005410813903381,5.911550369956075
276.53944888238436,208.88014354413124,12.430937761519033,5.982123632676405
278.4073219441355,208.3493985629049,12.188126265523465,6.1249974633848865
278.16061434459283,208.2070180168916,12.92510328502334,8.068850605679302
279.50518364490694,208.06917393942035,11.489893856496508,6.934728836465354
279.4587018348305,208.27150159391047,12.479297297337212,6.239648648668606
279.93542797531705,208.14103413242415,12.103275908518981,6.724042171399418
279.9481123797841,207.49965974837866,11.82249217642476,7.306956970151418
280.86901094912105,207.3591812890828,12.479297297337212,7.306956970151418
280.54733007850007,207.79550137762268,12.722745637905462,7.517986058762318
281.13235677567366,207.41569571509638,11.984365850004792,6.754824388184517
281.9784620042087,207.6730665732131,13.590205567762666,5.638489544071746
282.36093283292627,206.71257480053305,11.439621947731837,7.844312192730399
284.36435737237133,206.2493059177745,9.975789193357684,8.385445988619495
284.21183800338275,206.30552559511696,12.233410938703003,8.10264880355652
284.15198537827666,206.44796662224172,12.046600440626207,6.9835364873195545
284.70408287911664,206.59006969150633,11.698920159926217,7.534897730121969
284.84989873169746,205.98491613302826,11.500633377554607,6.9400373830070805
284.84657204924497,206.05605120253568,11.709264488471547,8.288580480603457
284.6201052875474,206.50697784719807,11.818882749285024,7.127417841171905
284.8330728608373,206.78340222896296,13.352630892322054,6.676315446161027
284.7620301545343,206.24196586435275,13.945865570539183,7.893886172003306
284.8761766568112,206.56271584608504,13.182802435005271,7.517465851366637
284.93570546924286,206.46066452991462,14.127423855879215,7.782055513831779
285.97212580165143,206.60585533033338,12.855956093641453,6.972721949093682
285.8092268636361,206.7530114093897,13.182802435005215,6.427978046820726
285.8436979989585,206.37960843970995,13.551171261939032,7.762321402469922
286.8436258095206,207.43435188804557,14.490187800460319,5.665336583638606
288.38120633693893,206.91590285642647,12.81046061507692,5.866472618119332
288.6200033711506,207.0482338581274,12.386105537050867,5.630047971386745
288.9940189464735,207.06874689429742,13.29175121545984,5.338490242274844
289.1072858330154,206.9296278466291,12.235523566605139,4.867896472735367
288.6929230650601,206.99190429200726,13.419606492405592,5.657285089935698
290.8045977011494,206.41379310344828,13.099699318184946,7.215096340979585
290.8045977011494,206.98850574712642,12.571167550268967,5.213052075228518
289.6551724137931,206.41379310344828,14.048315733187678,7.221934508566903
291.550904873294,206.56449510123497,12.492067289412773,6.146890253520553
290.5212705413896,206.7009690138854,13.464504978705975,5.829145448098302
292.259099632275,206.56715537779323,11.136359024336173,6.001260140892271
293.0076803469671,206.3565863473447,12.311212191368554,5.229541461820276
292.46954261883957,206.51381719748707,12.964904874096078,6.210080485911561
292.03736647535317,205.9561587442112,13.836495117732795,6.863773168639085
293.7547197305604,206.17914164814388,12.397196657223162,6.239648648668606
292.69548574169926,205.54704762715076,13.618597556823602,7.081670729548279
293.99390854071476,205.4027554169166,12.571012753112825,7.0637119279396074
294.2180572119878,205.74814306572472,13.301052257810227,6.650526128905113
293.81201282563893,205.12811129633664,13.682736031472416,6.578238476669412
294.76261131771906,205.84380938325654,12.479297297337212,5.91124608821238
295.51122361067416,205.67069616667214,12.551545386612247,6.724042171399418
295.9707139576799,205.75440946631508,12.202263410913929,5.883234144547799
295.9742898308829,205.53895653323045,12.169769232620581,5.235040396155227
294.5044078060367,205.5548095635592,13.648528131951082,6.465092273029455
297.04786547233056,205.08292632208133,12.089544186291562,6.225213051150149
297.0264832480647,205.35607694994474,11.904592816538809,5.664944167870203
296.73301565506245,205.64716160816974,12.500958705695837,5.840611854300505
298.0016078558393,205.3693954047645,11.271356210053625,5.32827748111626
296.83080207081605,205.48048463330144,12.611307455906285,5.3485455728174145
296.22660249760787,205.54552033672022,13.121594759194238,5.77894069705448
297.5991728656427,204.8539199361678,12.44818791448796,4.568997811310169
297.5146329247588,204.77055839124785,12.541432767780009,4.941977224478364
298.01975132816057,204.7119223937741,11.888718794735667,4.941977224478364
297.83829421508614,204.91034658806666,12.049100082837583,5.0911690490862895
297.93611564988487,204.86760363700373,11.96848997731621,5.289300409330082
297.763687727892,204.5959379191287,12.276983715188578,4.859639387262149
299.17052484847534,203.95852019713823,11.260096346828789,5.691916834660702
298.77493762540865,203.90810172250278,11.523725277481105,5.656462712422126
298.41002086841314,204.03606171330978,12.049100082837583,5.6427123627373135
298.84761554391,204.20873479193617,11.034894023918014,5.57374749167289
298.8729284759761,204.04573219891327,11.383833669321405,5.630048173414394
298.67625299506784,203.79273547801625,11.659625719837095,5.984244988658105
299.837186883452,203.52483894725714,11.910191673982013,5.305129624694047
299.80949352091704,203.32148574426878,12.515790579003806,5.133595457828676
300.14369361456403,203.0656171854787,12.084314073870928,5.327908441514978
300.0765097566611,203.46188096571453,11.839925056436414,4.742996684329114
300.093749477335,203.25283589794796,12.402057996801318,4.813263301874741
299.90803819328085,203.2090216374267,12.2735045776231,5.85524989024222
300.3700703753764,203.38552055878955,11.748851514797593,4.988599651124389
300.46433998094716,203.11791018379142,12.551545386612247,5.9769263745772605
300.4359002247906,202.83706259822665,12.500958705695837,6.148012478211058
300.4890066002618,202.6898887395374,12.92510328502334,6.87346533076385
301.83915856099577,202.89107733970116,12.476833806930017,4.482694780932945
302.56160368071187,202.92780474464456,11.430871691379025,5.7527916355306274
302.5529997134358,202.41884628873512,11.2477876956263,5.829145448098302
302.2285188163998,202.5331242514053,12.17976466529376,6.405654009154489
302.698952761907,202.45666687025363,11.904592816538809,5.336541607413949
302.8671290892969,202.73970870608986,12.101781695008185,6.1188783851164885
302.93633988789037,202.33449385725197,12.450426102300298,6.315433530152319
303.69121483371646,202.09981521654248,11.698920159926217,7.1383241653787195
303.56554506073263,202.4683063441329,11.445702330567713,5.506310850921778
303.5209036637814,202.2813220679564,11.729718010107888,6.425195852670555
303.8544759870788,202.58944960611632,11.19822768558248,5.19696754469021
304.196786282184,202.05056440673954,11.658290896196604,5.91124608821238
303.7484663241449,202.45064297357206,11.083586415398202,5.418642247527998
303.6588735637514,202.74129234964042,11.485297861628965,5.067043174248084
303.21012937501695,202.0406416844265,11.89781908217094,5.574978084217264
300.28646480270766,203.21469743722665,11.658290896196604,5.664944167870203
300.2491437939574,202.87738388252754,12.068794096766908,5.829145448098302
300.4269800104426,203.0252055613209,11.658290896196604,5.664944167870203
298.3660057787053,203.70158789225658,13.419606492405649,6.578238476669412
298.8447545525565,204.535351219633,11.816914298045617,5.691916834660702
297.74275805834685,204.27847403449164,12.92510328502334,6.126349533941692
298.1077160905347,203.82761793351733,13.400699995914408,7.4085170709120405
298.1858861368035,205.057539406199,10.77630782056599,5.473006727767768
296.50985236233925,205.0667082277849,12.397196657223162,5.91124608821238
297.58588271818707,204.56632698287518,12.075208501319764,6.060915463982894
296.22685433440046,205.17501294922928,12.78949746297019,5.452886515219859
296.88441816805454,205.53081228276923,11.217943706046924,5.710953159442056
297.1438624977609,205.50093995869724,11.353918781271716,5.371015471380048
295.8263321243608,205.5419826317858,11.861356662330593,5.499065622428219
296.0391129926441,205.4809410741701,12.7058924549695,5.32827748111626
296.1777957319778,205.58477271390814,12.962059641561666,5.32827748111626
296.3312706119356,205.46581610235583,12.373732249262389,5.815654157153318
295.8127672048453,205.47123836265493,13.223949603752203,5.9769263745772605
295.8644911789945,205.74535820410534,12.910826204243222,6.35294622748475
298.9886290976962,205.5576377521165,10.10469364824371,5.413228740130563
299.25914943503693,205.12085036946453,9.58964249317836,6.001260140892271
298.6556143271472,204.9364407003529,10.160774836781343,5.902214794895059
300.0103848815703,204.94100628157017,9.031070412546683,5.91124608821238
300.36613840408114,205.11174105430888,8.362467126325896,5.77894069705448
300.46854439206066,205.11154269479593,8.914618093406034,5.943078728937365
299.81355151872185,204.78310056812333,9.92425269023937,4.871905866117487
300.38708898596565,205.1449424033371,10.021485389068403,4.841841255392609
300.9295715157052,204.509074966188,9.382280190511949,5.710953159442056
299.3965579966286,205.09360462007456,10.861488711506183,5.32827748111626
300.39754569367113,205.1887808232893,10.117066582186851,4.988599651124389
299.31197629928823,205.107736692587,11.19822768558248,5.135098883443902
298.5629198179766,205.26025815496317,11.260096346828789,5.506310850921778
296.2802850152756,204.8971297421032,12.811308018308978,5.954551614143611
296.593700280176,204.87940789316283,12.744944216740294,5.75378549590701
296.37823911531353,204.64797687916015,12.91763214635705,5.914915772279272
295.2182984850093,205.5776150340774,11.356160111696795,5.00567583870847
294.92880328500837,206.28106245467447,11.576190256082555,4.269233285931165
295.2040717606137,205.54774265466045,11.203795463059635,5.179644133675794
303.99231176400474,203.50602620374184,9.76997617357324,5.336541607413949
302.62986261561446,202.90601124228732,10.459621155510206,5.9769263745772605
304.1694062536412,203.8258655389549,9.527773831932052,4.763886915966026
308.65264203136246,202.63711025453685,10.426781294485693,4.433434566159292
307.6717559843256,201.9038864950924,10.262580014257594,5.336541607413949
307.59970324980577,202.22376421090743,10.39393508938042,4.702018254719718
311.1043990598831,201.7548218205275,11.2477876956263,4.515535206273341
309.86645142596643,202.01366479656332,12.643498577565367,4.187132645817087
310.0876610157368,202.26859257607182,11.99932370728942,4.871905866117487
312.8543852829344,201.07484571685774,11.411988975854456,4.187132645817087
313.60467307329947,201.24137931034483,10.344827586206918,4.597701149425291
312.64367816091954,200.66666666666666,12.068965517241395,5.7471264367816275
315.0710246641992,200.83243358235487,10.791044301318095,6.156072164771558
314.367816091954,200.09195402298852,10.919540229885058,5.747126436781599
314.367816091954,200.09195402298852,10.344827586206918,6.3218390804597675
314.367816091954,200.09195402298852,11.494252873563255,5.172413793103431
314.9425287356322,200.66666666666666,10.344827586206861,5.172413793103459
313.7931034482759,200.66666666666666,11.494252873563198,4.597701149425291
315.11940808060666,200.4273407628255,10.590982574713848,5.336541607413949
316.7691173643924,200.2682729086002,14.367612019960632,5.418642247527998
314.6267123810257,200.56612110018523,15.845423542013748,4.761837126615518
314.4736398101342,200.56794899164126,15.9620859809163,4.560595994547498
317.2413793103448,200.09195402298852,13.785891624467979,6.7856658801530045
316.6666666666667,200.09195402298852,14.192982635033047,6.746312496577531
315.51724137931035,199.51724137931035,15.244034924691164,7.30379929529829
318.6330336275369,199.88721117690153,11.569439653060329,6.619946753355379
318.9521961571599,200.33803701251412,11.142759968399332,5.687936050814727
318.597080967204,200.10515054198223,11.494089615968505,6.239648648668606
317.42714705902654,201.05665154619695,10.344680654371643,6.239648648668606
317.3480799370445,201.45830901113123,10.809692105062538,6.305653727953143
317.3887109814174,201.39096437034138,10.584490186207063,6.41825468738088
315.44992765766386,201.9690695669326,9.265927724373853,6.061461053027898
315.7250031146798,202.31222913347278,9.017084968042866,5.379510918434676
315.7563907458321,202.12444330404978,8.960919162209905,6.080623717213882
315.76725216148077,202.1106190933735,10.066487110794242,5.818778676759678
315.8351708312743,202.06764251435374,10.139911689430221,6.363961311357855
315.56413942142905,202.05463787064568,10.012993000250333,5.972662491377406
313.8592296593114,202.50636691299,10.502854650277243,6.199245915529474
313.5192451549307,201.5904469408901,11.26009594277349,6.361954207667026
313.0895159995619,201.8169584079234,10.753391625348684,6.361954207667026
310.02256824120167,202.83887956442172,12.232995376995063,7.060655049809213
309.87056043680707,203.5157395849731,12.476833806930017,5.902214794895059
310.4021989616691,203.31872360603472,12.09331463045936,6.863773168639085
310.0518078485613,203.28216210562377,12.103275908518981,6.0516379542594905
294.139642538299,203.68341070707734,12.188126265523465,5.939391479645963
293.91378848792385,203.46886516549318,12.252699067883384,6.126349533941692
294.10391372667334,203.22298891758618,12.327410647565614,5.7527916355306274
281.50650374684915,203.24190280599953,12.541432767780009,5.641313624168703
281.27232901343115,203.24217229395967,12.435600910508697,5.568179512168086
281.5170591394322,203.35016349221988,12.430937761519033,5.388153910282995
264.6713226299806,202.30719472332638,13.72754633727817,7.081670729548279
263.9931957642735,203.3465867508037,13.98231744166651,5.320704867182826
263.50570332391436,203.02063661662132,14.696014580416886,5.829145448098302
259.4504580260025,203.2166980358938,12.849644608744654,4.895102708093191
260.43663537931474,203.02995733118158,11.761844006946149,6.390828535566129
260.2423095825996,202.7174285295772,12.621206894247678,6.310603447123839
251.43325160332913,202.16483902321127,9.627382031071335,6.13675228881155
251.36788760618174,202.77821920909662,9.588368375779169,5.6851387714797
251.25571004818076,202.58740393290248,9.586242803349165,6.186865922728913
250.96130188561972,202.12701973714144,10.396801142062941,6.5271397304431105
245.13404563910058,202.15240302955615,11.316396422487344,6.812358045377948
244.74324372121652,202.21897242061473,11.748851514797593,6.713629437027208
241.65656695839783,202.04662664520288,11.957270597605515,7.1935451456182875
241.0787394701561,202.1505562642271,12.101781695008185,6.866741298852958
241.77041460185097,201.66143171590207,11.50757099181402,6.929290059586947
245.64943234806924,200.72728782930665,11.316396422487344,6.530855646808618
245.2815421836844,201.01601091778102,11.732457145919454,6.0455456035741975
246.8408392580206,201.4362821128471,11.373823084690457,6.250479352847918
244.85596293031068,200.78026571482266,12.126257604277157,5.815654157153318
251.0969099502159,198.87026050378185,12.910826204243222,6.557879976758471
251.34465985662635,198.9963574550699,12.667607935620168,6.7560575656640935
251.72014949836807,198.76197763889732,12.586218492274497,7.1810939863897545
253.9258130882108,197.78469503691343,13.37192714010908,8.709684344132341
254.0980015501009,198.06439532995222,13.14752431417827,8.25216951634593
254.43791452950356,198.19671513186933,12.836509374761789,7.769466200513705
258.77571904594794,197.39207161214097,13.645035997001457,6.982534412111619
259.13808858601215,197.58478427959108,13.069590863484677,6.359128887878285
258.80261745429607,197.5916883040089,13.681016570469808,6.361954207667026
260.9405244528199,197.09868520314052,12.468811585738365,6.90580333979355
260.76290232348657,197.33991244190878,12.812775440200483,6.491240537585014
260.81357688761864,197.21372569894393,12.470394395719836,6.910837761095507
262.98336217463054,196.99675647229873,13.054287522971833,6.805552737094331
262.89507248763306,197.47257581775506,12.479297297337212,4.597635846387391
263.0276785174592,197.20620777166005,13.423160577427495,6.609113414076887
262.7946482089517,196.8862556953363,14.617320586667176,7.4786291373646065
263.5260509131214,196.74811188293444,13.801470135318311,7.4786291373646065
263.9030529548234,197.11013867292323,13.109760301397216,6.194255676388337
265.7476787411057,196.65149500653203,13.624716090755896,5.967850849669958
265.1961629371241,196.62947532679553,14.018190200350489,6.183462344014259
265.0718296977219,196.60163772730317,14.120488559938792,6.0516379542594905
265.46604167602163,196.6282849744589,13.730561201338048,6.81404716335058
266.0036371821596,197.08680439444694,13.230612732758857,6.812358045377948
265.7957952629589,196.58250947926976,13.363630829203373,6.496209430862763
265.78637385620345,196.72488655631767,13.455814651614332,6.41825468738088
264.3179033248399,197.31840759315426,13.301762167957065,5.877522818399655
263.9953477174564,197.2458903935088,13.986727993806653,6.480517303797086
264.17090749634025,197.38313657419653,13.800238287222612,6.853496716965282
262.64367816091954,197.79310344827587,15.010647241137349,7.07730355484594
261.47250313241665,197.98420303392643,15.467165311578015,7.114896043325871
261.10701984601275,198.20566574675888,16.062989631676373,6.798753751081648
259.4095446969741,198.8987373425732,17.482509645638515,6.126349533941692
259.75177525135206,198.64499633025926,16.88481700818079,6.724042171399418
260.91954022988506,198.367816091954,15.855875686954164,6.841691757781263
252.8480668325062,199.45567901209645,15.517922388374274,5.503449219132733
254.28704820042594,199.7619645595885,14.044186102912818,5.320704867182826
253.84709939917676,199.75951101535207,14.71818119739649,4.93096425902624
228.00320765349986,199.0128092893922,12.725599217679417,5.829145448098302
227.96980233413444,199.6332750657318,11.001485775284152,5.0081390469576945
227.710434040859,199.23897586681156,11.142759968399332,4.89535479783234
198.77298114882853,199.09119633712402,13.533071850326394,6.044772093145781
199.4666791676569,198.9142462542887,12.888640854155994,6.345177035892192
199.6749387815112,198.34957462703704,12.964904874096078,6.64587560772992
171.13698299470468,198.152198665481,12.893347414272057,6.578238476669412
171.20705995115426,198.8392897846725,13.239893506710786,5.258836205936518
171.45354932159194,198.8592843961729,12.327410647565614,5.902214794895059
155.83837259820194,197.99089045026773,14.203410739732504,6.56805120912486
155.41075147989818,198.194861505727,13.628706258934102,6.896453769581115
155.48765553433958,198.10598732283384,14.209395360992744,6.934728836465354
155.51744775503764,198.3054901053577,14.942316500759063,7.142755689923291
132.61263313506598,197.43585934033584,14.568758038032087,6.3504842729883535
