347.88126383245907,192.42501427150378,16.117744251093654,8.258678872461218
348.01501886808325,192.33477583312362,15.851335255207857,8.258678872461218
347.9327169490256,192.52839352334075,16.25094874903658,6.926633893032005
347.9754302046925,192.36723478324106,15.773848459424471,6.7287045875866625
347.9791866116653,192.1166591143505,16.000523653501375,7.757829650182487
347.6984866200189,191.73509628902497,16.117744251093654,6.926633893032005
347.5008870830919,191.73123039224402,15.663541826841083,6.287478057253111
348.2657586033372,191.35938820569334,15.458372359868122,7.327670014742665
347.21379932905336,190.62413625871554,15.962783784422754,7.4054151577219045
346.9565405563156,190.95824362562533,16.27563744438254,7.655577612728081
346.756713566008,190.8600208168217,16.094797028333858,7.715857751410965
346.756713566008,190.8600208168217,16.094797028333858,7.715857751410965
347.346135997596,189.94526766137983,14.970671725428872,8.61144833763609
346.44181729377664,190.72478772574857,16.23705841989397,6.198606761648705
346.5540838318967,189.69518502296268,15.524493257577774,8.186549499172855
346.0806959351145,189.20956613040312,15.91062623257909,9.05411327047318
347.08554878776295,189.69580866481965,16.035237337451235,7.824423038153924
345.4995141325522,189.12394267641346,16.447640860045965,6.649046305124955
346.38860712761334,189.09472510841994,15.518573532720893,7.9992647075880825
345.4983758231989,188.95698286951722,16.60660409492192,7.030533120477884
346.2973453355899,188.0665380384629,15.710413764530415,6.899843883070787
346.69819904208236,187.47485905232196,15.518573532720893,9.19915441372629
346.4945415213064,187.71467997122227,15.359052630450265,7.824423038153924
346.0497099128565,187.58476498241703,15.235639366586895,7.485335862714436
344.6742715906463,186.16557004208562,16.478485297631437,7.279330883905146
344.22276537778606,186.53930864086865,16.398492650555568,7.03935294267751
344.54212279061284,186.58942939066094,16.52595431892189,7.032320986775289
344.9491040585858,185.13255856714463,16.241170986305065,9.23517565887937
343.4240541132343,185.52194262275566,17.756610491607603,7.823457097787497
344.91328103235276,185.503657913182,17.053378392930085,8.966209258138491
345.049836319278,183.7098407489396,15.65056182605224,8.371230744167462
344.5524321080799,183.44181273354857,16.27563744438254,8.861180386386053
344.8337423786824,183.93799446531668,16.12350907459046,7.138271819400728
344.2450506802887,183.08932374949717,15.762601950419821,7.858588292284253
344.8513598452826,182.22069911753474,15.139959878009222,9.87388687696253
344.86577151137055,182.17081329002662,16.122913148194584,10.85130247978276
344.274143438507,180.0854676290873,15.359379586386183,8.118529209946985
343.74327395235866,179.55040272782944,15.831816559192475,9.008899799373125
343.6346431436074,179.93394975358524,16.52408155587841,9.244750473993633
344.8263946838671,179.30653971073227,15.068215339501421,8.007264190073244
344.59916659217794,179.30501407709312,15.02531341006727,7.238107788902823
344.2689622475373,179.02134692114203,15.524493257577774,7.537615697409166
343.86613367843967,177.02978365792177,15.998529415176165,11.038985296471537
343.71200839838974,177.0755270861386,16.43805030658723,11.075905554171072
343.68765629135186,177.1712854147653,16.137583393501302,10.38222148393092
344.919229884719,176.45646943346347,16.121462238120273,9.300843598915549
345.16973871265805,176.50600626746035,15.159548036319393,9.441802871256016
345.7425955214382,176.8636396676492,14.7194323858252,8.96858438392141
345.08798858811065,176.68555884066717,15.610948970403399,9.065635426186049
345.4592584093468,176.6188658216951,15.535475121163074,9.221349267824877
345.32095472719277,175.87427620218045,15.126646828500895,10.493259511662785
345.2644188977481,176.7325590948669,15.469089440574635,8.831643262172037
345.9620554574395,176.928156970712,15.262922926054955,7.9948643898383125
345.15416343542665,176.47352841673734,15.65056182605224,8.371230744167462
344.72824213590593,177.5961863204227,16.30570162342184,6.842571216971663
344.86239280205746,176.87852233033047,16.23705841989397,9.819031949868304
343.1056282270737,176.71492692841562,17.980803874344133,9.366569382242034
344.4867688837523,176.6356222804472,16.95017247211905,8.337948918323917
348.1452031079139,176.4402680512182,15.103155546007883,8.01527114503051
347.93488190300076,176.06003881609894,16.32318101359465,7.387861743156009
346.71558812605645,175.6409719741805,16.49423566208759,7.485335862714436
348.0954620072484,176.04697908325323,16.08868191008804,7.120097526166603
348.60112417223246,176.3191889195713,15.377394750207031,7.192652383161345
348.13161624828035,175.5848357258859,16.25983810062087,7.085866288060032
350.48909632543325,173.77777429241218,17.121868769611524,9.085073224691826
350.6164364612549,174.6767773465183,15.831816559192475,9.273867440531149
350.39606106118816,173.62782795369148,16.845318249156662,9.222746758952212
351.10593118056744,174.52162864382424,17.125362925960474,6.768379511851748
350.93583082758425,174.45277129557292,17.324807974885744,6.551397973696282
351.5051973606191,174.60485827893874,16.45647786043122,6.751375532484616
355.03977129609353,173.26034969287826,16.513750838571298,8.463767514074107
354.5977011494253,173.6551724137931,16.580061987278725,7.56504210659827
354.5977011494253,173.08045977011494,17.654474900734385,8.371048164391027
354.5977011494253,174.22988505747128,17.096376638388108,6.352786654004774
356.3627098212099,173.48709460640637,18.28403456561574,6.241184875763054
356.30475336283155,173.101521773337,16.927535028148213,9.328952637735028
356.7211667814892,173.62327352182538,17.059882326307502,7.734544720287317
358.19481197922573,172.65577965691878,19.03465970169998,7.624834866098837
360.3448275862069,171.93103448275863,17.241379310344826,8.045977011494244
359.8304022097953,171.98793321221243,17.64225317378117,8.764701470130092
360.851179114229,172.75659867340505,19.22936423984453,8.017258444825472
362.48906142472117,172.82587862707027,17.389011888872915,6.966575740968011
362.75317856586275,172.84636523820484,17.621048617122085,6.988517865147571
364.6457251234504,174.2189217822658,15.580900487014446,7.177207804513927
363.6473066793578,174.02229843623124,16.7184632388591,7.279330883905146
364.57434007241244,174.52013805959248,15.907928857328557,7.185995449344972
367.3950663569335,174.5386857331464,14.37637960830358,6.48933801763701
365.8441063521372,174.35887511243018,14.922686840926701,5.456494911363791
364.49404415746716,173.26866252569118,16.97211481535834,8.486057407679198
364.67543942923646,175.49943208151598,16.396763053047152,6.093160382969501
364.620860742329,175.2821327783719,16.155077167016714,7.173336503264892
365.2585659975445,175.10650206339065,15.535475121163074,6.904655609405808
364.89184164698383,175.54274654509823,17.91835294499731,6.5593970602222385
366.85225237007717,175.78524345409656,15.358588238569098,6.079441177766938
366.0972301526108,176.22606293035574,16.23705841989397,6.253461688742931
366.75290699774104,175.3863505694853,14.326461623552518,5.59081429211804
364.56677265728945,174.65312430929845,16.078522062252034,6.879367648525744
364.0491215053006,175.0204333342552,16.79845588593497,6.639389707298108
365.64104509169715,175.02935073229705,14.889903956692933,6.946545151344196
361.07754726858155,174.25821821601977,16.228432968022958,7.824423038153924
361.71470615459737,174.9760030475856,15.765574648902998,7.6178196832934475
361.84984932565163,175.11800794646342,15.678558826872631,7.279330883905146
351.95944610822096,174.65421881770726,16.17342705934152,7.637451666911261
351.87029984035865,174.51948095868164,16.08868191008804,8.181265907470305
351.4011027677935,174.30710984535062,16.37309899834571,7.387861743156009
347.1264367816092,173.6551724137931,14.634097701144867,6.583834418876705
344.82758620689657,173.08045977011494,16.2090616250282,7.540544972867991
345.4022988505747,174.22988505747128,15.937129365295107,6.9338335453767
340.2298850574713,174.22988505747128,13.218390804597675,5.747126436781599
338.8785215515287,173.40503476476835,14.83818790484986,6.955400580398361
339.93939714136667,173.60526401202432,13.57964476702557,6.582930288724327
338.7075577546822,173.03376149993397,15.085104950914968,7.240850376439198
338.03721915770257,173.03007089446524,16.223345044092582,7.587533682160199
340.4113001739615,173.99282459184124,13.449313887207722,7.120224999109979
344.68374017063496,172.78997282405786,15.43436509745544,6.756674849529844
344.92382442965874,172.67145106230788,14.679970059893378,7.471841048448738
348.0281992742963,172.7047504770272,10.929915197768878,7.286610131845919
350.83657013786814,172.09025828294864,12.029091054597416,7.027304052513955
350.52129294704025,172.02500443923236,11.99073362908399,7.965475531377308
349.0100469756628,172.06887954151193,13.378019913282458,7.936959575417575
354.41261199487644,169.994818827241,16.277043177537337,7.6833420922992275
352.8735632183908,170.20689655172413,17.495821092225526,7.549460026711785
354.8401741135862,170.3513598670481,15.518573532720893,7.839279413436316
354.5977011494253,170.7816091954023,15.949870533890874,6.794848898840826
358.04597701149424,170.7816091954023,15.775323199919967,6.758644181622259
356.8965517241379,170.7816091954023,16.666666666666686,6.3218390804597675
357.4712643678161,170.7816091954023,15.517241379310349,5.747126436781599
363.7621736436486,169.43066471115353,14.10555245179819,7.052776225899095
363.8147004571464,169.08382598659801,13.778317340217711,7.6178196832934475
363.3353154650702,169.29625248215638,13.838727944127356,7.679294119284549
365.967885619354,168.812561094013,15.066597139266719,7.14146189449275
365.4772985642999,169.149403860175,14.982471550642686,8.528757059365233
365.6418113128887,169.02197962323856,15.967384089410132,6.932043365267191
369.8454266406672,168.59463147549505,16.423016983096772,8.635811361932355
369.86400727750873,168.5049576374373,16.560477572377067,8.94265788908362
369.1220967067177,168.92271058285405,17.05927924726018,8.559779692971546
369.72860968822476,167.36574868263057,17.663286524344073,11.30011498141269
370.5589176270289,168.05327244008063,16.572770937349958,9.035155239940792
369.85670078299324,168.4675603344656,17.402911800637526,8.804798606973378
374.91818213629176,168.29894840063605,14.41135124286609,8.112803431257163
374.15708600901274,167.53252908477728,15.424657288075707,9.384581133198168
374.5895125149957,167.65659193952726,14.670530357728467,9.40418612674901
373.7122385323535,168.86982829958094,17.324807974885744,6.988157838609368
374.94869446633123,168.1038157703804,16.30570162342184,8.007264190073244
374.6663788651497,168.14466108661972,17.038433827162635,6.799375001449874
374.9785991024917,168.99095003595227,15.733116196236438,6.630815255118819
376.00684167455665,169.23936730719157,14.76863397731006,6.449974839070109
376.8124933481805,169.25630374988177,14.07687169979721,6.838763910894414
374.98930949355105,168.6160816489781,16.32318101359465,7.038435849898605
375.4587312483276,168.3673730179435,14.685201147718658,7.804722288298024
373.9291326888103,168.38428161143807,16.85230153913426,7.749049368441177
374.7053963437329,168.3092559488518,16.396197721748308,7.595297474045168
364.14208729758104,168.20421689101207,16.423016983096772,7.487697712658104
364.21008442095666,167.10424856733778,16.566187982459383,9.654467168585597
364.1034704620911,167.36259257132136,17.113552222004614,8.474101945678598
353.2299734793961,168.23589913177523,15.27239826984038,6.846247500273279
352.83352275638015,167.3466877718069,16.815254799153763,8.880783919899415
353.5506424903978,167.17845505965153,15.250875086773249,7.836418028776762
335.547002454683,167.22165557228092,16.950172472118993,7.4054151577219045
336.13203103999234,167.73633815345923,17.21621365766316,7.586036097176134
335.3172942574546,167.39028540332197,17.75510340730216,7.147181456329264
329.57674637864545,167.94699686549697,14.079992862814265,8.099110938786964
329.54488278931393,167.67301582955142,14.226625654050395,7.687369651662323
329.9797154746298,167.9218159701287,14.121902298856412,8.225644122529786
330.57985603933844,166.43887409457543,15.577768515233402,9.827096960544424
330.8743884697306,166.48807988199607,15.11861029734149,11.678926473078604
331.64112473268995,166.056488680031,14.406953145212697,9.765382466629518
333.01966860512675,165.143113352516,15.761415948431363,8.539001003088117
332.4516745120268,164.92236056483057,16.62104290955358,9.27048267892593
331.5822605058794,165.64099949611085,17.324807974885744,7.934470879254377
338.0227486527626,165.00335490630596,15.125149379569393,8.286385468674979
337.8321995728474,164.9347187853587,14.920540169632261,8.612223553795104
339.45447258285935,165.1110130027486,13.795188956947811,8.112803431257163
339.46295492086335,164.4191233674584,13.988006409030277,8.886498189266291
338.0872159723126,164.63263945994953,17.65991046446902,8.447820310165412
338.68395343327927,164.50504743649185,16.48846035982416,8.000699689944923
339.23369524221863,164.7510656968233,15.9387185508848,7.75468142961347
343.7508161569629,164.14611779984148,14.869873498209529,7.210204039238988
342.99195169808957,164.36762499683337,15.672836057553525,8.077538583508357
343.600532598904,163.69757085706405,15.08803517157412,9.135495268268158
345.0756125255324,163.6770234495564,15.250875086773249,8.680339970337343
345.5551260874311,163.66465821838898,14.675887516809894,8.585893377181293
345.37443276464353,163.61658016149906,14.854094633392776,9.175923901973505
348.7925398930687,163.2853233031891,14.095945187689779,7.771371540427225
348.02150452952503,163.21471464825476,14.899519999244148,8.131140487392372
347.81639608560755,163.53878833644495,14.853769318297907,7.285150219088848
349.44165697775065,162.4064601072758,15.046697802798406,8.727084725623087
349.7859253483003,162.52297688396646,14.646265534161103,7.899109501570024
349.2146788542882,162.46655715780258,15.035796096798208,8.176565853243716
352.25464449828564,162.3012908192029,14.921054383380579,8.441765632351007
352.25376085057053,162.36565519901694,14.827603103317642,8.3483143522881
352.3341890150741,161.96939656101185,14.734151823254706,9.002473312728569
355.7113911598786,161.76215634300272,12.896276648683852,8.036810085411673
355.63897164952823,161.57750291614965,12.973639242390107,8.523578288535987
355.6039465247305,161.51868863369214,13.425833902373768,8.535216912413944
355.64839124799903,161.45393447288862,13.351877699776537,7.854045705750906
355.94013833335003,161.43130584888146,13.178347974278267,7.787205621164418
355.7095670105438,161.6219515673152,13.264206828595377,7.949439023986969
355.8984597372274,161.6184442667251,13.351877699776537,8.226079449707527
341.7301080041744,161.19791813863372,14.550653096970109,7.192652383161345
341.9373728578212,161.08049981478962,14.110230409744304,7.6613134034626285
341.82577057370645,160.95213639583693,14.424597196318814,7.861899601962193
314.5266386776654,160.06018272579556,13.854736584662987,7.586036097176134
313.9041429061637,159.91856623098016,14.54724926312889,7.943358805348737
313.7956660237299,160.17079244871593,14.82099733575643,7.824282857455188
306.7153338507832,158.26852588647054,14.63332726229379,8.350090697693076
306.67196572622066,158.18632114984814,14.67773510629712,7.919270083713911
307.2805217795451,158.28872970712797,13.804151758383682,8.13781872219127
314.88411544456585,155.7766389209101,13.598750002899749,8.399227942967485
314.8644448856873,155.98209426361797,14.097716263218729,8.283093991229691
314.93862413007054,156.4982383180678,13.42793789803352,7.83712360591548
318.1777092373702,154.8304862669567,15.231080738516482,9.333809923324878
318.39504993428096,154.84091113258418,14.685308124279572,9.110330040062337
318.46523230493085,155.02381191815172,14.568758038032058,8.741254822819258
321.74381554004475,155.3967337597767,13.873435658760116,8.48528174847715
321.98544050271624,155.35522052115104,13.747664056070505,8.280569745400612
321.84921792799236,155.2992892182004,13.93597493083945,8.291759614382556
325.6170773804259,155.72095103470636,14.297699746184037,8.018591252310927
325.75567376760347,155.67585028102408,13.715692744312207,7.577200886717947
325.99041837966956,155.89828509724876,13.636441389924414,7.781926800257224
326.69865554356966,155.71706539295167,14.455591694240638,7.889681913706426
326.8951916601894,155.66129586845432,14.300321847322323,8.219870038224656
327.2048591815613,155.78740204353596,14.018190200350489,7.623928003699405
327.08863647530086,155.74441523228086,13.973738526777652,7.565092926565825
329.54867361724416,155.64816269174662,14.605134478666798,6.924346625344015
329.32001798645365,155.83541545816198,15.419763493413143,6.4006565444356625
329.14707702225536,156.07962929555194,15.867901227990217,6.949445793280404
331.62153791740747,155.77485563497618,13.406745162593893,7.297342303690357
331.2574351180088,155.6500388720135,14.126595273744726,6.946741570257302
331.4851496259775,155.55853916882577,13.555836185520718,6.937774651551877
334.1009191226229,155.76409952731635,14.229792086651742,6.496209430862763
334.11894345388816,155.29786872894263,14.285511379846582,6.65015184923891
333.9885518368842,154.6192021122501,14.29412901184071,7.121447787261133
335.3024682144563,154.7304591638974,14.679537424865487,8.1034440697957
335.08651355666007,154.80578317763133,15.113864008935536,7.4288484111716855
335.5849175987542,154.60958545798874,14.219840127036775,7.0866088501953755
336.7518748694064,154.09692152508273,15.574964944801366,7.3776149738532695
336.6971293786747,153.83218681750049,15.540008573900877,7.91942744631487
337.318415990023,153.84850743309119,14.807026164747128,8.219870038224656
339.5603850690295,154.2509343500692,14.750725685033274,6.7560575656640935
339.9518196519345,152.74834600580886,14.50983178989594,8.35800252224999
339.7883198816827,152.84022713086114,15.24785600739881,8.46712741424679
340.32064968789683,153.44871324445748,16.877318445860055,6.760251863673233
341.4627560645856,153.52348205489898,14.9316562284435,6.815861901924819
342.3213353718504,153.29108279607354,14.046016484674794,6.745942737065064
339.8700470496725,153.98309043384756,17.396848231585068,6.530855646808618
342.60716348652755,153.6546441897034,14.857696822343371,6.35294622748475
343.0711985690722,153.52763389666532,14.127994111214491,7.551900756144676
342.8577869081322,154.19342528012785,14.13053977967013,6.177285149582559
342.6812196635382,155.39814364073223,14.075119928466847,4.616639336537133
342.73780721373674,154.77123465996178,13.423160577427495,5.6356781050268125
342.25204433249564,155.38609419614883,13.628706258934074,4.926038406843645
342.8128491475505,154.6823068361335,12.681300047718025,5.314956637646532
342.84151680159823,154.40562486362842,12.507457923119773,6.253728961559887
342.27631129676035,154.330474806038,13.16699339083533,5.840611854300505
336.26812087703075,155.08094396988406,9.836819965137693,6.506646539440027
336.84555909886194,155.4672319233855,9.27567126346446,5.4449394949168095
336.5997975626888,155.2497109646018,8.495416868069128,5.731496996608286
320.9709526145693,154.25443294689387,16.83384343444635,7.544264281658229
321.31278672588314,153.95000762847522,16.588959177426943,8.294479588713472
321.482460734242,153.61148425904557,14.149723173803977,7.974722637506147
295.5281727774409,154.17520327707982,13.092516877731555,7.411003619471899
296.18087129816075,154.3562778594073,11.865105713333492,6.080503749788107
295.77123977298237,154.17338126005532,13.448084342798836,9.264235880594754
293.0610145023324,154.3817409796874,14.044186102912818,7.176764704572207
292.85839707574195,154.06666953875416,13.846860713868637,7.5062106900095955
293.20040724637937,154.15212649850451,14.382552563668753,7.38219512117513
295.8349556865668,152.05792976582043,16.271226899461794,9.044750769328317
295.4404876856602,151.96593947027435,16.436547530087466,9.114812721230322
296.6736707069767,152.32615006078518,15.267564320890813,8.299816845584928
300.86086483514356,151.68913213587692,13.14752431417827,8.998128342682293
301.3930421690685,151.82103737127122,13.115759953516942,9.478185903908724
299.1066704685816,150.1390835337019,15.273507147258897,10.267190915657352
300.6951879176074,150.9294972030827,13.576860889382772,9.888053402456109
305.8756862158139,151.2508057057652,12.7058924549695,7.4288484111716855
305.70744490271574,150.30318752637558,14.126595273744726,7.972434956469812
305.6058883919527,150.5106127345777,13.56712615399249,8.485281649576052
305.77132242598526,150.66474498097543,13.83302807597488,9.734353090500832
305.38620669413626,151.0021825318574,14.018190200350489,7.623928003699405
305.02373145263977,151.09534189644452,14.864092391183078,8.107686758827128
308.6685402361788,151.04902021148058,14.96016369698026,7.582548723126962
308.68760982732476,151.4636563463949,14.866659967611156,6.969745963310174
308.33110144018326,151.30983939698126,15.56405578635406,7.096928372107271
311.41279613720366,149.20481005514137,13.371927140109051,8.96585153072445
311.8367824140038,149.39662100119477,13.660371007284539,8.019057383115836
311.4942528735632,149.51724137931035,12.643678160919535,7.471264367816076
314.8318704466931,149.76227633914723,13.32189234510912,8.400428930992376
314.7204755125996,149.47736203701655,13.551419296896768,8.648199209415594
314.68202888483586,149.30583972364113,13.512115131328187,9.12067771364653
315.51724137931035,150.09195402298852,13.804747755166261,7.416199727237711
314.367816091954,149.51724137931035,15.033202152620277,7.890332708405168
314.367816091954,149.51724137931035,14.942528735632209,7.471264367816076
319.5402298850575,148.367816091954,14.367816091954012,8.045977011494273
318.8457223601568,147.1062956078965,14.345362449159154,9.06831840536131
318.844075730024,148.2709890972724,14.594684607380714,9.248957105840105
320.909572471097,149.02302121943939,13.054001778135671,7.389057610265468
321.07060104667374,149.19179036300238,13.005410813903381,6.981259484519569
321.2794797761291,149.14030230982837,13.320693702790606,7.4288484111716855
321.45473415899943,149.16683110896463,13.14752431417827,7.1332312768414
323.9709195788145,148.13370463401046,11.879394447868037,7.1700630774631975
323.44999718862033,148.17111156043364,12.756899363103798,7.667968899336472
320.7332090618455,148.13009486647468,14.898974846200474,7.134272949617269
325.31794790248665,147.1416543584938,13.187799223950151,8.697426101276307
324.81464692295026,147.67741478309023,14.244021367608468,8.613973396221724
326.19267821530434,147.25339809220887,13.343213692186566,8.782874835363316
331.09175869753625,146.2773663614323,13.364318753851535,8.909545835901014
331.0703568997349,146.37150659882434,13.230612732758857,9.514781071643597
331.1053039573004,145.92819266686283,13.343213692186566,9.289579152788122
333.53585071462976,147.73599123641154,12.626256966294477,6.126349533941692
333.49569404278,147.72176441331735,12.961034607594172,7.599455543301616
333.0844626718346,147.44179088518973,13.371927140109051,7.4288484111716855
338.2743309197053,147.29693476927832,10.946013455535535,5.854844406449246
334.7284661724576,147.76045782428307,14.61545644948825,6.14832903524146
335.92757735963096,147.79350418721936,13.491597980078666,5.897270815191632
335.57976154633474,146.65075945982838,15.018524519922607,7.065269889835065
335.95924442471954,146.0567299636535,14.58032314071545,7.096928372107271
337.20744338191093,145.3126057463949,13.287391594116343,8.019057383115836
337.7859120063677,146.9760919863872,15.087651212023104,7.713563186026619
337.8809478961088,146.4258422473611,14.417902678603866,8.263812925052719
337.72016955337165,146.1078691567067,14.00396837766283,7.432360728350773
338.3689218176846,147.38733084607316,12.40203186589963,6.919700642912517
338.9426101806095,147.78873849787524,12.949110334189527,7.037559964233424
339.0183379393153,147.8918714556171,12.244791519103671,6.35294622748475
338.92461515203917,147.95347552179837,12.238746202610457,7.528566276053766
337.42376717778325,146.63496690698645,17.075750503982135,8.104794623266883
339.6784574833775,146.82729201599437,15.18861842110124,7.717460170721722
339.602281333357,146.58367821976032,14.821283199504421,7.750579287814219
333.1212340132231,148.04482756769107,15.90024594030217,6.681815414601687
334.991510034724,148.04515586804177,13.858580119173894,6.496209430862763
334.59257790680743,148.04393970087705,14.539135392883338,6.1868661246311945
316.9205996957486,145.98611802817794,14.191662137203878,7.941182784355959
317.0300661955139,145.83587365976638,13.849918009611372,7.8820671599414425
317.3123333165861,145.6273695906656,13.399514171900478,8.782874835363316
312.1708923734671,146.61982737880032,12.160903618195391,8.501372436793986
310.70531049214287,146.89814717877547,13.512115131328187,7.99466811936918
307.75394960989564,146.0871954482958,16.5103476573982,10.28513460624805
299.9039092249469,146.35694715753445,15.29719596279125,8.226492051101076
298.6717535991799,145.700165241805,17.340547751871156,8.895475794791054
299.38143731736307,145.10000998150616,15.752077131435556,8.918455434709841
301.8849357597775,146.1364600121726,12.807699857793466,7.7995608108357715
301.73082159854243,145.89492039321482,12.930550200479217,8.970955880715252
301.62717739369634,145.93473575662657,13.13610241824972,7.963762091063899
308.8547037829871,145.1465167583893,13.116156184218141,7.176764704572207
308.77533744184274,144.8757771919981,13.064526516198498,7.4288484111716855
308.79115679099147,144.87532831047875,13.054279460886221,7.226476130133449
310.71611507255545,145.30054766721872,13.245257407348731,8.43199410547399
310.79395699875755,145.24651771512964,13.67297413543497,8.042925962020547
311.02373022075307,145.53747485161352,13.067333892654801,7.1700630774631975
310.8277486918291,145.4251196078827,13.364008314970874,7.609172198476244
315.29710644598566,145.0055388607284,14.079972847098702,7.925812529823787
315.48844450322855,144.97672865210367,13.734842796681278,7.981057300774239
315.0461924318198,144.85711653356466,14.412922806750089,8.55767291650784
318.43874794735103,145.0419856011346,13.525627452064327,8.607217469495481
318.43125169780984,145.01507880791632,13.800238287222612,8.438659222930028
318.6815548001043,144.98588929434507,13.986727993806653,8.998128342682293
323.2248000960414,145.111625456714,14.367612019960632,7.7995608108357715
323.719852765927,144.32579157667757,13.522795922481066,8.741254822819258
323.32157556772444,144.61150246806977,14.413357973829989,8.158504513488651
327.1873363349366,144.0913272459155,12.045706041686003,6.563365471431496
326.6179517740764,143.99821035791297,12.867789754302123,7.0866088501953755
326.75297206520656,144.02969743786855,12.53275420925496,6.682004157485437
330.6287504800267,144.38007007723274,13.549236812942354,8.290400607005807
330.45372101221284,144.71077774428528,13.91586206750253,8.782266609673854
330.775264584242,144.75323365370295,13.334014020762368,8.811638636098195
331.5552717784322,143.8282705677884,14.748268294628417,10.424168689920606
331.19247971737707,144.15019767769192,14.750725685033274,9.908884429640665
331.31984159874315,144.09655022039667,14.806463385024983,9.06831840536131
336.4637354847745,144.85164635391635,13.32189234510912,7.424621529917516
336.5911474666691,144.70584481064714,13.53402438882108,7.127636668720811
336.7599410596304,144.66890805292638,13.32189234510912,7.127636668720811
337.1679114655134,144.91248554960487,12.992418861725525,8.847218558222607
337.1195365907659,144.5534213894221,13.116156184218141,8.909087219468915
337.59741248400525,145.02270323553853,12.774544901010074,8.625148929514125
337.7472846051687,144.90835283310636,12.552192143014224,8.453517157540205
335.45104808834503,146.45313143876353,12.779258653198951,8.377942984121376
335.6364480596509,146.59225993530572,12.612857849438171,8.361727487928363
335.0427469923417,146.63175890333588,13.064526516198498,8.453517157540205
330.7557844859927,147.11171104634184,13.054287522971833,7.609845333296391
330.9890341673668,146.90723076001882,12.94005466642767,7.848885617341381
330.8741235781306,146.98840370568487,12.930550200479217,7.424239349557439
313.81978385488077,146.37674239415605,13.846860713868637,8.531904076222077
313.7283087894159,146.20326545078987,13.906218489325283,8.613973396221724
313.68200710243264,145.980380180337,13.701990421395237,8.713060575656442
304.2640530241702,146.53822134384885,13.753615860576588,8.392036796284003
304.0391408250697,146.01397431272963,14.219840127036775,9.231240475912415
304.1271222643381,146.00333221389607,14.06737717365354,8.280569745400612
294.88924647813195,145.8042157322086,13.42304943036629,8.392715324311865
294.97423265065976,145.75593330778904,13.010032421482663,8.432428421331338
294.8711638528889,145.7444237866415,13.237721489628314,8.262665720998768
298.7184052156142,144.36521252234039,13.666857112622438,9.626526603749454
298.65837043849746,144.59037066077468,13.406745162593893,9.164104288355333
298.88301400861934,144.554879480509,13.11801177333109,8.670273875935578
304.144240324029,144.76971078883926,14.140428699885433,8.658450906813897
304.100881980078,144.81748691090735,13.94792358280489,8.642793958110843
304.0338786729902,144.72950082768944,14.081444397758446,8.640886334988124
308.0182861602783,144.96922405492842,12.31596226698025,6.293109246137249
307.8969793857291,144.89704008366098,12.311345495143769,6.3845529475794365
307.9347017152489,144.8780656384959,12.383623453040911,6.408645600211827
307.93126612351915,144.9382687402682,12.33179137925572,6.183462344014259
313.888870175967,144.70146296685914,12.820496015079698,6.745946781002033
313.859975558002,144.71744885220718,13.179533702860681,6.604313798122234
314.121914138524,144.79672896362254,12.772219195487537,6.604313798122234
316.9159056678931,144.1139307139265,12.720920589894149,7.0591472212859685
316.8290557565316,144.16773385640963,12.840589691770504,6.7247624365148795
316.8459161060342,144.20818228488608,12.759950837794918,6.884234644446053
322.93626142605166,143.57265124122407,13.220361435034931,6.379975418897459
322.9894681428155,143.7615453592403,12.920016019760851,6.2482044685728795
322.98028774973653,143.78700077645027,12.852467326837996,6.298348416385807
325.3187398712825,143.52336630493855,13.87809085966353,6.248429533971745
325.0629301923285,143.55882469512943,14.217312710269596,6.274679911236319
325.5386894141937,143.6722367052828,13.790505463920454,6.022435930446278
330.7479003182073,142.6823329327705,13.674129890385245,6.633407691506051
330.66404982839754,142.677530149755,13.8116066795871,6.3942623516607
330.56089482908135,142.63812280714876,13.846656512981383,6.804188764505199
331.6787036999086,142.72896057671989,12.14909846815533,6.969745963310174
332.0347044413576,142.94258030846734,11.466416302691982,5.656473051805989
332.01410999795587,142.8631855146161,11.431995041746234,6.30455572982865
327.8262157700836,144.63038335118893,12.308955026946876,5.946663987044445
327.89368307486956,144.60897958618756,12.133952900322356,5.6851387714797
327.9481685513525,144.42369124152918,12.23004007083847,6.88313837592051
324.5838308831834,145.4665934853045,11.588565916172513,6.119533768623313
324.69631415263365,145.3670736652447,11.282627248337405,6.107537890628919
324.41736214392813,145.60580563413495,11.79528101500631,6.4895969896688825
324.41941966158436,145.03454283076456,11.901770400393389,7.107332526550692
299.38597783443515,145.0126174974465,12.423092474881912,6.42975043781945
300.0607921179524,145.31023231909273,11.60558616826421,5.722864804736332
298.80723893358004,145.35733592334572,12.895082749753612,6.872229728910611
284.52047776740585,143.21472007977576,11.582409655467302,7.760214469163117
284.1514471997465,143.03329640283764,11.957590180741136,8.931825268826117
285.02185288367184,142.86606825595655,11.207525498525854,8.361727487928363
269.7185330843175,143.74707652378032,10.444707724783655,5.673309209840681
269.996680622601,143.98561807686934,10.070963203865631,5.563008245944815
269.3448198695518,143.89414811268483,10.806303374306594,5.531036934186517
266.20164746107275,143.26515118059447,13.323236905703538,5.589495410711066
266.85567901124506,143.48585481409702,12.479994063570416,5.228105621225438
266.35940908718834,143.51585559949405,12.946782555790321,5.702403103224498
271.3236575995514,141.85402874985633,13.158295003731837,6.142302697919092
271.23689681330995,141.80030920536794,12.858791010847824,6.218595652787059
271.17190251246154,141.68761133397533,13.300065691454279,5.978635298802772
274.255145565278,142.04745059644694,12.714031408719904,6.080623717213882
274.41715524483016,142.37568956102794,12.57583526513605,5.427465746006106
274.18170688634945,142.4544247566049,12.769105895158873,4.963086442269315
279.15909638109224,142.59840409121065,12.814114249107092,4.950907778064106
279.1570467239629,142.64975064351492,12.82572378025776,5.481078538571694
278.88888512052705,142.57003881903432,12.975876449174109,5.964248143678674
280.14836817717645,142.39002660130888,13.820181070317972,5.1627113193716525
280.07741443221755,142.4356599351978,13.907520614862051,5.339209063636702
280.0766295964376,142.1018773113188,13.877787144071874,5.033243555397121
280.07243601659974,142.21838108553956,13.747664056070505,5.083438569570262
283.9154347909382,141.96375976333368,15.177589389853154,5.375396242239674
283.902714477586,142.2050969529651,15.231080738516482,5.0911690490862895
284.5945861214896,141.54338256395343,14.313084980328824,5.9676706106908455
286.11665214521577,142.39376542015222,14.255273337441622,5.388153910282995
285.79785332375724,142.25989867775428,14.806816651092618,5.557859545252541
286.2871586193439,142.11192807204813,14.750725685033274,5.911550369956075
291.0545555815128,141.61618222497535,13.300065691454279,7.129602522101692
290.94964662431636,141.87384951288539,13.319771103787446,6.331717278322145
290.8683465064143,141.8985479063267,13.614999089812102,6.664991502903177
291.4337897520291,142.18568143811424,13.631723803849638,6.359128887878285
291.74046018606424,142.1379245758552,13.651750120795612,5.9146926752861475
291.2654251058239,142.22340986536878,13.807390347713635,5.972662491377406
283.86925884817066,142.8556284020037,13.420923951212785,7.237461607198497
283.79151219746433,142.80455216682608,13.56712615399249,7.459588263363571
283.8626092234921,142.87587722894162,13.590027329081636,7.374134147314209
276.972191521724,142.91599162341166,13.94792358280489,7.307728224744125
276.95801014638477,142.93348084588737,14.323579940594584,7.644390372608427
276.9394001304168,142.78136112441177,14.16329110892849,7.80100006902606
262.7963205310842,141.28080532574378,14.96016369698026,8.914618093406034
262.92545768891216,141.45334515491416,15.909903278394665,8.273149704765217
263.58687002207205,141.51901764208142,17.316901813627794,8.555984032177065
259.02592567830817,142.56996640736415,15.282989316171609,6.042929108923033
259.0979895130573,142.6076770596047,14.642860785303014,6.202434481110885
258.35344094319686,142.47813589928714,14.994545214644347,6.106520545835963
258.5196533049175,141.66485163459384,16.214538157593836,7.600564761372112
252.5768308576888,141.89403544139344,13.100901887532274,6.713629437027208
252.17145631578757,142.06430483233225,13.279465936366762,5.6427123627373135
252.4014963430446,141.86530207273114,13.165338975047831,6.061461053027898
252.77026604029442,141.1358953738167,14.173217700390751,6.294027597213017
252.82141371244282,140.77799601000734,14.163291108928462,6.937774651551877
252.61376696925026,140.93909356626872,14.079972847098702,6.573762157089135
258.9016780637964,141.5102921955277,13.279465936366762,5.388153910282995
258.3244054301077,141.31609623449916,13.706993433930563,5.454823917584605
258.296661600307,140.9546695295024,13.380636447408392,6.060915463982894
260.19803138658335,141.89090444158649,13.772257038940836,5.621329403649327
259.7880969459199,141.5868330913707,13.805089958351004,5.926792547564304
259.96469761473355,141.3319372616447,13.958288476244945,6.236682085130724
265.64414017719866,141.6262679648844,13.088122910678067,5.443732538069639
265.28647701634173,141.33430575435042,13.53402438882108,5.6427123627373135
265.93598842032327,141.57567340545106,12.724582079804804,5.5949795577031125
267.51904958843704,140.7150468198743,13.287391594116343,6.01429303733687
267.27176141045385,140.63382593610447,13.740754742327624,5.692220172640532
267.5767259181086,140.45843920717147,13.396987168157182,5.752596795548783
267.699283980019,139.96497373966417,16.22460447281577,7.55283311665562
267.78598478825194,139.81633266518602,16.30185527058302,8.256327561609936
267.8387035179203,139.6631853738906,16.337340308493083,7.928885316059279
272.50566574335267,140.72918955730944,14.035405861895242,6.8738320280352525
273.0720299863812,141.0887089454355,13.364008314970874,6.90580333979355
273.3024062770998,140.93449071274804,12.859592766924777,6.35294622748475
272.8416502688534,141.24767428336844,13.512115131328187,6.868658525091831
274.94092739986456,142.02400113140234,16.33416736581853,4.836610596631971
276.45028826359146,141.82580603764387,14.447829323795986,5.277044043797815
277.8546263046668,141.85792055962014,13.109760301397216,5.600285953994927
278.9023954135354,141.8997831791732,14.212846928699264,4.794184187889584
278.39661230452793,141.789115003683,14.72061075838127,4.722159915945554
278.84526289873156,141.74813427790718,14.34328943821265,4.800492408326733
283.9775170835729,141.8121680306848,12.479994063570416,4.5294186948865445
284.05176558302367,141.87539096105985,12.340926338705174,4.571897581437412
283.96437808494966,141.8865359690584,12.416982609155411,4.580251580775865
285.843855016946,141.9261931299131,12.43108612548059,5.020667941331681
285.8784121493006,141.7353935742234,12.359530800408493,5.396754189652057
286.05553790109104,141.8847635134233,12.036448470703476,5.152213826257395
285.80028951879046,142.63404664754884,12.337556281165064,4.8185305647468795
285.8822543753225,142.5636133563541,12.24501240343028,5.24329512836178
286.064231673316,142.60849490072331,11.929881945131342,5.405124505884743
284.93456380927853,142.62843392468588,12.999324245939079,4.953796536965967
284.881164606134,142.76156108841556,13.110739864263508,4.954894998868809
284.84673140340885,142.79487836515307,13.049514878493198,5.405124505884743
277.4353299735562,142.74698405589626,12.20013817042559,5.945636956473237
277.2817414252207,142.68949596444145,12.402057996801318,5.656462712422126
277.3811630717795,142.69547252213388,12.218805717807129,6.066976450161178
272.4910594396719,142.65415910263442,12.121830927965789,5.501446344230629
272.24578187175274,142.7360101840497,12.66343455664429,5.713988763363886
272.3780164966252,142.85471003572312,12.29665807048292,5.305129624694047
272.1372053766539,142.70148188281766,12.868476094112225,5.865630963827897
259.3071528007134,142.75899154213363,13.076266509146137,5.499065622428219
259.2467568527981,142.0803976794384,13.706993433930563,6.107537890628919
259.24930603395137,142.12299315954814,13.053607221581842,6.390828535566129
254.2884416906651,141.91653399909302,13.194146740824266,5.641313624168703
254.31416223187176,141.46258269401642,13.679327764019604,5.6869115423452286
254.028111117558,142.33246569507355,13.568415611042042,5.292245093103531
250.49644542621112,142.60002271438356,13.034064235941713,6.371562651051846
250.0284111409154,142.51246436197155,12.917688662406533,6.4006565444356625
250.1300429439907,142.20829995424896,13.31552402489433,6.183462344014259
252.17303011587245,142.50314895466647,12.388511352776675,6.448814128842628
252.22516512402515,142.89893238690732,12.27698371518855,5.690893492978034
252.13473257110493,143.0367173393477,12.416982609155383,5.400990303342638
257.9387288794606,142.17881462604973,12.68312446698377,4.918663228193168
257.950258444413,141.19080271373218,13.937499618745676,5.713988763363886
257.886389189963,141.0419493259637,13.661303615048212,6.151829267645951
258.5883219598758,141.4820375061902,14.908930259661815,5.9943121662557814
258.7150413400428,141.38995328738997,15.608142867376444,5.503449219132733
258.63291279259715,141.4876949702716,15.25743000245808,5.3485455728174145
264.4908360402985,140.5109365791194,13.074526444387743,6.5746190120349866
264.89573286405243,140.32845907792696,13.115759953516942,6.506646539440027
264.1069234270354,141.00049076846554,13.576450797563439,6.957931033751265
267.4225651321405,141.25866004389616,12.949110334189527,4.785540775678726
267.70736393499203,141.40054328856468,12.770349031458125,4.285067282980975
268.1860421272541,141.56520777908278,12.121830927965789,3.7297941316817855
267.82082926581444,141.50187472411298,11.488591968708306,4.005197200100156
269.956204728816,141.03794884042537,14.424978972411168,4.539625735435266
271.21247185108643,140.89672313834046,13.52951998486867,4.487177482418758
271.29420418118025,141.0507818349574,13.449171571336308,4.1153616480114295
271.71201200845707,141.0165116082798,14.919176526727142,4.429130531372124
271.19931975315666,141.16768519092304,16.511259109769696,4.482694780932945
272.12442494036355,140.9775712111275,15.011397134298647,4.559775921339877
272.5209732135973,140.36936025993427,17.67553587485679,4.918409982568846
273.00998817292873,139.96569432921794,16.946444393874117,5.067043174248084
275.28735632183907,139.7471264367816,14.802589947570823,5.556270672311399
275.86206896551727,139.7471264367816,16.66666666666663,6.3218390804597675
277.9381443298969,139.17525773195874,11.843495423272657,6.685501074794416
279.0230616435178,139.9062100578713,11.425056522008902,6.506646539440027
283.67382472599917,139.8427849453016,12.308955026946876,4.731754140228929
283.70786527713636,139.86365471511152,12.311863588016081,4.578280932227102
283.77477578261903,139.70092945581712,11.052810424277538,5.793323417746109
285.00450563387056,139.8412694674642,11.375872101629454,5.781180904106748
285.13437035075776,139.5144755216432,11.373823084690457,6.0455456035741975
285.5383534505096,140.15219819282822,10.861160638050762,5.345727501540608
285.8953198357184,138.89329827647848,15.529033972824323,6.248734785877502
284.6946603195053,139.25626386268908,16.724934252651735,5.371015471380048
285.0562404990698,138.9308203835702,16.724934252651735,5.846928234666876
289.75086054877266,138.29894099438425,13.320693702790606,5.738144979663645
290.1116130457636,138.56533666782937,13.005410813903381,5.798949410528337
289.49206754678283,138.7743226515921,13.730561201338048,5.481977793071536
289.4170173262728,138.40880620274078,14.005432748155556,6.1188783851164885
290.1188023716069,138.59786443307942,15.400786373486028,5.982123632676405
290.53349029303547,138.20468033539203,14.779309246789069,6.667007010381184
290.9030533896282,138.68881086641278,15.267564320890813,6.250479352847918
291.31954979769915,138.6465908995504,18.016153508437583,6.643456606236356
294.5599471109735,137.22259358311945,15.77989869407503,7.787482472400683
295.023582613835,137.8702546684686,15.98483244334875,7.172681224579577
298.6220860360555,138.777582749591,14.131420408180702,6.699757085950239
298.94484005799677,139.32323987622306,12.388511352776675,5.430580319025381
296.28323457962244,138.7289602224313,16.333326569026383,6.372472108370118
300.39452778794833,137.99403572623626,14.396595886477542,6.35294622748475
301.053402247302,138.55266132436554,14.976522286062163,6.448814128842628
303.08417124860205,137.56619092686918,13.194146740824294,6.154160317274943
303.44827586206895,138.02298850574712,16.704088810437668,5.729543122823344
304.5977011494253,138.02298850574712,15.468933121406224,6.130651327029938
305.7471264367816,138.5977011494253,15.517241379310349,4.597701149425291
306.8965517241379,138.02298850574712,14.093202571671384,6.615606750407977
305.7471264367816,138.5977011494253,15.423459705294931,6.064851951138053
306.32183908045977,139.17241379310346,14.924288334591836,5.772201860163818
310.71984253434783,138.46115659659216,12.26866321277862,7.033096276971065
311.7522726819773,137.58949081500293,10.568071702406485,7.042783851236038
311.6551384474032,138.98634108499567,8.895475794791082,5.404846052531269
312.5676551944431,138.69645310577184,13.56712615399249,6.247405170566992
312.69783435987245,138.9225294370376,13.194613118881989,5.897270815191632
311.7683656576851,137.74960944322666,13.91279027403209,6.850995210697619
312.796598505707,138.2107569906893,12.515790579003806,6.576093355069787
317.20606758090304,138.87474540606308,13.269460265472219,6.81404716335058
317.0735072603683,139.2589227547138,13.487368151696046,7.053027382079563
317.6612954311932,139.28216392703362,13.364318753851535,6.66094617255456
317.9646858264484,139.1158954296801,14.976522286062163,7.127636668720811
318.1977457481815,139.41941119564143,14.786876326813285,6.370325310507042
318.03626200771726,139.37796402138002,15.072189463534755,6.675328666833565
321.82393324098257,140.4318485669491,12.54761046008963,5.482340570254536
322.05608363979974,140.14466327712236,13.194146740824294,5.454823917584605
322.02062541996503,140.12117051483182,13.423160577427495,5.584444667708368
322.3913297118035,140.1772908080538,18.00549070341401,5.453945316801764
323.65520746576914,139.85079887693595,16.804567440443577,6.0455456035741975
324.8315846153602,139.81289641282962,15.76414331294751,5.9769263745772605
323.52054380021275,139.95679336735128,16.206888139591342,6.533666946327401
323.4496378181433,140.1727923716601,15.82043479959674,6.924959004805686
323.8261938531822,140.48335434687155,15.97254746770534,6.662501584889839
324.81816066967343,140.47160032355072,15.38223218746117,5.851072828621199
324.72642854894997,140.36722071650414,15.541084843441865,6.327630796563199
324.8405058991622,140.52567505218644,15.134348616477325,6.138677117397691
318.39080459770116,142.04597701149424,16.09195402298849,5.7471264367816275
318.86977571221996,142.22742424127756,15.069795460243938,7.237467556564525
319.02061729729576,141.96797693699986,16.036853967072034,5.2504138675978425
309.79516423682617,140.81835980526833,15.434920341443444,6.732252489352987
310.2690975635183,140.13780895641975,14.696014580416886,7.060655049809213
310.91954022988506,140.89655172413794,13.218390804597675,6.3218390804597675
310.66285782492946,140.73113512234815,13.475073209553273,6.487255682249554
292.80807845654255,141.1804672130731,15.472498070164477,5.072110294524123
293.035238480397,141.69002415970195,14.934095877319805,5.473006727767768
293.08097931829394,141.36393987403247,17.00274487358797,5.630047971386745
284.40181751282853,141.75206224833963,18.356635155349466,4.963090245705615
284.3170950306072,140.24267123288857,19.580410832372763,6.662778686015741
284.68843125557265,139.7270591294945,15.311568744427348,7.491331675103197
0,0,0,0
0,0,0,0
0,0,0,0
266.0919540229885,139.7471264367816,14.367816091954069,8.045977011494273
265.51724137931035,140.89655172413794,15.517241379310349,5.747126436781599
266.0919540229885,140.32183908045977,14.367816091954069,7.471264367816104
267.81609195402297,139.17241379310346,15.517241379310349,5.747126436781599
268.10862809815734,138.43581777425308,13.957108819390328,6.65015184923891
267.5024287541298,139.18704781896633,14.857696822343371,6.814047163350608
271.40732506294694,138.55920009682103,15.374284132455386,6.935052776742197
273.9557998625674,139.49059134907478,11.101671401800388,6.57837416816659
273.4693912146036,139.45098326783426,11.96848997731621,8.339334951936479
276.4367816091954,137.44827586206895,14.409336724210391,7.6368687080163795
275.86206896551727,137.44827586206895,14.942528735632152,8.620689655172413
278.1609195402299,138.02298850574712,12.643678160919535,8.045977011494244
0,0,0,0
0,0,0,0
0,0,0,0
0,0,0,0
0,0,0,0
0,0,0,0
0,0,0,0
0,0,0,0
0,0,0,0
0,0,0,0
0,0,0,0
0,0,0,0
0,0,0,0
0,0,0,0
0,0,0,0
0,0,0,0
0,0,0,0
0,0,0,0
0,0,0,0
0,0,0,0
0,0,0,0
0,0,0,0
309.1954022988506,138.02298850574712,12.068965517241395,9.195402298850581
307.31179910166554,136.8208105886389,13.952568714426434,8.673442284924334
307.4712643678161,137.44827586206895,12.643678160919535,8.620689655172413
312.64367816091954,138.5977011494253,10.919540229885058,8.620689655172413
311.6104660169021,136.87737887436788,14.251602948615187,10.915724573907994
310.9141475152409,138.16095317350957,12.649070875563666,10.781575562122612
310.70106965512224,139.46601484602567,13.436861379360494,8.90180124592834
314.9425287356322,137.44827586206895,14.367816091954012,10.344827586206918
314.9425287356322,136.8735632183908,13.218390804597675,9.770114942528721
314.9425287356322,137.44827586206895,13.793103448275815,8.620689655172413
314.2673695948048,141.05658356286065,16.039484628445337,8.147039811273828
314.6673711009862,140.65225193423177,15.763799198544632,9.517765553838274
315.0194407112968,141.4814994514394,13.945443898187364,7.9532609731849675
296.02826236109104,141.37792918667762,14.121310099618427,8.127963371292026
294.9368887994689,140.76405153528685,16.361835950405236,8.96538956186589
295.5330566739169,140.39817612979107,15.28155932783909,8.970955880715252
291.2142851715418,140.8009368128882,15.370030961885789,5.911550369956075
290.6420447746818,140.58313048161725,15.574964944801366,6.557879976758471
290.9450700304141,140.6045252436024,14.637111016123072,6.576093355069787
279.3791245436383,139.64500832670788,14.291660747898106,8.847218558222636
278.9854572590454,139.23636084536068,14.525523766177798,8.332470997652393
278.27751213269113,139.1704606587495,15.390585414536474,8.367696924408165
273.42314582048533,140.5415941331308,14.300321847322323,6.0241513293838125
273.03447728294617,139.42495827417784,14.872554100081118,8.578526502868101
273.7566228807091,139.55169235653833,14.2664625536828,7.0866088501953755
274.2855317456642,140.5094024476695,13.054279460886221,6.340650023859013
275.0093436654254,139.98940400622004,12.259372150910735,6.247094587730203
275.2510753326038,140.4423053471747,12.122922106055796,5.559556634624329
275.7876028187301,140.13906467028903,13.679327764019604,5.738144979663645
275.9383075955017,140.41365326385875,13.455814651614332,4.841841255392609
276.03272200543694,140.27076048206433,13.456057259985585,4.88352991942034
275.3765464685885,140.04542451429847,14.17042051995685,5.388153910282995
277.56022551313134,138.76662153721693,14.299256670532998,5.972662491377406
279.0231872690153,140.09279227129926,13.04429519738784,4.412041022645894
281.8737355893932,139.85776562796477,9.872459765159135,4.778129993101913
284.52644105210993,139.7002448200465,10.550532880240155,4.699782828470632
284.5205704614054,139.8221021228643,10.891325719570546,4.637596758010687
283.58609515969255,140.177328072886,12.022233663555255,4.216214210665669
286.91337307319975,139.76259421651565,13.499566530082461,4.27680232741838
287.7807709909235,139.67148976393148,11.935341221381691,4.615620237956193
287.85269319258805,139.92877231355905,11.945324982754812,4.321396979055407
287.8376003517854,139.14852073318272,13.78306749000609,5.405124505884743
287.71338432351695,138.78834477086585,13.679327764019604,5.584444667708368
287.71532673930886,139.1915748577329,13.849918009611372,5.292245093103531
293.4250314536943,139.56447811066943,12.07280185453061,4.580251580775865
293.2934505443489,139.4728686456075,12.103059647660132,4.858680195094337
293.47283337815315,139.6262411558086,12.133952900322356,4.879037005374357
294.3388224031458,139.52470267246883,11.168889335416736,5.020876857205707
294.3744955490506,139.4570035620605,11.157721301433526,5.019044184035835
294.4672329751688,139.52548513768986,11.157721301433526,4.9032200874811736
297.7306110933281,139.52431892948405,12.085155844638734,4.571897581437412
297.8643400915762,139.48894533755166,11.970675528240577,4.582181658245929
297.66708640710164,139.43081471252577,12.07280185453061,4.606727023439305
299.5154237918704,139.80789158975875,12.191258144164465,4.707863375556315
299.36417405526856,139.85282847098242,12.248529114579128,4.975055768629545
299.43638535193816,139.74225867456474,12.40486896222177,4.859639387262149
299.3572201019899,139.71228030145838,12.401565487841935,5.221711784354483
303.06403333989743,139.52125215337787,11.882978271623415,4.384862830857372
303.57662171107904,139.7814794583862,11.541643544747558,4.34809839912927
303.5877030467645,139.73183746796587,11.523725277481105,4.215997052736981
304.85559465444413,139.6204382873179,12.655843621952329,4.305896220802168
305.15747359323194,139.60644235645117,11.98668407412498,4.160426753883172
304.8141021751366,139.43084059306648,12.612857849438171,4.461930214146662
308.16547527495834,139.3787331457179,11.769658438890758,4.778129993101913
307.85000271509114,139.45665116183105,12.058372784857738,4.9110463705602285
308.10425309604346,139.29024955614776,11.781571985232745,4.739104236756532
311.6307882180524,138.8554681213734,10.600767158245105,5.035364400166429
312.18995714964507,138.85510220328857,9.275193516021375,4.88352991942034
312.4911573070019,138.76920239926903,9.484609243118314,4.858680195094337
315.2956340264456,139.26430894275782,9.310045882815473,4.131332860499384
315.2017565840027,139.41234850204197,9.455515349734469,3.927675606812784
315.09820702042515,139.259575990451,9.345460133566974,4.145730435191382
315.5052856674358,139.69723315063885,11.346618419681363,4.27680232741838
315.60787805733634,139.61830252612685,11.221930427164523,4.444012334404192
315.5342123192231,139.77108597851196,11.278538574627305,4.3419725968048795
321.75117292578796,138.92737083222977,8.472397615950456,4.891610699020447
321.5499318735386,138.85783567570368,8.537394031792417,5.059196463284394
320.94986889310894,138.7234980340299,9.077294735745113,5.149619128932329
325.8547396086537,138.0072762938437,7.739322823239718,4.802109944540291
325.7627238658411,138.07207180475544,7.9366017238518225,4.8891220564059665
325.9013450537221,137.95304536759429,7.680787853322784,4.800492408326733
325.9611483276267,137.94585211193328,7.498115440766071,5.042592255485971
329.86986220737975,137.84968249245097,6.5752199047384465,4.829586301710549
329.81035668963824,137.81390984621257,6.675328666833593,4.567330140465089
328.54567882170824,138.0567458336247,7.942632893776988,4.305896220802168
331.0820073669324,137.85332567294247,8.817910863449356,4.43304808435704
331.3069802019868,137.84683252093276,8.042897291983707,4.3936368953951614
331.86086447524366,137.9126295801912,7.712744557147744,4.3600310362043615
334.2339930720716,138.05981671001356,7.307222175110667,4.024267284843546
334.33255909820855,138.1638921094074,6.905998391596256,3.96516654062944
334.17390575208003,137.86279156336633,7.344645241686067,4.3410142025487914
337.1807794665444,137.57405880329713,6.950007586908896,4.297165574240211
337.2109112640037,137.76843956528228,6.777713321841759,3.9713163995166667
337.0717073940856,137.4617682630224,6.880943732870946,4.557036614645398
341.55348152420476,137.3998202486278,8.233862668331199,4.0772181701704255
341.3500959195904,137.37947688150447,8.623874071540115,4.048681932533555
341.5246550652575,137.38151140254382,8.160010422468076,4.209687528461529
342.589978159651,137.6611088054405,7.54152552492161,3.6909582595515644
342.7186554039773,137.6642582346183,7.6977099673677,3.743612855223745
341.9317272498404,137.37319955769064,8.57240683432616,4.099846746851625
344.8246670724707,137.4520749622309,8.582698548220549,4.218614540650776
345.208962657008,137.59976752455705,8.467127414246818,4.251130361509809
345.29709878284166,137.48646497744352,7.832567676531767,4.196018398142002
345.26689191899806,137.98870490372434,8.08066101774591,4.110597126418554
345.60986500709544,137.7624593583831,7.643475756038697,4.4481034684785925
345.52391669365795,137.6530944292196,7.783131524771818,4.450635773320215
345.1372025669921,137.7369001975398,8.024298980468984,4.428711459165925
342.8770391365703,138.12599123944264,7.3025672393334276,3.3748916325206153
342.72883908874815,138.0146290123842,7.285993518406599,3.5521283593138833
343.0211185111491,138.04293740704847,6.991528445788845,3.197131098325542
333.65090055065065,138.5300845987864,8.119223937110462,3.5175272843268033
333.5747249969058,138.58630409897498,8.178155990048197,3.50256377755602
333.6067744483513,138.6399840629313,8.167409242375243,3.469341979062051
307.950927531805,137.60693722830396,7.242258639011993,4.548856665825724
308.2402580121391,137.78962102667597,6.804188764505227,4.262546268814532
308.15275070469244,137.86411928314877,7.155517831815473,4.336677473827535
297.959045566116,137.4819363376511,7.6778783723988795,3.706561972882213
297.93706227912526,137.4365455254719,7.826980153080399,3.9244522336173304
297.94081555055465,137.4657836799135,8.02035254237694,3.8705183910973346
299.8172590551195,136.2536989545206,9.613400014037893,4.362707636892679
299.836407760289,136.39903980936265,8.25216951634593,4.009528691557904
299.7434177846795,136.29802003319367,8.376483680675506,4.092327905062859
303.28600856922975,136.70407392683106,7.098909985646799,4.07314507373178
303.0433724089512,136.7250597733679,7.535318386403787,4.218614540650776
302.9881971780731,136.73933364117838,7.564412279787575,4.364084007569772
307.2507823470605,135.88275568734664,8.504706379228423,4.770345221210306
308.1223369148312,135.78096086304336,7.0866088501953755,4.802109944540291
308.5719680533471,135.86076303232153,6.649572126535588,4.698067263313192
311.6459948278112,136.18234884169814,6.313374864284242,4.102238967115568
311.5984265377589,135.9433874501607,6.3011553538997305,4.2095953834876525
311.71077734067705,136.10979145303745,6.234405792869211,4.188241840337753
311.65707632635343,136.05137280555888,6.226093184132878,4.131332860499384
319.4803195865599,135.53218631950048,7.9752610914274555,4.040330508872955
319.1911138733997,135.47311432180896,8.101485455013972,4.156644498160773
319.00844622656484,135.5197318999497,8.239687200272328,3.903009726444793
322.7130969116487,135.61415717043567,6.843236124465875,3.8106650139154112
323.00480343155954,135.6319955344967,6.234405792869211,3.548815605171683
323.40167698732387,135.56956057954437,6.144946724010197,3.770762762460805
328.67892871139384,134.70800614199888,6.724261591817424,4.295597085681891
328.70528764131143,134.7523700089882,6.641653955554318,4.312118612934512
328.57173690682134,134.70458442096717,6.81846170198321,4.319089888394501
331.76014895481154,134.6775299345929,7.307222175110667,4.236070826151092
331.74808751597476,134.6153745684516,6.663675992920162,4.389247660007271
331.9873867432382,134.7536732258286,7.637370884462939,3.9511950317095454
336.3001982532638,133.67634264044523,8.04030366810423,4.628661168734936
336.3904377784553,133.7277455848999,8.022059127023624,4.527300695448986
336.4013179764495,133.72585304170173,8.04694597921332,4.625789305416049
338.6393938572854,133.21745410827043,7.732074754227426,4.5929845762290995
338.13959262424527,133.04906093597683,8.244242099058738,4.692113739744826
338.1869480575358,133.31720390537956,8.079208340705975,4.248392700506059
343.85962387820894,132.83605111468836,7.528566276053766,4.324099604707811
343.83066551949247,132.76923229204505,7.412742179499105,4.555747797817162
343.7882915615808,132.79743393427495,7.651693959938996,4.247708434034564
345.3802979980337,132.75289894492255,7.914646597902674,4.439923701262472
344.64104770853885,132.4873819542422,8.718641942832619,4.728416797371466
344.75504415494447,132.8045928539763,8.815449695290908,4.4513656877211645
344.6082545026291,132.65744390486796,9.032817431566173,4.62603028655451
346.258974897844,132.81941113875942,7.942632799033333,4.421398924795199
346.6122637006311,132.88054569413706,7.565092926565853,4.43304808435704
346.82147646437727,132.82219640844343,7.476191126611809,4.406787145011634
346.5942239383776,131.56987421141324,11.44449198853772,5.766094622577413
346.6247400177982,131.1807793887222,11.317524526297575,6.226093184132878
347.0693168713099,131.3635415558482,10.997491699075795,5.935154250294886
344.7781945774616,132.74121722286367,11.11968591864661,4.924432335400638
344.42092958788885,132.78034466822552,11.384440345281064,4.924432335400638
344.59445291281554,132.82873892855332,11.404806206448995,4.800492408326733
337.868802994932,131.9395567092223,12.21943522119534,6.080623717213882
337.480560045828,131.87031673857115,12.667607935620197,6.13675228881155
337.89200035235905,132.02174669260341,12.120991526618866,6.007795800150205
317.3462663550725,131.41984217128703,13.242555039417653,5.752596795548783
317.2624153969126,131.2172146854219,13.474203232526975,5.67538073117899
317.0732892660863,131.26703302123434,13.701990421395237,5.480796168558101
304.0751300362271,130.79646960098023,14.755229947706539,5.840611854300505
304.0190603330811,130.54740254298244,14.721963833607845,5.939697223934019
304.04731566161445,130.4787777418784,14.694425205319419,5.911550369956075
290.1945693826907,130.08853766335824,13.986728387930157,5.738144979663645
290.00072880002915,129.7310798674659,14.2664625536828,6.340650023859041
290.04705660916426,129.70667902315128,14.244021367608468,6.474555167094763
288.32153570483644,129.1198542280722,15.011397134298647,6.81404716335058
288.14597733130626,129.03367686161565,15.3187977582092,6.967747475305856
288.15546238085835,128.94099849088823,15.400786373486028,7.000357442493652
288.09016430299573,128.91616581391366,15.570492008455574,6.915504625008879
291.5001230206079,127.83826432788638,14.919176526727142,5.9676706106908455
291.42641948624157,127.86358632924015,14.941308455552871,6.215893181767456
291.3747375032869,127.6561868497189,14.902700423367946,6.5633654714314815
294.59656716659777,127.75834015052519,15.478645646479379,6.247405170566992
294.51987174696734,127.95094306558315,15.571890499771428,5.9676706106908455
294.2457070509238,127.90670953775309,16.177982046169745,6.06091546398288
298.74077020754186,126.83324196617613,15.933599006030306,6.865280600669024
299.05761254616203,126.93885968048544,15.472498070164477,6.199245915529488
298.9190963658062,126.92627865828213,17.157053005736202,6.387272450505051
300.94260891200463,126.3305996394157,16.22460447281577,7.8325676765317525
300.7235797090262,126.45395295438983,14.889270737116817,7.886554363039025
300.9712516767984,126.39225282475951,14.825484358998153,7.065269889835065
306.0329775182494,126.4993153888115,15.838377279055862,6.124997463384901
306.07740912875295,126.04991443717806,15.618512926417452,6.154160317274929
305.93659898715697,126.11506530001958,16.376593774560888,6.151829267645951
308.358045980017,125.41061878677662,15.797984107402556,6.48793822458704
308.590654460135,125.2929835405243,15.681222261785592,6.650151849238924
308.5151829266098,125.8378414397072,16.036065880667195,5.6869115423452286
314.3481904497745,125.69331742151013,15.113864008935536,5.891845291618921
314.3309725081668,125.86750572845857,15.059043806665215,5.827803330752786
314.44347879320185,125.82135245803313,14.242895574522265,5.225810606479413
317.1989847775716,125.71668796436816,13.230612732758857,6.080451809097696
316.9008815289905,125.17639646428587,14.018819448752993,6.3619542076670115
317.2337985921234,124.82182374959133,13.793617529897517,6.812358045377962
317.4091740114744,125.10111493267296,13.679327764019604,6.455413102121625
325.3772378028298,124.83708532855908,13.054287522971833,4.0214629810102736
324.9444363516535,124.95599022120807,13.174990789803132,4.321396979055422
324.2334616440626,125.32370551826241,13.706993433930563,4.429130531372124
327.22692395673124,124.9399270999305,13.061711293617236,4.616639336537119
326.2740204474707,124.7223438021184,14.187720887894613,5.292245093103546
325.41685547931104,124.89897175241042,14.415398070390722,4.949492899704964
329.2605969307274,124.36810999767046,14.043141293729718,4.497199326692893
328.79398245952285,124.37654502905495,14.786876326813285,4.439923701262487
328.51346180655486,123.94780055149292,15.282989316171609,5.410529551012473
329.77302378769224,124.49217845027827,16.3380273826981,6.23964864866862
329.53646831786364,124.51033320676362,16.588959177426943,5.77894069705448
328.78636783580026,124.8460521904255,16.164461730848984,5.600285953994927
335.97915439692633,123.6896429803183,15.713469099250688,5.67538073117899
336.2533458534719,123.1838502197013,15.651533360455176,5.911550369956075
336.0046362140805,123.4049277819627,15.59918909512686,5.902395873831779
338.50718362726093,122.43430747271492,15.018524519922607,6.254501213952352
338.25111186659046,121.90222946429093,16.317849326107762,7.039986423549365
338.55649390125774,122.35760542560682,15.851625059647574,6.946741570257316
342.7998222241512,121.94722536343123,17.00950118971724,5.481977793071522
344.8236188762741,121.89166394411153,14.685723067033848,6.499662122969525
344.08853090948463,121.69757724401529,15.481820906141309,5.636772698994093
347.0204539569603,121.06835187463102,13.660371007284539,6.433894877151076
346.8578162406996,121.10462572742028,13.796711457927586,6.372472108370133
346.8295124876891,120.95388742727013,14.191662137203878,6.301712790166334
346.9282878441097,121.18562927897453,14.085567702472076,6.279108493873096
349.16369210122116,121.11465453767754,12.558216987746164,6.745798990039347
349.6541885386217,121.00197586338861,11.322256427195327,6.177471604773785
348.8641144500874,121.37841132811333,12.373731845457826,6.390828535566115
350.59911302782666,120.76222151440558,12.327410647565614,7.695292707268237
348.97165923984477,120.44287650106817,14.29412901184071,8.094883096311221
349.60865564097423,120.71356998995702,13.679327764019604,7.633782160445406
346.6684985522426,121.98737372532693,12.515790579003806,5.133595457828676
346.2784805110439,121.90040669480726,12.8595008756389,5.295088595851311
346.4449831829525,122.07579774105783,12.64799115821097,5.094329772057208
336.9283483573526,122.32680612728305,10.297920901003522,4.867176545250416
336.7125698534328,122.1708319620979,10.38556065773571,5.057652216220731
335.881091192125,122.03483804841277,11.352190538837021,5.167341563372204
316.937674449196,121.87747890584725,8.287390750320412,5.2618353970288325
317.0782474314437,121.96169430655692,8.359521679741135,4.987781431826448
317.03693456762335,122.06371668748544,8.375088006937574,5.020667941331681
318.86267201325705,121.35762570688823,12.015777967508768,5.207806915699919
318.7700068479208,121.3603343656991,12.048302658767625,5.742648930814482
318.90259516482894,121.43373633693258,11.81212071382214,4.887774088478139
327.3891724499939,121.02019645828966,9.368233669583105,5.178713022316117
327.89082579418755,120.97383999574113,8.299816845584928,5.328277481116245
327.6834842821992,120.84609552311618,9.106388629128901,5.527839742921699
328.6262647769662,121.00875278840218,9.431536968699561,5.435122998911595
328.6888666880684,120.86623414225897,9.343143788743646,5.559556634624315
328.58040911798844,120.86074211445904,9.492505137155831,5.6135880633434425
328.50839020736845,120.68067954252096,9.33562303342461,5.850750051769552
335.4271754110673,121.25064505719172,7.992827939575875,4.827668075503837
335.7638225610373,121.40037215054252,7.492550273754773,4.5802515807758795
335.7053434370406,121.51563966773625,7.752408902205502,4.520725565923129
338.5908335515074,121.28213551713917,8.611792441604337,4.858680195094337
338.53808502538294,120.99566313622687,8.769725661714745,5.108365197948828
338.6729964457848,121.12151756441712,8.480613726596118,5.083549705431182
343.83109578053,121.47242440794585,8.046223294623246,4.560257344091653
344.28076784978936,121.2797455601896,7.339768712432715,4.7941841878895985
343.90156361372266,121.24977904679906,7.855351213625568,4.713210728175341
346.79285847050147,121.31972727245392,7.609172198476244,4.571897581437412
346.64880949721714,121.35780575649927,7.730829257725759,4.9244323354006525
346.61185526573576,121.47929191148047,7.781926800257224,4.384862779092302
353.63744497323285,121.2075962407017,6.671811551188,4.289021711477986
353.71225437578653,121.3821921354278,6.711580288713719,4.098674985474034
353.8549486726438,121.25891570408915,6.711580288713719,4.406075609384587
356.89140744670453,121.01885630619785,7.55283311665562,4.89535479783234
356.95654061083326,121.05086004192218,7.513258263201351,4.795696763745525
356.78262090574003,121.21649831536668,7.547976672050083,4.702018254719718
361.6796293723672,121.5368746937462,7.933738434826125,4.582052144177666
361.56438948668443,121.38778697964479,7.992827939575875,5.019495946053652
361.6366510368457,121.68833074648332,7.855351213625568,4.422271794337362
363.5348008910656,121.10013319548639,9.683119653182416,4.918409982568846
363.65842214884697,121.10513763558491,9.521126677431027,5.02406315451158
363.52282723084994,121.06797881234706,9.588368375779169,5.006316231601517
363.477740352259,120.89644361047486,9.875340113464745,5.321563975352319
371.2159525064651,119.92886954330028,13.846860713868637,6.01429303733687
372.6866879063401,120.1278393706886,12.120991526618866,5.867262565058979
373.24233971468084,120.01685462602543,11.736841784206888,5.8298128599185475
375.38292710631754,119.87377508160971,13.007657034240196,6.014293037336884
375.8503484296716,120.54576244690361,13.001118293492084,5.174138140411685
375.84242760256717,120.35049838872987,13.174990789803076,5.375396242239674
338.08665361923994,117.6823071905252,15.353255933717207,7.342861533516924
337.9968575134406,117.77983616883212,15.388389242490007,7.237461607198512
338.04571734338197,117.81093178998488,15.481820906141309,7.1038779220199615
341.16657629210175,116.86408403564074,15.91356647231197,7.172311649492713
341.15262051149864,117.05298395024116,16.13135961952372,7.1332312768414
341.25530269830443,116.97020856687142,16.062989631676373,6.87346533076385
348.54247756554736,117.13580812142581,14.96016369698026,7.4288484111717
348.69643930236737,117.08224002119178,14.49906276111443,6.455413102121611
348.579472506295,117.22152563091846,14.930602591127752,6.969745963310174
350.42064499191565,117.37748591555271,14.242895574522265,6.6603468513953175
350.26272944074304,117.83640402113512,15.152288659957208,5.921048184044821
350.3802862271694,117.86164646971582,14.68606439349702,6.107537890628919
351.7355549231159,118.07093541729148,15.3187977582092,6.865280600669024
351.4529315317328,118.00072459829084,15.851625059647574,7.0866088501953755
351.7195741195818,117.816383155713,15.525268073125403,7.366343410071522
353.01712151774507,118.34488028821184,15.091739095807611,6.948176910446065
352.97437434312104,118.377514650563,15.270719061215289,7.0606550498092275
352.65173495865247,118.48185644068447,15.652771295316938,6.929290059586947
352.82385385235835,117.62678272568873,15.618512926417452,8.345414369637979
348.84180018191495,118.22209444230023,17.897939544865267,7.963762091063899
348.92201717592224,118.19221539421996,17.064871940713772,7.818566825426629
348.84367150523366,118.29257785879109,17.472797166388204,7.682591750201823
342.76368180341905,119.31091971599922,14.679537424865487,5.727565180222086
342.66592099517277,119.28756276796913,14.976522286062163,5.515433136510154
342.75712409312604,119.42672092688089,14.703996510388095,5.584444667708382
324.9732442925495,117.36651248324807,16.212412791040833,7.39644638853936
324.6476693923755,117.2495861533682,17.36813525094624,7.787482472400683
325.2709494278961,117.27692710667958,16.137701211358603,7.545869547903791
317.4631958539906,117.27743545434221,16.855800877761965,6.91651403798744
317.4716597255026,117.42117007612424,16.855800877761965,6.865280600669024
317.50945747720704,117.76984704774216,16.890144520243155,6.805552737094317
306.77071326751695,117.91533337235681,16.12441950727913,6.427978046820741
307.5612107660303,118.0156606619721,15.315873834854244,6.425195852670555
306.54273173191046,117.87333691934356,16.73539384881633,7.172311649492713
306.7274955940031,118.11019102662526,15.599121621671543,6.56805120912486
306.17419607448056,118.26729729053064,16.15823767787998,6.249353248239288
306.7530308155642,118.11239601811582,15.188654329774124,6.830651807524106
312.52458701058237,117.49320421798933,15.969024783385123,6.946976883167551
312.65604742881766,117.66451542986505,15.393078035406461,7.367627093869757
312.5888248248676,118.07731718509255,15.70783384016903,5.85524989024222
315.41457397342737,117.5288956942349,16.65694671503934,7.27466652452739
315.64499288834554,117.6920879112993,14.718181197396518,6.649330591717202
316.11596931298925,118.15444279367868,14.209395360992744,5.50699054660484
315.42706638788235,117.57263177042728,14.86681895727287,7.630756632936524
321.05748333452607,117.59019541736829,16.061229372102105,6.642607209449636
