119.90746718467524,158.8794344858589,21.9106894520652,11.500633377554578
120.64199776844893,157.2990695279769,20.75071017050047,13.352630892322026
121.05541748602617,159.67320568425274,22.00297155056829,9.359472973002937
121.57306360513057,159.53117757546863,21.29203304451353,9.653591253232833
120.26022537632974,158.70699984820257,22.802979972737546,10.806629639253885
124.34099077551028,159.70058974706325,21.168980372414154,11.71049978048444
124.08255307070644,159.43208653346392,21.21668571376449,11.996350333483662
123.9178874243934,159.47665050357307,21.212111735070522,11.897819082170969
122.59406298511797,160.44302936177854,23.206090236827407,11.984365850004764
122.91555706187356,160.3744091796535,22.43588741209382,11.081968630822104
123.36909128958065,160.5023000216821,21.9106894520652,11.698920159926217
118.19615703096188,161.86190501387233,21.281581331841906,11.485297861628965
117.9069930547704,161.5833575585144,21.569277111057147,10.963955586143044
120.42262801290927,162.15324722423372,20.87379310125381,11.921820856610395
110.08706858359359,162.3305748625657,21.492938683816263,11.329249674983402
110.26802267662386,161.48184121585825,20.887477973844838,12.667607935620168
110.37098602956925,161.73739127887185,20.653735004187865,13.100901887532245
92.83182065038403,162.29961902964695,22.249273470910467,12.807699857793494
92.32897656151958,162.06268356406787,22.878067210041948,12.551161872175783
92.0167375772507,162.11074921055814,23.346166541495293,12.930184546058939
82.678534018865,163.6036378139947,22.90607859182296,12.807699857793494
82.28824573712703,163.77287593397935,23.316581792393265,11.904592816538809
82.88972458863617,163.81011092464342,22.80169428411631,11.766800260198295
82.30915882133469,163.7602233260907,23.026896202971784,11.54159834134282
61.95305537619298,164.68383368562252,22.294989966691517,12.55500697619243
61.38114331167613,164.72754127853543,22.33214236344466,12.914412180948176
61.58033243669843,164.2847982450744,22.43588741209382,13.66549506009352
62.78032861070865,164.31940665316247,22.916001666552688,14.886379035359028
63.52875564489117,165.24231340199742,21.51804367373871,12.859592766924806
63.31382303076042,164.64964402635627,22.225551212736107,14.163341459096529
68.51333861718848,165.36910947281294,26.471285446612725,13.285214418899272
72.145917165448,165.82900777874033,22.70383658155174,12.78949746297019
72.80022105159331,166.03039095891432,21.56269448152004,12.901528497311148
73.2192292567081,166.40282257929363,22.70383658155174,13.582644592456717
73.21013704779654,166.5284080073676,23.206090236827407,14.490187800460319
73.4257245483056,166.8984795812176,22.374678792539626,13.713512808330734
77.82835796359214,168.58644506048336,22.46489927154181,12.811308018308978
77.61907926639385,168.68812569991968,22.338762324982525,12.626256966294477
77.25162750056424,169.24311564869856,23.055046793291467,12.039857769829979
79.52785780616739,169.35723829846273,21.838770270340163,14.778115220530935
79.11444943389151,169.9843355536688,22.36789987448141,14.209395360992744
78.6440434818953,169.95840511529474,22.42538721673671,13.56712615399249
83.08399933341605,171.56789269915944,21.47247400251787,12.901528497311148
82.59862613849779,171.01449556648802,21.46842545247027,13.920448780420202
82.53290204262295,171.1984342130809,21.484061885520134,14.005432748155528
83.57929392492491,171.2863303100368,23.077010644874377,12.992418861725525
83.18683102303572,171.31347250019977,23.859782919554945,14.599136580914887
83.9770099437779,171.1794597067929,23.077010644874377,14.353529409144386
83.97404560100586,170.8386201323666,22.98817923193701,13.7929075391622
87.98977531628668,171.89742698571771,22.98817923193701,14.531813300188759
87.34904778264566,172.23720608818857,24.186629260918707,14.925982922278678
87.18718297158227,172.6128262971967,23.457324540565736,13.623292329328564
89.68876172609414,171.82208748865867,22.82953599988913,14.291660747898078
89.5901226370486,171.7541761884073,22.93645496244025,15.017027516125381
89.65572309995598,171.9360856107834,22.843812637768252,14.481345511442385
94.04455007568123,172.32335849569324,22.639850024931036,12.713669533519834
93.83741456210309,172.85076186642024,22.571862487318626,12.03379415739576
93.9088292449598,172.51261682063443,22.31544260286705,11.891273912946446
95.80740861158223,172.50172021187012,23.262616628613316,13.363630829203402
95.69563287023753,172.38171155793003,22.970595723257915,13.568415611042042
95.50721441750193,171.2710939862465,23.644984352849505,14.121310099618455
99.39035155962215,171.66070123084947,23.259980542565174,12.398491831058976
99.8780457450956,171.77644525274118,22.42538721673671,12.867789754302152
99.18474170791254,171.44542841519896,23.367104061563566,12.901528497311148
101.39200137972419,171.24390090003206,23.448222612352254,12.311863588016081
101.57838408340292,171.38828420302298,22.63760864371139,12.92510328502334
101.59605973846561,171.69356863471194,23.2344811522792,12.889800497907544
106.22441193087002,171.21052045897085,23.66064554039434,13.36419218470732
106.07292660473442,171.3436112913242,23.2374182228518,12.081676064997623
106.0008059489674,171.24430356018095,23.45732454056575,15.247260951367736
108.25817929759157,170.7985719062748,23.115762788217864,14.41335797382996
108.51995397361323,170.5286417745261,22.902123363923366,14.673221895500689
108.36399453503208,170.03336835102695,23.24520086726676,13.966631648973049
108.29956056666097,170.1780196773531,23.309634835637866,13.24726767896874
112.42770250220275,169.36597406657694,23.77919404952138,14.634025933423061
112.3480128475875,169.39556248407388,24.4335963478148,14.029724872247954
112.52553737141193,169.7267485608484,24.256071823990368,13.1238261517953
115.26778567609952,169.2982961475602,23.480783072621392,15.10651778098719
115.85751767958456,169.44769460565556,22.71232022339359,14.419334878667655
115.56249384373103,169.09255149259556,23.206090236827407,14.817034141824081
119.37859959861531,168.4411339000157,23.998647414578798,14.705938077354688
119.48049158081838,168.53655419102466,23.622956695043683,15.463445808975337
118.23824417530003,168.96630583258815,25.177802352906724,14.942315936443151
122.77377964072942,168.31643227551265,22.661346334554466,14.381239020005722
122.37206631686004,168.42846928307614,22.82578118755052,14.52549711935032
122.36576356105142,168.46608659150928,23.047775250605454,13.869457672930707
128.30283305051427,167.40047481818672,17.322331968417785,13.713512808330734
127.35201010560134,167.28876642278783,20.812686142468706,14.139916539539826
127.73463036624618,167.1255921825409,24.48841762289642,14.871508677872328
130.25703470232153,166.75403592337742,24.3892742317106,14.47493511312905
130.83240475259163,166.839984905533,22.39645537116496,15.652771295316938
130.54562872040378,166.694744455569,24.626785072699676,13.856979682362038
135.78871901710102,165.29436453126795,23.981395925427734,14.682646962984933
135.79310375100425,165.9814743351845,23.40229854784633,12.846111871712054
136.0827917333391,164.83469838395203,22.33137411102453,14.531813300188759
137.95142554697262,165.80869664175853,25.26696525762509,11.294751634103534
137.44562254756383,165.3170817592376,25.772768257033874,13.510504447658946
136.5509216005863,165.69395369627,25.518043916655074,13.13363251062654
137.48991920378847,166.66295949923827,25.15375895713106,10.440488776623795
142.2304684815472,166.27930095078136,20.524104047208567,11.183005410338012
142.75204627979747,164.74820778916316,20.494935208995912,12.233410938702974
143.71518922090732,164.34713410660115,19.185539321818055,12.470600559181719
146.78460176591113,164.83669342693062,22.14892723167503,12.211840960166768
149.19022842973888,164.70620912546394,20.35000145531859,11.822526506719953
148.72713366957808,165.22059634937773,20.225251801906353,11.203203203997134
156.35259670644706,162.59711399041447,14.796158556356858,9.653591253232833
151.6147773932424,163.64709057740382,20.37342194500812,11.548570728186405
152.94333789812043,162.83529393600526,20.48004873349393,12.3602056232981
153.4282490225746,163.59207658651815,21.504673576975648,8.011545058088984
152.76388687799405,161.7345355579325,22.879243895463645,11.33067316727724
153.62166835148832,163.93464539244738,21.576622203475694,8.02545094153669
160.106251925388,161.79332816241555,19.848505380478713,8.570945505206709
160.71206136680502,161.5003850629461,19.60720237900722,10.330676522272626
161.10249512806357,161.76556769571962,19.03013692794579,10.9990699675283
162.19044309195743,161.3792609709275,21.191135783818822,11.493497374274597
161.67828629868472,160.55116642090715,21.21668571376449,11.302346595182968
161.87090126539385,160.56627365069238,21.01776386919957,10.180479374143545
161.33306036576585,160.26856502081603,25.777281708312017,12.888640854155994
162.95122076511072,159.47789521473544,24.29557804137329,13.618597556823602
162.573169534763,159.94324727765604,24.78584779645385,12.59121068059855
164.06432921985487,159.52676231064862,26.43460034763754,12.54064658130244
163.3921773658152,159.7023352970045,27.412420335334218,11.079273898397787
163.26245307822813,159.49242215125142,27.542144622921285,11.289187044150879
164.59024745894362,159.2534537946014,25.18242136119713,11.500633377554578
171.4989793295665,158.53382125395032,24.63019076759403,12.630867060304638
171.19258790915205,158.72185470506807,24.87649395456043,11.986693456652887
170.81058072785058,158.81750977812933,25.281564752382934,12.293780507041106
179.82291401874315,156.72745745429881,24.747463690915595,11.625868931721328
179.70037627654847,156.75481618856705,24.794393314446353,11.329888335740378
180.2962055795693,157.29175246477215,24.44974980958966,11.006898438265466
188.87390563947,154.47775772899442,24.137588193533873,9.359472973002937
188.63712512119415,154.2420852881976,24.434408195818463,9.345879632502005
187.80872979024963,154.62054286695695,25.167168285010007,9.042748777730878
190.71446334560474,154.467644054765,25.18242136119713,8.922905206723385
191.5584909043252,154.51564537299498,24.44237770561844,9.427774257881396
190.98495614890186,154.2966149154598,25.177802352906724,9.264235880594754
194.18202020064692,153.96733679994637,26.967002402541794,9.418622162652468
194.3591908876087,153.64966474770995,26.86785901135599,11.500633377554578
195.3383770630775,154.07210735117246,25.678138317126212,9.517765553838274
196.34812788847293,153.75356383447857,25.602963406828366,10.350134143185926
195.94281446059432,154.13678268471193,25.276117065464604,9.260646338640043
196.1481912748131,153.43718436418806,25.261734120609276,10.826457480261126
196.37356890846775,157.4192476560305,26.74674552623327,9.488370619641415
196.40847601216106,156.38154253005007,25.82086096773753,11.766468289095599
196.5498189106522,155.97710186724467,25.351954599611446,9.653591253232833
197.486541632887,157.8369280156121,26.651389401595765,10.07111796139938
197.33575418930758,157.09359665740138,26.47128544661271,9.319478771466663
198.05732858265148,157.93688368875164,26.149052888775515,8.96538956186589
197.95389383574548,157.07630251143166,26.88570274264842,9.924252690239342
198.484601546271,158.99795758293064,25.61539971558696,9.031070412546683
198.51151130166392,159.17961654923266,25.779600995815088,8.948969772432633
198.57093497944908,158.8183496234837,25.613625755973175,9.58964249317836
196.7369174930155,158.1124729062958,26.254159389633173,11.638441791280684
197.5271576568687,158.92635705790065,25.55136025131779,10.534332735192436
196.90255704470215,158.5504312963046,26.099816954081916,11.014601650346492
188.8441101561729,160.1338675035893,24.62372717603219,14.477266731637002
186.20689655172413,163.31034482758622,28.260312516976683,11.633978408574762
187.35632183908046,162.16091954022988,28.160919540229884,12.068965517241395
183.94113174412107,162.183023539823,25.38070814356874,11.302346595182968
184.06163210249434,162.48801730157248,26.099816954081916,11.493497374274597
184.18914557772982,162.7243528935514,25.18242136119713,10.90577303043969
171.14899611412272,163.76810146031113,26.04982436761091,10.130487254070914
170.04033601510682,164.11394532332847,27.41678019488421,10.655429857400406
169.94526019770538,163.77020190354477,27.059039969737398,10.742030942760067
166.84911312182766,164.41863747271194,25.49401462637377,10.459082923640523
166.55826617497334,165.01247915049936,26.3733274782428,10.009154404393342
165.41373221920034,163.92888421011128,27.120303424644334,10.98260221328573
156.84088863912453,166.11823176674028,26.79548226364625,10.19491412724588
156.9676651553412,166.25531094555686,26.768715620170155,10.013482509767357
156.8538678885755,166.1350194434476,27.057608401938126,10.655429857400406
155.3471935377198,166.5581588409554,26.58350243091965,10.350134143185926
156.15478104362657,166.47459598846976,26.14770730910132,10.676980484549688
155.92289707576862,166.5805252382822,26.537438651814313,10.9990699675283
155.18179780609475,166.6842191170149,26.45752786064429,10.120365848333876
158.6403114857498,166.68495220843664,26.849953878452,10.48578080460257
158.5374990891614,167.25004356059895,26.570428837798545,10.211769292138996
158.71669331384894,166.97575253171007,26.57871267801002,10.29625806445435
164.00706333661358,168.07965740397736,26.168374550691908,9.831212538381493
163.47621573635365,166.88663105222125,26.45752786064429,11.566132398095874
163.5578620846331,167.64817107025388,27.066145793727628,10.50919946569644
172.1663141666827,167.89555601699576,27.564041455010965,9.914339021367567
172.69194445238517,167.80335324279758,27.882768191292996,10.449520320420817
172.51821758271592,166.96980628683983,26.90706977360591,11.283067276378574
175.49849811188403,168.17373356688603,28.52449039386309,10.079139996332373
175.30412820422333,168.32766647501668,29.29357294520196,11.074632375558025
175.47245869469592,168.26919206757182,29.125242454729374,10.558394139324719
181.0344827586207,167.90804597701148,30.85931035440268,10.653921697328059
183.72598140536942,165.34271869464695,27.09091936835179,13.733610565414011
182.95334284816957,166.34681806086678,27.96619738171549,12.48076814602976
186.76595244576941,167.6745129086036,27.697687053668005,13.623292329328564
186.1937635408635,167.61120015878734,28.55329666151485,16.35865954565955
188.0943723103605,166.8028885195407,27.422869068949836,13.748835618390359
193.3455355871133,166.0183211140846,29.452087021578677,13.289356339005025
194.6044292097665,167.23309899705384,27.787907532670175,11.277559875272004
194.28179340061075,167.51169545825414,28.35500987914321,10.806629639253885
196.55172413793105,166.75862068965517,29.88505747126436,11.494252873563227
197.1264367816092,166.75862068965517,28.735632183908052,10.34482758620689
197.1264367816092,166.75862068965517,28.735632183908052,9.770114942528721
198.27586206896552,166.183908045977,27.586206896551715,10.919540229885058
204.5977011494253,164.45977011494253,29.310344827586192,12.068965517241367
204.02298850574712,166.183908045977,29.88505747126436,10.34482758620689
205.17241379310346,166.183908045977,29.310344827586192,9.195402298850581
209.1127341139814,165.6087173521347,27.750016358552557,11.165687055512251
208.15488154854842,164.91383505401342,29.145727240491567,12.725599217679417
207.7430676454652,164.32495792148532,29.231435196705007,13.803733287332904
215.8678801823093,163.15808496313875,28.457911185827186,10.64989314316233
215.9657810396737,163.85051975165123,29.709712279707247,9.373652537447754
215.581310758676,164.25353100196128,28.481601030311083,9.2529059184767
220.34313772574734,163.40062134113765,27.86741922146649,9.712505358688048
220.64548088406895,163.3667364807643,27.661006140842517,9.319478771466663
219.80191088683978,163.78343250265226,28.057579705585766,9.22033538028083
228.74639369420143,161.71387544526846,28.058568969676713,10.826457480261126
228.54305602027642,161.3492304363281,29.07581406687882,11.314570179871396
229.23965892582783,161.7732441648022,27.94213080114872,11.281448532014593
231.6230479419506,161.43022083806306,28.81268452781208,10.393616793137681
231.25700647464168,160.8094722377126,28.37457164274042,10.775153788382454
230.89422807096418,161.30720375061432,29.33085324674215,10.9990699675283
239.15142405407724,161.00516160708005,28.75158344388646,9.716052336209913
238.6859599492137,160.3636063894506,28.850726835072265,10.70748624806808
239.22999072554563,158.54544220515155,28.68111975827867,13.156476953338853
242.80070968688477,159.05655007972297,29.55083681297083,12.710037338912201
243.14822395832505,159.1114395249042,29.3072219422844,11.657519508641002
242.91649695644747,159.08377187570744,29.07581406687882,12.103958797071726
242.63270821882534,158.99659571368235,29.34644379100135,12.888640854155994
253.5458984709773,157.29472537873113,26.537438651814284,13.26871932590717
254.09345633870942,157.2951910233516,26.188261827448343,13.443307738090141
254.35968390231267,157.6051365989406,26.05557654477002,12.710037338912201
254.99212050651812,157.1997947167498,29.49063811417153,11.857676547618013
253.97382857612615,155.83507386139044,30.570369300602636,13.703958651994299
253.77762947878148,155.83860748984682,30.888718308127068,14.581009884581704
264.406104429509,155.14199580398008,29.23308587949805,13.02778827238501
264.3095830051959,155.37794272216667,29.39196134623444,10.64465627133896
263.5234872945673,155.35125555128172,30.128332223145947,12.761782644738673
269.1505154584769,154.73729837606865,30.071944235049273,13.156475602834035
270.1408255436536,154.0078165555235,28.807088010193183,15.189191859920044
269.4320725872008,154.2070178006864,29.937878901279817,14.968939450639937
279.4616680396113,152.5034348193763,29.39196134623444,15.252044806694641
279.7934296072573,152.46225238069212,28.69011232269196,15.066819993363367
279.12202302887346,152.39413696613303,29.709712279707276,15.569795740167422
284.1513902424239,151.66306674872845,30.04044752930207,15.664655807358827
284.1345040375504,151.34185775494078,29.33236309059663,17.00079819944787
284.0611237512491,151.44340081486467,30.118479162295614,16.724934252651764
291.50759204416937,149.85042420934474,29.851965844557355,16.01547072682456
291.15238547833803,149.91865419331714,30.139590920487876,15.862942589730466
291.469338760439,149.61141830091668,29.884633001518125,15.599121621671543
293.27219060367634,148.98165603692323,30.177057126632974,16.214538157593836
293.4412790807733,148.81845434795653,30.139590920487876,16.35865954565955
293.46678455391157,149.6840288292122,30.043419507724593,15.608142867376444
293.75454347782176,148.9037531855389,29.63833108117592,16.009624822241847
278.8313957400719,148.6177108909938,31.050402429557778,17.322856092279608
278.97917490672216,148.75252043848343,30.623538762544683,17.65163762452306
278.7671449905415,148.68925327877838,30.93433062315603,17.81817443893786
258.9154320573129,148.53364833170312,32.325461365147305,16.043006751591633
259.59395205411056,148.52869957698059,30.93432961364448,15.841096263690474
258.9936975322176,148.69224341911027,31.676754558111725,15.838377279055862
239.68437590398162,150.47193721879165,32.22609282828023,16.113046414140115
239.8483102116673,150.32364404360962,32.18345092471185,16.173826102469974
240.06576299339477,150.59037513980476,32.158105290667805,16.79292179026416
229.81207345304517,151.51403668912542,31.9241719618326,16.656089719216993
230.1207837916432,152.04976720789418,31.428455005903515,16.259516154473744
229.9263996665285,151.70653135311187,31.486197551376137,16.560214629097487
227.64088805363414,155.07708713676556,31.3967266927572,16.871229573406907
228.31298006460042,155.42083139304754,31.050402429557778,16.669163409552084
227.34590063489384,155.02246703273892,32.221602135390015,17.151806675146076
236.13505988220905,155.79848109941494,32.18345092471182,17.323235064066836
236.41950346048677,155.22232756015205,31.280343883457164,18.718945946005846
236.21234904597628,156.06330230841718,31.938049566770303,16.961450052409077
248.64899074255214,159.85967726901498,31.970238996613375,16.971855269807122
248.62284172092996,160.20800077494857,32.125979263352804,16.81010542849856
248.27623805751026,159.74819281808337,32.430055441117446,17.40480962877581
255.87145794243244,161.54380978486918,31.486197551376137,17.5407536531888
255.29270572331512,161.73094756263498,32.46673657546745,16.996009750915846
254.79537185328127,161.332404251371,32.67432402462083,17.493775252120003
255.41456172598356,161.58237428516762,32.03094145364912,17.867599994552563
267.7174806311954,165.29596785998692,32.03094145364912,18.194446335916325
267.5423926935829,165.50448131557425,32.051267683670574,18.304337022142875
267.904378966472,165.89553229579934,32.09601740471601,17.493775252120003
273.9840720613452,166.82155170446853,32.47937244078332,18.31475723744171
273.24809040578276,166.94870505966918,32.90253169728584,16.88706097046125
273.4310764045846,167.28223327255114,32.728346147698915,17.158550407531465
286.54584617026035,170.0804389808257,32.57568535592202,13.509648776369005
286.5301178875679,170.8517371101269,32.04618023235588,13.914788785101905
286.2720489613805,170.60354393637041,32.41059521422608,14.775418406485414
290.84220181895114,172.5667876715384,32.35778779501288,12.09331463045936
289.8816929212342,173.3512749271648,33.2293780386496,11.112775606368047
289.75512229198034,175.03587070827197,32.90253169728578,9.042748777730878
303.5850985743363,176.35726968109688,35.26685926096377,10.9990699675283
304.00960240874,177.06135921599963,35.85501043409721,10.554095813262478
303.7827572367979,176.233919436269,35.71043377912099,10.843249123214889
312.0689655172414,177.10344827586206,31.609195402298838,12.068965517241395
312.64367816091954,177.67816091954023,31.034482758620697,12.643678160919535
309.7701149425287,177.10344827586206,35.05747126436785,12.643678160919535
323.3819235018291,179.66376623676507,34.69839719428762,11.132402433167272
323.4496718064139,179.394987206479,34.60153438728116,11.709264488471575
321.9712514136482,179.24217096167735,36.13980132187868,10.9990699675283
330.6137257864499,179.93582463719784,32.23170606065429,13.429877525272644
330.4137524197465,180.41745371970424,32.6786706316787,13.07146825267148
330.8003360331439,180.34268145918546,31.775091017303964,12.919542501541173
330.8724307731207,179.11081577587814,32.920672675155174,12.935161235616107
321.5311832943469,180.1809108138817,33.99934988159009,11.121282671548158
320.18329342990313,179.292490008519,34.15822534832654,12.074535471966584
321.014905688773,180.3356791965806,33.52270067496761,10.535705926418387
312.08845568178214,179.28033834224527,28.807088010193183,13.094130913724172
308.75807539075726,179.23750047824856,32.924081020057486,10.894877719364473
314.4787100863538,179.5506948923515,26.937884470956135,10.775153788382454
288.7718589534328,178.64205089004807,32.49250886265918,12.254500834089868
290.2298850574713,179.97701149425288,30.294194382762953,10.508330719291877
289.08045977011494,178.82758620689654,31.640867796557586,10.707253488184847
285.0574712643678,177.67816091954023,34.99433344815105,11.923277140794028
282.7357787105475,178.20424935058574,33.356175312440996,12.692302373552195
284.6637045698082,177.27519425456288,32.57767474053662,11.897219538540583
266.6666666666667,176.5287356321839,35.92953726579566,11.815547943085448
268.39080459770116,177.10344827586206,34.05919391144613,10.982733853989714
268.39080459770116,177.10344827586206,34.11729924384383,12.094396733557375
259.7701149425287,177.10344827586206,33.3219691901794,10.95050939203395
260.91954022988506,176.5287356321839,31.283786725008156,11.677979051095207
260.91954022988506,177.67816091954023,32.43353888464668,10.497188678557848
272.98850574712645,174.80459770114942,32.758620689655174,12.068965517241395
271.8390804597701,174.80459770114942,33.333333333333314,10.344827586206918
271.264367816092,173.6551724137931,33.294283575320435,13.353912863440144
280.45977011494256,175.3793103448276,32.57589807833841,9.705751367488773
280.45977011494256,174.22988505747128,32.75862068965512,12.643678160919535
282.7586206896552,174.22988505747128,30.463351290222477,11.090780327982344
280.45977011494256,174.22988505747128,33.29296550742731,10.880181829992381
294.82758620689657,174.80459770114942,32.53323100458317,11.299256987359996
293.1034482758621,174.80459770114942,34.53428153285165,10.634204398171505
295.97701149425285,173.6551724137931,32.41916409477574,10.792245727487483
305.9977174725202,172.1198398319333,27.41038071272925,12.046600440626236
306.2728536834643,173.48145522922195,27.23579230054628,9.427774257881396
306.32183908045977,173.08045977011494,27.662516391124143,10.521604792459783
314.98221424064604,171.67165280212797,34.987550504240005,12.28901567297686
316.5185813010695,173.35328046093517,32.887221614435305,10.80353173807535
315.8967498518789,173.10213914554424,33.6863606094542,10.98782577819108
320.0625449512675,173.42504028967613,37.15620032888296,12.43359232795305
319.52187155103695,172.55550026339557,37.9957606925052,12.279117784773007
319.9054170673182,173.33244233214208,37.89065362561587,11.577699718938192
340.24811556869764,175.31195070689208,33.204972547908085,17.79405227447708
338.5901449999563,175.11573804490067,34.733099156814546,18.155938195607604
337.47635029900573,175.33737434408843,35.91718208261506,15.261513265873049
346.6801450432339,176.70810684683173,34.842973849263785,18.36123518197718
347.0301399656177,176.52843084175203,34.31710081506293,18.906180541631898
347.5703488011715,175.4003491112073,34.057175742672314,19.461243281527032
361.8824841005786,176.8013532388821,34.733099156814546,19.471585890941498
361.51117734003446,176.97635436186718,34.520538677946774,19.924606216801493
361.99363021454707,177.26246842584473,34.63485174853571,18.74730507489548
368.32176446153017,177.7531009096929,35.6789460161329,17.60779154042922
368.19305964275685,178.146057762522,35.447264548495696,19.461243281527032
368.6343891525933,178.04781488098502,35.208632228969975,20.872183177652857
368.5600071360416,178.58062250537358,35.21558308085844,20.156287684438723
370.9286716318317,178.54594070376316,36.152489162527615,21.640574498696083
370.54306589217475,179.1459951024216,37.68005912714142,20.87678951638918
371.5932334234252,179.54658572625004,35.38870418022066,20.36759952818454
355.51955202222297,179.45157876418082,35.910627483770156,21.083013554987616
355.3359475409438,179.0647436514006,36.14230895140736,20.156287684438723
355.74884306846445,179.68336877284915,35.63029249518519,20.028862645222432
319.7905401480744,178.31442478828808,35.876958531799744,19.95296089469076
319.81566697261206,178.3822008813158,35.63029249518519,21.083013310760464
319.7758637507058,177.949496666919,35.21558308085844,20.851332087350386
310.99206245843516,177.72820267429944,34.97184346938593,19.86400709061121
310.36982655322754,177.38164744597958,35.9106274837701,20.156287684438723
310.9227674921496,177.794717098901,35.56585712414477,19.517848421786766
312.98910937765413,176.98307431378197,33.812145770080804,19.997844969075032
312.66746272649567,176.8999248514245,33.36213133976065,19.229561813889802
312.03616730514625,177.3369178174365,35.10953695892704,19.7611055014726
319.455291628296,176.58457311518364,35.44144767314674,18.506371691396822
320.6443214568808,175.75465873243837,34.752220145583976,18.9978803462526
319.723963651246,175.87362400477144,36.14416374404959,19.228695111834384
335.59802824368444,175.15780521734985,33.94365143032434,18.553051713469188
335.35115859714324,175.11155196602988,34.219328787865834,19.37931375231176
335.5822325837519,174.17695285619493,34.219328787865834,20.077667401043726
341.3058174861067,175.1740578393921,35.26685926096377,20.077667401043726
341.5581773341567,174.88100754188704,35.1277934654147,19.340021121408114
342.33536861988534,174.79792812281033,34.26466722935902,19.807001731739177
341.6734343468566,174.80930293524077,34.725826172490656,20.144816287908952
355.01013463706204,175.89853028065374,34.15822534832654,19.382806941841096
354.2952956541291,175.55612211210678,35.09227084878074,19.903078988860727
353.8925246231417,175.415280560655,34.7937272152721,19.700557875313905
358.7038414945998,175.31027158237183,34.370324203811435,18.58543456946842
358.734222653075,175.70677402198368,34.793727215272156,17.952927741213472
359.0564229934296,175.57161070683105,34.12132032987773,18.0783135782861
353.7769469297533,176.6762338755984,34.89847369740704,19.828678237163075
353.97766915479315,176.1369718897016,34.799330306221236,20.919255540207047
354.41089938182176,176.64553028907778,34.36531169653955,20.450522911437645
340.44705437837223,175.9524197292638,36.83735335431902,19.229561813889802
340.78489962754253,176.7067315662832,36.14416374404959,19.084118456858192
339.9262157104261,175.97853475140514,37.187331794976615,20.426844225409695
322.7184656687751,175.2349761121805,36.38248188263617,19.859433342050295
323.37533651948485,175.25454619683663,35.5313929648961,19.02468284734593
323.1717483989836,175.20656479820872,35.42128046916861,19.373271766810575
313.05154083174,176.02437840464083,35.44144767314674,17.808018042664855
313.1203731466441,175.49789628106421,34.91768243659777,18.506371691396822
313.05079858669956,175.73429403433295,34.996228695881314,18.41906773467437
303.36512345209957,173.7764527723158,33.2293780386496,19.93762682318976
303.20382215873957,173.88753011160745,34.15822534832654,19.382806941841068
303.1435381115232,174.08404150622914,33.708753003177264,18.936387716490742
304.9284490975909,173.202885967,33.99934988159009,19.382806941841096
304.9091385654039,173.34330708396112,34.31710081506293,18.42955414142267
304.1938379539646,173.43521548503637,34.793727215272156,19.382806941841096
304.6686683338933,172.79546475290613,34.36531169653955,20.028862645222432
313.23069118780694,171.2936868840841,34.15386628744926,20.114656827944884
313.16656199568354,171.2582345455636,34.7430940244148,19.20472534012879
312.5164747701934,171.86278392125035,34.7937272152721,18.906180541631898
316.8520767584838,171.09546886012672,34.725826172490656,21.487804040436203
317.18536536118455,171.48068658211076,34.26466722935902,20.38530835164397
316.3964355899297,171.555355739543,35.58810454895416,20.177184275523103
325.13058663082745,170.89555823216793,34.63485174853571,19.859433342050295
325.0455254159201,170.04950893550682,34.5538205393114,20.38530835164397
324.25806349897465,170.40064254051103,35.42128046916861,19.95157838671537
326.5752599659868,170.03953310650738,34.793727215272156,20.336059742259494
326.7636766536401,170.0778805333101,34.42781462365008,20.26447316455352
326.95700984971165,170.22619064364773,34.44203823350148,19.649145456422758
305.7268678228274,170.07427865187657,36.314389734061706,20.426844225409695
305.6221819742555,169.9940512224913,36.577893708978195,20.24073169666778
305.4868080407234,170.34571102336974,36.488978146244676,19.903078988860727
288.52950023400103,169.9647012817925,34.7430940244148,18.331783279213823
287.784603023129,170.3815841600025,35.592477435707735,17.746667022260965
288.02499513805185,170.25229675112627,36.31187639121521,17.892808656540836
282.31868038575584,169.56093774849234,35.19045608683217,18.957087799098446
283.1645516054721,169.7265762639844,34.19356154182469,18.49519819544608
283.05038724364545,169.1617400554991,34.27523833045689,18.746204357632536
281.2931656256753,168.869984840515,34.73488441583771,19.758284901476515
281.19684831772486,168.41801610570934,35.19045608683217,20.37342194500809
281.82585962979147,168.64900839802488,34.600216053805866,19.993896473998547
281.3983133656969,168.24178822374876,34.64466393683557,20.20938729648742
284.60736130365996,167.53903008823113,34.24104426085978,20.113620404980566
285.09300674323543,168.31701560890215,33.10805398954943,19.517848421786766
284.5107814632409,168.09213903555107,34.1200905743828,19.517848421786766
286.3301795956912,166.96824265206124,34.700186915035374,20.621825366649603
285.90180597180824,167.2518254045887,34.752220145583976,20.619650619713184
286.5794090485025,166.77299521138957,33.65655171799375,20.60226419502189
286.6687184468175,166.53209810412807,34.31710081506293,21.28931254267792
286.9146821818879,166.3075812857662,33.397207299501815,20.963614971548765
286.8076490770984,166.39327951444105,33.922900104818154,21.201812565511347
262.9246830015532,166.11212029040377,35.31855963969804,20.59251612890867
262.7314018635759,165.8845763660258,35.111478148744936,20.81268614246872
263.48408110722926,165.63856846308045,34.60153438728116,20.392539277675212
249.86256947616695,165.62284029929674,34.31710081506296,19.382806941841096
249.18726470778054,165.63902884142163,36.06204633046886,18.630241457734684
248.92520138793785,165.09566435166926,35.91717929460813,19.75444861203448
232.81257452845344,164.6087437607708,34.99761708859282,19.630391454791464
233.4410543690613,164.48114460524866,34.600216053805866,20.71224005989069
233.02929207644127,165.08183991377982,34.1200905743828,19.807001731739177
227.1440537805278,164.4275024270379,34.72582617249063,22.4470810065271
227.10264682299191,164.10460325566848,34.89277204847582,24.055487553419795
227.29993429529694,164.22315797946806,34.86360974546844,23.641885358645766
223.27567583465947,163.39684805153396,35.13212715921617,23.27684145116794
223.98320524177015,163.67794760131503,34.95938784675192,23.705338334441393
223.21419005795374,163.42032861500488,35.127793465414726,23.28696420740974
223.8409209433753,163.76383737815692,34.91532537384211,22.46489927154181
226.69279103497183,162.2096516838677,35.61603608532971,22.696493583788566
226.10274822284228,162.26936119861824,35.68510313858158,23.406357972618025
227.20206231169837,162.18213794020568,34.20991706274086,23.4239877977366
230.4662273238357,161.88369430211358,35.49324774536336,22.4470810065271
229.6376275608651,162.6360218486893,35.78561731308167,21.83975174254249
230.62371229882868,162.41909769464382,35.270353615481355,21.28931254267792
231.88547193933485,162.51805506043024,35.90585548242697,21.765938942887118
232.13208016320527,162.94811665266835,35.10953695892704,21.29594864721804
232.13208016320527,162.94811665266835,35.10953695892704,21.29594864721804
234.28742135012297,162.94811665266835,35.10953695892712,21.29594864721804
234.28742135012297,162.94811665266835,35.10953695892712,21.29594864721804
234.28742135012297,162.94811665266835,35.10953695892712,21.29594864721804
229.25829191398168,162.94811665266835,35.109536958926924,21.29594864721804
229.25829191398168,162.94811665266835,35.109536958926924,21.29594864721804
229.25829191398168,162.94811665266835,35.109536958926924,21.29594864721804
205.54953885788703,162.94811665266835,35.10953695892661,21.29594864721804
205.54953885788703,162.94811665266835,35.10953695892661,21.29594864721804
205.54953885788703,162.94811665266835,35.10953695892661,21.29594864721804
189.02525642485136,162.94811665266835,35.10953695892661,21.29594864721804
189.02525642485136,162.94811665266835,35.10953695892661,21.29594864721804
189.02525642485136,162.94811665266835,35.10953695892661,21.29594864721804
175.3747622410393,161.51122252805655,35.10953695892661,21.29594864721804
175.3747622410393,161.51122252805655,35.10953695892661,21.29594864721804
175.3747622410393,161.51122252805655,35.10953695892661,21.29594864721804
175.3747622410393,161.51122252805655,35.10953695892661,21.29594864721804
177.8381355746288,159.54052386118494,35.10953695892661,21.29594864721804
177.8381355746288,159.54052386118494,35.10953695892661,21.29594864721804
177.8381355746288,159.54052386118494,35.10953695892661,21.29594864721804
178.5565826369347,157.38518267426724,35.10953695892661,21.29594864721804
178.5565826369347,157.38518267426724,35.10953695892661,21.29594864721804
178.5565826369347,157.38518267426724,35.10953695892661,21.29594864721804
179.2750296992406,156.66673561196134,35.10953695892661,21.29594864721804
179.2750296992406,156.66673561196134,35.10953695892661,21.29594864721804
179.2750296992406,156.66673561196134,35.10953695892661,21.29594864721804
179.2750296992406,151.63760617582005,35.10953695892661,21.29594864721804
179.2750296992406,151.63760617582005,35.10953695892661,21.29594864721804
179.2750296992406,151.63760617582005,35.10953695892661,21.29594864721804
179.9934767615465,149.48226498890236,35.10953695892661,21.29594864721804
179.9934767615465,149.48226498890236,35.10953695892661,21.29594864721804
179.9934767615465,149.48226498890236,35.10953695892661,21.29594864721804
179.9934767615465,145.89002967737287,35.10953695892661,21.29594864721804
179.9934767615465,145.89002967737287,35.10953695892661,21.29594864721804
179.9934767615465,145.89002967737287,35.10953695892661,21.29594864721804
180.7119238238524,145.17158261506697,35.10953695892661,21.29594864721804
180.7119238238524,145.17158261506697,35.10953695892661,21.29594864721804
180.7119238238524,145.17158261506697,35.10953695892661,21.29594864721804
180.7119238238524,145.17158261506697,35.10953695892661,21.29594864721804
180.7119238238524,145.17158261506697,35.10953695892661,21.29594864721804
180.7119238238524,145.17158261506697,35.10953695892661,21.29594864721804
180.7119238238524,145.17158261506697,35.10953695892661,21.29594864721804
182.45125874392306,145.17158261506697,35.10953695892661,21.29594864721804
181.97793313156166,144.8789263773516,35.19883570871599,19.75444861203448
181.97793313156166,144.8789263773516,35.19883570871599,19.75444861203448
182.69638019386755,145.5973734396575,35.19883570871599,19.75444861203448
182.69638019386755,145.5973734396575,35.19883570871599,19.75444861203448
182.69638019386755,145.5973734396575,35.19883570871599,19.75444861203448
182.69638019386755,145.5973734396575,35.19883570871599,19.75444861203448
182.69638019386755,145.5973734396575,35.19883570871599,19.75444861203448
182.69638019386755,145.5973734396575,35.19883570871599,19.75444861203448
182.69638019386755,145.5973734396575,35.19883570871599,19.75444861203448
183.41482725617345,145.5973734396575,35.19883570871599,19.75444861203448
183.41482725617345,145.5973734396575,35.19883570871599,19.75444861203448
183.41482725617345,145.5973734396575,35.19883570871599,19.75444861203448
183.41482725617345,145.5973734396575,35.19883570871599,19.75444861203448
183.41482725617345,145.5973734396575,35.19883570871599,19.75444861203448
183.41482725617345,145.5973734396575,35.19883570871599,19.75444861203448
183.41482725617345,145.5973734396575,35.19883570871599,19.75444861203448
183.41482725617345,145.5973734396575,35.19883570871599,19.75444861203448
183.41482725617345,145.5973734396575,35.19883570871599,19.75444861203448
183.41482725617345,145.5973734396575,35.19883570871599,19.75444861203448
183.41482725617345,145.5973734396575,35.19883570871599,19.75444861203448
183.41482725617345,145.5973734396575,35.19883570871599,19.75444861203448
183.41482725617345,145.5973734396575,35.19883570871599,19.75444861203448
183.41482725617345,145.5973734396575,35.19883570871599,19.75444861203448
183.41482725617345,145.5973734396575,35.19883570871599,19.75444861203448
183.41482725617345,145.5973734396575,35.19883570871599,19.75444861203448
183.41482725617345,145.5973734396575,35.19883570871599,19.75444861203448
181.97793313156166,143.4420322527398,35.19883570871599,19.75444861203448
181.97793313156166,143.4420322527398,35.19883570871599,19.75444861203448
181.97793313156166,143.4420322527398,35.19883570871599,19.75444861203448
181.97793313156166,143.4420322527398,35.19883570871599,19.75444861203448
181.97793313156166,143.4420322527398,35.19883570871599,19.75444861203448
181.97793313156166,143.4420322527398,35.19883570871599,19.75444861203448
181.97793313156166,143.4420322527398,35.19883570871599,19.75444861203448
181.97793313156166,143.4420322527398,35.19883570871599,19.75444861203448
181.97793313156166,143.4420322527398,35.19883570871599,19.75444861203448
181.97793313156166,143.4420322527398,35.19883570871599,19.75444861203448
181.97793313156166,143.4420322527398,35.19883570871599,19.75444861203448
181.97793313156166,143.4420322527398,35.19883570871599,19.75444861203448
181.97793313156166,143.4420322527398,35.19883570871599,19.75444861203448
181.97793313156166,143.4420322527398,35.19883570871599,19.75444861203448
184.13327431847935,144.1604793150457,34.186799123882594,19.75444861203448
184.13327431847935,144.1604793150457,34.186799123882594,19.75444861203448
185.57016844309115,144.1604793150457,34.186799123882594,19.75444861203448
185.57016844309115,144.1604793150457,34.186799123882594,19.75444861203448
185.57016844309115,144.1604793150457,34.186799123882594,19.75444861203448
185.57016844309115,144.1604793150457,34.186799123882594,19.75444861203448
187.00706256770295,144.1604793150457,34.186799123882594,19.75444861203448
187.00706256770295,144.1604793150457,34.186799123882594,19.75444861203448
187.00706256770295,144.1604793150457,34.186799123882594,19.75444861203448
189.16240375462064,145.5973734396575,34.186799123882594,19.75444861203448
189.16240375462064,145.5973734396575,34.186799123882594,19.75444861203448
189.16240375462064,145.5973734396575,34.186799123882594,19.75444861203448
192.03619200384423,147.0342675642693,34.186799123882594,19.75444861203448
192.03619200384423,147.0342675642693,34.186799123882594,19.75444861203448
192.03619200384423,147.0342675642693,34.186799123882594,19.75444861203448
194.90998025306783,147.7527146265752,34.186799123882594,19.75444861203448
194.90998025306783,147.7527146265752,34.186799123882594,19.75444861203448
194.90998025306783,147.7527146265752,34.186799123882594,19.75444861203448
199.22066262690322,149.189608751187,34.186799123882594,19.75444861203448
199.22066262690322,149.189608751187,34.186799123882594,19.75444861203448
199.22066262690322,149.189608751187,34.186799123882594,19.75444861203448
199.22066262690322,149.189608751187,34.186799123882594,19.75444861203448
199.22066262690322,149.189608751187,34.186799123882594,19.75444861203448
200.65755675151502,149.9080558134929,34.186799123882594,19.75444861203448
204.9682391253504,150.6265028757988,34.186799123882594,19.75444861203448
204.9682391253504,150.6265028757988,34.186799123882594,19.75444861203448
204.9682391253504,150.6265028757988,34.186799123882594,19.75444861203448
207.1235803122681,151.3449499381047,34.186799123882594,19.75444861203448
207.1235803122681,151.3449499381047,34.186799123882594,19.75444861203448
207.1235803122681,151.3449499381047,34.186799123882594,19.75444861203448
210.7158156237976,152.7818440627165,34.186799123882594,19.75444861203448
210.7158156237976,152.7818440627165,34.186799123882594,19.75444861203448
210.7158156237976,152.7818440627165,34.186799123882594,19.75444861203448
210.7158156237976,152.7818440627165,34.186799123882594,19.75444861203448
213.5896038730212,153.5002911250224,34.186799123882594,19.75444861203448
213.5896038730212,153.5002911250224,34.186799123882594,19.75444861203448
214.3080509353271,153.5002911250224,34.186799123882594,19.75444861203448
214.3080509353271,153.5002911250224,34.186799123882594,19.75444861203448
219.12240513213757,154.72241001030338,32.61550341423569,19.92903702421748
219.12240513213757,154.72241001030338,32.61550341423569,19.92903702421748
254.1384984409569,169.7648664572094,29.545817122744808,18.77790466490839
254.1384984409569,169.7648664572094,29.545817122744808,18.77790466490839
254.1384984409569,169.7648664572094,29.545817122744808,18.77790466490839
257.0122866901805,170.4833135195153,29.545817122744893,18.77790466490839
257.0122866901805,170.4833135195153,29.545817122744893,18.77790466490839
257.0122866901805,170.4833135195153,29.545817122744893,18.77790466490839
259.1676278770981,172.638654706433,29.545817122744893,18.77790466490839
259.1676278770981,172.638654706433,29.545817122744893,18.77790466490839
259.1676278770981,172.638654706433,29.545817122744893,18.77790466490839
261.3229690640157,173.3571017687389,29.545817122744893,18.77790466490839
261.3229690640157,173.3571017687389,29.545817122744893,18.77790466490839
261.3229690640157,173.3571017687389,29.545817122744893,18.77790466490839
264.1967573132392,174.79399589335068,29.545817122744893,18.77790466490839
264.1967573132392,174.79399589335068,29.545817122744893,18.77790466490839
264.1967573132392,174.79399589335068,29.545817122744893,18.77790466490839
265.6336514378509,175.51244295565658,29.545817122744893,18.77790466490839
265.6336514378509,175.51244295565658,29.545817122744893,18.77790466490839
265.6336514378509,175.51244295565658,29.545817122744893,18.77790466490839
265.6336514378509,175.51244295565658,29.545817122744893,18.77790466490839
268.5074396870744,176.23089001796248,29.545817122744893,18.77790466490839
268.8203894175911,177.47711719876193,29.094558368849448,16.65558051550076
268.8203894175911,177.47711719876193,29.094558368849448,16.65558051550076
270.79108808446273,177.96979186547983,29.094558368849448,16.65558051550076
270.79108808446273,177.96979186547983,29.094558368849448,16.65558051550076
270.79108808446273,177.96979186547983,29.094558368849448,16.65558051550076
273.6648763336862,180.12513305239753,29.094558368849448,16.65558051550076
273.6648763336862,180.12513305239753,29.094558368849448,16.65558051550076
273.6648763336862,180.12513305239753,29.094558368849448,16.65558051550076
275.10177045829795,181.56202717700933,29.094558368849448,16.65558051550076
275.10177045829795,181.56202717700933,29.094558368849448,16.65558051550076
275.10177045829795,181.56202717700933,29.094558368849448,16.65558051550076
277.97555870752143,183.71736836392702,29.094558368849448,16.65558051550076
277.97555870752143,183.71736836392702,29.094558368849448,16.65558051550076
277.97555870752143,183.71736836392702,29.094558368849448,16.65558051550076
280.43893204111095,185.19539236408073,27.936151030663325,16.65558051550076
280.43893204111095,185.19539236408073,27.936151030663325,16.65558051550076
280.43893204111095,185.19539236408073,27.936151030663325,16.65558051550076
282.90230537470046,186.18074169751654,27.936151030663325,16.65558051550076
282.90230537470046,186.18074169751654,27.936151030663325,16.65558051550076
282.90230537470046,186.18074169751654,27.936151030663325,16.65558051550076
284.2537110562127,187.86999879940683,27.936151030663325,16.65558051550076
284.2537110562127,187.86999879940683,27.936151030663325,16.65558051550076
284.2537110562127,187.86999879940683,27.936151030663325,16.65558051550076
284.2537110562127,187.86999879940683,27.936151030663325,16.65558051550076
286.4058242622865,189.09977777430615,27.936151030663325,16.65558051550076
286.4058242622865,189.09977777430615,27.936151030663325,16.65558051550076
286.4058242622865,189.09977777430615,27.936151030663325,16.65558051550076
286.4058242622865,190.8931129338525,27.936151030663325,16.65558051550076
286.4058242622865,190.8931129338525,27.936151030663325,16.65558051550076
286.4058242622865,190.8931129338525,27.936151030663325,16.65558051550076
284.4351255954149,192.86381160072412,27.936151030663325,16.65558051550076
284.4351255954149,192.86381160072412,27.936151030663325,16.65558051550076
284.4351255954149,192.86381160072412,27.936151030663325,16.65558051550076
284.4351255954149,192.86381160072412,27.936151030663325,16.65558051550076
284.4351255954149,192.86381160072412,27.936151030663325,16.65558051550076
284.4351255954149,192.86381160072412,27.936151030663325,16.65558051550076
278.15845253700263,195.42456833314324,26.785018671354237,16.65558051550076
278.15845253700263,195.42456833314324,26.785018671354237,16.65558051550076
278.15845253700263,195.42456833314324,26.785018671354237,16.65558051550076
265.6051064201781,196.326773123165,26.785018671354237,15.753375725479003
265.6051064201781,196.326773123165,26.785018671354237,15.753375725479003
265.6051064201781,196.326773123165,26.785018671354237,15.753375725479003
223.17479616485411,198.3666918854402,26.785018671354237,15.753375725479003
223.17479616485411,198.3666918854402,26.785018671354237,15.753375725479003
223.17479616485411,198.3666918854402,26.785018671354237,15.753375725479003
213.83498435487743,198.3666918854402,26.785018671354237,15.753375725479003
213.83498435487743,198.3666918854402,26.785018671354237,15.753375725479003
213.83498435487743,198.3666918854402,26.785018671354237,15.753375725479003
213.83498435487743,198.3666918854402,26.785018671354237,15.753375725479003
213.83498435487743,198.3666918854402,26.785018671354237,15.753375725479003
213.83498435487743,198.3666918854402,26.785018671354237,15.753375725479003
213.83498435487743,198.3666918854402,26.785018671354237,15.753375725479003
218.14566672871283,198.3666918854402,26.785018671354237,15.753375725479003
218.14566672871283,198.3666918854402,26.785018671354237,15.753375725479003
218.14566672871283,198.3666918854402,26.785018671354237,15.753375725479003
223.17479616485411,198.3666918854402,26.785018671354237,15.753375725479003
223.17479616485411,198.3666918854402,26.785018671354237,15.753375725479003
223.17479616485411,198.3666918854402,26.785018671354237,15.753375725479003
223.7161968007833,198.3666918854402,26.785018671354237,15.753375725479003
223.7161968007833,198.3666918854402,26.785018671354237,15.753375725479003
223.7161968007833,198.3666918854402,26.785018671354237,15.753375725479003
227.16491946780863,199.352041218876,26.785018671354237,15.753375725479003
227.16491946780863,199.352041218876,26.785018671354237,15.753375725479003
227.16491946780863,199.352041218876,26.785018671354237,15.753375725479003
229.32026065472633,200.0704882811819,26.785018671354237,15.753375725479003
229.32026065472633,200.0704882811819,26.785018671354237,15.753375725479003
229.32026065472633,200.0704882811819,26.785018671354237,15.753375725479003
232.51179983742279,201.1966463963052,25.831765870935925,15.276749325269805
232.51179983742279,201.1966463963052,25.831765870935925,15.276749325269805
232.51179983742279,201.1966463963052,25.831765870935925,15.276749325269805
232.51179983742279,202.4696213668168,25.831765870935925,15.276749325269805
232.51179983742279,202.4696213668168,25.831765870935925,15.276749325269805
232.51179983742279,202.4696213668168,25.831765870935925,15.276749325269805
232.51179983742279,202.4696213668168,25.831765870935925,15.276749325269805
234.75346878685573,203.81462273647657,25.831765870935925,15.276749325269805
234.75346878685573,203.81462273647657,25.831765870935925,15.276749325269805
234.75346878685573,203.81462273647657,25.831765870935925,15.276749325269805
236.10487446836797,204.82817699761074,25.831765870935925,15.276749325269805
236.10487446836797,204.82817699761074,25.831765870935925,15.276749325269805
236.10487446836797,204.82817699761074,25.831765870935925,15.276749325269805
238.07557313523958,205.81352633104655,25.831765870935925,15.276749325269805
238.07557313523958,205.81352633104655,25.831765870935925,15.276749325269805
238.07557313523958,205.81352633104655,25.831765870935925,15.276749325269805
239.92024159758856,205.81352633104655,25.831765870935925,15.276749325269805
239.92024159758856,205.81352633104655,25.831765870935925,15.276749325269805
240.3039912613339,206.16882686655333,25.011761310882292,17.0600452871914
244.22083772990507,206.16882686655333,25.011761310882292,17.0600452871914
244.22083772990507,206.16882686655333,25.011761310882292,17.0600452871914
244.4602855918691,206.16882686655333,24.41314165597217,17.17976921817342
245.99750931049326,206.16882686655333,24.41314165597217,17.17976921817342
245.99750931049326,206.16882686655333,24.41314165597217,17.17976921817342
245.99750931049326,206.16882686655333,24.41314165597217,17.17976921817342
249.37940149146638,208.14367925399492,24.41314165597217,16.12725106190632
249.37940149146638,208.14367925399492,24.41314165597217,16.12725106190632
249.37940149146638,208.14367925399492,24.41314165597217,16.12725106190632
251.72413793103448,210.4367816091954,24.71264367816093,14.367816091954012
251.7443614341128,209.1572335151291,24.41314165597217,16.12725106190632
251.7443614341128,209.1572335151291,24.41314165597217,16.12725106190632
251.7443614341128,209.1572335151291,24.41314165597217,16.12725106190632
257.0908563102615,209.4118285092314,22.630976697256074,16.12725106190632
257.0908563102615,209.4118285092314,22.630976697256074,16.12725106190632
257.0908563102615,209.4118285092314,22.630976697256074,16.12725106190632
258.93552477261045,210.3341627404059,22.630976697256074,16.12725106190632
258.93552477261045,210.3341627404059,22.630976697256074,16.12725106190632
258.93552477261045,210.3341627404059,22.630976697256074,16.12725106190632
262.8769221063537,211.3195120738417,22.630976697256074,16.12725106190632
262.8769221063537,211.3195120738417,22.630976697256074,16.12725106190632
262.8769221063537,211.3195120738417,22.630976697256074,16.12725106190632
263.8603063311676,213.69960359611937,20.18673892669426,14.905132176625415
265.00973161852386,213.1248909524412,20.18673892669426,14.905132176625415
263.8603063311676,213.69960359611937,22.716700523985537,14.694302043517808
269.6074327679492,215.99845417083202,21.77187757687841,13.40384467974269
269.70175646193934,215.23682731474352,22.716700523985537,14.694302043517808
269.70175646193934,215.23682731474352,22.716700523985537,14.694302043517808
271.2389801805635,215.23682731474352,22.716700523985537,14.694302043517808
271.2389801805635,215.23682731474352,22.716700523985537,14.694302043517808
271.2389801805635,215.23682731474352,22.716700523985537,14.694302043517808
275.5432065927111,218.31127475199182,22.716700523985537,9.46774140019582
275.5432065927111,218.31127475199182,22.716700523985537,9.46774140019582
275.5432065927111,218.31127475199182,22.716700523985537,9.46774140019582
277.57996654552966,218.31127475199182,22.716700523985537,9.46774140019582
277.57996654552966,218.31127475199182,22.716700523985537,9.46774140019582
277.57996654552966,218.31127475199182,22.716700523985537,9.46774140019582
277.57996654552966,218.31127475199182,22.716700523985537,9.46774140019582
282.30988643082236,220.33838327426008,22.716700523985537,9.46774140019582
282.30988643082236,220.33838327426008,22.716700523985537,9.46774140019582
282.30988643082236,220.33838327426008,22.716700523985537,9.46774140019582
284.67484637346877,220.67623469463814,22.716700523985537,9.46774140019582
284.67484637346877,220.67623469463814,22.716700523985537,9.46774140019582
284.67484637346877,220.67623469463814,22.716700523985537,9.46774140019582
288.0162336877805,220.67623469463814,22.716700523985537,9.46774140019582
288.0162336877805,220.67623469463814,22.716700523985537,9.46774140019582
288.0162336877805,220.67623469463814,22.716700523985537,9.46774140019582
288.7346807500864,221.39468175694404,22.716700523985537,9.46774140019582
288.7346807500864,221.39468175694404,22.716700523985537,9.46774140019582
288.7346807500864,221.39468175694404,22.716700523985537,9.46774140019582
294.81600631689145,221.7325331773221,22.716700523985537,9.46774140019582
294.81600631689145,221.7325331773221,22.716700523985537,9.46774140019582
294.81600631689145,221.7325331773221,22.716700523985537,9.46774140019582
295.9351053079118,221.7325331773221,22.716700523985537,9.46774140019582
295.9351053079118,221.7325331773221,22.716700523985537,9.46774140019582
295.9351053079118,221.7325331773221,22.716700523985537,9.46774140019582
300.5733682362791,222.36502357664492,22.716700523985537,9.46774140019582
300.5733682362791,222.36502357664492,22.716700523985537,9.46774140019582
300.5733682362791,222.36502357664492,22.716700523985537,9.46774140019582
302.35553319499536,224.14718853536115,22.207510535780898,7.685576441479668
302.35553319499536,224.14718853536115,22.207510535780898,7.685576441479668
302.35553319499536,224.14718853536115,22.207510535780898,7.685576441479668
302.35553319499536,224.14718853536115,22.207510535780898,7.685576441479668
308.0673057293659,224.5551722878162,22.207510535780898,7.685576441479668
308.0673057293659,224.5551722878162,22.207510535780898,7.685576441479668
308.0673057293659,224.5551722878162,22.207510535780898,7.685576441479668
312.2881243801661,224.5551722878162,20.480811996817295,10.371551946534197
312.2881243801661,224.5551722878162,20.480811996817295,10.371551946534197
312.2881243801661,224.5551722878162,20.480811996817295,10.371551946534197
316.2267093299985,226.40862402891403,20.480811996817295,8.749781673073613
316.2267093299985,226.40862402891403,20.480811996817295,8.749781673073613
316.2267093299985,226.40862402891403,20.480811996817295,8.749781673073613
319.28184925922636,226.40862402891403,20.480811996817295,8.749781673073613
319.28184925922636,226.40862402891403,20.480811996817295,8.749781673073613
319.28184925922636,226.40862402891403,20.480811996817295,8.749781673073613
324.69409003689896,227.28156608982897,20.480811996817295,11.717784680184423
324.69409003689896,227.28156608982897,20.480811996817295,11.717784680184423
324.69409003689896,227.28156608982897,20.480811996817295,11.717784680184423
326.0454957184112,228.6329717713412,20.480811996817295,11.717784680184423
326.0454957184112,228.6329717713412,20.480811996817295,11.717784680184423
326.0454957184112,228.6329717713412,20.480811996817295,11.717784680184423
331.7889698648382,230.3222288732315,20.480811996817295,8.537098270708071
331.7889698648382,230.3222288732315,20.480811996817295,8.537098270708071
331.7889698648382,230.3222288732315,20.480811996817295,8.537098270708071
333.1403755463504,230.3222288732315,20.480811996817295,8.537098270708071
333.1403755463504,230.3222288732315,20.480811996817295,8.537098270708071
333.1403755463504,230.3222288732315,20.480811996817295,8.537098270708071
333.1403755463504,230.3222288732315,20.480811996817295,8.537098270708071
338.45609575369707,231.16155311649675,20.480811996817295,8.537098270708071
338.45609575369707,231.16155311649675,20.480811996817295,8.537098270708071
338.45609575369707,231.16155311649675,20.480811996817295,8.537098270708071
340.3535669516655,231.37238324960435,20.480811996817295,8.537098270708071
340.3535669516655,231.37238324960435,20.480811996817295,8.537098270708071
340.3535669516655,231.37238324960435,20.480811996817295,8.537098270708071
342.6524175263782,233.09652118063883,20.480811996817295,8.537098270708071
344.1945120196909,232.94367895925134,20.480811996817295,8.537098270708071
344.1945120196909,232.94367895925134,20.480811996817295,8.537098270708071
348.03161988405446,233.5192451389059,20.480811996817295,8.537098270708071
348.03161988405446,233.5192451389059,20.480811996817295,8.537098270708071
348.03161988405446,233.5192451389059,20.480811996817295,8.537098270708071
350.3965798267009,234.87065082041812,20.480811996817295,8.537098270708071
350.3965798267009,234.87065082041812,20.480811996817295,8.537098270708071
350.3965798267009,234.87065082041812,20.480811996817295,8.537098270708071
350.3965798267009,234.87065082041812,20.480811996817295,8.537098270708071
350.3965798267009,234.87065082041812,20.480811996817295,8.537098270708071
350.3965798267009,234.87065082041812,20.480811996817295,8.537098270708071
357.56480435235943,235.29231108663333,20.480811996817295,8.537098270708071
357.56480435235943,235.29231108663333,20.480811996817295,8.537098270708071
357.56480435235943,235.29231108663333,20.480811996817295,8.537098270708071
358.96367809113485,236.69118482540878,20.480811996817295,8.537098270708071
358.96367809113485,236.69118482540878,20.480811996817295,8.537098270708071
358.96367809113485,236.69118482540878,20.480811996817295,8.537098270708071
358.96367809113485,236.69118482540878,20.480811996817295,8.537098270708071
363.5682075283712,236.88304021862697,20.480811996817295,8.537098270708071
366.23837922717496,237.40293032294528,17.109664393932917,6.285182838587588
366.23837922717496,237.40293032294528,17.109664393932917,6.285182838587588
366.8532687146246,238.01781981039494,17.109664393932917,6.285182838587588
366.8532687146246,238.01781981039494,17.109664393932917,6.285182838587588
367.1911201350027,238.01781981039494,17.109664393932917,6.285182838587588
367.1911201350027,238.01781981039494,17.109664393932917,6.285182838587588
370.56963433878326,238.355671230773,17.109664393932917,6.285182838587588
370.56963433878326,238.355671230773,17.109664393932917,6.285182838587588
372.1068580574074,238.355671230773,17.109664393932917,6.285182838587588
372.1068580574074,238.355671230773,17.109664393932917,6.285182838587588
372.1068580574074,238.355671230773,17.109664393932917,6.285182838587588
376.04544300723984,238.81903416604746,17.109664393932917,6.285182838587588
375.93649422678527,238.81903416604746,17.109664393932917,6.285182838587588
375.93649422678527,238.81903416604746,17.109664393932917,6.285182838587588
375.93649422678527,238.81903416604746,17.109664393932917,6.285182838587588
375.93649422678527,238.81903416604746,17.109664393932917,6.285182838587588
375.93649422678527,238.81903416604746,17.109664393932917,6.285182838587588
379.77360209114886,239.9701665253566,17.109664393932917,6.285182838587588
379.77360209114886,239.9701665253566,17.109664393932917,6.285182838587588
379.77360209114886,239.9701665253566,17.109664393932917,6.285182838587588
380.8927010821692,239.9701665253566,17.109664393932917,6.285182838587588
381.25187287511534,239.9701665253566,17.109664393932917,6.285182838587588
381.69442197928424,240.42830369918653,16.45126584864289,6.427978046820726
381.69442197928424,240.42830369918653,16.45126584864289,6.427978046820726
381.69442197928424,240.42830369918653,16.45126584864289,6.427978046820726
381.69442197928424,240.42830369918653,16.45126584864289,6.427978046820726
381.69442197928424,240.42830369918653,16.45126584864289,6.427978046820726
383.84976316620185,241.14675076149243,18.981930809145183,5.534802178408171
383.84976316620185,241.14675076149243,16.45126584864289,6.427978046820726
383.84976316620185,241.14675076149243,16.45126584864289,6.427978046820726
387.4419984777312,241.14675076149243,16.45126584864289,6.427978046820726
387.4419984777312,241.14675076149243,16.45126584864289,6.427978046820726
387.4419984777312,241.14675076149243,16.45126584864289,6.427978046820726
389.47875843054976,241.40134575559475,16.45126584864289,6.427978046820726
389.47875843054976,241.40134575559475,16.45126584864289,6.427978046820726
389.47875843054976,241.40134575559475,16.45126584864289,6.427978046820726
391.5155183833683,241.40134575559475,16.45126584864289,6.427978046820726
391.5155183833683,241.40134575559475,16.45126584864289,6.427978046820726
391.5155183833683,241.40134575559475,16.45126584864289,6.427978046820726
394.2183297463928,242.07704859635086,16.45126584864289,6.427978046820726
394.2183297463928,242.07704859635086,16.45126584864289,6.427978046820726
394.2183297463928,242.07704859635086,16.45126584864289,6.427978046820726
396.81094741162525,242.07704859635086,16.45126584864289,6.427978046820726
396.98393119556795,242.07704859635086,16.45126584864289,6.427978046820726
396.6038259295991,242.07704859635086,16.45126584864289,6.427978046820726
397.3656910624676,242.69193808380052,16.45126584864289,6.427978046820726
397.26828812194117,242.69193808380052,16.45126584864289,6.427978046820726
397.1413426279657,242.69193808380052,16.45126584864289,6.427978046820726
398.26181125580325,243.02978950417858,16.45126584864289,6.427978046820726
400.7232621347243,243.02978950417858,16.45126584864289,6.427978046820726
400.34519105953,243.02978950417858,16.45126584864289,6.427978046820726
400.0868062531652,243.02978950417858,16.45126584864289,6.427978046820726
403.44743489235844,243.02978950417858,16.45126584864289,6.427978046820726
403.144978032203,243.02978950417858,16.45126584864289,6.427978046820726
402.8565543261131,243.02978950417858,16.45126584864289,6.427978046820726
404.56320221724656,244.428663242954,16.45126584864289,6.427978046820726
404.56320221724656,244.428663242954,16.45126584864289,6.427978046820726
404.56320221724656,244.428663242954,16.45126584864289,6.427978046820726
404.56320221724656,244.428663242954,16.45126584864289,6.427978046820726
404.56320221724656,244.428663242954,16.45126584864289,6.427978046820726
404.56320221724656,244.428663242954,16.45126584864289,6.427978046820726
407.8729371405767,245.70163821346569,16.19667085454057,7.9555480114345585
407.8729371405767,245.70163821346569,16.19667085454057,7.9555480114345585
407.8729371405767,245.70163821346569,16.19667085454057,7.9555480114345585
407.8729371405767,245.70163821346569,16.19667085454057,7.9555480114345585
407.8729371405767,245.70163821346569,16.19667085454057,7.9555480114345585
407.8729371405767,245.70163821346569,16.19667085454057,7.9555480114345585
409.4005071051906,245.956233207568,16.19667085454057,7.9555480114345585
409.4005071051906,245.956233207568,16.19667085454057,7.9555480114345585
409.4005071051906,245.956233207568,16.19667085454057,7.9555480114345585
409.4005071051906,245.956233207568,16.19667085454057,7.9555480114345585
409.4005071051906,245.956233207568,16.19667085454057,7.9555480114345585
409.4005071051906,245.956233207568,16.19667085454057,7.9555480114345585
409.8488408950772,245.956233207568,16.19667085454057,7.9555480114345585
409.8488408950772,245.956233207568,16.19667085454057,7.9555480114345585
409.8488408950772,245.956233207568,16.19667085454057,7.9555480114345585
409.8488408950772,245.956233207568,16.19667085454057,7.9555480114345585
411.47061116853763,246.6512776104797,16.19667085454057,7.9555480114345585
411.47061116853763,246.6512776104797,16.19667085454057,7.9555480114345585
411.47061116853763,246.6512776104797,16.19667085454057,7.9555480114345585
411.47061116853763,246.6512776104797,16.19667085454057,7.9555480114345585
411.47061116853763,246.6512776104797,16.19667085454057,7.9555480114345585
411.47061116853763,246.6512776104797,16.19667085454057,7.9555480114345585
413.7088091505783,246.93105235823478,16.19667085454057,7.9555480114345585
413.7088091505783,246.93105235823478,16.19667085454057,7.9555480114345585
413.7088091505783,246.93105235823478,16.19667085454057,7.9555480114345585
413.7088091505783,246.93105235823478,16.19667085454057,7.9555480114345585
413.7088091505783,246.93105235823478,16.19667085454057,7.9555480114345585
413.7088091505783,246.93105235823478,16.19667085454057,7.9555480114345585
413.7088091505783,246.93105235823478,16.19667085454057,7.9555480114345585
413.7088091505783,246.93105235823478,16.19667085454057,7.9555480114345585
413.7088091505783,246.93105235823478,16.19667085454057,7.9555480114345585
413.7088091505783,246.93105235823478,16.19667085454057,7.9555480114345585
413.7088091505783,246.93105235823478,16.19667085454057,7.9555480114345585
413.7088091505783,246.93105235823478,16.19667085454057,7.9555480114345585
414.2835217942565,245.2069144272003,16.19667085454057,7.9555480114345585
413.7088091505783,246.93105235823478,16.19667085454057,7.9555480114345585
413.7088091505783,246.35633971455664,16.19667085454057,7.9555480114345585
413.7088091505783,246.93105235823478,16.19667085454057,7.9555480114345585
415.74556910339686,242.85753245259767,16.19667085454057,7.9555480114345585
417.07925179671173,242.5377528674912,14.708085361369456,8.498004875457923
417.07925179671173,242.5377528674912,14.708085361369456,8.498004875457923
417.07925179671173,242.5377528674912,14.708085361369456,8.498004875457923
417.07925179671173,242.5377528674912,14.708085361369456,8.498004875457923
417.07925179671173,242.5377528674912,14.708085361369456,8.498004875457923
417.3590265444668,239.46023064218528,14.708085361369456,8.498004875457923
417.3590265444668,239.46023064218528,14.708085361369456,8.498004875457923
417.3590265444668,239.46023064218528,14.708085361369456,8.498004875457923
417.3590265444668,239.46023064218528,14.708085361369456,8.498004875457923
417.3590265444668,239.46023064218528,14.708085361369456,8.498004875457923
417.3590265444668,238.62090639892003,14.708085361369456,8.498004875457923
417.3590265444668,238.62090639892003,14.708085361369456,8.498004875457923
418.2813607756413,235.54645896167173,14.708085361369456,8.498004875457923
418.2813607756413,235.54645896167173,14.708085361369456,8.498004875457923
418.2813607756413,235.54645896167173,14.708085361369456,8.498004875457923
418.2813607756413,235.54645896167173,14.708085361369456,8.498004875457923
418.2813607756413,235.54645896167173,14.708085361369456,8.498004875457923
418.2813607756413,235.54645896167173,14.708085361369456,8.498004875457923
418.2813607756413,235.54645896167173,14.708085361369456,8.498004875457923
418.5611355233964,233.30826097963106,14.708085361369456,8.498004875457923
418.5611355233964,233.30826097963106,14.708085361369456,8.498004875457923
418.5611355233964,233.30826097963106,14.708085361369456,8.498004875457923
418.5611355233964,233.30826097963106,14.708085361369456,8.498004875457923
418.5611355233964,233.30826097963106,14.708085361369456,8.498004875457923
418.5611355233964,233.30826097963106,14.708085361369456,8.498004875457923
420.40580398574537,231.15614777355725,14.708085361369456,8.498004875457923
420.40580398574537,231.15614777355725,14.708085361369456,8.498004875457923
420.40580398574537,231.15614777355725,14.708085361369456,6.1422550116707555
420.40580398574537,231.15614777355725,14.708085361369456,5.7170544512975425
420.40580398574537,230.0370487825369,14.708085361369456,8.498004875457923
421.7618085650964,229.05086363391828,13.475353925596039,5.41617628602441
421.6355829606447,227.27004608901345,14.708085361369456,8.498004875457923
421.6355829606447,227.27004608901345,14.708085361369456,8.498004875457923
421.6355829606447,225.42537762666447,14.708085361369456,8.498004875457923
421.6355829606447,225.42537762666447,14.708085361369456,8.498004875457923
421.6355829606447,225.42537762666447,14.708085361369456,8.498004875457923
423.93443353535736,223.70123969563,14.708085361369456,8.498004875457923
423.35972089167916,223.70123969563,14.708085361369456,8.498004875457923
423.3597208916792,223.70123969563,14.708085361369456,8.498004875457923
422.785008248001,223.70123969563,14.708085361369456,8.498004875457923
423.253459853156,223.44797253581697,14.708085361369456,8.498004875457923
423.93443353535736,221.97710176459552,14.708085361369456,8.498004875457923
423.93443353535736,221.40238912091735,14.708085361369456,8.498004875457923
422.3112858014008,220.69545774137165,14.708085361369456,8.498004875457923
422.3112858014008,220.69545774137165,14.708085361369456,8.498004875457923
422.3112858014008,220.69545774137165,14.708085361369456,8.498004875457923
422.3112858014008,220.69545774137165,14.708085361369456,8.498004875457923
422.3112858014008,220.69545774137165,14.708085361369456,8.498004875457923
422.3112858014008,220.69545774137165,14.708085361369456,8.498004875457923
424.09345076011704,217.64031781214382,14.708085361369456,8.498004875457923
424.09345076011704,217.64031781214382,14.708085361369456,8.498004875457923
424.09345076011704,217.64031781214382,14.708085361369456,8.498004875457923
424.09345076011704,217.64031781214382,14.708085361369456,8.498004875457923
424.09345076011704,217.64031781214382,14.708085361369456,8.498004875457923
424.09345076011704,217.64031781214382,14.708085361369456,8.498004875457923
424.09345076011704,217.64031781214382,14.708085361369456,8.498004875457923
422.5562270414929,214.56587037489552,14.708085361369456,8.498004875457923
422.5562270414929,214.56587037489552,14.708085361369456,8.498004875457923
422.5562270414929,214.56587037489552,14.708085361369456,8.498004875457923
421.5426727803587,213.2144646933833,14.708085361369456,8.498004875457923
421.5426727803587,213.2144646933833,14.708085361369456,8.498004875457923
421.5426727803587,213.2144646933833,14.708085361369456,8.498004875457923
420.52911851922454,211.18735617111494,14.708085361369456,8.498004875457923
420.52911851922454,211.18735617111494,14.708085361369456,8.498004875457923
420.52911851922454,211.18735617111494,14.708085361369456,8.498004875457923
416.8075524008395,211.18735617111494,14.708085361369456,8.498004875457923
416.39454423836224,210.64806387361108,14.708085361369456,8.498004875457923
415.7991986339317,208.82239622846853,14.708085361369456,8.498004875457923
415.7991986339317,208.82239622846853,14.708085361369456,8.498004875457923
415.7991986339317,208.82239622846853,14.708085361369456,8.498004875457923
415.7991986339317,208.82239622846853,14.708085361369456,8.498004875457923
415.7991986339317,208.82239622846853,14.708085361369456,8.498004875457923
415.7991986339317,208.82239622846853,14.708085361369456,8.498004875457923
415.7991986339317,208.82239622846853,14.708085361369456,8.498004875457923
410.97275029103696,205.85227417130253,14.708085361369456,8.498004875457923
410.97275029103696,205.85227417130253,14.708085361369456,8.498004875457923
410.97275029103696,205.85227417130253,14.708085361369456,8.498004875457923
410.97275029103696,205.85227417130253,14.708085361369456,8.498004875457923
406.9759686226142,203.70016096522875,15.630419592543944,9.420339106632383
406.9759686226142,203.70016096522875,15.630419592543944,9.420339106632383
383.58625742243237,201.84383467950005,18.600541649709896,9.049073849486632
383.58625742243237,201.84383467950005,18.600541649709896,9.049073849486632
383.58625742243237,201.84383467950005,18.600541649709896,9.049073849486632
362.0651253616948,200.61405570460076,18.600541649709896,9.049073849486632
362.0651253616948,200.61405570460076,18.600541649709896,9.049073849486632
362.0651253616948,200.61405570460076,18.600541649709896,9.049073849486632
343.6184407382055,198.15449775480218,15.833538956186487,9.049073849486632
343.6184407382055,198.15449775480218,15.833538956186487,9.049073849486632
343.6184407382055,198.15449775480218,15.833538956186487,9.049073849486632
343.6184407382055,198.15449775480218,15.833538956186487,9.049073849486632
346.7567772674115,196.80949638514244,15.833538956186487,9.049073849486632
346.7567772674115,196.80949638514244,15.833538956186487,9.049073849486632
347.9865562423108,194.04249369161897,15.833538956186487,9.049073849486632
347.9865562423108,194.04249369161897,15.833538956186487,9.049073849486632
347.9865562423108,194.04249369161897,15.833538956186487,9.049073849486632
347.9865562423108,194.04249369161897,15.833538956186487,9.049073849486632
347.9865562423108,194.04249369161897,15.833538956186487,9.049073849486632
347.9865562423108,194.04249369161897,15.833538956186487,9.049073849486632
347.9865562423108,194.04249369161897,15.833538956186487,9.049073849486632
347.9865562423108,192.19782522927,15.833538956186487,9.049073849486632
