347.16240703203175,218.53559771395854,18.929546990956737,6.268999987190881
346.3889888464884,217.84535885360836,18.553539889143792,7.533951491219227
343.7550623648838,217.72563492262634,17.73919050867937,7.078962778523078
343.7550623648838,217.72563492262634,17.73919050867937,6.504250134844938
343.7550623648838,217.72563492262634,17.73919050867937,7.078962778523078
340.2876979466511,218.2695352235256,19.4824169958776,7.109775121301993
340.2876979466511,218.2695352235256,20.631842283233937,5.385637190267516
340.2876979466511,218.2695352235256,19.4824169958776,5.960349833945685
337.5340096938812,217.15007867757447,18.78782938657855,8.229231667253117
338.10872233755936,217.72479132125264,18.21311674290041,7.654519023574949
338.10872233755936,217.72479132125264,17.63840409922227,8.803944310931257
337.53400969388116,216.5753660338963,17.63840409922227,8.803944310931257
335.6432402080462,217.50065658220598,17.80503565402273,7.87865376262161
335.26238044329494,217.06390352143987,20.046575603644328,6.536926827275323
331.63349505438845,216.74572844779362,18.808073018878872,7.857319978281623
330.864862767579,217.5813371594069,18.84813901864385,7.299568290457444
331.80857762964285,216.99187263083687,18.900535456248747,7.206678986914994
330.9255053543365,217.42609602804575,17.23498480887389,7.367627093869743
334.79891579396923,217.55437095138717,14.49906276111443,6.762813726032164
335.53131227326014,217.86717905236074,12.83650937476176,6.474555167094763
331.4838277605616,218.4055824581989,12.168453354611813,5.827803330752772
326.7989837506351,218.46134994726768,16.877318445860055,6.294027597213017
326.9434238617727,218.0424813073076,16.753334003125133,6.865280600669024
327.4355821461682,218.1803205047624,16.67357863575762,6.873078216266492
328.38908311375076,218.55506014334478,13.93597493083945,5.935154250294886
324.1689688472349,218.42524846674263,18.128787326769043,8.010394400200283
323.41434326750374,218.28465999008765,18.794899072876888,7.721606391114221
321.6978422424441,219.1744762973878,16.253981549839125,6.795013664540818
320.8480539145982,218.63197470644502,18.49791421168021,7.127636668720811
320.9409941219799,218.61213637633722,17.584221467066925,6.745946781002033
319.3990135227026,219.95394453711944,16.79372159340238,7.588794694926577
318.92363138478515,220.26179024912983,17.483409992258316,5.874425757398797
319.26190791998465,219.51790029559547,16.41109417939981,7.1332312768414
314.14861909012984,220.17569667342298,18.43087926376711,5.926792547564304
312.64367816091954,219.05747126436782,20.11494252873564,8.620689655172413
314.63223992109323,219.82840130175848,17.075750503982135,6.310603447123839
311.18603553298243,220.644700417545,21.572585156672744,5.884035214638885
315.51724137931035,220.20689655172413,17.816091954022966,7.471264367816104
313.10158842327183,220.13670005197105,20.23174491006148,7.541460867569185
309.7701149425287,220.20689655172413,19.5402298850575,6.896551724137936
310.1875155743683,220.23703345992766,19.1228292532179,6.866414815934405
309.81776650151016,220.58107504076182,19.492578326076057,7.097085878778415
310.4683074116603,221.85121930696153,15.423522551262863,6.886128519470418
309.2303625520543,221.2517999950724,15.599121621671543,7.881661450949849
309.9893870769832,221.29193149929228,15.571890499771428,7.64607796994764
310.61166070561626,222.53951231743696,12.449725268377392,7.4288484111716855
311.2015613898292,222.60515728257224,11.117655898098349,7.3263815365348535
311.2993521261887,222.58388091151406,12.217204097909246,6.924959004805686
306.32183908045977,223.08045977011494,15.711356109270582,6.6295853754323275
302.8735632183908,222.50574712643677,17.955711082011874,6.9093420625884505
306.8337688469254,222.1771000247361,14.643469617714288,7.620581127586007
305.1399458511646,223.24838934708472,16.804567440443577,6.0455456035741975
300.57471264367814,222.50574712643677,15.146242217875624,7.241470450147091
298.2758620689655,222.50574712643677,18.965517241379303,6.896551724137936
299.42528735632186,222.50574712643677,17.816091954022966,6.896551724137936
297.1264367816092,222.50574712643677,17.332252806621,5.868218808915941
297.7011494252874,221.93103448275863,17.816091954022966,7.471264367816076
296.55172413793105,221.93103448275863,18.557240596838312,6.230664350141012
289.87567722342027,220.66776288885404,21.61857565014293,8.159823318042498
292.4653479564765,221.54507297950104,18.45419227340858,7.857225871073666
299.39068007612303,221.82334793031902,14.106054764159126,8.352269268252115
290.48312590835843,220.98106441374566,18.837244325304937,6.444320427077997
288.9722611015957,221.30734582628037,20.046575603644328,6.754824388184517
290.97218704648736,221.1769471246141,17.756305777691523,6.805552737094331
286.7640184529217,220.0545750470027,16.644206312629933,7.179853703487424
287.0711393875865,221.24294506843594,15.994756095879438,5.727565180222086
286.8886399035957,220.85762549280085,16.996884403101376,6.390828535566129
284.2185601775394,221.08330982558553,16.958267752398854,6.0455456035741975
284.29328325614165,221.71288998516883,16.724934252651735,5.235040396155227
283.88020373067695,221.04630359785833,17.183663326909652,6.9481769104460795
278.735632183908,221.93103448275863,17.10746852839901,7.198193148335093
281.60919540229884,221.35632183908046,14.942215112989743,6.699626020376627
282.9987835774721,221.15682418959207,12.403515273102585,6.52133672994816
283.5208310045819,221.90605267492182,12.456180489670942,6.921533531974717
279.03118144651785,222.01789967861953,14.97592760388875,5.179644133675794
277.6440649400623,222.334728955352,16.32990669939386,5.864331135141441
278.68365786607177,221.6109398854355,15.90024594030217,5.320704867182826
272.1009994464222,221.96058678489865,19.853023542083577,6.866999421997889
271.9139514062966,222.28639646749951,20.61478422588732,5.391764452040718
272.767290967728,221.7317770616879,19.186732020777754,6.521096501530508
240.7522337587209,225.84311839554425,17.108951747227394,8.591831663454826
240.41666444476917,226.1812708690772,17.522106810605322,6.533666946327401
240.1469885511568,226.17520439875165,17.405335704180885,7.635359530607644
239.26300145364053,226.38434920486606,17.108951747227422,7.022888490128281
239.91496442086873,225.29082792375655,16.560214629097516,7.735363412275802
239.89175879021127,226.16316383153523,16.084737192877668,6.294027597213017
235.60563855123638,226.8855547715096,16.043006751591633,6.584816204011503
235.39606399549353,227.00640192644707,15.595232880741293,5.798949410528337
235.41474157697277,226.69198807143948,15.933035759024477,5.85524989024222
233.0984492969902,227.10885325203446,16.271457907780047,6.0631288021385785
232.56048953163506,226.93066265242632,16.766407197750567,6.001260140892271
235.84576769971787,227.562135363659,13.054287522971833,5.4444421896754704
233.29816278423797,228.79118007000085,12.126257604277157,5.4444421896754704
233.7119787024093,228.89704583005275,10.267190915657352,5.473006727767768
227.58620689655172,228.82758620689654,17.201698067366777,5.5654774846209705
226.2686805854964,228.01668649100964,17.064871940713772,7.206678986914966
226.3051332537941,227.96830289752106,16.27083863730769,6.924959004805686
226.29464466492996,227.73359773893287,16.748530583268405,7.635359530607644
226.0530706558072,227.73561989368352,16.890144520243183,7.238633365818515
220.87375313464145,228.87219312854606,18.206706635473495,8.576082733522895
221.26436781609195,228.82758620689654,17.63994438053723,6.456325782982532
221.26436781609195,229.4022988505747,16.827836816294194,5.913525964723647
220.2300506698699,228.5969474215033,16.737451165921982,6.667007010381184
219.80580544645966,227.8018704317114,17.180574322276527,7.219702018574623
219.87353859440356,228.07742745942787,16.990833736138285,7.098909985646827
221.90563995817317,229.0941299511968,10.759021836869351,7.275148099216409
222.12321941490308,229.09972317562037,10.610259249388093,5.83212925628618
221.21516687526275,229.19929242917857,11.543453814392421,7.0995581455340755
219.70950425948402,228.79485315944052,13.42304943036629,7.2013204044568795
219.59241012864183,228.51232387703848,12.591497917335175,8.36123934135233
217.86970613708246,229.16127254276617,14.888914552572714,7.712290675624644
0,0,0,0
0,0,0,0
300.44445129338885,170.4252952466011,36.337157902013814,16.448267971789704
0,0,0,0
0,0,0,0
0,0,0,0
0,0,0,0
0,0,0,0
0,0,0,0
0,0,0,0
0,0,0,0
0,0,0,0
0,0,0,0
0,0,0,0
0,0,0,0
0,0,0,0
193.3782576055905,226.09338946849445,15.82043479959674,8.219870038224656
193.53652279964075,225.83260784290033,14.891395462548417,7.373409403786127
192.69781717788968,226.11749020010518,16.017627190910076,7.129602522101692
188.10718937216132,224.3421806605065,16.890143914160234,7.600564761372112
189.45058350427612,224.37260387767552,14.806816651092646,6.745798990039333
187.35632183908046,225.3793103448276,17.20694673606414,5.208294759557049
185.632183908046,223.6551724137931,16.635914166409577,7.972727038127829
185.6754439316917,224.7630184394314,17.034240167545192,6.425195852670555
183.90804597701148,223.6551724137931,18.68393558033145,8.646885027936207
181.60919540229884,221.93103448275863,16.666666666666686,8.620689655172413
182.3763880648421,222.9442982640218,14.602242152596034,7.6625627137385095
183.6187938961102,221.8977132023554,14.400796004964377,9.806440174962347
175.77668683289883,220.93704339826022,20.0835074288228,6.660346851395303
178.47095040233637,221.33220289713455,16.753334003125133,6.455413102121611
179.29130529884475,221.8179157982506,15.841096263690474,5.1670528585428315
176.05322365618701,220.4125148031967,14.121310099618455,7.635359530607644
174.99952842456065,220.4629205776996,14.6371110161231,5.515433136510154
174.1282954765561,219.88230611070057,16.18976619262247,6.35294622748475
171.05047989031397,219.70349299464868,15.91356647231197,6.3504842729883535
171.6223707577473,219.8139964520119,15.838377279055862,6.1868661246311945
170.95190843255187,219.8633299990744,16.690828739275958,6.154160317274943
170.976806665059,219.4454311676381,16.55234103587702,7.093860443947307
165.2551838073245,218.0127128235747,18.652862169686983,7.366597521252885
165.2551838073245,218.0127128235747,18.078149526008843,7.941310164931053
165.2551838073245,218.0127128235747,17.503436882330675,7.941310164931053
164.1057585199682,218.0127128235747,16.354011594974338,7.941310164931053
163.94157356549954,217.6022096230044,17.09290919312116,8.351813365501357
163.94157356549954,217.6022096230044,17.09290919312116,7.20238807814502
158.7691597723961,217.6022096230044,16.518196549442962,8.351813365501357
158.7691597723961,217.6022096230044,16.518196549442962,8.351813365501357
159.10799422648705,217.2268238545206,16.023983262794815,6.929290059586947
155.46654097390342,217.7037467961965,17.829236186812068,6.199245915529474
155.46654097390342,217.7037467961965,17.829236186812068,6.199245915529474
155.46654097390342,217.7037467961965,17.829236186812068,6.199245915529474
149.34154351051853,218.81738269863013,17.829236186812068,6.199245915529474
149.34154351051853,218.81738269863013,17.829236186812068,6.199245915529474
149.34154351051853,218.81738269863013,17.829236186812068,6.199245915529474
148.78472555930173,218.81738269863013,17.829236186812068,6.199245915529474
148.78472555930173,218.81738269863013,17.829236186812068,6.199245915529474
148.78472555930173,218.81738269863013,17.829236186812068,6.199245915529474
143.53028459200183,218.653181418402,17.829236186812068,6.199245915529474
143.53028459200183,218.653181418402,17.829236186812068,6.199245915529474
143.53028459200183,218.653181418402,17.829236186812068,6.199245915529474
141.42675010962722,217.84888882219994,17.829236186812068,6.199245915529474
141.11740680339565,218.46757543466305,17.829236186812068,6.199245915529474
141.11740680339565,218.46757543466305,17.829236186812068,6.199245915529474
141.11740680339565,218.46757543466305,17.829236186812068,6.199245915529474
139.75629625597676,217.84888882219994,16.220650994407976,6.261114576775782
139.75629625597676,217.84888882219994,16.220650994407976,6.261114576775782
139.75629625597676,217.84888882219994,16.220650994407976,6.261114576775782
138.4242268856977,218.10505600879208,16.220650994407976,6.261114576775782
138.4242268856977,218.10505600879208,16.220650994407976,6.261114576775782
138.31162592626995,217.09164737394246,16.220650994407976,6.261114576775782
133.74605911000558,218.45166349784805,18.00549070341401,5.902214794895059
133.74605911000558,218.45166349784805,18.00549070341401,5.902214794895059
133.74605911000558,218.45166349784805,18.00549070341401,5.902214794895059
133.74605911000558,218.45166349784805,18.00549070341401,5.902214794895059
133.74605911000558,218.45166349784805,18.00549070341401,5.902214794895059
132.32653909604346,218.07810559943695,18.00549070341401,5.902214794895059
127.45463322992596,218.70964895245217,17.37394735039878,6.984860542921183
127.45463322992596,218.70964895245217,17.37394735039878,6.984860542921183
127.45463322992596,218.11478860533728,17.37394735039878,6.984860542921183
126.01110556589114,218.02456812633508,16.652183518381378,7.255521979927721
126.01110556589114,218.02456812633508,16.652183518381378,7.255521979927721
126.01110556589114,218.02456812633508,16.652183518381378,7.255521979927721
123.56355421184455,218.2285307391723,16.652183518381378,7.255521979927721
123.56355421184455,218.2285307391723,16.652183518381378,7.255521979927721
123.56355421184455,218.2285307391723,16.652183518381378,7.255521979927721
123.56355421184455,218.2285307391723,16.652183518381378,7.255521979927721
123.56355421184455,218.2285307391723,16.652183518381378,7.255521979927721
123.56355421184455,218.2285307391723,16.652183518381378,7.255521979927721
123.56355421184455,218.2285307391723,16.652183518381378,7.255521979927721
126.83528612097646,217.93110056561486,16.652183518381378,7.255521979927721
126.83528612097646,217.93110056561486,16.652183518381378,7.255521979927721
126.83528612097646,217.93110056561486,16.652183518381378,7.255521979927721
135.84336287519525,218.49410536275354,16.652183518381378,7.255521979927721
135.84336287519525,218.49410536275354,16.652183518381378,7.255521979927721
135.84336287519525,218.49410536275354,16.652183518381378,7.255521979927721
156.43468238111254,218.9299004845719,16.652183518381378,7.255521979927721
156.25424142310817,219.7418847955915,16.652183518381378,7.255521979927721
156.53397598298432,219.36890538242332,16.652183518381378,7.255521979927721
166.7288901102302,219.0080234664146,16.652183518381378,7.255521979927721
166.7288901102302,219.0080234664146,16.652183518381378,7.255521979927721
166.7288901102302,219.0080234664146,16.652183518381378,7.255521979927721
175.9476327958463,220.56443456918097,16.652183518381378,7.255521979927721
175.9476327958463,220.56443456918097,16.652183518381378,7.255521979927721
175.9476327958463,220.56443456918097,16.652183518381378,7.255521979927721
176.2854356741295,220.9022374474642,16.652183518381378,7.255521979927721
176.2854356741295,220.9022374474642,16.652183518381378,7.255521979927721
176.2854356741295,220.9022374474642,16.652183518381378,7.255521979927721
176.2854356741295,220.9022374474642,16.652183518381378,7.255521979927721
176.2854356741295,220.9022374474642,16.652183518381378,7.255521979927721
176.2854356741295,220.9022374474642,16.652183518381378,7.255521979927721
175.01533881953182,221.4252185052397,16.652183518381378,7.255521979927721
175.01533881953182,221.4252185052397,16.652183518381378,7.255521979927721
175.01533881953182,221.4252185052397,16.652183518381378,7.255521979927721
175.01533881953182,221.4252185052397,16.652183518381378,7.255521979927721
171.49674013844697,221.51543898424188,16.652183518381378,7.255521979927721
171.49674013844697,221.51543898424188,16.652183518381378,7.255521979927721
171.49674013844697,221.51543898424188,16.652183518381378,7.255521979927721
169.21644214117322,222.20944272254258,16.652183518381378,7.255521979927721
169.21644214117322,222.20944272254258,16.652183518381378,7.255521979927721
169.21644214117322,222.20944272254258,16.652183518381378,7.255521979927721
166.4927226298085,222.53628906390634,16.652183518381378,7.255521979927721
166.4927226298085,222.53628906390634,16.652183518381378,7.255521979927721
166.4927226298085,222.53628906390634,16.652183518381378,7.255521979927721
163.33989576583193,223.04299338133114,16.652183518381378,7.255521979927721
163.33989576583193,223.04299338133114,16.652183518381378,7.255521979927721
163.33989576583193,223.04299338133114,16.652183518381378,7.255521979927721
158.38545355101158,223.71859913789754,16.652183518381378,7.255521979927721
158.38545355101158,223.71859913789754,16.652183518381378,7.255521979927721
158.38545355101158,223.71859913789754,16.652183518381378,7.255521979927721
158.38545355101158,223.71859913789754,16.652183518381378,7.255521979927721
158.38545355101158,223.71859913789754,16.652183518381378,7.255521979927721
158.38545355101158,223.71859913789754,16.652183518381378,7.255521979927721
157.23604458941472,223.88280041812567,16.652183518381378,7.255521979927721
157.23604458941472,223.88280041812567,16.652183518381378,7.255521979927721
157.23604458941472,223.88280041812567,16.652183518381378,7.255521979927721
155.67613242724755,223.80069977801162,16.652183518381378,7.255521979927721
155.67613242724755,223.80069977801162,16.652183518381378,7.255521979927721
155.67613242724755,223.80069977801162,16.652183518381378,7.255521979927721
155.67613242724755,223.80069977801162,16.652183518381378,7.255521979927721
159.37517206633677,223.62025882000728,16.652183518381378,7.255521979927721
159.37517206633677,223.62025882000728,16.652183518381378,7.255521979927721
159.37517206633677,223.62025882000728,16.652183518381378,7.255521979927721
163.02542307986917,223.1871781912831,16.652183518381378,7.255521979927721
163.02542307986917,223.1871781912831,16.652183518381378,7.255521979927721
163.02542307986917,223.1871781912831,16.652183518381378,7.255521979927721
183.3784913468138,222.58855853637297,16.652183518381378,7.255521979927721
183.3784913468138,222.58855853637297,16.652183518381378,7.255521979927721
183.62596599179906,221.96987192390986,16.652183518381378,7.255521979927721
205.16788758325262,221.96987192390986,16.652183518381378,7.255521979927721
205.16788758325262,221.96987192390986,16.652183518381378,7.255521979927721
206.7277997454198,222.79087832505047,14.107063674845477,6.188213658444937
227.01149425287358,223.08045977011494,16.09195402298849,6.896551724137936
227.01149425287358,223.08045977011494,14.94252873563218,6.3218390804597675
226.4367816091954,223.6551724137931,16.666666666666657,5.747126436781599
228.73563218390805,224.22988505747128,16.666666666666657,6.3218390804597675
227.48023667103777,222.88976424314419,18.496774823215105,5.937821963752356
227.48023667103777,222.88976424314419,18.496774823215105,7.087247251108693
229.77908724575042,225.18861481785683,16.19792424850246,5.363109320074216
229.77908724575042,225.76332746153497,16.77263689218063,6.512534607430524
228.05494931471594,225.18861481785683,19.646200110571414,6.512534607430524
228.16091954022988,225.3793103448276,16.091954022988517,5.747126436781599
228.6296619583941,224.6139021741786,16.7726368921806,5.3631093200742725
229.77908724575042,225.763327461535,14.473786317467983,5.937821963752356
228.05494931471594,225.18861481785683,15.623211604824291,5.363109320074216
225.18138609632513,226.33804010521317,18.496774823215105,5.937821963752356
225.18138609632513,225.763327461535,17.34734953585877,5.363109320074216
227.58620689655172,226.5287356321839,13.793103448275872,5.747126436781599
223.45724816529065,226.33804010521314,17.922062179536937,5.937821963752384
224.0319608089688,225.763327461535,15.62321160482432,5.937821963752356
224.03196080896882,225.76332746153497,16.19792424850246,7.087247251108721
220.48805690197193,225.97886831226708,16.293552293430366,5.722281113020273
221.0627695456501,225.97886831226708,15.718839649752198,5.147568469342104
221.26436781609198,226.5287356321839,16.666666666666657,5.172413793103459
218.76391897093743,226.55358095594522,16.868264937108563,5.147568469342133
219.91334425829376,225.97886831226705,16.293552293430366,6.29699375669847
220.48805690197193,225.97886831226705,16.293552293430366,5.722281113020301
216.46506839622478,227.1282935996234,12.26998514429593,5.413228740130563
216.66666666666666,225.95402298850576,15.517241379310349,5.747126436781599
217.61449368358112,226.55358095594522,12.26998514429593,5.413228740130563
214.367816091954,225.95402298850576,14.942528735632209,6.3218390804597675
214.367816091954,226.5287356321839,13.20071016536886,5.6736456000310795
214.94252873563218,227.10344827586206,12.562935522404018,4.812259582876663
212.06896551724137,225.95402298850576,15.436498740794832,5.961684870232972
212.64367816091954,226.5287356321839,11.803774296916203,6.277165065530994
213.2183908045977,226.5287356321839,11.229061653238034,6.277165065530994
212.06896551724137,226.5287356321839,14.942528735632209,6.321839080459796
210.91954022988506,227.10344827586206,16.09195402298849,5.7471264367816275
211.49425287356323,225.95402298850576,14.367816091954012,6.896551724137936
212.64367816091954,225.95402298850576,12.643678160919535,6.896551724137936
208.2605694566756,224.80803831172346,17.026786865163473,7.4678237572420585
209.19540229885058,225.95402298850576,15.517241379310349,6.896551724137936
209.77011494252875,225.3793103448276,14.94252873563218,7.471264367816104
209.59041962900437,225.1212530389765,13.398086118122052,6.005183742632681
209.59041962900437,225.12125303897653,12.823373474443912,6.579896386310821
210.73984491636068,225.6959656826547,12.248660830765743,6.005183742632653
205.7471264367816,225.3793103448276,14.942528735632209,4.597701149425291
205.17241379310346,225.3793103448276,15.517241379310349,5.172413793103431
204.48128061849062,225.24769620456135,15.633661910245024,5.878740577047836
204.02298850574712,224.80459770114942,14.94252873563218,6.3218390804597675
202.8735632183908,225.3793103448276,15.517241379310349,4.597701149425291
202.29885057471265,225.3793103448276,15.889253848263053,4.6109518579935695
200.57471264367817,224.80459770114942,15.372044388831057,5.3350876610361695
200.57471264367817,224.80459770114942,15.433913050077365,5.3350876610361695
201.14942528735634,224.80459770114942,14.599774339194283,6.903567896580256
200.46149052084627,224.20585205692788,14.481345511442385,6.730766223628137
199.42528735632183,225.3793103448276,13.95787542648685,5.563573701598699
199.42528735632183,224.80459770114942,14.621559899524982,6.778460466790108
196.34370007400233,225.16624245563693,14.269911719303224,5.229810577755103
194.82758620689654,224.80459770114942,15.517241379310349,5.7471264367816275
194.82758620689654,224.80459770114942,14.36781609195404,6.896551724137936
193.10344827586206,225.3793103448276,14.36781609195404,5.747126436781599
192.5287356321839,224.80459770114942,15.517241379310349,6.3218390804597675
193.67816091954023,224.22988505747128,14.94252873563218,7.471264367816076
192.5287356321839,225.3793103448276,15.517241379310349,6.3218390804597675
190.22988505747128,223.6551724137931,15.51724137931032,7.471264367816076
190.80459770114942,224.22988505747128,13.793103448275872,7.471264367816076
189.08045977011494,224.22988505747128,15.243924388925876,7.336614056811925
188.2664839892299,224.80613825353834,13.45765394180458,7.469723815427187
187.93103448275863,224.22988505747128,11.683693128032218,7.243058378948632
191.80775234456755,224.83056128242282,7.053027382079563,7.300502027064823
187.7747545961434,223.9425065990143,9.113171052660732,7.963762091063899
188.8941831312465,224.76042314963425,7.297342303690357,7.424621529917516
185.632183908046,224.22988505747128,14.367816091954012,6.8965517241379075
185.8061991753844,223.3408512753117,12.442406016764693,7.487963801944375
184.0912625552773,223.67756313196116,13.286913212472712,5.967850849669958
183.7906564631175,223.89947809858762,14.089195262567017,6.455413102121611
180.691420941846,223.99525073396995,14.269911719303224,6.499907432352785
180.71380163917982,223.73319656241983,14.037961825248573,6.91651403798744
179.56266830341758,223.25813784557832,14.976599514361197,7.758961194187123
180.71714680547365,224.2493450658289,13.66549506009352,6.526803610790921
180.2900321179686,224.21247689374508,13.582644592456717,5.750316688777303
179.2292593412691,224.41628759009268,14.291660747898078,7.486108010803747
177.36212648845182,223.96104646428037,15.927524182127797,8.456365931748252
177.7371354601116,223.55318240946676,15.095953344100138,8.2285319457595
177.73292510194253,223.86013007641543,15.4856391909708,8.188296887280444
177.15442295912496,224.12625457747248,12.91763214635705,7.682591750201823
175.28735632183907,224.80459770114942,14.378453705203214,6.835954190013922
174.13793103448276,224.22988505747128,16.134231603153097,7.305541021190123
174.13793103448276,224.80459770114942,16.474364804189207,7.5790264002438335
172.98850574712642,224.80459770114942,15.015002009185196,6.36427929628212
175.28735632183907,224.22988505747128,13.793103448275872,6.3218390804597675
173.5632183908046,224.22988505747128,14.062924765800062,6.596576623939825
172.41379310344828,224.22988505747128,14.442106628280385,6.4167354099991485
172.41379310344828,224.22988505747128,15.582568749910422,6.135957677762349
172.41379310344828,224.22988505747128,14.425931179362294,6.172519733383723
169.54022988505747,225.3793103448276,16.433379708256297,5.696731451443185
168.9655172413793,224.80459770114942,17.241379310344826,6.896551724137936
170.6896551724138,224.22988505747128,15.094887957592874,8.165245227862584
168.39080459770116,224.80459770114942,16.09195402298849,6.896551724137936
168.9655172413793,224.22988505747128,15.517241379310349,7.471264367816076
168.39080459770116,224.22988505747128,15.727452628662661,7.309115385172589
167.31203202786776,225.5575468084964,14.871876018109248,6.718315260469126
166.879719082797,225.51807006273992,15.304188963179996,6.183079362547431
167.12664012907106,224.9700086617812,13.875008179276278,7.635359530607644
167.40931073548066,224.8817161784071,12.811308018308978,8.11984311019583
168.03964081961252,225.10713154337043,12.327410647565614,7.844715866632669
167.26576438257908,224.73458149937395,12.619293088685282,6.9665679259134095
163.76144818345227,224.96173955963042,14.974184000455779,7.314122509335107
164.05438438971734,224.41434493632255,14.68124779419071,7.286804488964805
164.0523688895042,224.85341473639266,15.257975938082012,6.84773468889469
162.79021022992123,224.81644200385648,14.221284022952347,5.735282134074566
162.8397241794446,224.7356275069563,13.022344786072637,6.390809274652895
162.48601284615,224.64774188901043,14.525481406723571,7.62812017995509
162.95377644446515,225.06433375276438,14.057717808408427,6.062103028844803
159.47150677200378,225.43078743208315,15.241136906157152,6.845074636882373
159.39007007917192,224.3116321480667,15.32257359898901,6.8148046335424795
160.10266721329538,224.47541392880512,15.184689108543694,7.800448140160398
159.1333611743974,224.53921435821286,13.89635382089213,9.637793779005847
159.332152307725,224.79848219006112,13.679327764019604,8.248583408266512
158.1862507019487,224.6737178248571,14.703996510388123,8.555984032177065
156.0707224977822,225.7049915105808,14.724741376622262,7.300502027064823
155.80311578639223,224.7607308562999,15.144829043030342,8.726574355649461
155.37695785512162,225.15362128546525,14.960163696980231,8.043649658992791
151.72120624924423,224.33183952305447,13.442851371324224,7.668740715184953
152.02102833697916,224.68721622981639,13.672219081845498,7.770004286950439
151.60884763854938,224.1414143281722,13.679327764019604,8.094883096311236
150.56570213861477,223.17078163890238,13.549236812942326,7.114896043325871
150.20868535751137,223.78108646463386,13.576450797563439,6.6185197638121736
150.12528511958067,223.88718892167972,13.358379135972314,7.914646597902674
145.98809352676722,221.5966941156371,14.508542579567518,7.916157356369865
145.9936737184943,221.6287251927586,14.76439024235026,7.000357442493652
145.48795218311975,222.5147408984882,14.908930259661815,5.481977793071536
142.62238552247453,221.96251509071678,14.69442520531939,4.672939816250988
142.5287356321839,221.35632183908046,14.36781609195404,5.172413793103431
142.58270891696685,221.84735753877862,14.888555450849253,5.830803380761608
140.166374640083,219.645920673923,13.230612732758857,6.0241513293838125
141.15020377834946,219.82217278771736,12.509706920682618,5.574978084217264
140.31211455961645,219.47606087238233,12.892809854475644,7.2064614033750445
140.46334752935462,219.92921121057935,12.972298814123405,6.988053825465272
138.59098061672825,218.05450260337918,14.53913539288331,7.547976672050055
139.438987943653,218.27872658387085,14.613913940302808,8.127963371292026
138.63608713435565,217.79137150688746,14.942315936443151,7.321734808857144
147.82763201302876,217.71754480792143,13.301762167957094,7.424239349557439
143.87637733471558,217.66020419801822,17.137619165228443,7.114896043325871
143.58502131594133,216.65268658176672,17.85606754404958,8.068850605679302
168.46879300699158,218.85589397089961,14.140428699885433,6.506646539440027
167.8765353123242,218.46649154613175,14.494046458349857,7.545869547903806
166.994130767122,219.147613381249,15.540008573900877,6.2757726933061235
170.3944161855279,219.96414744616172,14.705938077354688,7.8491816731892925
171.24705078062482,219.55474913387425,14.452952260266898,7.972434956469812
170.18601153821294,219.49417130917394,15.166450675489813,8.591831663454826
168.46281458987946,220.37892089454277,13.286913212472712,6.812358045377948
167.78352409087574,220.62986825688947,13.529519984868699,6.5947911484033455
167.92533896417396,220.10785037002245,14.05439267864196,6.863773168639085
166.14476977733761,220.07001336678837,10.310912683324801,6.345177035892192
166.70221644621833,220.36518964332615,14.367612019960632,6.732252489352987
166.97667519096535,220.9857566348478,13.89635382089213,4.183848462204082
163.7229483038498,221.37777897229222,15.465296994218676,6.6493305917172165
163.93141353903474,220.63111861534637,15.76379919854466,8.82376181553758
162.90031256502888,220.73447680081398,17.5407536531888,7.844312192730399
163.80637063290888,221.30990241438002,13.529519984868699,8.02252943826386
163.38835116322332,221.21494176988614,15.921993664362901,7.6126444370104025
163.5056746053516,221.40850705720214,15.229957578556451,6.269653862338089
162.9234591471394,220.81991901930266,17.782928562072385,6.9396794388575245
161.79019841720847,219.8250410730725,15.46970208245321,9.2529059184767
162.02957540367845,220.51190785238236,15.069795460243938,7.634041121307803
161.77753754017135,220.8615947503092,14.659244069024055,7.965991456587346
161.23956879351422,221.2652949143016,14.27664833075741,5.750316688777303
160.92300731009306,221.51502158837337,14.696014580416886,6.157548008554556
161.93980566548026,221.9973435494153,13.464504978705975,5.172340327185822
160.21738259636132,219.59252428209996,14.718181197396518,7.844715866632669
160.53402960918035,221.0788634678745,13.858580119173894,5.815654157153318
160.08915728202257,220.58441426420183,15.803558889627595,6.584816204011503
159.35694721675358,219.0060056588169,15.903432047381813,8.385445988619495
160.0464278002352,220.77502847926286,16.556946328031188,5.552029906405664
161.1117233399927,220.60408735952527,16.54840025385144,6.35294622748475
159.30918638030687,220.25563797251377,14.120488559938792,6.798753751081648
159.9662157089029,220.59876640745895,13.363630829203402,6.1249974633848865
159.60443096148322,221.0355328969186,13.920448780420202,5.382573528429134
159.60443096148322,221.0355328969186,13.920448780420202,5.382573528429134
159.60443096148322,221.0355328969186,13.920448780420202,5.382573528429134
159.60443096148322,221.0355328969186,13.920448780420202,5.382573528429134
159.60443096148322,221.0355328969186,13.920448780420202,5.382573528429134
158.56201409249115,219.95450799574164,13.920448780420202,5.382573528429134
158.56201409249115,219.95450799574164,13.920448780420202,5.382573528429134
158.56201409249115,218.51997175082573,15.150051276062413,6.817109773345038
158.56201409249115,218.72393436366295,14.266213287101152,6.613147160507822
158.56201409249115,218.72393436366295,14.266213287101152,6.613147160507822
158.56201409249115,218.72393436366295,14.266213287101152,6.613147160507822
158.56201409249115,218.72393436366295,14.266213287101152,6.613147160507822
158.3564596938163,218.96985624041332,12.812775440200511,6.788225398781719
159.0867762404539,218.65519633677488,12.237756770232977,6.458816073178525
158.0612285297592,218.48951549200427,12.859592766924806,6.660346851395303
158.18987687719812,217.37008428396635,12.999814864705542,8.96538956186589
158.44635020817105,219.04575460860627,12.821167327656127,6.9933639969033266
157.79870464465404,218.33864379074438,12.441719383070193,6.526803610790921
157.55066719555307,218.18105715130932,12.442406016764693,6.587156126522501
158.1552760425529,218.411977258296,12.122922106055796,6.331717278322145
157.767952881395,218.84442998748892,12.564725521013287,5.658922181219737
157.9187095046143,218.75439209694173,12.774544901010103,6.200782743920968
157.6745546292545,218.46601774462607,12.497469571755033,6.434340769616455
156.85949919951554,218.25047506260435,13.121594759194267,6.186865922728913
156.45193153658684,218.06979466788394,13.240769167470319,6.154160317274943
156.37047079271628,218.06034437646238,13.628706258934102,6.732252489352987
155.22360538990384,218.2218030078226,14.574078504314883,6.047746862334748
156.65624875032205,218.362596419222,12.930550200479217,5.815654157153318
156.28012132570024,218.6232831095088,13.239893506710757,4.825755577212334
156.46796114996343,218.21141320657458,12.806812877986573,6.1249974633848865
155.65259288971376,217.8926368143114,13.733482597705915,5.982903309891697
156.23613464553148,217.42665110726824,13.115759953516942,6.91651403798744
156.10054584632704,217.61936845445862,13.149238024069973,6.9481769104460795
155.53696675167637,217.4139283508621,13.628706258934102,7.306956970151418
155.9622306339346,217.66329332318108,13.423160577427495,6.455413102121611
155.84582994408908,217.34482932771564,13.363630829203402,6.929290059586947
155.3206229363185,217.4690079225974,13.682736031472388,6.972932785269592
155.43497754607415,217.27557525851842,13.803733287332932,6.676315446161027
155.6688421732933,217.2029256088851,12.849644608744626,6.866741298852958
154.93991771654186,217.00638038549113,14.203410739732504,7.717460170721722
155.49051839509258,217.25219018590198,12.54143276777998,7.226476130133449
155.86060130225397,217.62873352308975,13.384357810085078,6.543463818263831
154.9194268318243,216.64974727367067,12.964904874096078,6.972721949093682
155.0926977406609,217.2175117213968,12.964904874096078,6.319029266366158
154.3172455200448,217.48026037273831,13.780931374828356,6.840893991821275
156.66678630169358,216.66510798653286,11.057313792967932,7.022888490128281
154.43725478834182,216.45279277766969,13.053607221581842,7.410641599752211
156.048163686769,216.7444552769968,11.22012277273518,7.275148099216409
156.78321829551425,216.55776643437542,10.759021836869351,7.3776149738532695
154.16083088200162,216.645823363221,13.13610241824972,7.471158250379517
154.05064317991324,216.7827925493082,12.999814864705542,7.620581127586007
154.05823994022336,216.86236493981022,12.985619683969446,5.982903309891697
154.28787057246703,216.66812224255705,13.325557372031483,6.866741298852958
154.0535209430719,217.08505244984642,13.301762167957094,5.939391479645963
153.3991505555985,215.99664591262757,13.803733287332932,6.856756404165367
154.03352648659018,216.85618391805556,12.78165707113223,6.050890847504093
153.48068224041657,216.1698396979293,13.611105474188633,7.176764704572207
153.00342193699973,216.6956622933457,14.120488559938792,6.3504842729883535
153.49748950079396,216.66075851716934,13.464504978705975,6.321749288782684
153.310152488357,216.3267227751079,13.218203058363798,7.306956970151418
153.64814760349248,217.40215698808242,13.509648776369005,6.536926827275323
152.4444702842987,217.26983478634526,12.451288822130834,7.662331582849731
152.5079097904288,217.66698010435545,12.806812877986602,7.362370688311131
152.8811017717991,217.71526761438193,12.690354071784384,7.1383241653787195
151.9079098160072,217.70644781407267,13.68101657046978,6.305653727953143
152.30244020056725,217.22322839819608,12.806812877986573,6.681815414601687
152.95676928574494,217.55592206968447,12.39719665722319,6.157548008554556
153.20758626309598,217.3566426801733,11.935341221381691,5.501446344230629
152.88508396800788,217.45915730606305,12.327410647565614,5.6780800558483975
152.97799271062058,217.99379138576145,12.64568199590741,5.50699054660484
152.7528054905026,217.30972756164525,12.31596226698025,6.524757439246599
152.71767181750965,217.45828626110531,12.366924688028519,5.937529182604607
152.80665923053778,217.596215258264,12.542591231892544,5.937529182604607
153.09034494831084,217.49147804292667,13.679327764019604,5.840611854300505
153.43578674586868,217.26148711386182,12.667607935620168,6.249353248239288
152.73524592544612,217.4429207387039,13.734842796681278,5.4444421896754704
152.4588681432293,217.5098926529317,13.623292329328564,5.774110656139271
152.39966546287172,217.58943072491326,13.442851371324224,5.413228740130563
152.54360991005458,217.61749171826264,13.487368151696018,5.258836205936518
153.02321438457437,218.0545865872399,13.013293078880082,5.123343731842539
156.0501258548355,217.98354757775215,9.930576875602753,5.594691197522678
152.7658113947132,217.4249158722728,13.343213692186595,6.361954207667026
152.2793327724317,217.83604503821212,13.363630829203402,5.939391479645963
152.6360552451918,217.6777855220971,13.086927636527633,6.642607209449636
152.6624183003432,218.2892850182227,12.54143276777998,5.501446344230629
152.34424307946475,217.77082580151568,13.17802484546445,6.558078092109071
151.5984943964543,217.7520008069863,13.218226828153774,7.018980912624301
151.78794695433982,217.89978106592267,13.054287522971833,7.671713994542699
151.51848411595395,217.7775356546565,13.182802435005243,6.319029266366158
151.81857208601468,217.63895809785703,12.888640854155994,6.345177035892192
150.12429564652217,217.64160517836663,15.410920273431032,6.8316450696653135
151.7049383916122,217.64485707293412,13.186071027713467,6.146890253520553
151.68293091041681,218.23043254693238,12.395777264992205,5.936006014221618
153.15895918762294,218.12247592725637,10.459082923640523,5.665336583638606
153.35309260410895,218.07996157981077,9.867357715004118,6.315108937602645
150.90504888333928,218.06945956791066,10.40209325469803,7.070703911690174
150.99681304501385,217.67131753665927,11.004916421625524,7.634041121307803
151.41395043404987,217.99295644017397,9.86192851805248,6.6493305917172165
149.3338386317324,218.3915447206528,9.36959511909464,6.536926827275323
150.1514520681109,219.4778812257428,7.832567676531738,4.89535479783234
149.7135918808765,219.66080830033854,8.570945505206709,5.323008261128393
143.37325257110905,220.32657770340765,12.1946371158553,5.65117329759147
142.551436102276,220.4036382434378,12.252699067883384,5.229810577755103
142.45560544336774,220.58941310615128,13.13610241824972,5.500742887642076
139.6551724137931,221.35632183908046,12.360814361143241,5.700505758228957
140.22988505747128,221.93103448275863,12.122392987365117,4.808176915158867
139.80476483941914,221.8093630980563,12.725599217679417,5.5828435277561255
135.74878524665314,221.44906862985184,14.60631957980732,6.824264065975541
135.9368409149179,221.21451809531456,13.801470135318311,7.206678986914994
135.49796141370064,222.47050955621424,14.778115220530935,6.321749288782684
136.13470424874984,222.34606950300616,13.400699995914408,5.665336583638606
132.42387971995646,222.64878137489399,12.03379415739576,5.914915772279272
131.95902117192637,223.60016590053604,13.409080269987044,4.549509377317037
132.19156654415593,221.8478354291084,13.533071850326394,6.405654009154489
125.86206896551724,223.08045977011494,15.510094595062156,6.16915617796073
131.2880514898064,223.3644427035408,10.262580014257594,5.418642247527998
131.6795164828,223.33536335971803,9.488370619641415,5.453945316801764
127.76579682691579,223.41317195950955,11.500633377554578,5.948603471148914
127.66231206591861,223.81871000330702,9.934177453801354,4.187132645817087
124.84914912439854,223.63701330000234,12.507172714681928,5.765285550572372
122.98850574712644,223.6551724137931,11.34797193589442,7.24358900656199
123.79547803663789,223.59726660627342,9.577914478562178,7.0637119279396074
124.43617882085881,223.5329756984804,10.241185362731343,5.774285364093203
121.06882757744754,223.36552529089013,10.56803170409512,6.64587560772992
121.76087851965,223.82871574857325,9.338466616598126,6.225644411065417
120.84492679053687,223.33343445778712,11.13432558132854,6.345368342047436
119.96574197384503,222.88776660275383,10.211769292138982,8.030614686051052
120.49443681269815,224.0567294358284,10.344680654371643,6.814353129467037
119.76641477316107,223.3837096698211,10.262052023604298,7.893886172003306
115.98838214195538,223.49051040929177,12.747250041952668,8.78535165967375
115.51724137931035,223.08045977011494,13.218390804597703,6.3218390804597675
117.816091954023,223.08045977011494,11.494252873563227,7.471264367816104
117.816091954023,224.22988505747128,11.494252873563227,5.747126436781599
116.0919540229885,223.6551724137931,12.64367816091955,6.896551724137936
118.39080459770115,224.80459770114942,11.494252873563212,5.172413793103459
116.0919540229885,223.08045977011494,13.218390804597718,7.471264367816104
117.24137931034483,223.6551724137931,10.344827586206904,6.896551724137936
117.24137931034483,224.22988505747128,10.344827586206904,5.747126436781599
116.0919540229885,223.08045977011494,12.06896551724138,6.896551724137936
116.66666666666667,223.08045977011494,12.64367816091955,7.471264367816104
117.24137931034483,222.50574712643677,10.919540229885058,8.045977011494273
117.816091954023,223.08045977011494,9.770114942528735,7.471264367816104
116.0919540229885,221.93103448275863,10.919540229885058,8.045977011494244
115.51724137931035,223.08045977011494,11.494252873563212,6.3218390804597675
114.36781609195403,222.50574712643677,13.793103448275858,6.896551724137936
115.51724137931035,223.08045977011494,11.982758620689651,7.419540229885058
113.79310344827586,222.50574712643677,13.793103448275872,7.471264367816104
113.79310344827586,223.6551724137931,13.793103448275872,5.747126436781599
114.94252873563218,222.50574712643677,12.06896551724138,6.896551724137936
114.36781609195403,221.93103448275863,13.793103448275858,8.045977011494244
114.36781609195403,222.50574712643677,12.643678160919535,6.896551724137936
114.94252873563218,221.93103448275863,12.64367816091955,7.471264367816076
114.5427258632044,221.10986738908662,13.043481033347334,8.292431461488093
115.20900994468525,221.36606560326072,12.37719695186648,9.185658534670324
115.34565673048954,220.86441644045914,12.240550166062192,7.963169766437403
115.38271342582301,220.645979227478,12.203493470728716,9.331032266774884
115.33028339200888,220.99164897827995,12.830636148221004,8.410649872294755
115.24117354014561,220.25430753452295,13.494458643762442,8.57327867237359
116.66666666666667,220.7816091954023,12.64367816091955,6.896551724137936
117.24137931034483,221.35632183908046,11.494252873563227,6.896551724137936
117.24137931034483,222.50574712643677,10.344827586206904,5.7471264367816275
118.73015873015873,221.9047619047619,10.005473453749318,5.198686371100166
116.66666666666667,220.7816091954023,12.998906694736135,7.214931613158996
116.090750238953,220.8825000802753,13.073853654550646,7.081670729548279
116.51279468369208,220.77586748104045,12.836509374761789,4.504038377109396
115.71529564300268,220.61162788566247,13.648528131951096,4.788957239281075
117.96805702173799,219.91006986616358,11.34228780584823,7.768091053376651
118.96551724137932,220.7816091954023,11.620202618736656,5.187424463432734
121.09874542423532,220.56050630646618,9.382280190511949,5.982903309891697
120.98657623839438,220.25884583898068,10.144220589048246,5.891845291618921
121.70264164798202,219.8410570736939,9.044750769328303,5.781180904106748
121.7488051810225,219.29074140972722,9.523674253231064,6.814353129467037
121.17212303961213,220.16220122464364,9.83711713816362,5.320704867182826
123.28606607408946,218.61648756420823,10.160774836781343,6.0516379542594905
122.52084254937772,218.40211678325068,10.262580014257608,5.91124608821238
122.26304549058051,218.54306448547442,10.9078906336035,6.798753751081648
123.69046080281947,217.6976453579465,9.19527169277481,6.65015184923891
122.93317998058637,217.81078960298134,10.332066428134112,7.362370688311131
123.79236886302924,218.37880997072227,9.557597462434572,6.200782743920968
120.9384325019003,217.7617260570775,13.189582296806677,5.77894069705448
120.22323474191444,217.97889307705051,13.7929075391622,5.747044807984253
120.48370003853051,217.1994254338757,13.483501201270911,5.948603471148914
125.00781234341636,217.57795136151418,9.65423034096159,5.77894069705448
124.65848433551655,217.76430125216186,9.616908945024093,5.452886515219859
123.96540623939202,217.34015638553714,10.410056074510607,5.25459973284822
125.1595531648288,217.8698549699538,9.031070412546683,4.926038406843645
125.1201265768932,216.3215130957975,10.211769292138996,7.237467556564525
125.12560714093956,216.60642989753967,9.931864123428255,7.623455159931609
124.4967391004074,216.23476813919694,10.262580014257608,6.403849928896733
125.46426556498436,216.08928666716145,9.834032211237187,6.766535925163197
125.11979989893645,215.4502360250092,10.104693648243696,7.488299757180613
125.32031086004166,216.31002718889044,10.285134606248064,6.946976883167537
124.73700010076371,216.21122719771063,10.98260221328573,6.724042171399418
123.43998950550629,215.1734645478983,12.901528497311162,7.307858799176245
124.79185568992305,215.50069930652154,11.548221312278528,7.037197362169735
125.02386879949005,215.82225499215662,9.517765553838288,6.642607209449636
128.18922173838345,216.37830859806837,8.683274789203637,4.999461242268751
128.33086544525648,216.54373175574034,7.7995608108357715,4.761837126615518
127.74311863682914,215.5777311114399,8.53846657186233,5.829145448098302
126.24987693274689,214.76629682668153,8.526331641980121,6.840893991821275
127.36668553544155,215.60809642355915,6.6493305917172165,6.0516379542594905
125.55646207494051,213.77404920816525,9.151697558185461,7.735363412275802
126.7621263058868,214.44713829276975,9.439654109543454,6.917846870435
128.0495024579429,215.24225346533493,6.154160317274943,5.4082014909385805
127.56336572287717,214.57588007196904,9.218243472525131,5.63101647975509
129.32983641623284,213.85947332772696,8.141227306777864,6.345368342047436
126.80469395489712,213.6747508994179,11.701053171539655,8.256283583340746
128.86414626979908,213.9339510872612,9.641600856637695,5.123520177106627
130.1465884641592,214.22608513677426,8.045862731177948,4.926038406843645
127.86469829145548,213.3456460749381,11.458000833276344,5.683890177137073
129.9183700254781,213.85221822777947,8.739846961687988,4.788957239281075
129.75025932976428,213.86794831478727,7.488299757180641,4.330582992104439
129.21288855771294,212.79632805167392,9.897593514683706,6.261143212693895
128.55168485319587,211.42649715374876,11.999862363024477,5.638489544071746
130.75317880116353,212.6496682885314,9.077969097803788,5.262590781335547
130.9324506096022,213.1884298694573,7.578520236182783,5.052346824121855
130.93626843165563,213.0778878375746,8.777506165839895,5.168981572085528
0,0,0,0
0,0,0,0
0,0,0,0
0,0,0,0
0,0,0,0
0,0,0,0
0,0,0,0
0,0,0,0
0,0,0,0
0,0,0,0
0,0,0,0
0,0,0,0
0,0,0,0
132.183908045977,209.86206896551724,13.787319445599906,4.504346390960876
132.183908045977,209.28735632183907,13.464051026187207,6.117235776092116
132.75862068965517,209.28735632183907,13.772099341952469,5.620762951725538
132.75862068965517,209.28735632183907,13.787484859700697,5.33948006069113
132.183908045977,209.86206896551724,14.108060692352922,4.457490131966978
130.45977011494253,209.28735632183907,15.892717938532456,4.813760571787469
132.75862068965517,209.28735632183907,14.521787168020921,5.3893517251496235
133.90804597701148,208.13793103448276,13.879022414103304,6.743939687695416
135.05747126436782,208.13793103448276,12.643678160919535,6.3218390804597675
132.8655225234616,209.50067872470393,10.044925237732429,4.678425752907998
132.183908045977,209.28735632183907,13.218390804597703,5.172413793103459
132.75862068965517,209.28735632183907,11.494252873563227,5.172413793103459
129.31034482758622,208.71264367816093,14.367816091954012,6.3218390804597675
131.0344827586207,209.28735632183907,12.643678160919535,5.172413793103459
131.0344827586207,208.71264367816093,12.643678160919535,5.747126436781599
131.80371648656765,208.77595033594193,14.925982922278678,5.665336583638606
135.0281140671375,208.12523379849063,10.555796043254588,6.766535925163197
134.68239891370797,208.8008519209094,11.051440640804628,7.104497554802975
135.22478388334838,205.05346626600402,11.895034379527175,9.017203481254484
134.48275862068965,207.5632183908046,13.179421137296913,6.31770097896171
135.21236794384745,207.42069880155856,11.855285708048257,5.927642854024128
136.20689655172413,206.41379310344828,13.909820171966487,6.408264746244157
132.82538273926008,206.25244460262033,17.284252806115887,6.110594426404617
137.07714787570006,207.38732047591373,12.919542501541173,5.063063953306681
140.4117493279714,205.63853362227874,12.074535471966584,6.355018669456086
141.30733154945713,205.62194231147402,11.112775606368047,6.64587560772992
140.68908468569325,206.15108557939368,11.173658379711298,6.285182838587588
142.11119977458782,204.86637545112475,14.472124648672718,7.104497554802975
141.9971479293339,204.5366287189048,14.47493511312905,8.129758077236858
142.29180061906612,203.86727373075172,13.727546337278199,8.498004875457923
142.59993047156405,204.23250069670917,13.551171261939004,7.499191863403155
143.17102883219582,203.8379072858548,15.44438709668151,8.021503375795817
143.5415009064193,203.63277748118603,14.746818807572225,8.240869333643303
143.76319022821042,203.79864933100518,14.603689418206102,8.157015711070073
146.4213728775281,202.9134631342834,14.665426623371076,8.38024378478346
146.9397808261914,202.65700906739937,13.893953766335102,8.390504547202369
147.4460657643514,202.80297868000585,13.945865570539183,7.762321402469922
148.28138956981462,201.7826229685784,14.845767441771358,8.620123030705969
152.32080406621566,202.31063821200408,10.843249123214889,7.6625627137385095
148.33505154008245,201.74833657109644,14.60631957980732,8.859570892670007
151.3428095497294,200.9517667647856,14.313088842643651,7.517986058762318
151.4667295600363,200.36035857153172,14.139916539539826,8.738150670502137
151.75410236919123,200.96276458129063,13.61789615027314,8.38024378478346
153.12658843907485,200.1813182509146,15.085215303735424,8.260951237759883
153.03392737331032,199.74750117832338,14.60368941820613,8.02545094153669
152.25301531973804,199.8670762534157,15.44438709668151,7.782055513831779
155.52192449180092,198.4851587005329,14.965491372753405,9.577914478562178
155.27144215037862,198.93674981020717,15.03408468285383,9.156561864454176
155.60952149219167,198.77771286241554,14.61571759835249,9.382929816226294
156.2585393048858,199.00313121377894,14.601004054129646,9.218430525700484
155.98976407074602,198.10810633129006,14.25483568234381,10.10469364824371
155.36982884396815,198.78421535652734,14.957258274729213,9.04234250244994
153.1609893353827,199.54504314195546,14.344623298985425,8.81596640250146
152.60496817457744,199.609568440348,14.705938077354688,8.570945505206709
152.55284380274242,198.99863726573287,14.806463385024983,8.607217469495481
153.61235975409193,199.7271964601191,13.713512808330734,8.300284068200199
152.40845320498653,199.15499392408395,14.652763073069707,10.09298715172983
152.43445827400333,199.75236754598075,14.705938077354688,9.112268379219756
152.43127499479442,199.50937431141546,14.601529635751263,10.297920901003522
149.79454149633034,199.42430924679493,15.012421380019163,8.998128342682293
149.4942689337016,199.34074762762253,15.061375103546965,9.291383514582492
149.8189916095787,199.37257874090827,14.61545644948825,9.767059838840709
147.88653908828857,198.62109949240534,14.546946850028093,8.600282862983647
147.56676214462982,198.68463548184613,15.245200133110387,8.46632297468534
147.73243107515782,198.30753840356476,14.587968907557837,8.683945193609759
132.5860664952851,197.66588398458586,17.01718572579813,9.744087169018655
132.6267322006177,198.21220750079175,16.653188358311127,9.345460133567002
132.95931292563753,198.16639551640773,16.44593337921458,9.42695246659028
122.94507572554338,197.27480292421512,16.20688813959137,9.164104288355333
122.906572118419,196.8064321879987,16.81010542849856,9.563082199323617
122.08611676102475,196.89940556449028,16.753334003125133,9.888053402456109
98.31090197040024,195.73153740056134,16.520971639814533,8.430454663938292
97.96497401784399,195.31415648818765,16.660682269134128,8.89067798218369
97.74188721664004,194.87126570985217,16.871229573406907,9.202488858221955
86.27623646016391,194.72372340580444,15.165097446253952,9.06831840536131
85.72311447629535,194.9722338680816,15.157040472365551,9.112268379219756
86.1406540110537,194.98971054793424,15.267564320890799,8.812151218769174
67.0554317639382,192.96869923211676,15.25743000245808,9.458480591929742
67.4680460566158,193.39881830140882,14.685308124279587,8.90636742722512
66.66330291120333,193.64712632974974,16.28712437072305,9.264235880594754
66.78861548706608,192.8326669283703,15.906521946369963,10.13223658227676
69.07778117063108,192.55555922672806,14.141407823380348,9.382280190511949
68.10662143495222,192.28369732046076,15.095953344100138,10.208329105641496
68.01829670684981,192.15484145235172,15.19891108660326,10.39680114206297
77.12422010764091,189.5622446928127,15.637133650853272,9.994168029023598
76.90040452529107,189.28902738641074,14.163341459096543,8.933799997276282
77.8054942123384,189.889611500913,15.564111027663529,7.1834358589216265
79.45933427147375,188.97565694993594,13.39951417190045,7.093860443947307
79.62254935316318,188.62961843498982,14.972216021607508,7.486108010803747
79.79847112107637,188.5816120967583,14.04314129372969,7.509474347402289
84.33369541788919,186.90208506563357,16.038114766231658,8.392036796284003
84.63848634439395,186.65280875319473,16.05924526238732,7.939402152191491
84.77304765805694,186.69091702593389,15.313730482171948,8.670273875935578
86.41798710890181,186.39373185104137,15.540008573900892,7.9941390259971
86.2119225809885,186.234595457847,15.390585414536446,8.292985344725963
86.40934181631496,186.19229680395503,14.141407823380348,8.362467126325868
88.86779637589555,185.09973701472148,15.270719061215303,8.045862731177948
89.14407268930215,185.86988376885168,15.478645646479393,6.154160317274943
88.76985943171869,185.01673863086674,15.909083801302884,8.294479588713472
89.85930667583642,185.23521005861835,15.927524182127797,8.127963371292026
89.99952957663216,185.64027598708813,16.5103476573982,6.586094967158857
90.6477897972679,186.27831225799025,14.886379035359028,5.774110656139271
90.93132349677593,184.44951379401985,16.755233110402813,8.62547503316594
91.81608475529866,184.0808746861639,15.43492034144343,9.031070412546683
91.73915666473589,183.81225061932227,16.124419507279143,8.824851216821685
92.82316155623847,183.85950393166442,14.860215860644999,8.620567211976379
91.87077520703039,183.79400842951264,17.59299340542431,8.02962263119366
91.74247222548877,183.3912727841614,16.249021489364907,8.634417276775508
92.36661277806388,184.2798933187315,16.452984102202123,7.682591750201823
93.69049446340291,184.01039362013773,15.39058541453646,8.292985344725963
93.06674105828087,183.84515854967017,15.599121621671543,8.456365931748252
92.8121753419455,183.9742728649341,16.23968622039166,7.758961194187123
92.32067376020782,183.33538121389466,16.457063891519,9.03282454196156
92.87945152345742,182.81743450577483,15.83885489262974,8.81596640250146
92.4117144134008,183.78480306144274,16.384996564589727,7.682591750201823
92.3348229575592,183.00589273030602,14.02393553269124,7.807139368714701
91.6819393595211,184.09150026179267,15.43492034144343,7.471158250379517
91.21736455902875,183.84547308211452,15.763799198544646,8.228901468422691
89.93508848961338,184.47445198194865,15.773108726078078,5.303027933767623
89.8560924959602,182.66976420782117,16.050901883073394,8.288580480603457
89.37217979867059,183.95676160443318,15.698363346378613,7.127417841171905
75.1025634457082,184.12628951730463,15.845423542013734,6.157548008554556
76.45740891170372,182.94050260551992,14.276648330757425,7.435754338936164
75.28735632183908,184.57471264367817,15.517241379310335,6.3218390804597675
63.793103448275865,183.42528735632183,14.70175731939117,6.033459704590285
62.06896551724138,184.0,16.565914839767842,5.801505456356523
63.9868887081409,182.1727223413936,14.845767441771365,8.500399099723921
46.55172413793103,181.70114942528735,15.419250161232178,7.543371740416063
50.19307858697031,182.42648180540127,12.202263410913943,7.844312192730399
50.0,182.85057471264366,12.643678160919542,8.045977011494273
48.275862068965516,182.8505747126437,15.382153956139597,7.433398431909495
50.450123281419664,180.45733160044662,12.76826752317804,9.289794836334977
50.837060601972,180.5734796057208,12.956042846303866,9.173646831060807
51.7805507561624,180.10127338864265,12.012552692113466,10.220565691817114
52.021505634951495,178.5048131104606,16.369298962749653,9.518175395286534
51.565237756762,179.74793185526966,15.676141553582823,8.275056650477467
52.55477543235077,178.869789736627,15.836029165350375,8.578486125441941
57.69792025299472,177.93590936080003,11.267596988384597,10.661791788625266
55.112460183476294,178.57746914042795,13.853057057903023,7.7213814342846945
54.79892264255244,177.85627782466426,14.166594598826876,9.591998037404693
58.58314690078916,176.23375202875135,16.236722333017966,10.9990699675283
58.3215225839983,176.1348361756634,15.241695806806291,10.738727042727419
61.86156908122079,175.92007427985445,13.621732918490807,10.935757413436278
60.95965864430687,176.9275372971542,13.914788785101905,8.854865590519381
58.62068965517241,175.95402298850576,16.66666666666667,9.770114942528721
60.02760320578268,177.13196223022774,16.88327460319988,9.78462505412719
65.16134259697645,174.78049647530264,13.574289586931599,8.64479088101919
64.36781609195403,175.95402298850576,13.793103448275858,8.045977011494244
63.545038454116664,176.63875852547363,14.041168442435065,7.935954118204535
61.107119027898776,176.2202450554056,16.479087868652954,7.205042300916233
62.06896551724138,174.80459770114942,16.091954022988503,8.620689655172413
60.91954022988506,175.3793103448276,17.816091954022994,8.620689655172413
63.98504457043825,174.85896570998898,18.773576119216926,7.991609002654712
64.04975195300169,175.47098288122987,16.41001816194084,8.529017118770128
64.94252873563218,175.3793103448276,17.488441369864077,8.363104580953802
63.793103448275865,175.3793103448276,15.517241379310342,7.471264367816104
66.66666666666667,175.95402298850576,14.367816091954012,8.045977011494244
66.0919540229885,175.3793103448276,16.14822863978783,8.365784995745884
66.33949132032998,174.53918879623916,14.84001503555406,8.38024378478346
68.77495125441698,173.8862357107339,16.69141920998169,9.209058874472646
69.18794887438867,172.57771352616817,16.04642214037665,10.962407204811768
69.97136460867685,172.63141656354833,14.964720671018071,10.743902020218115
83.33333333333333,167.33333333333334,18.740824425059188,10.372477504468549
83.95008568284237,166.79509201987466,17.83947300806645,9.03557723785184
84.11388513800165,166.54319589627,17.144428605154772,9.26725870548907
84.73984972699515,166.60406267505687,19.229561813889816,9.26725870548907
84.59913315940858,166.8351555039783,16.971855269807108,8.81483955873702
84.09806914174725,167.10196626151753,18.072081872024796,7.951716023690921
86.0557752155537,165.1981291629107,18.739190238189266,9.36959511909464
86.52291849885711,165.14928532429224,17.500070006890013,9.655312376857182
85.94962085328191,165.4568838713061,19.223931475104692,9.850278937656952
86.14514928569882,165.70648073323576,19.728490576677743,8.554832196966458
86.76096471015951,165.01429851911183,18.855548515762806,9.951539494430364
84.43272512023579,165.50303447134445,21.487804040436217,9.017203481254484
86.13465859539606,164.7311240560486,21.765938942887132,9.532528004184144
89.08045977011494,162.16091954022988,18.965517241379317,10.919540229885058
87.87022840894267,163.1439587004043,20.25225581322671,9.776951082247365
91.11281928278663,164.32273519280022,17.498901047931184,9.276525856734594
90.29127706229542,163.0969738939024,18.155938195607604,9.604228175937351
91.05505951749757,165.09713642842294,17.982606454847854,6.4597712507705864
91.40267844971204,163.83210298540064,17.108951747227408,10.235486416463573
93.28181678651995,162.8872530420818,19.204725340128775,9.776951082247365
92.45931015446544,162.49450607650886,18.906180541631883,11.597909071757385
92.84386516005407,163.8361445234235,18.65038849192959,7.807139368714701
94.25163466549476,161.29776214257618,17.44923684870352,10.211769292138996
94.84553630186785,161.45392202389684,16.91546863221521,10.264942503310095
93.72847673611626,161.37826093129854,18.02437342607422,10.262052023604298
97.58704596556655,160.5609078350519,16.124419507279143,9.696441460458402
97.1709351152698,160.03744909427834,16.708725730740326,10.393616793137681
98.47199705507293,159.314281221923,15.156576064236248,11.703178986309013
98.2312750187426,160.47869764207636,16.935075981749918,9.602362670064394
97.15535729814826,160.7724462474358,17.5407536531888,8.933799997276282
97.48342959690392,160.224248749196,17.376110072792002,10.657347511312423
97.74423296961481,159.84382560574804,19.382806941841096,8.420399737029328
98.47835080073898,159.91260062533306,17.458841218298886,8.38024378478346
100.2627648455321,159.95091982980136,15.712957096468998,7.681890136051521
98.2192608086008,158.57286166994965,19.13467449886238,9.319478771466663
98.23832671492946,158.67254206425412,18.412343896825504,9.696441460458402
98.31113945786784,157.2919186436735,18.81376204327455,10.919875871271245
101.45521981706104,158.6915998363142,19.223931475104692,8.261524270292938
99.95720863277019,157.81040830020086,20.392539277675212,9.2095338673372
101.32721983697449,157.8304372283609,18.76585963245259,8.751386463211077
102.48778016065828,157.94917888060462,18.404977716443895,9.022047900217586
102.41734246692859,157.46308956698675,18.81376204327455,9.077969097803816
101.85522818630328,157.26548425498044,18.739190238189266,9.260646338640043
101.96816826833486,157.36864498202942,19.084118456858178,9.2529059184767
104.29555943489139,157.17222241676689,18.630241457734684,8.933799997276282
104.05543052012,157.0964907994843,19.734715430008265,9.077969097803816
104.4566127735314,157.33560906011857,18.837244325304937,7.039180774192886
106.26852902335361,157.3463258804037,17.44923684870352,8.030614686051052
106.16493798697734,156.84350004069196,18.55720930221422,8.859570892670007
105.2702819355383,156.70930969445115,19.392882920916804,9.36959511909464
107.8715296995051,156.3832828351611,18.630241457734684,9.260646338640043
107.79342005629132,156.13827177762332,18.495198195446065,8.390504547202369
107.58031239234612,156.26282491505455,18.521292677280087,9.260646338640043
108.61733775260969,156.97227382669524,18.676933233196237,8.380675168741902
108.62826936494434,155.24832450718125,18.111803207949876,9.532528004184144
109.0567093109215,155.63229265997538,18.287502965140987,8.551710019670253
111.66762171594533,156.1512943851465,18.79665716417827,7.542607651867712
113.43054153673714,156.64191591779502,16.641626406501786,7.422883720885693
112.14078258250319,156.54644082140015,17.863654842430833,7.939402152191491
115.43437534359431,155.1356730453569,15.393078035406447,9.604228175937351
114.08531845466928,155.37383889565055,18.24238397819005,8.62547503316594
114.36806954091422,156.40449516286597,11.165687055512265,8.456365931748252
115.2663332022401,155.85821176018118,13.086927636527633,7.039180774192886
114.85634693019962,155.8675005484085,13.325557372031469,7.818566825426643
114.9446229888296,154.97986439240083,13.713512808330734,6.856756404165367
114.64573066169908,155.41380004148238,14.25483568234381,7.127417841171905
114.4871875522999,154.24509530236077,18.936387716490742,8.526331641980136
115.48826489842577,154.34406129660513,18.75260650023617,10.086063257099141
114.76813571832176,155.11834507782063,19.395276819088394,8.500399099723921
115.67877189499109,155.70760475963522,19.066036579553042,8.498004875457923
116.66797559087756,155.57996341069673,18.676933233196237,9.577914478562178
116.66797559087756,155.57996341069673,18.676933233196237,9.577914478562178
115.68743656678626,155.68891219115133,18.67693323319625,9.577914478562178
115.9349112117715,156.18386148112182,18.676933233196237,9.577914478562178
115.9349112117715,156.18386148112182,18.676933233196237,9.577914478562178
95.26044955017514,155.75013151619322,18.676933233196237,9.577914478562178
96.54931363559074,155.84927490737903,18.676933233196237,9.577914478562178
96.54931363559074,155.84927490737903,18.676933233196237,9.577914478562178
83.24275649068545,155.87484200613562,20.144816287908952,9.97648044734538
83.24275649068545,155.87484200613562,20.144816287908952,9.97648044734538
83.24275649068545,155.87484200613562,20.144816287908952,9.97648044734538
59.776925775155235,155.5441497437105,21.027114627735642,10.241185362731358
58.24939049978436,155.80652809592544,21.67003150774692,8.739846961687988
60.0469438356708,155.91056522279226,19.275552888106375,10.176534133472302
58.532274958778046,154.6936226491954,17.120522130429876,11.732945236238663
59.44913435141449,156.39513470676337,15.732142243890799,10.743902020218115
56.65778450869696,156.22552481407118,18.412343896825504,10.13223658227676
62.489482871382826,153.3583616182338,17.476301341004266,10.48578080460257
62.60501152569709,154.44890495857894,17.64970243364339,9.260646338640043
62.79968660371182,154.5737537251511,17.158550407531465,9.532528004184144
64.48399199350547,154.38301640639446,15.014603447737045,9.427774257881396
63.94729651370364,153.9474134003452,16.192585357334217,10.409519158286287
64.48379296719949,154.17103471422195,15.887546673640244,9.850278937656952
64.38862606605896,154.29068645021397,16.061229372102105,9.815195727395718
64.25292067866411,153.43590971405817,19.233817890048186,12.1946371158553
64.5570980094358,154.28361545840303,18.79496514690578,11.855285708048257
62.70866112943009,154.1671906612328,20.23334433596259,11.014601650346492
63.85679145865344,154.08791522691433,19.734715430008272,10.393616793137681
64.68929473877407,153.87444864759848,18.855548515762806,11.348246791894269
63.60752874237505,154.3194193625472,20.529885006620162,11.132402433167272
67.25350221386475,155.13152818574343,18.676933233196237,12.81046061507692
67.49650423664102,156.0545715107263,20.177184275523103,9.214777070711335
68.54384237614967,156.67060466870333,18.287502965140987,9.735792945470735
67.88810944744912,155.32415575909675,20.81903831657256,10.843249123214889
67.13778738391746,155.2986503105456,20.812686142468706,10.962407204811768
68.0623007294823,155.56195559416577,19.515000750070428,10.056810202490283
69.8287936808137,157.49142663410214,20.524104047208596,9.735792945470735
69.41691744817544,157.38539503333683,20.33667168112713,10.360191233781734
69.1053945208782,157.25250286161287,20.831963990872723,10.655429857400406
72.05703984444199,158.23206540732937,19.395276819088394,9.937086271508264
72.33267745996591,158.2925810105872,19.396372245899613,10.11984638916502
69.61473076061982,157.9446514103546,22.497575590209422,10.525181562671065
74.18711472407477,159.19960058835787,17.317425874267855,11.915660005230194
70.45785415491369,158.2738259568466,23.648384002459437,10.346168001075995
73.48546345388013,159.3153157438648,17.794052274477067,10.64465627133896
76.18104729425613,159.738554407573,19.95157838671537,10.120365848333876
75.02675768554435,159.7180304710169,21.765938942887132,10.168029871129761
73.33451345430026,159.90531727793825,23.27684145116794,9.2529059184767
76.36703072023117,159.6807999026608,19.56925010825441,9.400914267690837
77.31633076653554,160.81368607408646,22.698534831263146,9.39748257345289
77.42506008619397,161.47531399521063,20.971561609205125,8.579275203765718
76.93829887574626,160.42193512068758,22.40938152131075,10.409519158286287
78.90132648226637,161.71848255199183,21.117542322578686,10.211769292138996
78.92512838573882,159.79668830883756,21.622490904195132,12.838353974365873
80.78002618584205,162.20551073248726,15.180548772500828,9.831212538381493
84.87651140326336,162.10013465283453,16.770891977239003,8.530022643595714
81.84094625707188,160.41510096682964,22.009739425536523,12.047436317135777
80.4666608434207,161.66344804608974,23.556327662326424,10.267586436668893
82.6615535005152,162.477301776781,21.314695022624846,9.4989401731263
85.29379498920723,159.74617260859242,19.86400709061121,11.750539405713681
83.5646924420237,160.05734454141336,22.980484508728892,11.173997054703051
88.17154863428483,163.04599510759127,13.813588311708983,7.866071121945396
85.63218390804597,162.16091954022988,21.167937869486167,10.744777820721254
85.05747126436782,163.88505747126436,22.18247067165244,9.367872000130347
88.86427285898128,162.39461091723217,17.0600452871914,10.843249123214889
87.17740352552238,160.94103625703008,20.143781838366294,12.030314153468765
89.26236471990231,163.0031565497049,18.41811774894532,11.319468199872631
89.70263370126624,163.174315317023,23.515757103331467,9.331431809413772
91.94965127485968,163.35150700888343,20.69402688605986,9.154240117553343
91.86880497016777,162.35937764825755,21.34958583442993,8.422231547144747
93.10344827586206,162.73563218390805,20.851150798057873,7.528937570816055
93.67816091954023,163.31034482758622,21.943413090971987,7.383102062005662
94.25287356321839,162.73563218390805,20.853496637645478,8.436043786316333
91.95402298850574,163.31034482758622,22.314129516059054,8.595608687447196
96.55172413793103,162.16091954022988,22.48500713734495,10.946936794859056
95.97701149425288,162.16091954022988,21.832851729149255,10.604787290414748
96.79016428568892,162.44510103195688,21.448188009414324,10.64465627133896
99.54558869517987,160.76719830137384,21.071411852836775,11.254049512310559
99.51900402813891,161.2968417752864,20.336059742259508,9.373652537447754
96.53406306182883,160.78906827789078,24.17377954549073,11.703178986309013
102.24018642245434,159.70443249130795,21.679659433654393,11.511323593090822
104.03721894658784,161.19648131579052,20.240731696667766,10.843249123214889
103.27413307834153,160.32859177128734,21.136063408190225,11.984365850004764
106.77074429512034,159.51441697682168,19.379313752311774,11.522835204077268
105.48761821575366,160.2379855056625,20.61965061971317,10.425666043675193
107.8450075462882,160.8548317334421,18.993683928599864,8.63349269481813
111.61329123001101,160.95831087351348,21.38597950459379,14.002724675626894
108.86648943807538,159.38473589241391,23.045670408154535,12.570365677175204
109.40104951793138,160.15677852358203,21.487804040436217,9.017203481254484
111.34188530493708,157.98966329829554,19.818032512114826,12.649807986456267
110.67734933422508,159.1019561485995,22.401440809832735,9.850278937656952
111.92569502887048,158.91290225203818,20.950609461958663,9.427774257881396
114.74449066841632,158.47137873179247,21.252768281501147,10.554095813262478
115.22407347428313,158.09277925183108,19.60381454587764,11.202179740501492
115.56193231007255,158.31727202087316,20.674461661596368,9.975789193357684
116.46573598808574,159.20183291173677,22.24256534309633,9.850278937656952
115.54953267371305,158.47093682878975,23.168146763722675,9.962303108400732
116.92695362034675,157.6999613612197,22.063370220090746,11.127612806654469
115.95702096009717,157.11685056024683,23.83132001046036,11.597909071757385
120.91499175335679,158.42294922262897,21.13043707594153,10.009154404393342
