133.33333333333334,198.367816091954,13.698001932111282,5.1494342108237845
133.90804597701148,197.79310344827587,13.168846093982978,5.573771596862315
132.75862068965517,198.367816091954,13.425753858863573,4.505662605061218
131.60919540229884,197.79310344827587,14.340486827191484,5.044739150232658
132.183908045977,198.367816091954,13.753095594631702,4.983366513379366
141.3793103448276,196.64367816091954,13.793103448275872,5.172413793103459
140.80459770114942,197.2183908045977,13.218390804597703,4.597701149425291
140.71949298904204,196.6512604183936,13.422518845277494,6.011461475097519
142.5287356321839,195.49425287356323,13.793103448275872,6.3218390804597675
143.67816091954023,195.49425287356323,13.218390804597703,6.3218390804597675
143.10344827586206,195.49425287356323,13.218390804597703,6.3218390804597675
146.8181818181818,195.45454545454544,14.090909090909093,5.4545454545454675
150.61224489795916,195.10204081632654,7.755102040816354,5.714285714285694
150.78874469805749,195.86110678041362,6.660346851395303,5.789378416982089
153.19180986443686,195.9594071666709,5.9943121662557814,4.611009358658293
150.39370078740157,195.53805774278214,12.073490813648306,4.9868766404199505
149.8670520231214,196.40462427745666,13.872832369942188,4.624277456647377
154.5977011494253,196.06896551724137,12.643678160919535,4.022988505747151
155.17241379310346,196.06896551724137,10.34482758620689,4.022988505747151
153.44827586206895,196.06896551724137,12.643678160919563,4.022988505747151
0,0,0,0
0,0,0,0
0,0,0,0
0,0,0,0
158.04597701149424,196.06896551724137,13.683000276662142,3.7958093451216257
156.89655172413794,195.49425287356323,14.367816091954012,5.172413793103431
156.89655172413794,195.49425287356323,16.09195402298849,4.597701149425291
162.64367816091954,195.49425287356323,12.068965517241395,5.172413793103431
162.06896551724137,195.49425287356323,12.068965517241395,5.172413793103431
162.64367816091954,195.49425287356323,10.919540229885058,5.172413793103431
163.2183908045977,194.91954022988506,15.083072866109859,5.942132320211186
162.8743136662893,192.7912159161578,15.517922388374245,7.668740715184953
162.51354809232146,192.78284812777628,15.434920341443416,7.717460170721722
166.66666666666666,193.19540229885058,13.745739417146638,8.168976583409147
166.66666666666666,193.19540229885058,13.75161131787479,7.701587854990748
169.46489333213017,193.98174315370377,10.916677959263296,6.676315446161027
171.92325905012567,193.64795450721306,11.281448532014593,7.620581127586007
172.48716695024314,193.4755844984482,10.755183854941947,7.553258890493595
171.73863665129028,193.77289084254488,11.418325351162679,7.272594915971325
173.2846195686215,193.73532336623643,11.749664560866734,7.33606070744267
173.32774739198064,193.75893537099384,11.430871691379025,7.471157968221576
173.48038928674828,193.7096819176466,11.625868931721328,7.682591750201823
173.9786430967567,193.47950544488552,13.218203058363798,7.389057610265468
174.16814972180393,193.39488632980144,13.05360722158187,7.4786291373646065
174.1468910227207,193.63401538025428,13.19461311888196,7.594327164887062
174.66733067000686,193.0149798209067,14.61545644948825,8.326594179155563
174.60917703431758,193.26122705000734,14.550296198432818,8.043649658992791
174.77789068247992,193.12540307817807,14.424978972411168,8.35800252224999
174.72367005393681,193.12120498048878,14.382552563668781,8.018591252310927
177.10429868224597,193.58296772302748,14.24636387622482,7.72160643697822
176.94276828007858,193.40814437307756,14.29412901184071,7.4288484111716855
176.91003727677966,193.55113611989788,14.345362449159126,7.582548723126962
178.24271834779222,193.56885111561223,14.053323509123317,7.448261459835351
178.16798129680404,193.50050926782046,14.29412901184071,7.48008184849013
178.29120025610558,193.65270190458818,13.976107650930572,7.296918082944416
180.94947901948348,193.27735512933293,14.29412901184071,7.275148099216409
180.96548123368976,193.28198969408348,14.297699746184009,7.25491589494797
180.83395721190905,193.22236420368927,14.39659588647757,7.48008184849013
182.4958853856578,192.89391350716366,13.734842796681278,7.114896043325871
182.5029994949399,192.8908639489385,13.597507522481095,7.13869144930257
182.0541060140446,192.95209603507578,14.141407823380348,7.546616674977031
184.7748774560712,192.02236838237673,13.464504978705946,8.210064011406075
184.98724541570547,191.99481174406225,13.400699995914408,8.171158534094161
185.0514966508889,192.13331437614096,13.172189934317686,7.8491816731892925
185.6551007026498,191.72770075619155,13.869457672930707,8.090516975876255
185.7674739410806,191.7948459158603,13.884261513293325,7.941182784355959
185.9704383774249,191.92299445079772,13.409080269987044,7.662331582849731
187.88510010643728,191.7582726812466,14.375791721943244,7.534897730121969
187.88134687241953,191.9011249400449,14.007699924897167,7.303159789903646
188.03176104251042,191.77440005561775,13.893953766335102,7.398079278178415
188.55426791697224,191.67910031193898,14.481345511442385,7.27466652452739
188.44762517372345,191.88353469411894,14.78661003786857,6.991158720833255
188.3244438604904,191.733686197763,14.908930259661815,7.3776149738532695
188.3715239046558,191.74110979719768,14.806463385024955,7.3776149738532695
191.9330386697707,190.75165713259778,13.42549949044971,8.166663284513191
191.9551998013799,190.85249604547136,13.373372763116635,7.471157968221576
191.92152751326188,190.76354538860116,13.525627452064327,7.685015597763822
194.42205496999338,190.52523048362283,13.800238287222584,7.785945249885714
194.3185847033406,190.51551894050425,14.037961825248601,7.992416221674375
194.61224511813145,190.44274484383462,13.665495060093491,7.9545419006514635
195.93085295232265,189.9660601596681,13.186071027713467,7.534897730121969
195.79856013635757,190.01643505106037,13.384357810085078,7.435754338936164
195.50047283500362,189.9145273236074,13.796711457927586,8.352269268252115
198.6957395245382,190.21574962202214,13.737123730168037,7.237461607198526
198.50405713255347,189.9689606302329,13.788582841275371,7.509474347402289
198.586890610155,190.19028388739895,13.66037100728451,7.1332312768414
199.79507362776505,189.9477335760128,14.345362449159126,7.223914661897993
199.70189285663693,189.5739116111793,14.546197113558947,7.785945249885714
199.69273860408163,189.90085932691665,14.494046458349857,7.396446388539374
202.93878072791136,189.7753016080223,14.474923214397023,7.307728224744125
203.08312768302258,189.7015244342219,14.127994111214463,7.467047938659903
203.08296288748753,189.8093677827687,14.291660747898078,7.176764704572207
204.90035479106282,189.5344748732559,14.17042051995685,7.042783851236038
204.65106743094702,189.83109827599063,14.499574686912922,7.039986423549351
204.88388828456482,189.6522798441154,14.242895574522294,7.172681224579577
208.02300822447165,189.34535380130424,14.474923214396995,6.886128519470418
207.95863188677063,189.05125848249293,14.382552563668781,7.212489486205584
208.04490085657173,189.03356659604583,14.29925667053297,7.342861533516924
208.02120816277878,189.13239599937376,14.313084980328824,7.039986423549351
209.7995500643056,189.30576752049748,14.345370436217564,6.934728836465354
209.64804797340489,189.14646658097107,14.381239020005722,6.754824388184517
209.81665984993188,189.1392364039999,14.345370436217564,7.206678986914994
213.0708641461188,188.77631302638943,14.177504939571577,7.039180774192886
213.03854465703216,188.7540675766611,14.039209459504406,6.978554409695164
213.15278959713322,188.87671209285148,14.044186102912818,7.547976672050055
213.81571054113434,188.7432258203568,14.643469617714288,7.545869547903806
213.7786798551472,188.68049734998723,14.652763073069679,7.3776149738532695
213.8483852395084,188.63770946275267,14.70966026244352,7.451350211684002
216.6488020924449,188.36122347676948,14.447829323795986,6.91651403798744
216.68471445050363,188.2026821323062,14.594684607380714,7.127636668720811
216.67447723790303,188.4876566362156,14.546946850028121,6.586090222210515
217.59671751868848,188.56129723596467,13.842523656486463,6.710461975606393
217.80981682459884,188.7432546793913,13.456057259985585,6.499662122969539
217.84555594204733,188.48626991121907,13.512811264711871,6.75640563235595
219.85847774974292,188.52317874023922,14.255273337441622,6.745798990039333
219.48184380580818,188.74516257517348,14.671052230258624,6.370325310507042
219.68311926169014,188.56773834481055,14.47493511312905,6.246033644706358
220.29804890750913,188.3182067277735,14.52549711935032,6.766535925163197
220.535195110993,188.0799845628218,14.401477224980226,6.633407691506022
220.2930525079243,187.87135217211747,14.825484358998182,7.644390372608427
222.06597989325195,188.08535065566974,14.300321847322323,6.7560575656640935
222.6691390062042,188.24940998091242,13.597507522481095,6.254853460341309
222.11224152158334,188.21806151683148,13.98231744166651,6.991158720833255
222.52911559642922,188.04221045480273,13.597507522481095,6.934728836465354
223.83360485749157,187.96481513698038,13.393544909643879,7.206678986914994
223.67753179942443,187.91811364595168,13.529519984868699,7.206678986914994
223.69434137152336,187.87679951264607,13.461532447256275,7.4786291373646065
225.05071857112392,187.59003535350433,13.597507522481095,6.866741298852958
224.90475304222727,187.75139976660103,13.801470135318311,6.458816073178525
224.95421342167404,187.47159061410537,13.869457672930736,7.002716374077778
224.169677033601,187.2289034837661,13.618597556823602,6.863773168639085
224.20954392716024,187.39158106378983,13.448084342798836,6.798753751081648
224.10741687114182,187.3308311933936,13.796711457927586,6.805552737094331
215.78558875458413,186.4988790229808,13.455814651614332,6.812358045377948
215.83263834682813,186.60723502513815,13.382404338591897,6.485950569010811
215.57649099379753,186.7767484615157,13.73484279668125,6.1868661246311945
199.9334250333359,185.12891505848847,14.708085361369484,6.427978046820726
200.16869653606008,184.5733863781736,14.52549711935032,6.766535925163197
200.10041386079348,184.835025119245,13.75361586057656,7.0866088501953755
189.05191575750487,183.8056859525066,12.097509529851465,6.516153127953174
186.20689655172413,183.42528735632183,14.942528735632209,6.896551724137936
190.4574676511188,184.5696295039697,6.134992572147951,3.6088191600870516
186.15156561533792,183.21616953555238,6.345177035892192,4.560595994547498
185.8609135861964,183.75091563020302,5.920414629002465,4.21007262506842
182.8150289017341,183.10982658959537,13.872832369942188,6.936416184971108
183.8877674134237,181.71810067837004,10.939818793472853,5.730175183698918
183.09783185841323,180.8795198614239,11.155041704805171,5.994043356966927
183.19061519981142,181.9374413577026,11.062258363406983,4.361409217010049
184.18666254541245,181.33072553558685,11.215636305162263,5.542837682803963
188.19975135600836,180.5786662693101,11.800248643991637,5.72018430540254
187.99273847114893,181.24536720094738,11.432548885172906,5.0534833737652605
188.1636275194423,180.93258492360653,10.686947193201405,5.940978294784287
194.2528735632184,178.82758620689654,14.367816091954012,5.7471264367816275
194.2528735632184,179.4022988505747,13.793103448275843,4.597701149425291
195.91473129138643,178.46553963448838,12.63021787520529,6.183544168069261
199.06730599148761,178.21902240447793,12.893347414272057,6.051979398535877
199.71822268824778,178.84820755501062,12.311212191368526,4.902695120456485
200.1189078967115,178.55786164055476,11.999862363024477,5.349336234119335
201.72413793103448,178.2528735632184,16.885409244883107,5.177972596144457
201.89017341040463,176.75144508670522,17.003948760605596,7.517652573503881
200.73410404624278,176.75144508670522,18.043637972538477,7.40776574827089
205.35838150289018,176.75144508670522,16.802249183220567,7.485329142015701
207.67052023121389,177.32947976878614,15.606936416184965,5.202312138728303
206.51445086705203,175.59537572254337,15.606936416184965,8.092485549132931
212.8728323699422,175.01734104046244,16.18497109826592,8.092485549132931
211.71676300578034,175.59537572254337,16.763005780346845,6.358381502890154
214.02890173410404,174.43930635838151,16.18497109826592,7.514450867052005
214.60693641618496,176.1734104046243,19.653179190751445,5.202312138728303
214.60693641618496,175.59537572254337,18.497109826589593,4.624277456647377
216.91907514450867,176.1734104046243,14.450867052023114,5.780346820809228
221.54335260115607,174.43930635838151,19.653179190751445,5.780346820809228
223.02571924700973,173.59166609078264,17.067792442858803,7.444506474001969
223.33583354014385,173.44700923104054,16.708725730740326,7.104497554802975
223.63177745499803,174.22638223825646,15.88754667364023,6.196143202719696
225.37786921046728,173.71179066860657,17.103420039340506,6.051979398535877
226.7456647398844,173.28323699421966,17.341040462427742,6.358381502890154
226.16763005780348,173.8612716763006,16.18497109826589,5.202312138728303
234.83815028901734,172.1271676300578,14.200821756738236,7.587142493026391
233.68208092485548,173.28323699421966,15.490437904759688,5.108286645139373
238.0442847870191,172.18445409646,11.173658379711298,6.285182838587588
241.20857192968217,172.10349037775794,11.852669167220682,5.986196549101351
241.92377178918707,171.48176507194643,11.173658379711298,7.5073017238685225
241.76995860359457,171.96947024392665,11.003826825913478,6.863773168639085
244.83988849702257,171.6278607406098,14.643469617714288,5.00567583870847
245.13080156971228,171.479704189139,14.375791721943244,5.750316688777303
244.7639248181428,171.4302282517452,14.43527664034815,5.413228740130563
246.57789982146866,171.05860148234504,16.255926742584023,5.747044807984253
246.94489800712788,170.592942710378,15.788583825380812,6.405654009154489
247.02375531403777,170.57797402775392,15.433171038016042,5.77894069705448
251.55861268151807,170.4515463628746,16.656089719216993,5.452886515219859
251.35481454448558,171.05593488380623,14.75810931753233,4.638262928367311
251.78674761213927,170.74881094842226,13.288041722872208,4.3416373946018325
252.79800218592922,171.70331777598685,15.61427873742943,5.060182924166952
253.12581279922733,171.76421070822698,15.268082242615606,4.560595994547498
252.70743538378548,171.59066992652507,15.841096263690474,4.419189944806362
255.6102085580385,170.26010282346414,14.891395462548417,6.9396794388575245
258.3013699518103,170.7172871351347,11.895034379527203,6.139372582981764
255.69752580455435,170.49218447699937,14.735254187739486,6.051979398535877
256.31201808984997,170.47193766915555,14.4865956488253,6.704540134993522
255.9834028333333,169.835350678512,14.934293873221804,6.196143202719696
255.77231379003243,169.7793968649679,15.189191859920044,7.856478548234492
255.99919201484659,169.58854677434914,15.36722563380141,6.642607209449636
244.7108889308767,169.4816856179146,18.42955414142267,6.355018669456086
244.18388606631171,169.68793304852133,21.715503710083254,6.114073860120527
244.99907988528238,169.73854488070086,20.524104047208567,6.183544168069261
244.0137585838714,169.04176952325406,15.712957096469012,5.936006014221618
244.24089604441198,168.82410736986694,15.56551241617305,5.948603471148914
244.3476118718284,168.59108848827552,15.204939234717472,6.465092273029455
225.95273053811147,167.75397549939856,17.79405227447708,5.401765869037689
227.46679505818656,167.42247988087627,16.337162012310415,6.505949473928922
225.10691109212726,167.72443337625515,19.0473485064621,5.2544409672998995
216.12001062065164,167.14470948538408,19.37931375231176,6.634359662953585
213.50169491209692,167.47688527822095,20.851332087350386,6.255399626205133
217.61296995872976,166.94048440151104,16.912747137517556,7.645488432028486
211.64256595838566,165.3139717173129,18.185358604080676,7.833692937142445
212.9580437360422,166.3095672731879,16.76048756956692,6.808948075136556
213.1305226618673,166.09802321967828,16.44559619167356,7.499191863403155
218.07771885927573,165.3722418023969,16.708725730740326,6.578238476669412
219.43042346929,165.18912342250442,14.965491372753405,6.225644411065417
218.26984103987334,165.87675801939088,16.669163409552112,4.68479755954732
229.1039997714508,163.36480021493924,15.410920273431032,6.196143202719696
229.9967475646917,162.81027742457798,14.616542939749024,6.672769602928895
229.56676145412698,162.94172272053123,14.735254187739514,6.4466737071360285
229.8763662782916,162.93290000261584,14.60368941820613,7.236062324336359
231.13860449113184,162.13841425253784,17.476301341004273,6.990520536401704
231.60919540229887,162.73563218390805,16.203156428651056,6.541939055526342
229.84319669253813,162.63915331990918,18.630241457734684,6.536926827275323
239.19188782096163,162.28066651375627,16.523048540585847,5.878392269246888
238.44599279038167,161.97656527621712,16.971855269807094,6.709803246202796
238.8396645351892,161.5684791991047,16.760487569566948,8.03106696041749
242.34190764874324,161.13239166218025,16.853494650107336,7.350366958509397
244.40327394387285,161.30308072215783,15.366840998655874,5.455539967497344
244.33104403570567,160.89678501884583,15.439070906823048,7.585973601843818
248.6353949425095,160.86938310558926,17.26698538963626,5.755661796545411
248.6489293667202,160.73254705425717,17.458840782854395,6.523083369418146
249.17759067083554,160.8306740534151,16.481738667286635,5.783066199047937
250.70519743395482,159.52975841503672,18.226262355727158,6.523083369418146
252.43592900867893,159.70048344761707,16.65558051550076,6.114073860120527
252.9880938408594,159.32760149438468,16.217702734605837,6.487081093842335
260.6954871764208,158.21423012638604,14.316249799005107,5.586829189855649
258.85375728794844,158.75089012542227,16.58589915738395,5.063063953306681
259.80730192597423,158.47118280428495,15.261513265873077,6.051979398535877
261.77778227499743,157.41784084545628,16.180482179361093,6.155282928101286
258.1255137011725,157.65359259033073,20.077667401043698,6.110594426404617
258.7444846648046,158.25339319058764,20.23969277833004,4.638262928367311
265.3313863821384,157.62064023314227,16.912747137517556,5.792036690930672
265.7800867326445,156.93023171038823,17.284252806115887,7.158124899502553
267.86697118038114,156.5386276100656,14.197299098145379,7.290504942290852
267.82532288248433,156.9411257566043,14.603689418206102,7.4991918634031265
265.91327833945144,156.1960748798755,18.034406962508967,7.0986495490726895
269.2775602022769,156.05038244822606,15.39059971685515,6.9573943925509525
267.80668457511507,156.176029272561,16.523048540585876,7.626022403347321
268.79689282028295,155.5995883819524,16.449384202243095,8.340532834940149
269.3995873657102,155.9514355810666,15.728671206903812,8.10264880355652
268.60089492476834,155.7877547651767,16.58589915738395,8.03106696041749
262.83639168928033,154.9953299870922,19.86713437448634,9.4989401731263
263.6329156395426,154.55620722012583,18.744908099590873,9.232566675917894
262.3534498288925,154.93906452873222,20.336059742259522,8.738150670502137
249.2573435831987,154.57835678594375,18.68096010357982,6.808948075136556
250.92700464748788,154.89301177554174,17.103420039340506,5.657285089935698
249.75999358740228,154.07497518552003,18.07115447570368,6.718762561479565
244.75579388982544,153.90367021616552,15.887546673640259,6.8316450696653135
243.20618806019473,154.12434680074762,18.840029563570738,7.383254828966898
244.30089131907167,154.02597796988292,17.075129996418042,6.906794155854499
236.98525000649565,154.6271607426277,17.144428605154786,6.950444029116795
237.59419769118213,154.89172428471988,16.192585357334224,5.927642854024128
237.518446040654,154.3341756912805,16.337162012310415,6.505949473928922
237.5907525521957,154.11900960233106,18.801828535381702,5.56380640332722
238.29501973199885,154.8531618063147,18.22626235572713,4.796384830454514
237.83186850074668,154.5211057427562,18.521292677280087,5.5563878031840375
246.1124874801805,154.9437710974156,19.818032512114826,5.481583460797708
246.39791524729299,154.7824092874333,20.028862645222432,6.3249039932281335
245.36406816451378,154.64029452144632,21.504673576975648,5.903243727012921
245.4531713540311,154.57246522335421,20.71224005989069,5.866472618119332
253.91379240329601,154.14150327330543,18.270678674686252,5.719516802510498
254.1981936315559,154.3155642723417,17.808018042664855,6.634359662953585
253.25360308198705,154.03601188721666,18.553051713469216,7.379054658766165
263.7198005023624,154.1416645102444,18.11180320794989,6.355018669456086
266.73898651622534,154.01602155776644,15.093169339958251,6.8316450696653135
263.82893212156796,153.98993450767207,18.41234389682552,6.536926827275323
265.8775757761032,154.22280706698183,21.252768281501176,5.783066199047937
264.6954458653112,153.94962493948174,21.82355152287363,5.936006014221618
264.55995484773024,153.94581555309816,22.505549799180073,6.047746862334748
278.9315041515936,154.12129713911477,17.839473008066477,6.049393746182233
278.89364008089007,154.47077235139975,16.91546863221521,5.349336234119335
280.3957214440285,154.39515166242148,14.753396738101685,5.694426153031998
287.22544086271853,154.11907894304386,14.457667473012634,5.878392269246888
287.88691780670996,154.35088887628152,13.288041722872208,5.657285089935698
288.0803645833249,154.24985727360846,12.77568012565888,6.126349533941692
296.9747728223799,154.84454036607892,12.964904874096078,5.447439022729441
296.9017056450354,154.69197581283527,13.054001778135671,5.336541607413949
296.76733456939473,154.66584674679956,13.371927140109051,5.789378416982089
296.85453551865913,154.23397727811607,17.512040155671173,7.148814665786972
296.98888973083444,154.57760165980832,16.761350337483805,6.704540134993522
297.0407636015677,154.55816255788596,16.887060970461278,7.081670729548279
302.9545245529166,155.98015985951142,14.449712660074681,6.239648648668606
302.6686622755822,156.63977333190888,14.613913940302837,5.91124608821238
302.8878906790553,156.40514922318943,14.164615203341612,6.134992572147951
303.07552967800433,156.37899716059178,14.054392678641932,5.992182925002396
304.88019031322887,156.53594233309497,14.47493511312905,6.246033644706358
305.2888331132696,156.34115452400792,14.023935532691269,6.2167961639765394
305.3278581415548,156.694581977632,14.120488559938792,5.902214794895059
309.553471521411,157.9570660558706,13.76825206293313,6.704540134993522
309.03356608954033,157.86246857869858,14.044186102912818,6.248734785877502
309.4780326515741,157.62656776734693,13.68178798364255,6.444320427077997
307.9266763862295,158.5591041411702,13.400699995914408,6.319029266366158
304.35206075799823,158.62081661293658,17.075750503982135,6.0631288021385785
304.6152188420629,158.61826579670893,16.87122957340688,6.044772093145781
289.61029880095117,159.67431967756423,17.171646312729592,5.630047971386745
292.9170085714863,159.6695100099655,13.628706258934074,5.500742887642076
293.2991106524183,159.50511958148175,13.522795922481066,5.528656896483966
283.8202712123989,159.8258001693964,12.700968545976707,5.6780800558483975
283.95126241751836,159.82767920295584,12.386105537050867,5.630047971386745
284.11740871046254,159.81775228512677,12.3602056232981,5.503449219132733
268.0767514098119,160.59723175839036,13.172189934317657,6.134992572147951
267.9804608771759,160.8811820404563,13.262410413319856,5.413228740130535
268.11089325104274,160.76192603135982,13.512115131328187,5.85524989024222
259.7372510253509,161.75683773138107,12.252699067883384,5.827503215212829
259.74870659873034,161.7427505798732,12.329805057336955,5.798949410528337
259.7992804690708,161.60479248653178,12.311863588016081,5.815654157153318
250.3649706512179,162.11223542848774,13.896353820892159,6.2757726933061235
250.54381473696475,162.07746181426444,13.66549506009352,6.458816073178525
250.4246222285511,162.3541803907116,13.710806899048151,6.403849928896733
250.37051652549485,162.28418139654522,13.597507502163296,6.425195852670555
255.62952545946933,163.607917809758,13.298661183434433,6.425195852670555
255.63208668205453,163.6552906978132,13.189582296806691,6.1188783851164885
255.70635230947335,163.68542217441657,13.17802484546445,6.1868661246311945
264.36199913236186,165.0322326995405,17.540753653188744,6.31902926636613
264.4470333243032,165.09694005190283,17.449236848703492,6.345177035892192
264.3011710119219,164.66236359561933,17.726769312175236,6.81404716335058
270.17522325260177,165.85477755022382,16.996884403101376,6.254853460341309
269.9614484100342,165.74002561191753,17.323235064066807,6.56805120912486
269.88401214382026,165.6654190492936,17.548380239889354,6.444320427077997
280.9584486957032,167.76511561250663,17.790951589582107,6.643456606236356
281.02037429082486,167.69524932370123,17.683213884426493,6.676315446161027
281.59804415266274,167.70119978385924,17.232111489415615,6.856756404165367
289.726466487536,168.69730933434045,13.597507502163296,6.798753751081648
290.03581762639055,168.75223103200193,13.02491218380544,6.4466737071360285
289.6013402481458,168.7253346848449,13.780931374828356,6.642607209449636
297.167996159549,170.77109890576094,14.603689418206102,8.288580480603457
296.884921708965,170.8165194277619,14.592819540204971,7.5528331166555915
297.16031399195447,170.82078528537104,13.979218157199966,8.82376181553758
300.2277056917998,172.03429715786592,13.086927636527662,6.840893991821275
300.4123169309376,172.10853165973285,11.766468289095599,5.229541461820247
299.76616125543364,172.2098281354705,10.905773030439718,5.849460079963109
308.9326470804062,173.75750044913664,14.168512187667432,7.084256093833716
308.48379070439864,173.4803654175714,14.792892777078748,6.9481769104460795
306.32183908045977,173.6551724137931,17.235001898201972,7.0942165008661675
308.8939727112935,172.9668142994715,14.643469617714288,7.620581127586007
313.97630558204634,175.00410933670236,12.893347414272057,5.262590781335547
313.1395253816978,175.1484665446882,7.893886172003306,5.657285089935698
313.8684102292768,174.63925694278979,14.292509310953108,5.337754551463092
320.9949761193778,175.33594712597306,12.91306985763373,6.365202299314291
320.7735039695795,175.39397844152694,12.559829363753806,5.732458340082246
320.86244633457005,174.1978923361953,14.19502492979774,7.503257089092045
319.5402298850575,175.95402298850576,16.66666666666663,5.747126436781599
319.5402298850575,175.3793103448276,18.390804597701106,5.747126436781599
317.81609195402297,174.80459770114942,18.390804597701162,7.471264367816104
323.93543479700605,175.69164037862154,14.547279184424667,8.011545058088956
324.94821248588966,175.53701899357432,12.98282199686895,8.462981006425679
323.6360682534724,176.07047775068347,14.294966229286217,6.780096961960226
324.71264367816093,176.5287356321839,16.09195402298849,5.7471264367816275
325.798028311056,176.8608304531314,15.006569390093432,7.139169546868601
324.71264367816093,175.95402298850576,15.564048426807517,6.117975288008637
313.7931034482759,175.3793103448276,18.390804597701162,8.045977011494244
318.2103149013641,175.9559720739618,11.173997054703023,6.114073860120527
315.56880278136,175.96225212816333,12.86891280564862,7.149396003138094
311.0695626164171,175.073658232592,10.485780804602541,7.626022403347321
309.9334570518488,173.71159841745967,15.1805487725008,8.819175953548097
310.7936385211552,173.65330301660714,14.197299098145379,10.360191233781734
293.85183316513275,172.48407117620349,14.547279184424724,7.5898847918737715
293.00745702532333,172.89513897190702,15.093169339958251,6.990520536401704
293.54159697621407,173.56847557106187,14.891395462548417,5.349336234119335
293.56398150927384,173.79857964353653,14.298792006276244,5.401765869037689
285.5865996407915,172.3666760735396,14.457667473012634,6.8316450696653135
285.66890969064474,172.51440020211754,15.5402868506726,7.0986495490726895
285.88675406704306,173.09295721215187,15.393078035406461,6.051979398535877
289.7694344160441,171.50493141623517,16.115853030327173,6.139372582981764
290.5457789705929,171.34887572141145,15.204939234717472,5.866472618119332
289.6783338102712,171.21624725749504,16.521902475519767,6.105920480083398
292.9480451809778,171.06607150678605,19.695632979941763,6.612089412754187
293.4694881836554,171.14124875935659,18.024764689907784,6.536912160183647
291.95402298850576,169.632183908046,19.540229885057443,7.471264367816076
305.0107831593705,169.1226129336799,17.977722587755977,9.130260629538498
303.8810304886433,170.2245879609438,17.82164958716146,7.637849823069217
303.28431531925014,168.56745049835655,19.46124328152706,8.80389577021461
312.60342922382716,168.54586856981405,14.98277767272458,8.557579706048017
312.70355811194656,169.14699107246958,14.88264878460518,7.956457203392489
313.6760226369029,168.99304439339258,14.484896903326955,7.5356912387913155
321.95050105803665,168.10476914624596,14.828061631019636,7.833692937142445
322.3317914714046,167.8652666790228,14.934293873221804,7.943773336820129
321.72862669008924,167.76365800502555,15.410920273431032,8.738150670502137
326.17901178715283,168.2871414294847,15.410920273431032,7.149396003138094
325.73293187422297,167.8667387613578,16.626315322262826,8.530022643595714
325.5065928980614,167.51378657699158,16.866410648608394,6.9573943925509525
335.5140530092355,166.25400033969802,15.732142243890792,7.674215728727205
335.3711593429683,166.91215129474313,15.252044806694641,6.513894136192505
335.13914194433414,166.81935917426182,15.156576064236276,6.906794155854499
335.664425374803,167.5470429548233,15.059295396419714,7.182125496754026
341.79709728748384,166.8260916471968,14.616542939749024,7.308271469874512
335.92724529757663,167.0755052587119,20.387969152075925,6.950444029116795
338.1433671051553,167.25688364880583,17.635176807740663,6.355018669456086
350.2009348642381,166.47196652413228,15.189191859920015,6.634359662953585
350.756433908882,166.00305663662047,14.389154491363513,7.0986495490726895
350.2928609203874,166.34033637136815,14.298792006276244,6.990520536401704
353.5424456259042,165.90523959746008,15.470726824551605,9.696441460458402
354.0909784897802,166.36924185060698,14.746818807572254,8.819175953548097
353.85271991586364,165.98923169380706,14.891395462548417,9.108329263500508
364.36574474797095,165.38838324598441,13.400699995914408,8.280107314548758
363.65815191393256,165.8533531339671,13.443307738090141,7.332713311685524
364.1261141300338,165.41203329364626,13.409080269987044,8.260951237759883
361.7986026868343,165.48549208832355,20.09615504169159,8.240869333643303
361.9453529762517,165.72166238907056,20.077667401043698,8.729420609149457
361.3201337008885,165.41229746878588,20.450522911437645,8.854865590519381
374.4858390385342,164.78068703217377,15.469702082453239,7.951716023690921
370.1509046349128,165.0053331570769,19.874172543016527,7.662331582849731
369.96497444777106,164.65418466817135,19.866280199541677,8.42014525013687
374.1233053179826,165.4713967628412,19.185539321818055,7.290504942290852
374.43008716178883,165.1431378981265,18.676933233196223,6.943987996957588
373.7160070451788,164.98928506426864,19.56925010825438,6.906794155854527
381.7650898561542,165.44159733889526,18.993683928599864,6.714938762636308
381.65902722174405,165.3901227738652,18.65038849192956,6.505949473928922
381.4123603954172,165.60880492686292,18.945326812807934,6.051979398535877
381.09769179096986,165.75507267565382,19.275552888106404,6.704540134993522
384.2419317684097,165.5578040591671,19.515000750070442,6.943987996957588
383.85760746555076,165.14759375864872,19.76110550147257,7.482360335509043
383.99834542944103,165.75806999061302,19.866280199541677,6.841368015736208
384.7142175385642,166.37380499692526,19.86400709061121,8.393242432652613
384.5278562972235,166.35199742498014,19.95296089469076,9.017203481254484
384.58556263425186,165.68613048577754,19.603150660474853,9.604228175937351
379.06104698033425,166.21110206823974,19.55390216449473,9.427774257881396
379.2384151405743,166.16163988613823,19.515000750070442,9.697638409544197
379.0504702013655,166.199081778057,19.53995234714648,9.605774893345114
364.71061465420024,167.11538254651023,19.729534845977298,8.228901468422691
364.8976339930008,166.538391185403,19.728490576677757,9.602362670064394
365.0047557515676,167.05152040555538,19.185542112792007,8.854865590519381
355.2220948632905,166.9265484357915,20.032556187830835,9.85207681368729
355.9945923808307,167.45581922993807,18.684335696386256,9.03282454196156
356.1831348195631,167.25971785512712,18.44067076056166,9.02204859790919
334.2780327610705,168.74220255530335,19.62205298726053,9.27737233288886
334.1170355726716,168.53544052712107,20.02894633848308,9.473150295228464
333.8946040973456,168.6313802105844,20.246838093880456,9.488370619641415
330.0984068542398,168.7922597148937,20.12610841072052,9.319478771466663
330.1763804681557,168.9734643743774,20.02894633848308,9.292709337224125
330.62523195287054,168.9785144198895,19.185539321818055,8.825348088036293
341.44763031295076,169.92369965108787,20.353068266944604,8.979294823652026
341.2684570747979,169.79648362059578,20.95864591873857,9.248957105840105
341.3619673239508,169.64726501648923,20.76378548472968,9.556259986203855
341.35451342268215,169.89349693385307,20.78787017876084,9.3421678481931
349.9641117986948,169.17477821721536,19.66235673135668,10.134905827382227
349.6962633993687,169.69978284482676,19.929807116867494,9.631886215864
349.96049855974843,169.60903238836508,19.479965980998145,9.796283470212927
361.89578912455323,170.91875439598581,19.719729262280566,8.60695365591252
361.7273979756552,170.73612168747678,19.950455547716786,8.456365931748252
362.05760100611224,170.76646504216419,19.499722297058327,8.666543243137028
367.9399486645182,171.3247865767548,19.64914545642273,8.81596640250146
367.7837157227176,171.49331398964586,19.95045554771673,8.948969772432605
367.9199989119836,171.5149596452398,19.515000750070442,8.380675168741902
375.92241727118886,172.90479562027366,21.01839893139288,10.112625900953162
376.20210089980867,172.6705045322424,20.809217066826477,10.241185362731358
376.2077997720778,172.67798925074698,20.919255540207075,10.211769292138996
380.8708902157561,173.1472883370011,20.38982825449176,11.006898438265466
380.7725207557321,173.1987233230932,20.607260668629237,10.590982574713848
380.82315499741827,173.52269700708368,20.328273746109232,10.062155566636022
389.10573200305953,174.63951137264885,21.518043673738703,10.400387775640382
388.9528010718679,174.53125178406998,21.920870910454198,10.508881934599799
389.17430909973604,174.98287649687,21.117542322578686,10.211769292138996
393.9214508745961,175.8997022650606,20.809217066826477,9.478543899549209
394.0771759741206,175.63094431888905,20.6604896914983,10.01447316924154
393.7424911117682,175.68848460129823,21.111592086509177,10.28513460624805
402.4611486844487,177.8850674850479,20.950609461958663,9.427774257881396
402.07998866779684,177.92395276246035,21.29384344386807,9.698186122949807
402.25443590295487,177.6706607993222,21.89049284688923,10.011351677416911
402.03130745078164,177.52159586615497,21.756012035969775,10.40209325469803
406.03060026633943,177.08994456367773,22.264050745300324,11.80442958979009
406.2737566194205,177.7460269568888,21.789756090917763,11.221724386822643
405.9258312757872,177.64606275690602,22.23444605114264,11.314570179871396
414.00381945888114,178.59799096525333,22.374678792539612,12.991748976313346
414.07415822653127,178.55301782462146,22.497575590209408,13.02491218380544
414.0020213981872,179.04981754636813,22.406406407994268,11.996350333483662
418.2407610068259,179.62958525049797,21.89870487137233,12.420160971823123
417.91392067799654,179.95331123434113,22.26865116265708,12.211840960166768
418.2368063415679,179.65010593613795,22.009832843251047,12.39292389822694
426.70131053300884,180.68612012744504,21.788285649266697,11.597898821056702
424.1983213753414,180.24663017510184,23.825062265423412,13.049908477040958
424.408339186318,180.68550641859872,24.07635282461007,12.367088336138522
429.3770561938105,181.62416950377835,22.508099024621117,10.894877719364473
429.5027447581641,181.67392599242731,22.70383658155174,11.302346595182968
429.33805931856256,181.40529673270194,22.802979972737546,11.104059812811329
435.66303573011635,181.73959236577056,22.26865116265708,11.373773443292578
435.9327021184903,181.83184054859603,22.063370220090746,11.31946819987266
435.62527089567357,181.18847355296,22.366010820676024,11.972394027538343
436.0673072437648,182.1078575813494,23.001266755109157,11.698920159926217
436.2216983235248,182.15175188232885,22.741877311594806,11.658290896196633
436.15375446224823,182.17323336995685,22.879243895463674,10.785929265004285
440.3365834349005,182.64675691841302,22.77029511500905,11.657519508641002
441.1037532336002,182.90938346424264,21.910689452065185,10.806629639253885
440.8336471855957,182.93581012572164,22.26865116265708,10.894877719364473
440.5617239925451,183.1724114418783,22.23444605114264,11.051440640804628
441.38880746793393,182.4833810520193,22.66134633455448,11.875417069550167
441.2962441271399,183.21725587169647,22.879243895463617,11.875417069550167
441.4952175905459,182.99836268364467,22.46489927154181,11.999323707289392
435.83504696565825,182.41180289284387,21.313492664408898,11.314570179871396
435.79851708202324,182.3949792068501,21.39734493647734,11.421555743119683
436.2801679834568,182.41516550470587,21.071411852836775,11.732945236238663
428.2556725647964,182.14667016683038,21.550307576764908,11.613221305256644
427.956467988476,182.12105350316193,21.550307576764908,11.852669167220682
428.0788145458326,181.96000072159526,21.313492664408898,11.972394027538343
406.6566162006699,181.38897010754928,21.191135783818822,11.373773443292578
406.56835661264444,181.45302571642955,20.776021049775693,11.522835204077268
406.46662757300953,181.35011277782215,21.201812565511318,11.638441791280684
397.9507158826451,180.6450571014548,21.117542322578686,11.599776768740412
398.05326912916075,180.67141063463168,21.05036312534213,11.314570179871396
397.72848258192073,180.17212252811356,21.61325927850777,11.798063551112023
394.83123284298773,180.2328319127714,21.05036312534213,11.840829258004959
394.91566195287993,180.1421735550886,21.28931254267792,11.915660005230194
395.04146973162347,180.4185077010263,21.01839893139288,11.104059812811329
397.7910930592546,179.31597223984923,22.307263016808463,11.798063551112051
397.7037159433717,179.26978987089367,22.299912336869,11.353918781271716
397.8261623854512,179.02052590268863,22.43588741209379,11.285931243659292
409.04340518027993,178.17203354916842,22.081611484241364,11.476289959327318
409.6912772243927,178.11641136813506,21.428267069769845,11.494089615968505
409.637411698372,178.11987214269047,21.462909749554,11.548570728186405
409.5712167404555,177.98760500450248,21.315829104950296,11.698920159926217
414.7163354673227,177.1611584278478,20.621825366649603,12.095493724669495
414.70431210420224,177.234651049025,20.689361308743287,11.740391536310682
414.8092322955254,177.23154941061253,20.769819151655952,11.87914116947232
426.0302505902346,175.96546401052956,22.26865116265708,12.211840960166768
425.9690791635003,175.6973079186839,22.26865116265708,12.331564891148787
425.9645092717315,176.03691488000206,22.406406407994268,12.39292389822694
432.1562550291594,175.1383186232275,21.43058364578286,12.211840960166768
432.1029234084308,175.10161979582148,21.562694481520055,13.172189934317686
432.1433307276339,175.30531597416058,21.506783250697367,12.667607935620168
440.8235573835875,174.60070674043314,22.231924799256603,12.849644608744626
441.00005748409995,174.75868313459404,22.194237834535272,12.630867060304638
441.4180002939244,174.3276195400477,21.472474002517856,13.442851371324224
444.38004944237196,175.40414538942755,22.029203300692984,11.254049512310559
444.38604845729753,175.40361552100103,22.28445831353747,11.006898438265466
444.24101821931873,175.12437951960453,21.909479369710994,11.852669167220682
451.8266265187241,175.00466460995543,22.120228211358324,10.843249123214889
451.8911012409769,175.24213426807557,22.108976234436852,11.203203203997134
451.69471638796267,174.63149428419644,22.029203300692984,11.852669167220682
456.26835789910325,174.15298401126057,21.027114627735614,12.202263410913929
455.9791310658794,174.59835850435996,21.550307576764908,11.732945236238663
455.90161198180004,174.4381565986909,21.108191626524956,11.999862363024477
461.92379561952146,175.52787744552725,21.01839893139288,12.1946371158553
462.0264409851357,175.4266162446017,20.918165847281045,12.311212191368526
461.7416678102504,175.59400745917245,21.252768281501176,12.43359232795305
462.0832361311927,175.57341170883043,21.119959270648053,11.981963648027715
462.93289604425524,175.52057473214572,21.073336844002085,11.748851514797622
462.8681512157504,175.4655536785376,21.337881811555746,11.823100739912178
462.73690347015406,175.3257249551625,21.311633766059856,12.277354234795354
456.2962241864375,176.7106973863516,21.675684689838988,10.190386828209995
456.07344041928695,176.4439743993673,22.231924799256603,10.130143104248418
456.25228487853366,176.35173975183022,21.920870910454198,10.262580014257594
444.04062030380413,176.12055557277807,20.39626128372163,10.674043405147671
444.25599570974873,176.24584243949803,20.155524384098953,10.241185362731358
443.88723657494614,175.92727047062527,20.591319505917284,10.785929265004285
419.94069463819187,175.9167937515842,20.392539277675212,10.130487254070914
419.61453938288696,175.87299299173023,20.809217066826477,10.676980484549688
419.59171769449983,176.07001289172885,21.442223368795908,10.384909575828004
408.3209325897765,175.74125412740082,21.008149122233306,10.266118179473239
408.4713811921715,175.63084806477656,20.91816584728099,9.914339021367567
408.36208582003206,176.18127632110838,20.95447586323604,10.09298715172983
384.07800697084144,175.5657354183517,21.143377050067045,8.442408504090395
384.1418720244642,175.45871155047007,20.919255540207075,8.82376181553758
384.1942138570519,175.6158969719873,21.06866547038487,8.442408504090395
373.1186069490276,175.6353103680034,20.26817269699228,8.726574355649461
373.2012888577865,175.57465924369023,19.859840260066164,8.537875251991068
372.9234736885689,175.75407459187662,20.28844117809649,8.351050282903344
351.05293176605534,173.89056045341857,21.165008383996962,10.134905827382227
351.1167837359549,174.46925345109028,21.00570930055443,9.478185903908724
351.42820957577055,174.18850723456788,20.918165847281045,9.805390240912999
351.33852003513834,174.42170786942674,20.700268286371852,9.805390240912999
342.53278493036987,173.58840653968144,20.919255540207075,10.310912683324801
342.60883007688983,173.55329116117662,20.62039599229155,10.235486416463573
342.7956587023341,173.89566719075737,20.260286208496836,9.51825526573677
328.1322664536472,172.4489954078738,22.005785376922518,9.604219889080582
328.3139374608224,172.61832546336268,21.82399957358217,9.382280190511949
328.30591878703655,172.68442804075121,21.7566696302261,9.523674253231064
323.97786710823107,171.77046903485248,21.168980372414183,10.359288267351616
323.9108347352826,171.6475520287791,21.15908214623869,10.517672411873036
324.1370058718377,171.89424287802183,21.0761366598457,10.198130641860814
315.9324196493732,170.73446116965854,21.21668571376449,10.310912683324801
316.3051145155536,170.56272593774708,20.607260668629237,10.098378734029467
316.27955534160486,170.65102735980832,20.919255540207075,10.50919946569644
312.25947694342057,169.54420585075437,21.11267989270027,10.809692105062538
312.0999553338672,169.7569732387996,21.310859714800813,10.415981995436368
312.290728865688,169.82093793074716,20.820112149021213,10.608342856882246
300.9781193403951,168.51720740970813,21.027114627735614,10.241185362731358
300.77465208145617,168.6136949420079,21.353960969099376,10.13223658227676
300.8970036955852,168.3482068707622,21.201812565511375,10.736237001258928
295.95388057302813,167.8225442346686,21.264065789541746,11.329888335740378
296.07376537847597,167.6687205351323,20.99395389070264,11.356160111696795
296.2392902529908,167.66527693535298,21.09986450931359,11.986693456652858
287.8136306833395,166.02147154025587,20.54039553377561,9.960854460656236
288.18042480556136,166.11363135444745,18.9020296596006,9.338947460276984
287.88680446481305,166.22429164012908,20.53947312236204,9.76783214277745
287.99722339307345,166.5413394646312,20.48004873349396,9.382929816226294
280.02162183757696,165.7370102937192,20.423538584277992,10.211769292138996
280.1283253785271,165.13895218010387,20.177184275523132,10.48578080460257
280.2499569767186,165.4611502705479,20.047643457789547,10.490045995355018
269.7218274822467,166.47222226618112,21.099864509313647,10.837284495056025
269.9731467355419,166.47576736886,20.887477973844796,10.41558874706547
269.75360372426184,166.5069073438974,21.259826550586126,10.769780555231137
266.5708514494808,166.76531876271682,21.292033044513516,11.006898438265466
266.19208423628515,166.90060812961107,21.442223368795908,11.206736952332363
266.53919198832915,166.99647192001837,21.143377050067045,11.206736952332363
269.89642925473254,166.56910750358912,21.157201637320327,11.157721301433526
269.92272558045534,166.47790181047984,20.933469564064012,10.863025408523185
269.6569707737381,166.20596069943372,21.071411852836775,11.014601650346492
287.9808574229831,164.15326370751453,19.72385703610496,10.683755894556867
288.0958548942754,164.13202098265523,19.577843943472203,10.646016522256758
287.94102386194356,164.01969583059335,19.86835490760268,11.16568705551228
311.9044844621679,160.3716999929751,22.413473904664727,10.98260221328573
312.1371763561099,160.3487070179227,22.13284492155981,11.425056522008873
311.97337101094945,160.401048066052,22.28445831353747,11.367780354274174
332.2153492568249,158.74642407397656,22.102881281609257,7.762321402469922
332.37786040894116,158.7202148463998,21.562694481520055,8.661165984208878
332.2790954460554,158.57321793359128,21.81154606087938,8.62547503316594
357.5499655064628,157.29628132054677,16.69078861540254,7.668740715184953
356.8965517241379,158.13793103448276,16.92469743132517,6.913935524327485
358.08100700552376,157.96817368585866,16.062989631676373,7.770004286950467
358.08031691896406,157.8559152960567,16.061229372102105,7.33661094775033
368.39080459770116,157.5632183908046,18.302014501927715,9.34491443717451
368.39080459770116,158.71264367816093,17.555218893171514,7.7037218358572375
368.39080459770116,156.98850574712642,17.985967426862544,8.568087191100005
371.8390804597701,159.28735632183907,21.2214142521496,9.651683835653387
371.264367816092,158.71264367816093,22.015798851324007,9.319233870400382
372.0472593031354,158.73063809468488,21.245012188644807,9.042748777730878
348.2143017066042,158.95898623437154,14.023935532691269,9.2529059184767
347.68598922840687,159.59489191376716,14.381239020005694,8.715902436367088
348.11864161250605,158.99046057824836,13.780931374828356,9.319478771466663
310.91954022988506,158.71264367816093,20.761612959691718,9.075414608216818
310.3448275862069,159.28735632183907,21.518051522986184,8.27154625139653
310.91954022988506,159.28735632183907,21.00731538987816,9.411499368994328
291.95402298850576,158.13793103448276,21.06226223175821,8.305663408210734
293.1034482758621,158.13793103448276,20.18836642864079,8.08193662604296
291.95402298850576,158.13793103448276,21.779063590059707,9.124130895077144
258.04597701149424,157.5632183908046,21.726091598018172,8.688754210433814
259.1954022988506,158.13793103448276,21.195846580089494,8.203208839364265
258.62068965517244,158.71264367816093,21.31325296864054,8.099843823666333
248.57159444495176,157.13014436049468,21.576622203475722,10.656746332204477
248.2036670712908,157.587591936803,21.765938942887146,9.532528004184144
249.52855596526862,157.91781964874488,20.52268197546377,9.121191989095024
262.00137773337406,157.85591648948636,20.182530312602978,10.052129487525121
262.0689655172414,158.13793103448276,19.844603188727604,7.782217748583349
262.0689655172414,158.71264367816093,20.191873762841055,7.993669549584752
262.64367816091954,157.5632183908046,19.5109521545686,8.909982007930864
270.6896551724138,158.13793103448276,19.664295885829233,8.429091724435153
268.9655172413793,158.13793103448276,21.36396252740684,9.364959138927645
267.81609195402297,158.71264367816093,22.76974017575901,8.297384806961759
277.0346820809249,158.83236994219652,19.910893717600175,7.9007008428489485
274.7225433526012,158.83236994219652,21.836366243945974,8.272959297815419
276.4566473988439,158.83236994219652,20.266690659689175,8.15489102226212
282.2369942196532,158.83236994219652,21.93986530675687,8.383679586266169
282.8150289017341,158.83236994219652,21.592815137197647,7.903147592749235
281.65895953757223,157.67630057803467,22.866299245675975,9.38951604640556
287.4393063583815,158.2543352601156,22.985071697841818,8.907671914504277
289.1734104046243,158.83236994219652,20.90822467166879,8.71842880556801
287.9803083473153,157.19490314125358,22.75091103563682,9.838231799194318
295.31550810476614,158.71246057186056,20.66135304454525,8.433205324304197
294.99443724609733,158.19371358634606,21.125197874141634,8.38024378478346
295.3184352189833,158.0810071226342,20.674461661596354,7.951716023690921
299.6111542493982,158.62758359086132,21.765938942887146,9.691403470920534
300.1328837359881,158.35879456743737,20.963614971548736,10.264942503310095
299.56955964895434,159.1561769730936,21.39734493647734,8.963752608524288
301.45557739083495,158.60706180751774,20.776021049775693,10.126127906613362
301.3133550206981,158.45169398315443,20.97156160920514,10.326905337866151
301.36652820136777,159.13119901123855,21.108191626524956,9.831212538381493
301.2080841036021,158.7725302548957,19.99784496907506,8.683274789203637
301.139652936143,158.30830453404957,20.177184275523132,8.579275203765718
301.4886769336675,159.32275015211627,20.240731696667808,7.951716023690892
300.9701140183412,158.67446184197422,20.674461661596354,8.674599298571906
276.7299214147469,158.07264032381448,20.196757468058934,8.866869132318556
276.55590011971196,158.18135799469783,20.524104047208596,9.2095338673372
276.8874171944954,158.36098381275337,19.859433342050295,8.10264880355652
251.37904684697918,156.5668491286026,19.859433342050295,9.055901603974945
251.02201876481539,157.1252175164516,20.129409738608416,8.02545094153669
251.13382688078278,157.1991002206646,20.018308808786713,7.149396003138122
254.832905572072,155.429740921701,21.191135783818794,10.775153788382454
252.7482965409886,155.63467890233784,22.366010820676053,10.656746332204477
254.59709071434386,155.3361447586817,20.264473164553493,11.003826825913478
261.9898498454379,154.82658089464286,21.353960969099376,9.36959511909464
262.3401666210768,154.29189486615718,20.812686142468692,10.009154404393342
263.0556403233927,154.727005689407,20.260974508141828,9.472663406403967
273.8956180679314,153.37247119576364,20.129409738608445,8.81483955873702
273.6397693678308,153.228057062868,20.24073169666775,9.108329263500508
273.974368116804,153.03707497257813,20.046575603644328,9.151697558185447
275.63387230830017,152.91412336367506,22.409381521310763,8.963752608524288
275.97887005939094,152.37775599462216,22.007653651826956,8.389056095003326
276.2108085162902,151.58317854065245,21.83975174254249,10.262052023604298
283.8370429343995,149.37863486884692,23.023834668343,9.341098636870584
283.98193786367983,149.8197785713465,23.045670408154535,9.078597433515426
283.89020086700333,149.4189890683012,23.13226479619175,9.975789193357684
288.5261767338317,150.11499614779558,23.35469361025116,8.897026137238527
289.11508274381725,149.09582697700836,22.698534831263146,9.975789193357684
289.1246485299581,149.63672991106358,22.521905171605567,9.776951082247365
288.69291033468295,150.01360896287272,23.10671867953124,9.937086271508264
292.75929187309816,149.39130160138768,21.47437469850763,8.729420609149457
294.1437432273343,149.31481341019057,20.450522911437645,8.854865590519381
293.110849175109,149.2037854596503,21.686498246429778,8.674599298571906
287.13787831105736,150.70125640676298,21.191135783818822,8.500399099723921
287.0796713305493,150.6182972428552,21.83975174254249,9.2095338673372
286.50867555230684,150.4821127174658,21.83107490140594,9.39748257345289
280.08526440850557,152.1419456878386,19.603150660474853,8.42014525013687
279.8759768344229,152.021242678979,20.02894633848308,9.112268379219756
280.05985713981005,152.1910179803879,19.938725859480883,9.112268379219756
236.57749777606267,151.1641473055935,20.963614971548736,8.240869333643303
236.6059309544742,151.60937749234407,20.529885006620162,7.6625627137385095
236.47431719376374,151.68425019313403,20.674461661596354,8.674599298571906
216.72956552262187,149.75598656654583,20.91223786078166,9.592769660909028
216.98274367348924,149.8506589815325,19.8741725430165,9.697638409544197
217.00358915884564,149.87762168923967,19.86628019954165,9.341098636870584
221.7109411985661,147.98063792332957,21.448188009414338,11.915660005230194
221.66677268024048,147.37137955856056,21.313492664408926,12.23552356660511
221.77271694901424,147.38824662132626,21.117542322578686,12.78949746297019
224.84661917286041,146.34855718276123,21.67456899011205,12.889800497907544
224.96521450179083,146.46282661752966,21.712402669693574,12.78949746297019
225.06988354957915,146.57168720099725,21.833355918526564,12.721087539306808
227.0392384041848,144.68587256069745,21.313492664408926,13.288041722872237
226.4505138742834,145.04281201817204,21.83975174254249,13.156476953338853
227.745148917626,144.88060586136606,20.392539277675212,13.288041722872237
226.98940119781923,145.16165456179448,21.181927894875543,12.63021787520529
228.03844590554897,144.8162599230152,21.55030757676488,11.493497374274597
227.42002454461206,144.6359179708934,22.14892723167503,11.97239309820273
227.92784450016998,144.88551541648485,21.64896311069063,11.173658379711298
229.28515683645708,145.15568543015843,20.65566881674198,11.051440640804628
229.1679165242893,145.25172046999853,20.951687921854756,11.493497374274597
228.8623994296509,145.0813295460196,21.292033044513516,11.367780354274174
228.81028854485055,143.98936014379944,23.018445943036028,14.479345028683952
229.60597492680967,146.14646153714762,21.62313888011724,10.607577563831086
230.13230111242373,145.0431479747456,21.21668571376449,12.293780507041106
229.79304058625675,145.97080195597863,21.382253523515686,12.721087539306808
229.66721849365518,145.78706396151617,21.313492664408926,12.23552356660511
229.42859137584338,146.20413912276132,21.29594864721804,12.470600559181747
229.22835716723498,146.14852476996327,21.743135439524394,12.721087539306808
229.16951266115552,146.3060494830188,21.514115887321964,12.1946371158553
229.0642278922414,146.62491151942828,21.789756090917763,11.984365850004764
229.64021479567873,148.1255062456136,20.591319505917284,11.984365850004764
229.6553659977738,148.47909378611695,20.524104047208596,11.709264488471575
229.4176010380445,149.04631156061774,21.125197874141662,10.64989314316233
229.99657020313484,153.31516359444623,20.026965019534714,10.70748624806808
229.92432507327305,153.17567064528558,20.260974508141828,11.314570179871396
229.99935884216998,153.30657160725485,20.20938729648742,11.006898438265466
229.93027540244552,160.71139623344047,20.392539277675212,9.604228175937351
229.85417875248717,160.77064169452856,20.336059742259494,9.532528004184144
229.8331339822598,160.4916720738473,20.385308351643943,9.686635883405273
229.85704821900208,160.25414549780007,20.423538584277992,9.815195727395718
229.91623400428696,168.8805767823306,20.935663229085492,9.031070412546683
228.2078188851454,168.64208543171435,22.34731675942257,13.094130913724172
229.34494221681868,168.53979558739348,21.55030757676488,13.049908477040958
229.24954512550917,178.07109335863035,21.680807310463166,13.182802435005243
229.4778095013991,177.63771296134735,20.950609461958663,13.094130913724172
229.50381901457035,177.76354184643372,21.28931254267792,12.710037338912201
229.5208717057432,186.8945910967676,21.31085971480084,12.451288822130834
229.31712403046694,186.9135021902217,21.252768281501147,12.28901567297686
229.17273032409332,186.53485077876994,21.44818800941431,12.710037338912201
229.51938065846866,193.64950861347782,20.674461661596354,10.264942503310095
229.35410346329152,194.05145243800837,20.59251612890867,10.056810202490283
228.78445424324758,193.98735420401428,21.31085971480084,9.937086271508264
229.03655571376024,199.29484582491946,20.71224005989069,11.014601650346492
229.0334211818873,199.49960515538257,20.71224005989069,11.613221305256644
229.14950777496037,199.2231818613888,20.787233586275363,11.44613494940478
227.97216324326595,202.5834094780091,21.7410696875248,10.758467474239069
227.8438387224804,202.743835997776,22.413474751138608,10.673083214827898
227.96287617857107,202.9894111405964,21.83107490140594,10.120365848333876
227.42879965270043,204.2508469244017,21.789756090917763,12.420160971823123
227.17327967354927,204.30025063214654,21.9981399350566,12.919542501541173
227.38824054659028,203.87376674527084,21.670031507746927,13.409080269987044
226.9879002903323,205.26554027958372,21.313492664408926,12.103958797071726
226.67098007609826,205.19713468414878,21.97565155638216,13.156475602834035
226.79405346632336,205.4615171290698,21.514115887321964,12.39292389822694
226.7873935691352,205.5255596597898,21.516934948478138,11.87914116947232
227.22524915654466,206.13592531291525,21.712402669693574,11.500633377554578
226.9806183352259,205.83334164055057,22.284458313537442,11.548221312278514
227.1698702123418,206.19449027093322,21.89870487137236,10.241185362731358
229.61209033715107,207.01545207365473,21.43058364578286,10.655429857400406
229.34047592226352,206.89615302364334,21.712402669693574,11.302346595182968
229.40813787115562,207.04955427907416,21.680807310463166,11.33067316727724
233.62342189924766,207.43239870626138,21.680807310463166,10.676980484549688
233.794340860113,207.5764597602766,21.348086810295314,11.081968630822104
233.91890601008396,207.55735087352963,20.91223786078166,11.703178986309013
239.46058305405654,207.84359011676145,20.771461948857393,10.673083214827898
239.25150619707372,207.5355984957399,21.292033044513545,11.458000833276344
239.35235198625216,207.85001528625205,21.008149122233277,11.353918781271716
245.858197396018,207.87408107810333,21.191135783818822,10.894877719364473
245.80687930095178,207.66535708213954,21.315829104950296,11.401489986368773
245.80325207688838,207.80673623820195,21.428267069769845,10.590982574713848
254.2476961337707,206.7733196022508,20.66048969149827,12.17976466529376
254.21310823122667,206.89607123051118,20.591319505917284,11.984365850004764
254.50252576103154,206.55473090307203,20.482370725462687,11.657519508641002
263.30912858074026,206.1619707894539,20.48004873349396,9.473150295228464
262.6716477930603,206.17313410701516,21.292033044513516,9.473150295228464
262.8370112331869,205.7731786486007,20.524104047208596,9.735792945470735
272.0611397723111,205.95893495868268,20.700268286371852,11.875417069550167
272.3971517685107,205.89818525935036,20.525160028515188,11.82249217642476
272.05501203210883,205.65687063649972,20.918798355808747,12.498653105671906
272.1878200421299,205.3965478457563,20.621825366649603,12.39292389822694
279.14742102971564,205.9793385546646,19.93762682318976,9.260646338640043
278.95842513459013,205.72080521642363,20.336059742259522,10.009154404393342
278.6159765230121,205.9475655401277,20.52988500662019,9.686635883405302
280.7652537541323,206.80561208084106,20.65566881674198,9.077969097803816
280.9017905616158,206.49645016757003,20.951687921854727,10.29625806445435
281.16404141823875,206.62344416288354,20.65566881674198,10.130487254070914
288.6720348564056,206.5130819740077,20.75071017050044,9.653591253232833
288.8272745370939,206.82376218465726,20.52988500662019,9.2529059184767
288.5144606338886,206.88359023764525,20.5925161289087,8.859570892670007
287.9818751821969,206.6459475145447,20.812686142468692,8.738150670502137
288.29324496739576,206.98266656823947,20.392539277675212,8.288580480603486
287.97241103219244,206.65650797132807,21.05036312534213,8.551710019670253
269.2694382156144,206.44742424145613,20.720968757835408,8.328044859608497
268.9864833420173,206.23981584131548,21.313492664408955,8.683274789203637
269.17370273562807,206.78824401297436,21.071411852836775,8.260951237759883
247.7011877575129,206.74204121755272,20.97156160920514,8.420399737029328
247.46156141096617,206.80063165689504,21.550307576764908,8.979294823652026
247.43126869037332,206.6591199950121,21.550307576764908,8.979294823652026
227.34241198485188,205.52711845468133,20.831963990872737,9.817362340526216
227.13818875612606,205.85158165955482,21.027114627735642,9.478543899549237
227.26471545808616,205.84492318103207,20.918798355808775,9.2095338673372
228.1716032251716,206.10021887072932,20.653810675732302,9.532528004184144
228.0549159143002,205.98937275954157,20.82011214902124,9.716052336209913
228.14010350623604,205.44499465070118,20.674461661596354,9.831212538381493
227.94047520873642,205.43202896138104,20.787233586275363,9.604228175937351
239.9366303598624,205.07677224460244,21.252768281501147,9.686635883405302
240.48604055097283,205.15646234891352,20.912237860781687,10.552046626999925
239.82400286020487,205.14697274121255,21.871514826872556,11.319468199872631
249.16960128177882,204.61143149430075,20.591319505917255,9.042748777730878
248.7644059488531,204.5915101963232,21.13043707594153,8.579275203765718
249.25550516566742,204.3384246477255,20.674461661596382,8.674599298571906
253.94855237882615,203.7768638955215,21.264065789541746,8.784768492204506
254.16858364995906,203.6771766108348,20.993953890702613,9.413659039959185
254.74950092102208,203.9270120309999,20.37342194500812,9.151697558185447
258.02216899730956,202.76735484037752,20.980091990710036,8.85826106274422
257.7408052970935,202.4019573074534,21.34468812997767,9.094693203207868
258.2184591204226,202.84001122223924,20.71224005989069,9.577914478562178
258.57702485693943,202.7096297701399,20.522681975463797,8.922905206723385
258.2067827708721,202.6301142110033,21.125197874141634,8.729420609149457
258.534625415372,202.32122383818202,20.353068266944604,9.697638409544197
258.6358038724987,203.29372710249183,20.20938729648742,9.022047900217586
258.88742330896,203.379080350765,20.169183566297704,8.970955880715252
258.5498930140446,202.77072463182424,20.38530835164397,10.554095813262478
259.16782324793434,202.63127428501448,20.935663229085492,12.068794096766936
259.27787022771884,202.91604556160223,20.91924231102041,11.729718010107888
258.9230079931959,202.7562675250489,21.181965149427697,12.068794096766936
259.8443465308579,203.7376166655703,21.29978628632466,12.221188852809235
260.1433033770548,204.1838452051231,21.01839893139288,11.401489986368773
259.9843867868777,203.77739479565733,21.00007893327256,12.498706496478576
259.9227687830998,203.89221009962614,21.212111735070494,12.441719383070193
260.78626863826275,206.08175015316897,21.41557679910187,11.373823084690457
261.3664429683129,206.13845671459387,20.935663229085492,11.329888335740378
261.0187653861419,205.91460588109067,21.506783250697367,11.597898821056702
264.5231555185032,206.86554086414213,20.771461948857393,10.919385135170074
264.9245909930866,206.8309838235819,20.225251801906325,11.401489986368773
264.6435829130504,207.241237498919,20.321549673562686,10.9078906336035
269.8881688253494,208.60755096618516,21.218088629749275,11.729718010107888
270.3308443086969,208.78503415842113,20.809729347656287,11.698233752021991
270.6684214097029,208.86026842382682,20.328273746109232,11.421906318884112
279.5623315332978,210.10798361093197,20.4785268725293,12.435600910508725
279.2017356842973,209.8374116477348,21.168980372414183,13.005410813903381
279.0454897972711,210.03060711664693,21.41607434790774,11.897819082170969
289.8676788405222,211.75755059777134,22.194237834535272,12.17976466529376
290.3620473366447,211.8216711263517,21.315829104950296,11.599776768740412
290.1879095326044,211.62060400796406,21.652914960522253,11.909103228287222
304.3955798287842,212.84918840808328,21.666358107842598,10.9078906336035
304.5314010583842,212.90905782819613,21.280099272682946,11.28593124365932
304.87573205292165,212.69438732990372,20.84093064950264,11.548221312278514
317.28963493596,214.53396141267302,20.844530731338182,12.103275908518953
316.8209632715525,214.4872000396112,21.13606340819024,12.638058532732288
316.7468969313766,214.5636175900386,21.61325927850777,12.888640854155994
330.74224523177054,215.76102722479138,20.853562588971442,11.658290896196633
330.8966056548983,215.58311674877825,20.5702692124961,11.999323707289392
330.5792221863978,215.47713908896606,20.700268286371852,11.548570728186405
330.7897248564955,215.6940799836879,20.689361308743344,11.904592816538809
339.9271306518556,216.8901902778466,20.75071017050044,11.638441791280684
339.86556642225946,216.79924606909032,21.01776386919954,12.232995376995063
339.8784322987634,216.7545377195856,20.94016158462091,12.101781695008185
352.81606390955284,216.92225207850163,21.833355918526593,11.909103228287222
352.7972794364157,216.9676880895584,21.920870910454255,11.986693456652887
353.0723597532007,217.11067379656026,21.833355918526593,12.17976466529376
357.94499707583174,216.8988947666069,21.353960969099376,9.478543899549237
358.09217854716917,216.62638814882578,20.853562588971442,10.344680654371672
357.8843390372772,217.06894888414266,21.181965149427697,9.523674253231064
347.9333236831367,217.70208274176798,20.44305938840114,8.045862731177948
347.81246809219977,217.74117048390156,20.66821143417127,8.226492051101076
347.8820232858924,217.57265118388125,20.423538584277992,8.030614686051052
334.6017962816426,217.5405573046648,20.12610841072052,7.931471294865247
334.60990247639893,217.39487098574415,20.196757468058934,7.963762091063899
334.80912329836633,217.21427956133311,20.12610841072052,8.328044859608497
322.1068092662957,217.41309433837503,20.935663229085492,7.142755689923291
322.35107768642666,217.6495120230292,20.524104047208596,7.104497554802975
322.1729277899659,217.08885710425525,20.524104047208596,7.104497554802975
313.86239878475794,217.73305478493805,20.392539277675212,7.630756632936539
313.87428731596106,217.2203571477327,21.071411852836775,8.260951237759883
313.9375484161716,217.7474299219677,20.720968757835408,7.534897730121969
308.21121399031784,217.32277842032082,21.833355918526593,7.758961194187123
308.25109683945533,217.40026027878366,21.67456899011205,7.389057610265468
308.22108680585075,217.44532344682088,21.428267069769845,6.978554409695164
308.06934403687825,217.3666285502847,21.743135439524394,7.8491816731892925
305.7354512414751,216.34123454759975,20.113620404980566,6.824264065975541
304.53101003366146,216.151073142676,22.404359481002984,7.8924448171715085
305.7537295079208,216.05270734235026,20.563059119857826,7.054377300297318
307.7815663253442,215.10548538846038,20.026965019534714,6.444320427077997
307.4797697823166,215.16920436486265,20.392539277675212,6.841368015736208
307.4255784468012,215.15590350189728,20.38077365641999,7.037559964233424
319.0532060358248,213.02654002924294,20.233344335962613,6.943987996957588
319.84018010090034,212.98111440406473,18.747305074895507,6.672769602928895
319.61868548269734,212.71969890411955,19.134674498862353,7.039180774192886
337.49623710569637,211.25818720969738,20.246838093880456,6.5746190120349866
337.542909652706,211.2544547621179,20.02894633848308,6.405654009154489
337.2715322266449,211.2271749690828,20.324395193092187,6.246033644706358
356.7132651297889,207.89760906449513,21.111592086509177,6.405654009154489
357.4595923035291,207.77809928180213,20.39626128372163,6.798753761240562
356.6148613401681,208.020588310093,21.6489631106906,5.586829189855649
369.7172777593484,207.599817500538,20.951687921854784,6.105920480083398
369.93195644497894,206.39918054382824,22.638936399745262,7.866071121945396
369.1592369003425,207.14449586849213,24.17377954549073,7.290504942290852
380.9467338397047,204.82672464931727,19.211196797792354,7.257563234721545
381.7132047944758,205.02881257337648,17.076619375815426,7.257563234721545
381.63472626214667,204.2656420911196,19.07483935892043,8.248579182235858
388.03821510359955,203.96657242606787,21.986147446362338,7.897936461314629
387.77695835447696,203.95895511661692,22.626520672955394,7.684478719116925
388.26136526287985,202.7270137816267,22.5760968391412,9.577738052968982
389.0134724039856,204.00857935236107,24.279566130378782,7.470635732424228
377.4106028281338,202.02026715605277,25.936583174675377,10.149097764003415
375.8784291030287,203.12601551014677,28.901917717780577,8.885545183494855
376.46621173796507,202.75571903698176,28.706202055138363,9.405200503248125
364.89851756167513,203.50516342046166,25.906080139474284,10.379894050802704
365.61187318551316,202.78702633658682,26.342149802992594,11.09803113467754
365.60194847712035,203.0132579177234,25.77736186770727,10.297086909862827
329.452341739635,198.1649694207841,19.972945616686843,10.547674257376826
328.37088614230316,199.4531979885401,21.629113857696836,9.259445689620833
327.12592719275744,198.71850833514222,21.925929823869012,10.962964911934506
305.74814561448517,198.71850833514222,23.57037456065916,8.222223683950887
309.1954022988506,197.79310344827587,19.574969630697012,9.695776816413968
307.4712643678161,200.09195402298852,20.75095931613481,7.396926241701323
313.2183908045977,197.2183908045977,21.581611826513893,9.722341214495401
310.3448275862069,197.2183908045977,23.563218390804593,8.045977011494244
312.0689655172414,196.64367816091954,23.827333605063643,8.652609121383392
313.970369298436,197.07406359835204,24.66667105185263,8.770371929547593
313.970369298436,194.88147061596516,25.214819297449367,9.318520175144329
316.6666666666667,195.49425287356323,22.518521929218707,10.898330899933143
321.264367816092,196.64367816091954,26.436781609195407,8.045977011494273
321.264367816092,196.06896551724137,26.143044463744275,8.679173519464825
320.1346965086764,195.08389956092506,27.675600653474646,9.08751066233495
326.86316401566955,194.23914314787717,22.72318368612372,9.027018176679292
327.17197882810996,194.64645280386583,22.929443096452133,9.39731274444759
325.14674824993836,196.0183107720234,23.456897049483246,8.248579182235858
323.53857788289196,196.08726076669691,27.064260704009087,7.517850195558083
325.77195159697976,194.45377551727321,26.255302290316195,9.605598398896177
326.4669253918119,194.9595832373632,24.808905645341667,9.021420234669705
329.4440258473054,195.49632780782812,24.120724868339266,8.324851945710009
331.36257606323204,195.87936084489272,21.58034255978987,7.271637166885711
329.6519908335154,196.2386646627844,22.04948044152445,7.271637166885711
328.9096660759213,195.57002410204007,24.160600909329958,7.9753439894875555
331.79657221726427,194.6472844215533,22.04948044152445,9.851895516425799
330.7572729522107,195.80315227570517,22.72684450195868,8.546847505010106
331.6376282749132,195.97616168402288,23.053436157350802,7.897936461314629
331.3015570876701,196.86211441472764,22.918158912461536,8.209489759687699
328.735632183908,197.2183908045977,26.345855534282407,6.981599986511782
329.63583815028903,197.56069364161849,24.349353076707928,7.735593640684442
331.3699421965318,196.9826589595376,25.904138504045534,7.765480077168604
329.3103448275862,196.64367816091954,28.071158062587187,9.00950102983191
328.4797687861272,196.9826589595376,28.2461636688534,7.217331831571897
330.45977011494256,197.2183908045977,26.814310585634757,8.077896477705224
329.63583815028903,197.56069364161849,25.4456495679014,6.639297149490972
331.94797687861274,196.40462427745666,26.422400313157993,8.891663004846265
333.78838712451653,197.01436500176197,23.22232514586085,9.148188693823954
328.7703719295476,195.9777671071586,26.31111578864278,8.770371929547593
329.86666842074106,197.07406359835204,28.50370877102972,7.125927192757416
331.94797687861274,198.1387283236994,24.777955576367845,8.253855449796987
331.94797687861274,197.56069364161849,24.777955576367845,8.831890131877884
331.94797687861274,196.40462427745666,24.777955576367845,9.439811250443
330.9629649119345,198.71850833514222,24.66667105185263,8.222223683950887
331.5111131575312,198.71850833514222,25.214819297449367,8.770371929547593
332.6074096487247,199.26665658073895,24.66667105185263,7.125927192757416
332.05926140312795,197.07406359835204,23.57037456065916,10.41481666633777
332.6074096487247,197.07406359835204,24.66667105185263,8.770371929547593
332.6074096487247,199.26665658073895,25.214819297449367,8.222223683950887
334.80000263111157,198.1703600895455,23.022226315062483,8.222223683950887
330.4148166663378,197.21428414081703,27.271436378792316,8.906347830591528
331.1286533029258,197.10802072972047,25.312593425703767,8.89361390632834
333.10882631106364,197.48133714627022,23.681228116007958,7.893742705335995
331.60919540229884,197.79310344827587,25.23622643520423,7.281566111654598
331.45537694102745,195.3622864513787,26.03715243626823,9.382757634691245
332.68156656024155,196.00872175218032,24.761098094932322,9.178682914500797
331.9351218701009,193.53155947388527,26.89567551690925,11.099802594280021
331.9246464252075,195.25934224761997,25.401471321525435,9.605598398896177
331.88875199102705,194.94044008640958,25.630832229587213,8.838218010202496
331.14413006608487,194.6818245697807,22.979366826526473,8.661453649998435
329.4911694152539,193.76507517490876,23.972433248372965,9.021883480570466
331.60389637614156,193.8319057080295,22.55355058667425,9.39731274444759
333.7216384634275,194.77498268125063,21.34577361892258,8.44448187122211
332.0236095489872,193.87782857381177,22.753187264126268,8.209912930354847
334.6941480072007,194.39933524305962,20.63937867565744,8.050821469228083
334.5306265320776,192.7901841175919,21.132316477571578,8.538309687907713
335.0721411108339,193.24885013808225,20.932135819992993,8.489957185731413
334.94765781643514,193.2487749175679,22.103164397335263,8.343578613563636
335.32857878795085,193.71089085865304,20.63937867565744,8.19720004139586
334.2810283806337,192.82561523331992,22.688678686006426,9.075471474402548
335.0574712643678,194.91954022988506,21.818515620189658,7.213676433763567
336.2068965517241,193.77011494252875,20.66909033283332,8.363101721119875
337.06156765930683,193.91752334502388,19.814419225250617,8.591585828402657
334.8062126006394,193.91752334502388,22.069774283918036,8.215693318624744
335.65573122082344,193.91752334502388,21.220255663734008,7.873631245304409
333.86682130014725,193.91752334502388,23.009165584410198,9.311989809818186
330.02978358097016,193.91752334502388,26.846203303587288,8.215693318624744
333.30264256152776,193.91752334502388,23.573344323029687,7.839800808846832
333.9454208542219,193.91752334502388,20.07756765152527,8.473281252677282
332.0001183760858,193.91752334502388,21.44815748598313,7.323855965320945
331.5509863409796,193.91752334502388,23.0467148084457,7.898568608999113
331.1649486672926,193.91752334502388,23.432752482132685,6.7491433216427765
330.7919075144509,192.9364161849711,23.805793634974407,7.730250481695549
330.7919075144509,193.51445086705203,23.231080991296267,8.30164108697096
329.63583815028903,192.9364161849711,25.536575642814398,9.454388412730054
329.0578034682081,191.78034682080926,26.68932296857355,9.461032489535569
329.63583815028903,192.9364161849711,27.240148734268416,9.196800478677517
330.7919075144509,192.35838150289018,26.084079370106565,9.774835160758442
329.63583815028903,192.9364161849711,27.240148734268416,9.196800478677517
330.7919075144509,192.9364161849711,26.084079370106565,9.196800478677517
333.6820809248555,193.51445086705203,23.193905959701965,8.618765796596591
331.60919540229884,193.77011494252875,25.26679148225861,8.363101721119875
333.3333333333333,193.77011494252875,23.542653551224134,8.363101721119875
332.7586206896552,193.77011494252875,24.117366194902274,8.363101721119875
336.2068965517241,192.6206896551724,21.839080459770116,8.045977011494244
334.24682745332535,192.36502557969573,24.928010005944714,8.618765796596591
332.51936748388806,192.35838150289018,25.930175617243492,8.714507837713825
339.6551724137931,190.89655172413794,22.145307627565614,7.543295071909796
340.44460024730796,192.76809805766757,20.474939982577098,6.7491433216427765
339.95750735690535,191.68566229864447,19.104976248076014,7.719182322454941
342.5287356321839,191.4712643678161,22.45508365140813,7.377036597095298
343.1034482758621,191.4712643678161,21.281090382113803,6.400911476046616
344.2528735632184,190.89655172413794,20.689655172413836,7.471264367816076
344.3264395930733,189.41726309400065,23.391342494805713,9.028237454135535
345.47586488042964,189.9919757376788,23.391342494805713,9.028237454135535
347.17833501648715,190.60778012114676,22.936607512248486,7.185323327129112
356.8965517241379,186.8735632183908,21.240936288180706,9.056301457838288
355.7471264367816,188.02298850574712,21.34274964928096,8.357837100579872
355.2963591286624,187.26511364760273,22.28984776788934,8.229139225960495
363.3593995590349,185.54097571656825,22.34580275310384,9.12954451464563
365.3755265249321,185.77317137513745,20.108347056938214,8.617863024402084
362.0689655172414,185.72413793103448,22.695025239813162,7.915486313930614
370.11494252873564,182.27586206896552,24.42610025640971,8.744236674456744
371.264367816092,181.70114942528735,24.137931034482733,10.34482758620689
372.41379310344826,181.1264367816092,21.104101400525508,9.16933850989733
379.3870709765786,178.6770360955811,24.635917529168523,10.495377697522372
380.4576302262847,178.3519647815918,24.71478356681871,10.245736367833501
380.0225373444057,179.41806205307574,22.999007434992848,9.921140462153772
