231.8917461270264,462.36489799539163,32.370513839684804,18.76551526938249
231.8917461270264,462.36489799539163,32.370513839684804,18.76551526938249
231.8917461270264,462.36489799539163,32.370513839684804,18.76551526938249
232.91793234698739,452.4450978691023,32.37051383968483,18.76551526938249
232.91793234698739,452.4450978691023,32.37051383968483,18.76551526938249
232.91793234698739,452.4450978691023,32.37051383968483,18.76551526938249
232.57587027366705,445.94591847601623,32.37051383968483,18.76551526938249
232.57587027366705,445.94591847601623,32.37051383968483,18.76551526938249
232.57587027366705,445.94591847601623,32.37051383968483,18.76551526938249
232.81043921453434,436.0940229595904,32.37051383968483,18.76551526938249
232.81043921453434,436.0940229595904,32.37051383968483,18.76551526938249
232.81043921453434,436.0940229595904,32.37051383968483,18.76551526938249
233.26436073331942,431.1008862529544,32.37051383968483,18.76551526938249
233.26436073331942,431.1008862529544,32.37051383968483,18.76551526938249
233.26436073331942,431.1008862529544,32.37051383968483,18.76551526938249
231.70797828906436,421.76259158742414,32.37051383968483,18.76551526938249
231.70797828906436,421.76259158742414,32.37051383968483,18.76551526938249
231.70797828906436,421.76259158742414,32.37051383968483,18.76551526938249
231.70797828906436,421.76259158742414,32.37051383968483,18.76551526938249
232.873457494293,419.2373866427621,32.37051383968486,18.76551526938249
232.873457494293,419.2373866427621,32.37051383968486,18.76551526938249
232.873457494293,419.2373866427621,32.37051383968486,18.76551526938249
230.81131269873404,409.95773506274674,32.37051383968489,18.76551526938249
230.81131269873404,409.95773506274674,32.37051383968489,18.76551526938249
230.81131269873404,409.95773506274674,32.37051383968489,18.76551526938249
230.81131269873404,403.45855566966065,32.37051383968489,18.76551526938249
230.81131269873404,403.45855566966065,32.37051383968489,18.76551526938249
230.81131269873404,403.45855566966065,32.37051383968489,18.76551526938249
229.56620674333,395.9879199372364,32.37051383968489,18.76551526938249
229.56620674333,395.9879199372364,32.37051383968489,18.76551526938249
229.56620674333,395.9879199372364,32.37051383968489,18.76551526938249
228.32110078792599,392.8751550487263,32.37051383968489,18.76551526938249
228.32110078792599,392.8751550487263,32.37051383968489,18.76551526938249
228.32110078792599,392.8751550487263,32.37051383968489,18.76551526938249
226.39083393014144,384.02809861721386,32.37051383968489,18.76551526938249
226.39083393014144,384.02809861721386,32.37051383968489,18.76551526938249
226.39083393014144,384.02809861721386,32.37051383968489,18.76551526938249
224.69126406294868,378.92938901563554,32.37051383968492,18.76551526938249
224.69126406294868,378.92938901563554,32.37051383968492,18.76551526938249
224.69126406294868,378.92938901563554,32.37051383968492,18.76551526938249
224.69126406294868,369.83818239432793,32.37051383968492,18.76551526938249
224.69126406294868,369.83818239432793,32.37051383968492,18.76551526938249
224.69126406294868,369.83818239432793,32.37051383968492,18.76551526938249
224.69126406294868,369.83818239432793,32.37051383968492,18.76551526938249
223.10038482111221,366.83318827085907,32.37051383968492,18.76551526938249
223.10038482111221,366.83318827085907,32.37051383968492,18.76551526938249
223.10038482111221,366.83318827085907,32.37051383968492,18.76551526938249
221.69297117590853,355.57387910922955,32.37051383968492,18.76551526938249
222.1060398423783,355.1608104427598,32.37051383968492,18.76551526938249
222.1060398423783,355.1608104427598,32.37051383968492,18.76551526938249
221.84827174293343,353.0986656472008,32.37051383968492,18.76551526938249
221.84827174293343,353.0986656472008,32.37051383968492,18.76551526938249
221.84827174293343,353.0986656472008,32.37051383968492,18.76551526938249
221.52656059996934,343.12562021531403,32.37051383968492,18.76551526938249
221.52656059996934,343.12562021531403,32.37051383968492,18.76551526938249
221.52656059996934,343.12562021531403,32.37051383968492,18.76551526938249
221.3657050284873,339.26508649974494,32.37051383968492,18.76551526938249
221.3657050284873,339.26508649974494,32.37051383968492,18.76551526938249
221.3657050284873,339.26508649974494,32.37051383968492,18.76551526938249
220.5887188916682,333.63193700780647,32.37051383968492,18.76551526938249
220.5887188916682,333.63193700780647,32.37051383968492,18.76551526938249
220.5887188916682,333.63193700780647,32.37051383968492,18.76551526938249
220.39447235746343,327.998787515868,32.37051383968492,18.76551526938249
220.39447235746343,327.998787515868,32.37051383968492,18.76551526938249
220.39447235746343,327.998787515868,32.37051383968492,18.76551526938249
221.07859650410407,322.8678564160632,32.37051383968492,18.76551526938249
221.07859650410407,322.8678564160632,32.37051383968492,18.76551526938249
221.07859650410407,322.8678564160632,32.37051383968492,18.76551526938249
219.42323968643956,321.7828984213152,32.37051383968492,18.76551526938249
219.42323968643956,318.8692004082436,32.37051383968492,18.76551526938249
219.42323968643956,318.8692004082436,32.37051383968492,18.76551526938249
219.42323968643956,318.8692004082436,32.37051383968492,18.76551526938249
219.92513489292878,314.25176450854275,32.37051383968492,18.76551526938249
219.92513489292878,314.25176450854275,32.37051383968492,18.76551526938249
219.92513489292878,314.25176450854275,32.37051383968492,18.76551526938249
220.48472861776918,312.0914067270381,31.994349196933,19.444079622445486
220.93865013655426,311.1835636894679,31.994349196933,19.444079622445486
220.93865013655426,311.1835636894679,31.994349196933,19.444079622445486
220.93865013655426,311.1835636894679,31.994349196933,19.444079622445486
220.93865013655426,311.1835636894679,31.994349196933,19.444079622445486
220.93865013655426,311.1835636894679,31.994349196933,19.444079622445486
220.93865013655426,308.40861304089793,31.994349196933,19.444079622445486
220.93865013655426,308.40861304089793,31.994349196933,19.444079622445486
220.93865013655426,308.40861304089793,31.994349196933,19.444079622445486
220.93865013655426,308.40861304089793,31.994349196933,19.444079622445486
220.93865013655426,308.40861304089793,31.994349196933,19.444079622445486
220.93865013655426,308.40861304089793,31.994349196933,19.444079622445486
220.93865013655426,308.40861304089793,31.994349196933,19.444079622445486
220.93865013655426,308.40861304089793,31.994349196933,19.444079622445486
220.93865013655426,308.40861304089793,31.994349196933,19.444079622445486
217.65468496441233,307.23576833656153,31.994349196933,19.444079622445486
217.65468496441233,307.23576833656153,31.994349196933,19.444079622445486
217.65468496441233,307.23576833656153,31.994349196933,19.444079622445486
217.65468496441233,307.23576833656153,31.994349196933,19.444079622445486
217.65468496441233,307.23576833656153,31.994349196933,19.444079622445486
217.65468496441233,307.23576833656153,31.994349196933,19.444079622445486
217.65468496441233,307.23576833656153,31.994349196933,19.444079622445486
215.5179730881598,305.48754952871855,31.994349196933,19.444079622445486
215.5179730881598,305.48754952871855,31.994349196933,19.444079622445486
215.5179730881598,305.48754952871855,31.994349196933,19.444079622445486
214.23722663497364,304.2068030755324,31.994349196933,19.444079622445486
214.23722663497364,304.2068030755324,31.994349196933,19.444079622445486
214.23722663497364,304.2068030755324,31.994349196933,19.444079622445486
214.23722663497364,304.2068030755324,31.994349196933,19.444079622445486
212.69061803830442,302.1446582799734,31.994349196933,19.444079622445486
212.69061803830442,302.1446582799734,31.994349196933,19.444079622445486
212.69061803830442,302.1446582799734,31.994349196933,19.444079622445486
212.69061803830442,302.1446582799734,31.994349196933,19.444079622445486
212.69061803830442,302.1446582799734,31.994349196933,19.444079622445486
212.69061803830442,298.8424671984922,31.994349196933,19.444079622445486
212.69061803830442,298.8424671984922,31.994349196933,19.444079622445486
212.69061803830442,298.8424671984922,31.994349196933,19.444079622445486
212.69061803830442,298.8424671984922,31.994349196933,19.444079622445486
212.69061803830442,298.8424671984922,31.994349196933,19.444079622445486
212.69061803830442,298.8424671984922,31.994349196933,19.444079622445486
211.71938536728055,296.9000018564445,31.994349196933,19.444079622445486
212.4230921898824,295.4925882112408,31.994349196933,19.444079622445486
212.4230921898824,295.4925882112408,31.994349196933,19.444079622445486
212.4230921898824,295.4925882112408,31.994349196933,19.444079622445486
212.4230921898824,295.4925882112408,31.994349196933,19.444079622445486
212.4230921898824,295.4925882112408,31.994349196933,19.444079622445486
212.4230921898824,295.4925882112408,31.994349196933,19.444079622445486
212.56947076205017,293.5896667730596,31.994349196933,19.444079622445486
212.56947076205017,292.0430581763904,31.994349196933,19.444079622445486
212.56947076205017,292.0430581763904,31.994349196933,19.444079622445486
212.56947076205017,292.0430581763904,31.994349196933,19.444079622445486
212.56947076205017,292.0430581763904,31.994349196933,19.444079622445486
212.56947076205017,292.0430581763904,31.994349196933,19.444079622445486
212.56947076205017,292.0430581763904,31.994349196933,19.444079622445486
212.24775961908608,288.66509117526743,31.994349196933,19.444079622445486
212.24775961908608,288.66509117526743,31.994349196933,19.444079622445486
212.24775961908608,288.66509117526743,31.994349196933,19.444079622445486
208.9455685376049,286.1398862306054,31.994349196933,19.444079622445486
208.9455685376049,286.1398862306054,31.994349196933,19.444079622445486
208.9455685376049,286.1398862306054,31.994349196933,19.444079622445486
208.9455685376049,286.1398862306054,31.994349196933,19.444079622445486
208.9455685376049,286.1398862306054,31.994349196933,19.444079622445486
208.9455685376049,286.1398862306054,31.994349196933,19.444079622445486
208.9455685376049,286.1398862306054,31.994349196933,19.444079622445486
208.9455685376049,286.1398862306054,31.994349196933,19.444079622445486
208.9455685376049,286.1398862306054,31.994349196933,19.444079622445486
208.9455685376049,282.78890093782206,31.994349196933,19.444079622445486
208.9455685376049,282.78890093782206,31.994349196933,19.444079622445486
208.9455685376049,282.78890093782206,31.994349196933,19.444079622445486
208.9455685376049,282.78890093782206,31.994349196933,19.444079622445486
208.9455685376049,282.78890093782206,31.994349196933,19.444079622445486
208.9455685376049,282.78890093782206,31.994349196933,19.444079622445486
208.47643065587036,281.1469183517511,31.994349196933,19.444079622445486
208.47643065587036,281.1469183517511,31.994349196933,19.444079622445486
208.47643065587036,281.1469183517511,31.994349196933,19.444079622445486
208.47643065587036,281.1469183517511,31.994349196933,19.444079622445486
208.47643065587036,281.1469183517511,31.994349196933,19.444079622445486
208.47643065587036,281.1469183517511,31.994349196933,19.444079622445486
206.33971877961784,277.2619876676556,31.994349196933,19.444079622445486
206.33971877961784,277.2619876676556,31.994349196933,19.444079622445486
206.33971877961784,277.2619876676556,31.994349196933,19.444079622445486
206.33971877961784,277.2619876676556,31.994349196933,19.444079622445486
206.33971877961784,277.2619876676556,31.994349196933,19.444079622445486
206.33971877961784,277.2619876676556,31.994349196933,19.444079622445486
206.33971877961784,277.2619876676556,31.994349196933,19.444079622445486
206.33971877961784,277.2619876676556,31.994349196933,19.444079622445486
206.33971877961784,277.2619876676556,31.994349196933,19.444079622445486
206.33971877961784,276.0891429633192,31.994349196933,19.444079622445486
206.33971877961784,276.0891429633192,31.994349196933,19.444079622445486
206.33971877961784,276.0891429633192,31.994349196933,19.444079622445486
206.33971877961784,276.0891429633192,31.994349196933,19.444079622445486
206.33971877961784,276.0891429633192,31.994349196933,19.444079622445486
206.33971877961784,276.0891429633192,31.994349196933,19.444079622445486
206.33971877961784,276.0891429633192,31.994349196933,19.444079622445486
205.6555946329772,271.3002739368347,31.994349196933,19.444079622445486
205.6555946329772,271.3002739368347,31.994349196933,19.444079622445486
205.6555946329772,271.3002739368347,31.994349196933,19.444079622445486
205.6555946329772,271.3002739368347,31.994349196933,19.444079622445486
205.6555946329772,271.3002739368347,31.994349196933,19.444079622445486
207.07190285563786,270.16722735870616,31.994349196933,19.444079622445486
207.07190285563786,270.16722735870616,31.994349196933,19.444079622445486
207.07190285563786,270.16722735870616,31.994349196933,19.444079622445486
207.07190285563786,270.16722735870616,31.994349196933,19.444079622445486
207.07190285563786,270.16722735870616,31.994349196933,19.444079622445486
207.07190285563786,270.16722735870616,31.994349196933,19.444079622445486
208.00573232219088,269.8559508698551,31.994349196933,19.444079622445486
208.00573232219088,269.8559508698551,31.994349196933,19.444079622445486
208.00573232219088,269.8559508698551,31.994349196933,19.444079622445486
208.00573232219088,269.8559508698551,31.994349196933,19.444079622445486
209.2508382775949,268.29956842560006,31.994349196933,19.444079622445486
209.62673078737282,267.9236759158222,31.994349196933,19.444079622445486
209.93800727622383,266.9898464492691,31.994349196933,19.444079622445486
210.71131157455844,266.2165421509345,31.994349196933,19.444079622445486
210.71131157455844,266.2165421509345,31.994349196933,19.444079622445486
210.71131157455844,266.2165421509345,31.994349196933,19.444079622445486
210.71131157455844,266.2165421509345,31.994349196933,19.444079622445486
210.71131157455844,266.2165421509345,31.994349196933,19.444079622445486
210.71131157455844,266.2165421509345,31.994349196933,19.444079622445486
210.71131157455844,266.2165421509345,31.994349196933,19.444079622445486
210.71131157455844,266.2165421509345,31.994349196933,19.444079622445486
210.71131157455844,266.2165421509345,31.994349196933,19.444079622445486
210.71131157455844,266.2165421509345,31.994349196933,19.444079622445486
211.22684777344818,264.4121654548204,31.994349196933,19.444079622445486
213.2792202133701,264.4121654548204,31.994349196933,19.444079622445486
213.2792202133701,264.4121654548204,31.994349196933,19.444079622445486
213.2792202133701,264.4121654548204,31.994349196933,19.444079622445486
214.4303525726792,263.8365992751659,31.994349196933,19.444079622445486
215.00591875233374,264.4121654548204,31.994349196933,19.444079622445486
215.00591875233374,264.4121654548204,31.994349196933,19.444079622445486
215.00591875233374,264.4121654548204,31.994349196933,19.444079622445486
215.18050716451674,263.53922339390544,31.994349196933,19.444079622445486
215.18050716451674,263.53922339390544,31.994349196933,19.444079622445486
216.47830851437158,262.2077668066014,31.994349196933,19.444079622445486
216.47830851437158,262.2077668066014,31.994349196933,19.444079622445486
216.47830851437158,262.2077668066014,31.994349196933,19.444079622445486
216.47830851437158,262.2077668066014,31.994349196933,19.444079622445486
216.47830851437158,262.2077668066014,31.994349196933,19.444079622445486
216.47830851437158,262.2077668066014,31.994349196933,19.444079622445486
216.47830851437158,262.2077668066014,31.994349196933,19.444079622445486
216.47830851437158,262.2077668066014,31.994349196933,19.444079622445486
216.47830851437158,262.2077668066014,31.994349196933,19.444079622445486
216.47830851437158,262.2077668066014,31.994349196933,19.444079622445486
216.47830851437158,262.2077668066014,31.994349196933,19.444079622445486
216.47830851437158,262.2077668066014,31.994349196933,19.444079622445486
216.47830851437158,262.2077668066014,31.994349196933,19.444079622445486
216.47830851437158,262.2077668066014,31.994349196933,19.444079622445486
218.39878104838445,261.8585899822354,31.994349196933,19.444079622445486
218.39878104838445,261.8585899822354,31.994349196933,19.444079622445486
218.39878104838445,261.8585899822354,31.994349196933,19.444079622445486
218.39878104838445,261.8585899822354,31.994349196933,19.444079622445486
218.39878104838445,261.8585899822354,31.994349196933,19.444079622445486
218.39878104838445,261.8585899822354,31.994349196933,19.444079622445486
218.39878104838445,261.8585899822354,31.994349196933,19.444079622445486
218.39878104838445,261.8585899822354,31.994349196933,19.444079622445486
218.39878104838445,261.8585899822354,31.994349196933,19.444079622445486
218.39878104838445,259.7035592245589,31.994349196933,19.444079622445486
218.39878104838445,259.7035592245589,31.994349196933,19.444079622445486
218.39878104838445,259.7035592245589,31.994349196933,19.444079622445486
218.9401039223975,259.43289778755235,31.994349196933,19.444079622445486
218.9401039223975,259.43289778755235,31.994349196933,19.444079622445486
218.9401039223975,259.43289778755235,31.994349196933,19.444079622445486
218.9401039223975,259.43289778755235,31.994349196933,19.444079622445486
221.38434169295934,258.5599557266374,31.994349196933,19.444079622445486
221.38434169295934,258.5599557266374,31.994349196933,19.444079622445486
221.38434169295934,258.5599557266374,31.994349196933,19.444079622445486
221.51590646249272,256.3233546445698,31.994349196933,19.444079622445486
221.51590646249272,256.3233546445698,31.994349196933,19.444079622445486
221.51590646249272,256.3233546445698,31.994349196933,19.444079622445486
221.51590646249272,256.3233546445698,31.994349196933,19.444079622445486
221.51590646249272,256.3233546445698,31.994349196933,19.444079622445486
221.51590646249272,256.3233546445698,31.994349196933,19.444079622445486
221.51590646249272,256.3233546445698,31.994349196933,19.444079622445486
221.51590646249272,256.3233546445698,31.994349196933,19.444079622445486
221.51590646249272,256.3233546445698,31.994349196933,19.444079622445486
221.51590646249272,256.3233546445698,31.994349196933,19.444079622445486
221.51590646249272,256.3233546445698,31.994349196933,19.444079622445486
221.8750782554388,254.64721961082142,31.994349196933,19.444079622445486
221.8750782554388,254.64721961082142,31.994349196933,19.444079622445486
221.8750782554388,254.64721961082142,31.994349196933,19.444079622445486
221.8750782554388,254.64721961082142,31.994349196933,19.444079622445486
221.8750782554388,254.64721961082142,31.994349196933,19.444079622445486
221.8750782554388,254.64721961082142,31.994349196933,19.444079622445486
221.8750782554388,254.64721961082142,31.994349196933,19.444079622445486
221.8750782554388,254.64721961082142,31.994349196933,19.444079622445486
221.8750782554388,254.64721961082142,31.994349196933,19.444079622445486
221.95717889555286,253.90831384979487,31.994349196933,19.444079622445486
223.01598818348248,254.27340128796698,29.802532361404076,15.927524182127797
223.01598818348248,254.27340128796698,29.802532361404076,15.927524182127797
223.01598818348248,254.27340128796698,29.802532361404076,15.927524182127797
223.01598818348248,254.27340128796698,29.802532361404076,15.927524182127797
222.89626425250046,253.4353337710928,29.802532361404076,15.927524182127769
222.89626425250046,253.4353337710928,29.802532361404076,15.927524182127769
222.89626425250046,253.4353337710928,29.802532361404076,15.927524182127769
222.89626425250046,253.4353337710928,29.802532361404076,15.927524182127769
222.89626425250046,253.4353337710928,29.802532361404076,15.927524182127769
222.89626425250046,253.4353337710928,29.802532361404076,15.927524182127769
222.89626425250046,253.4353337710928,29.802532361404076,15.927524182127769
223.02782902203384,252.51438038435907,29.802532361404076,15.927524182127797
223.02782902203384,252.51438038435907,29.802532361404076,15.927524182127797
223.02782902203384,252.51438038435907,29.802532361404076,15.927524182127797
224.13995728918866,251.87887851741345,29.802532361404076,15.927524182127797
224.13995728918866,251.87887851741345,29.802532361404076,15.927524182127797
224.13995728918866,251.87887851741345,29.802532361404076,15.927524182127797
223.66106156526055,251.51970672446737,29.802532361404076,15.927524182127797
223.51648491028436,249.92936351972918,30.091685671356487,18.963633936627957
223.51648491028436,249.92936351972918,30.091685671356487,18.963633936627957
223.51648491028436,249.92936351972918,30.091685671356487,18.963633936627957
223.51648491028436,249.92936351972918,30.091685671356487,18.963633936627957
223.51648491028436,249.92936351972918,30.091685671356487,18.963633936627957
223.51648491028436,249.92936351972918,30.091685671356487,18.963633936627957
223.86566173465033,249.58018669536318,30.091685671356487,18.963633936627957
223.86566173465033,249.58018669536318,30.091685671356487,18.963633936627957
223.86566173465033,249.58018669536318,30.091685671356487,18.963633936627957
223.86566173465033,249.58018669536318,30.091685671356487,18.963633936627957
223.86566173465033,249.58018669536318,30.091685671356487,18.963633936627957
223.86566173465033,249.58018669536318,30.091685671356487,18.963633936627957
223.86566173465033,249.58018669536318,30.091685671356487,18.963633936627957
223.86566173465033,249.58018669536318,30.091685671356487,18.963633936627957
223.86566173465033,249.58018669536318,30.091685671356487,18.963633936627957
223.86566173465033,249.58018669536318,30.091685671356487,18.963633936627957
223.86566173465033,247.89354563050236,30.091685671356487,18.96363393662793
223.86566173465033,247.89354563050236,30.091685671356487,18.96363393662793
223.86566173465033,247.89354563050236,30.091685671356487,18.96363393662793
223.86566173465033,247.89354563050236,30.091685671356487,18.96363393662793
223.86566173465033,247.89354563050236,30.091685671356487,18.96363393662793
223.86566173465033,246.14766150867246,30.091685671356487,18.9636339366279
223.86566173465033,246.14766150867246,30.091685671356487,18.9636339366279
223.86566173465033,246.14766150867246,30.091685671356487,18.9636339366279
222.3898508028971,245.7852442994263,30.091685671356487,18.96363393662793
222.3898508028971,245.7852442994263,30.091685671356487,18.96363393662793
222.3898508028971,245.7852442994263,30.091685671356487,18.96363393662793
222.3898508028971,245.7852442994263,30.091685671356487,18.96363393662793
223.69104069768287,242.60455788994994,30.091685671356487,18.9636339366279
223.69104069768287,242.60455788994994,30.091685671356487,18.9636339366279
223.69104069768287,242.60455788994994,30.091685671356487,18.9636339366279
223.69104069768287,242.60455788994994,30.091685671356487,18.9636339366279
223.69104069768287,242.60455788994994,30.091685671356487,18.9636339366279
223.69104069768287,242.60455788994994,30.091685671356487,18.9636339366279
223.69104069768287,242.60455788994994,30.091685671356487,18.9636339366279
223.69104069768287,242.60455788994994,30.091685671356487,18.9636339366279
223.69104069768287,242.60455788994994,30.091685671356487,18.9636339366279
223.69104069768287,242.60455788994994,30.091685671356487,18.9636339366279
223.69104069768287,242.60455788994994,30.091685671356487,18.9636339366279
223.69104069768287,242.60455788994994,30.091685671356487,18.9636339366279
223.79998947813746,241.40612130494947,30.091685671356487,18.9636339366279
223.79998947813746,241.40612130494947,30.091685671356487,18.9636339366279
223.79998947813746,241.40612130494947,30.091685671356487,18.9636339366279
223.79998947813746,241.40612130494947,30.091685671356487,18.9636339366279
223.79998947813746,241.40612130494947,30.091685671356487,18.9636339366279
223.79998947813746,241.40612130494947,30.091685671356487,18.9636339366279
223.79998947813746,241.40612130494947,30.091685671356487,18.9636339366279
223.79998947813746,241.40612130494947,30.091685671356487,18.9636339366279
223.79998947813746,241.40612130494947,30.091685671356487,18.9636339366279
223.79998947813746,241.40612130494947,30.091685671356487,18.9636339366279
223.79998947813746,241.40612130494947,30.091685671356487,18.9636339366279
223.79998947813746,241.40612130494947,30.091685671356487,18.9636339366279
223.79998947813746,241.40612130494947,30.091685671356487,18.9636339366279
223.79998947813746,241.40612130494947,30.091685671356487,18.9636339366279
223.79998947813746,241.40612130494947,30.091685671356487,18.9636339366279
223.79998947813746,241.40612130494947,30.091685671356487,18.9636339366279
223.79998947813746,241.40612130494947,30.091685671356487,18.9636339366279
223.79998947813746,241.40612130494947,30.091685671356487,18.9636339366279
223.79998947813746,241.40612130494947,30.091685671356487,18.9636339366279
223.79998947813746,241.40612130494947,30.091685671356487,18.9636339366279
223.79998947813746,241.40612130494947,30.091685671356487,18.9636339366279
223.79998947813746,241.40612130494947,30.091685671356487,18.9636339366279
223.79998947813746,241.40612130494947,30.091685671356487,18.9636339366279
223.79998947813746,241.40612130494947,30.091685671356487,18.9636339366279
223.79998947813746,241.40612130494947,30.091685671356487,18.9636339366279
223.79998947813746,241.40612130494947,30.091685671356487,18.9636339366279
223.79998947813746,241.40612130494947,30.091685671356487,18.9636339366279
223.79998947813746,241.40612130494947,30.091685671356487,18.9636339366279
223.79998947813746,241.40612130494947,30.091685671356487,18.9636339366279
223.79998947813746,241.40612130494947,30.091685671356487,18.9636339366279
223.79998947813746,241.40612130494947,30.091685671356487,18.9636339366279
223.79998947813746,241.40612130494947,30.091685671356487,18.9636339366279
223.79998947813746,241.40612130494947,30.091685671356487,18.9636339366279
223.79998947813746,241.40612130494947,30.091685671356487,18.9636339366279
223.79998947813746,241.40612130494947,30.091685671356487,18.9636339366279
223.79998947813746,241.40612130494947,30.091685671356487,18.9636339366279
223.79998947813746,241.40612130494947,30.091685671356487,18.9636339366279
223.79998947813746,241.40612130494947,30.091685671356487,18.9636339366279
223.79998947813746,241.40612130494947,30.091685671356487,18.9636339366279
223.79998947813746,241.40612130494947,30.091685671356487,18.9636339366279
223.79998947813746,241.40612130494947,30.091685671356487,18.9636339366279
223.79998947813746,241.40612130494947,30.091685671356487,18.9636339366279
223.79998947813746,241.40612130494947,30.091685671356487,18.9636339366279
223.79998947813746,241.40612130494947,30.091685671356487,18.9636339366279
223.79998947813746,241.40612130494947,30.091685671356487,18.9636339366279
223.79998947813746,241.40612130494947,30.091685671356487,18.9636339366279
222.06506961842308,241.26154464997327,30.091685671356487,18.963633936627872
222.06506961842308,241.26154464997327,30.091685671356487,18.963633936627872
222.06506961842308,241.26154464997327,30.091685671356487,18.963633936627872
222.06506961842308,241.26154464997327,30.091685671356487,18.963633936627872
222.06506961842308,241.26154464997327,30.091685671356487,18.963633936627872
222.06506961842308,241.26154464997327,30.091685671356487,18.963633936627872
222.06506961842308,241.26154464997327,30.091685671356487,18.963633936627872
222.06506961842308,241.26154464997327,30.091685671356487,18.963633936627872
222.06506961842308,241.26154464997327,30.091685671356487,18.963633936627872
222.06506961842308,241.26154464997327,30.091685671356487,18.963633936627872
222.06506961842308,241.26154464997327,30.091685671356487,18.963633936627872
222.06506961842308,241.26154464997327,30.091685671356487,18.963633936627872
222.06506961842308,241.26154464997327,30.091685671356487,18.963633936627872
222.06506961842308,241.26154464997327,30.091685671356487,18.963633936627872
221.85423948531547,242.1048651824037,30.091685671356487,18.963633936627872
221.85423948531547,242.1048651824037,30.091685671356487,18.963633936627872
221.85423948531547,242.1048651824037,30.091685671356487,18.963633936627872
221.85423948531547,242.1048651824037,30.091685671356487,18.963633936627872
221.85423948531547,242.1048651824037,30.091685671356487,18.963633936627872
221.85423948531547,242.1048651824037,30.091685671356487,18.963633936627872
223.01085272512506,242.5385951473323,30.091685671356487,18.963633936627872
223.01085272512506,242.5385951473323,30.091685671356487,18.963633936627872
223.64239607814028,242.5385951473323,30.091685671356487,18.963633936627872
223.64239607814028,242.5385951473323,30.091685671356487,18.963633936627872
223.64239607814028,242.5385951473323,30.091685671356487,18.963633936627872
223.52267214715826,243.25693873322447,30.091685671356487,18.963633936627872
223.52267214715826,243.25693873322447,30.091685671356487,18.963633936627872
223.52267214715826,243.25693873322447,30.091685671356487,18.963633936627872
223.52267214715826,243.25693873322447,30.091685671356487,18.963633936627872
224.3158192766448,242.86036516848122,30.091685671356487,18.9636339366279
224.3158192766448,242.86036516848122,30.091685671356487,18.9636339366279
224.05268973757802,242.86036516848122,30.091685671356487,18.9636339366279
224.05268973757802,242.86036516848122,30.091685671356487,18.9636339366279
224.05268973757802,242.86036516848122,30.091685671356487,18.9636339366279
224.05268973757802,242.86036516848122,30.988224627543076,18.9636339366279
224.05268973757802,242.86036516848122,30.988224627543076,18.9636339366279
223.55697278164894,243.4552255155961,30.988224627543076,18.9636339366279
223.55697278164894,243.4552255155961,30.988224627543076,18.9636339366279
223.55697278164894,243.4552255155961,30.988224627543076,18.9636339366279
223.55697278164894,243.4552255155961,30.988224627543076,18.9636339366279
223.55697278164894,243.4552255155961,30.988224627543076,18.9636339366279
223.55697278164894,243.4552255155961,30.988224627543076,18.9636339366279
223.55697278164894,243.4552255155961,30.988224627543076,18.9636339366279
223.55697278164894,243.4552255155961,30.988224627543076,18.9636339366279
223.55697278164894,243.4552255155961,30.988224627543076,18.9636339366279
223.55697278164894,243.84991982419626,30.988224627543076,18.9636339366279
223.55697278164894,243.94014030319843,30.988224627543076,18.96363393662793
223.55697278164894,243.94014030319843,30.988224627543076,18.96363393662793
223.55697278164894,244.8076002330556,30.988224627543076,18.963633936627957
223.65611617283474,244.51017005949817,30.988224627543076,18.96363393662793
223.18020340954791,244.51017005949817,30.988224627543076,18.96363393662793
223.18020340954791,244.51017005949817,30.988224627543076,18.96363393662793
223.18020340954791,244.51017005949817,30.988224627543076,18.96363393662793
223.18020340954791,244.51017005949817,30.988224627543076,18.96363393662793
223.18020340954791,244.51017005949817,30.988224627543076,18.96363393662793
223.18020340954791,244.51017005949817,30.988224627543076,18.96363393662793
223.18020340954791,244.51017005949817,30.988224627543076,18.96363393662793
223.18020340954791,244.51017005949817,30.988224627543076,18.96363393662793
223.18020340954791,244.51017005949817,30.988224627543076,18.96363393662793
223.18020340954791,245.66130241880725,30.988224627543076,18.96363393662793
222.74440828772956,245.77025119926185,30.988224627543076,18.9636339366279
222.74440828772956,245.77025119926185,30.988224627543076,18.9636339366279
222.74440828772956,245.77025119926185,30.988224627543076,18.9636339366279
222.74440828772956,245.77025119926185,30.988224627543076,18.9636339366279
222.74440828772956,245.77025119926185,30.988224627543076,18.9636339366279
222.74440828772956,245.77025119926185,30.988224627543076,18.9636339366279
222.74440828772956,245.77025119926185,30.988224627543076,18.9636339366279
222.87597305726294,246.82276935552895,30.988224627543076,18.963633936627872
222.68411766404475,249.31688946736529,30.988224627543076,18.963633936627843
222.68411766404475,249.31688946736529,30.988224627543076,18.963633936627843
222.68411766404475,249.31688946736529,30.988224627543076,18.963633936627843
222.68411766404475,249.31688946736529,30.988224627543076,18.963633936627843
222.49226227082656,249.89245564701983,30.988224627543076,18.963633936627815
222.49226227082656,249.89245564701983,30.988224627543076,18.963633936627815
222.49226227082656,249.89245564701983,30.988224627543076,18.963633936627815
222.49226227082656,249.89245564701983,30.988224627543076,18.963633936627815
222.49226227082656,249.89245564701983,30.988224627543076,18.963633936627815
222.49226227082656,249.89245564701983,30.988224627543076,18.963633936627815
222.49226227082656,249.89245564701983,30.988224627543076,18.963633936627815
222.49226227082656,249.89245564701983,30.988224627543076,18.963633936627815
222.49226227082656,249.89245564701983,30.988224627543076,18.963633936627815
222.49226227082656,249.89245564701983,30.988224627543076,18.963633936627815
222.49226227082656,249.89245564701983,30.988224627543076,18.963633936627815
222.49226227082656,249.89245564701983,30.988224627543076,18.963633936627815
222.49226227082656,249.89245564701983,30.988224627543076,18.963633936627815
222.49226227082656,249.89245564701983,30.988224627543076,18.963633936627815
222.09756796222638,250.55027949468678,30.988224627543076,18.963633936627787
222.09756796222638,250.55027949468678,30.988224627543076,18.963633936627787
222.09756796222638,250.55027949468678,30.988224627543076,18.963633936627787
222.09756796222638,250.55027949468678,30.988224627543076,18.963633936627787
222.09756796222638,250.55027949468678,30.988224627543076,18.963633936627787
222.09756796222638,250.55027949468678,30.988224627543076,18.963633936627787
222.09756796222638,250.55027949468678,30.988224627543076,18.963633936627787
222.09756796222638,250.55027949468678,30.988224627543076,18.963633936627787
222.09756796222638,250.55027949468678,30.988224627543076,18.963633936627787
222.33701582419044,252.46586239039922,30.988224627543076,18.963633936627758
222.33701582419044,252.46586239039922,30.988224627543076,18.963633936627758
222.33701582419044,252.46586239039922,30.988224627543076,18.963633936627758
222.33701582419044,252.46586239039922,30.988224627543076,18.963633936627758
222.33701582419044,252.46586239039922,30.988224627543076,18.963633936627758
222.33701582419044,253.06448204530935,30.988224627543076,18.963633936627758
222.33701582419044,253.06448204530935,30.988224627543076,18.963633936627758
222.33701582419044,253.06448204530935,30.988224627543076,18.963633936627758
222.22806704373585,253.82712350849147,30.988224627543076,18.96363393662773
222.22806704373585,253.82712350849147,30.988224627543076,18.96363393662773
222.22806704373585,253.82712350849147,30.988224627543076,18.96363393662773
222.22806704373585,253.82712350849147,30.988224627543076,18.96363393662773
222.22806704373585,253.82712350849147,30.988224627543076,18.96363393662773
222.22806704373585,253.82712350849147,30.988224627543076,18.96363393662773
222.22806704373585,253.82712350849147,30.988224627543076,18.96363393662773
222.22806704373585,254.4018279892899,30.988224627543076,18.963633936627758
222.6246406084791,254.5009713804757,30.988224627543076,18.963633936627758
222.6246406084791,254.5009713804757,30.988224627543076,18.963633936627758
222.6246406084791,254.5009713804757,30.988224627543076,18.963633936627758
222.6246406084791,254.5009713804757,30.988224627543076,18.963633936627758
222.82292739085074,255.88897885707712,30.988224627543076,18.963633936627787
222.82292739085074,255.88897885707712,30.988224627543076,18.963633936627787
222.82292739085074,255.88897885707712,30.988224627543076,18.963633936627787
222.82292739085074,256.8695178811684,30.988224627543076,18.963633936627787
222.82292739085074,256.8695178811684,30.988224627543076,18.963633936627787
222.82292739085074,256.8695178811684,30.988224627543076,18.963633936627787
222.82292739085074,256.8695178811684,30.988224627543076,18.963633936627787
222.82292739085074,256.8695178811684,30.988224627543076,18.963633936627787
222.82292739085074,256.8695178811684,30.988224627543076,18.963633936627787
222.82292739085074,256.8695178811684,30.988224627543076,18.963633936627787
222.82292739085074,256.8695178811684,30.988224627543076,18.963633936627787
222.82292739085074,256.8695178811684,30.988224627543076,18.963633936627787
222.82292739085074,256.8695178811684,30.988224627543076,18.963633936627787
222.82292739085074,256.8695178811684,30.988224627543076,18.963633936627787
222.82292739085074,256.8695178811684,30.988224627543076,18.963633936627787
222.82292739085074,256.8695178811684,30.988224627543076,18.963633936627787
222.82292739085074,256.8695178811684,30.988224627543076,18.963633936627787
222.82292739085074,256.8695178811684,30.988224627543076,18.963633936627787
222.82292739085074,256.8695178811684,30.988224627543076,18.963633936627787
222.82292739085074,256.8695178811684,30.988224627543076,18.963633936627787
222.82292739085074,256.8695178811684,30.988224627543076,18.963633936627787
222.82292739085074,256.8695178811684,30.988224627543076,18.963633936627787
222.82292739085074,256.8695178811684,30.988224627543076,18.963633936627787
222.82292739085074,256.8695178811684,30.988224627543076,18.963633936627787
222.82292739085074,256.8695178811684,30.988224627543076,18.963633936627787
222.82292739085074,256.8695178811684,30.988224627543076,18.963633936627787
222.82292739085074,256.8695178811684,30.988224627543076,18.963633936627787
221.66631415104115,258.026131120978,30.988224627543076,18.963633936627787
221.66631415104115,258.026131120978,30.988224627543076,18.963633936627787
221.66631415104115,258.026131120978,30.988224627543076,18.963633936627787
221.66631415104115,258.026131120978,30.988224627543076,18.963633936627787
221.66631415104115,258.026131120978,30.988224627543076,18.963633936627787
221.66631415104115,258.026131120978,30.988224627543076,18.963633936627787
221.66631415104115,258.026131120978,30.988224627543076,18.963633936627787
221.66631415104115,258.026131120978,30.988224627543076,18.963633936627787
221.66631415104115,258.026131120978,30.988224627543076,18.963633936627787
219.93139429132677,256.1466346062874,30.988224627543076,18.963633936627787
219.93139429132677,256.1466346062874,30.988224627543076,18.963633936627787
219.4051352131932,256.80445845395434,30.988224627543076,18.963633936627787
219.4051352131932,256.80445845395434,30.988224627543076,18.963633936627787
219.4051352131932,256.80445845395434,30.988224627543076,18.963633936627787
219.4051352131932,256.80445845395434,30.988224627543076,18.963633936627787
219.4051352131932,256.80445845395434,30.988224627543076,18.963633936627787
219.4051352131932,256.80445845395434,30.988224627543076,18.963633936627787
219.4051352131932,256.80445845395434,30.988224627543076,18.963633936627787
221.86293834778857,257.5273417288353,30.988224627543076,18.963633936627787
221.86293834778857,257.5273417288353,30.988224627543076,18.963633936627787
221.86293834778857,257.5273417288353,30.988224627543076,18.963633936627787
222.18978468915233,257.5273417288353,30.988224627543076,18.963633936627787
222.18978468915233,257.5273417288353,30.988224627543076,18.963633936627787
222.18978468915233,257.5273417288353,30.988224627543076,18.963633936627787
223.06137493278905,257.091546607017,30.988224627543076,18.963633936627787
223.06137493278905,257.091546607017,30.988224627543076,18.963633936627787
223.06137493278905,257.091546607017,30.988224627543076,18.963633936627787
223.06137493278905,257.091546607017,30.988224627543076,18.963633936627787
223.06137493278905,257.091546607017,30.988224627543076,18.963633936627787
223.06137493278905,257.091546607017,30.988224627543076,18.963633936627787
226.3977597342535,258.20367487417184,30.988224627543048,18.963633936627787
226.3977597342535,258.20367487417184,30.988224627543048,18.963633936627787
226.3977597342535,258.20367487417184,30.988224627543048,18.963633936627787
226.3977597342535,258.20367487417184,30.988224627543048,18.963633936627787
226.3977597342535,258.20367487417184,30.988224627543048,18.963633936627787
226.3977597342535,258.20367487417184,30.988224627543048,18.963633936627787
226.3977597342535,258.20367487417184,30.988224627543048,18.963633936627787
226.3977597342535,258.20367487417184,30.988224627543048,18.963633936627787
226.3977597342535,258.20367487417184,30.988224627543048,18.963633936627787
226.3977597342535,258.20367487417184,30.988224627543048,18.963633936627787
230.60783235932192,257.41428625697154,30.98822462754302,18.963633936627787
230.60783235932192,257.41428625697154,30.98822462754302,18.963633936627787
230.60783235932192,257.41428625697154,30.98822462754302,18.963633936627787
230.60783235932192,256.2558789187854,33.07335783627806,20.12204127481391
231.18339853897646,256.2558789187854,33.07335783627809,20.12204127481391
232.62008571076078,256.13615498780337,30.798603147619616,20.241765205795957
233.2555875777064,255.97727952106698,30.798603147619616,20.241765205795957
233.2555875777064,255.97727952106698,30.798603147619616,20.241765205795957
233.2555875777064,255.97727952106698,30.798603147619616,20.241765205795957
235.29089440440086,256.5758991759771,30.798603147619616,20.241765205795957
235.29089440440086,256.5758991759771,30.798603147619616,20.241765205795957
235.29089440440086,256.5758991759771,30.798603147619616,20.241765205795957
235.29089440440086,256.5758991759771,30.798603147619616,20.241765205795957
237.52749548646847,256.83902871504387,30.798603147619644,20.241765205795957
237.52749548646847,256.83902871504387,30.798603147619644,20.241765205795957
211.5705158551319,268.87573572620414,39.29782939113815,18.280405303445548
211.5705158551319,268.87573572620414,39.29782939113815,18.280405303445548
211.5705158551319,268.87573572620414,39.29782939113815,18.280405303445548
180.21115199520003,291.62664676184096,33.1489345166417,18.587850047170377
180.21115199520003,293.37427689594136,33.1489345166417,18.587850047170377
180.21115199520003,293.37427689594136,33.1489345166417,18.587850047170377
180.21115199520003,293.37427689594136,33.1489345166417,18.587850047170377
170.79113721341466,271.22451240904064,33.1489345166417,18.587850047170377
174.26097693284342,271.0799357540644,27.799598282522368,15.551740292670218
174.26097693284342,271.0799357540644,27.799598282522368,15.551740292670218
174.26097693284342,267.17636606970706,31.26943800195113,20.75649987181339
175.21876838069963,267.6552617936352,31.26943800195113,20.75649987181339
175.21876838069963,267.6552617936352,31.26943800195113,20.75649987181339
175.21876838069963,267.6552617936352,31.26943800195113,20.75649987181339
175.61534194544288,268.54755231430755,31.26943800195113,20.75649987181339
175.61534194544288,268.54755231430755,31.26943800195113,20.75649987181339
177.41120091017328,268.7870001762716,31.26943800195113,20.75649987181339
177.41120091017328,268.7870001762716,31.26943800195113,20.75649987181339
177.57007637690967,268.151498309326,31.26943800195113,20.75649987181339
177.46112759645507,270.54837147932693,31.26943800195113,20.75649987181339
177.46112759645507,270.54837147932693,31.26943800195113,20.75649987181339
177.46112759645507,270.54837147932693,31.26943800195113,20.75649987181339
210.6521106232003,256.9266385608361,31.26943800195113,20.75649987181339
210.6521106232003,256.9266385608361,31.26943800195113,20.75649987181339
210.4775222110173,256.40287332428716,31.26943800195113,20.75649987181339
314.38274187433143,260.3498164102888,31.26943800195113,20.75649987181339
313.23331658697515,260.9245290539669,31.269438001951187,20.75649987181339
313.8080292306533,259.20039112293244,31.26943800195113,20.75649987181339
335.64710969042346,312.6486669850014,31.26943800195113,20.75649987181339
334.4976844030671,312.07395434132326,31.26943800195113,20.75649987181339
336.2218223341016,312.07395434132326,31.269438001951187,20.75649987181339
335.07239704674527,312.0739543413233,31.269438001951073,20.75649987181339
341.39423612720503,266.67165549074855,31.26943800195113,20.75649987181339
342.54366141456137,267.82108077810483,31.26943800195113,20.75649987181339
340.8195234835269,267.2463681344267,31.26943800195113,20.75649987181339
351.7390637134119,264.37280491603593,31.26943800195113,20.75649987181339
352.88848900076823,264.3728049160359,31.269438001951187,20.75649987181339
352.3137763570901,264.3728049160359,31.26943800195113,20.75649987181339
350.5896384260556,260.3498164102888,31.26943800195113,20.75649987181339
347.61909030238843,259.00481504062907,35.304442110930324,22.54983503135969
347.61909030238843,259.00481504062907,35.304442110930324,22.54983503135969
347.61909030238843,259.00481504062907,35.304442110930324,22.54983503135969
347.61909030238843,259.00481504062907,35.304442110930324,22.54983503135969
347.61909030238843,259.00481504062907,35.304442110930324,22.54983503135969
347.61909030238843,259.00481504062907,35.304442110930324,22.54983503135969
347.61909030238843,259.00481504062907,35.304442110930324,22.54983503135969
347.61909030238843,259.00481504062907,35.304442110930324,22.54983503135969
347.61909030238843,259.2442629025931,33.02968742227182,22.310387169395653
347.61909030238843,259.2442629025931,33.02968742227182,22.310387169395653
347.61909030238843,259.2442629025931,33.02968742227182,22.310387169395653
347.61909030238843,259.2442629025931,33.02968742227182,22.310387169395653
347.61909030238843,259.2442629025931,33.02968742227182,22.310387169395653
347.61909030238843,259.2442629025931,33.02968742227182,22.310387169395653
347.61909030238843,259.2442629025931,33.02968742227182,22.310387169395653
347.61909030238843,259.2442629025931,33.02968742227182,22.310387169395653
347.61909030238843,259.2442629025931,33.02968742227182,22.310387169395653
347.61909030238843,259.2442629025931,33.02968742227182,22.310387169395653
347.61909030238843,259.2442629025931,33.02968742227182,22.310387169395653
347.61909030238843,259.2442629025931,33.02968742227182,22.310387169395653
347.61909030238843,259.2442629025931,33.02968742227182,22.310387169395653
347.61909030238843,259.2442629025931,33.02968742227182,22.310387169395653
347.61909030238843,259.2442629025931,33.02968742227182,22.310387169395653
347.1853603374598,259.3888395575693,33.02968742227182,22.310387169395653
347.1853603374598,259.3888395575693,33.02968742227182,22.310387169395653
347.1853603374598,259.3888395575693,33.02968742227182,22.310387169395653
347.1853603374598,259.3888395575693,33.02968742227182,22.310387169395653
347.1853603374598,257.49136835960087,33.02968742227182,22.310387169395653
347.1853603374598,257.49136835960087,33.02968742227182,22.310387169395653
347.1853603374598,257.49136835960087,33.02968742227182,22.310387169395653
342.9752877123914,257.2282388205341,30.26682726207065,22.310387169395653
342.9752877123914,257.2282388205341,30.26682726207065,22.310387169395653
342.9752877123914,257.2282388205341,30.26682726207065,22.310387169395653
335.46798598852286,258.10118088144907,30.26682726207065,22.310387169395653
336.4800225733562,257.3782976065681,30.26682726207065,22.310387169395653
336.4800225733562,257.3782976065681,30.26682726207065,22.310387169395653
296.57501676563624,258.98061741767907,35.27289889809089,20.708067358284666
296.57501676563624,258.98061741767907,35.27289889809089,20.708067358284666
296.57501676563624,258.98061741767907,35.27289889809089,20.708067358284666
275.9528222433494,262.7995423292137,35.27289889809089,20.708067358284666
275.9528222433494,262.7995423292137,35.27289889809089,20.708067358284666
275.9528222433494,262.7995423292137,35.27289889809089,20.708067358284666
275.9528222433494,262.7995423292137,35.27289889809089,20.708067358284666
283.4601239672179,263.1487191535797,35.27289889809089,20.708067358284666
285.0488786345819,262.67209275337046,35.27289889809089,20.708067358284666
285.0488786345819,262.67209275337046,35.27289889809089,20.708067358284666
287.11425970215515,262.3543418198977,35.27289889809089,20.708067358284666
287.11425970215515,262.3543418198977,35.27289889809089,20.708067358284666
287.9872017630701,262.3543418198977,35.27289889809089,20.708067358284666
290.1558515877131,262.3543418198977,35.27289889809089,20.708067358284666
292.6555822088475,261.9596475112975,33.56255689415684,20.18180828015113
292.6555822088475,261.9596475112975,33.56255689415684,20.18180828015113
292.6555822088475,261.9596475112975,33.56255689415684,20.18180828015113
292.6555822088475,261.9596475112975,33.56255689415684,20.18180828015113
292.6555822088475,261.9596475112975,33.56255689415684,20.18180828015113
294.53507872353805,261.81507085632126,33.56255689415684,20.18180828015113
294.53507872353805,261.81507085632126,33.56255689415684,20.18180828015113
294.53507872353805,261.81507085632126,33.56255689415684,20.18180828015113
294.53507872353805,261.81507085632126,33.56255689415684,20.18180828015113
294.53507872353805,261.81507085632126,33.56255689415684,20.18180828015113
294.53507872353805,261.81507085632126,33.56255689415684,20.18180828015113
294.53507872353805,261.81507085632126,33.56255689415684,20.18180828015113
294.53507872353805,261.81507085632126,33.56255689415684,20.18180828015113
294.53507872353805,261.81507085632126,33.56255689415684,20.18180828015113
294.53507872353805,261.81507085632126,33.56255689415684,20.18180828015113
294.53507872353805,261.81507085632126,33.56255689415684,20.18180828015113
294.53507872353805,261.81507085632126,33.56255689415684,20.18180828015113
294.53507872353805,261.81507085632126,33.56255689415684,20.18180828015113
295.75719760881896,261.2913056197723,33.56255689415684,20.18180828015113
295.75719760881896,261.2913056197723,33.56255689415684,20.18180828015113
295.75719760881896,261.2913056197723,33.56255689415684,20.18180828015113
295.75719760881896,261.2913056197723,33.56255689415684,20.18180828015113
297.37896788227954,261.2913056197723,33.56255689415684,20.18180828015113
297.37896788227954,261.2913056197723,33.56255689415684,20.18180828015113
297.37896788227954,260.5275206374654,33.56255689415684,20.18180828015113
297.37896788227954,260.5275206374654,33.56255689415684,20.18180828015113
297.37896788227954,260.5275206374654,33.56255689415684,20.18180828015113
297.37896788227954,260.5275206374654,33.56255689415684,20.18180828015113
297.37896788227954,260.5275206374654,33.56255689415684,20.18180828015113
297.37896788227954,260.5275206374654,33.56255689415684,20.18180828015113
298.4264983553775,260.3529322252824,33.56255689415684,20.18180828015113
298.4264983553775,260.3529322252824,33.56255689415684,20.18180828015113
298.4264983553775,260.3529322252824,33.56255689415684,20.18180828015113
299.1248520041094,260.3529322252824,33.56255689415684,20.18180828015113
299.1248520041094,260.3529322252824,33.56255689415684,20.18180828015113
299.1248520041094,260.3529322252824,33.56255689415684,20.18180828015113
299.1248520041094,260.3529322252824,33.56255689415684,20.18180828015113
299.4840237970555,260.1134843633184,33.56255689415684,20.18180828015113
299.4840237970555,260.1134843633184,33.56255689415684,20.18180828015113
299.4840237970555,260.1134843633184,33.56255689415684,20.18180828015113
299.4840237970555,260.1134843633184,33.56255689415684,20.18180828015113
299.4840237970555,260.1134843633184,33.56255689415684,20.18180828015113
299.4840237970555,260.1134843633184,33.56255689415684,20.18180828015113
299.4840237970555,260.1134843633184,33.56255689415684,20.18180828015113
299.4840237970555,260.1134843633184,33.56255689415684,20.18180828015113
299.4840237970555,260.1134843633184,33.56255689415684,20.18180828015113
299.4840237970555,260.1134843633184,33.56255689415684,20.18180828015113
299.4840237970555,260.1134843633184,33.56255689415684,20.18180828015113
300.56153917589376,260.1134843633184,33.56255689415684,20.18180828015113
300.56153917589376,260.1134843633184,33.56255689415684,20.18180828015113
301.6736674430486,259.63685796310915,33.56255689415684,20.18180828015113
301.6736674430486,259.63685796310915,33.56255689415684,20.18180828015113
301.6736674430486,259.63685796310915,33.56255689415684,20.18180828015113
301.6736674430486,259.63685796310915,33.56255689415684,20.18180828015113
301.6736674430486,259.63685796310915,33.56255689415684,20.18180828015113
301.6736674430486,259.63685796310915,33.56255689415684,20.18180828015113
301.6736674430486,259.63685796310915,33.56255689415684,20.18180828015113
301.6736674430486,259.63685796310915,33.56255689415684,20.18180828015113
301.6736674430486,259.63685796310915,33.56255689415684,20.18180828015113
301.6736674430486,259.63685796310915,33.56255689415684,20.18180828015113
301.6736674430486,259.63685796310915,33.56255689415684,20.18180828015113
301.6736674430486,259.63685796310915,33.56255689415684,20.18180828015113
301.6736674430486,259.63685796310915,33.56255689415684,20.18180828015113
301.6736674430486,259.63685796310915,33.56255689415684,20.18180828015113
301.6736674430486,259.63685796310915,33.56255689415684,20.18180828015113
301.6736674430486,259.63685796310915,33.56255689415684,20.18180828015113
301.6736674430486,259.63685796310915,33.56255689415684,20.18180828015113
301.6736674430486,259.63685796310915,33.56255689415684,20.18180828015113
301.6736674430486,259.63685796310915,33.56255689415684,20.18180828015113
301.6736674430486,259.63685796310915,33.56255689415684,20.18180828015113
301.6736674430486,259.63685796310915,33.56255689415684,20.18180828015113
301.6736674430486,259.63685796310915,33.56255689415684,20.18180828015113
301.6736674430486,259.63685796310915,33.56255689415684,20.18180828015113
301.6736674430486,259.63685796310915,33.56255689415684,20.18180828015113
301.6736674430486,259.63685796310915,33.56255689415684,20.18180828015113
301.6736674430486,259.63685796310915,33.56255689415684,20.18180828015113
301.6736674430486,259.63685796310915,33.56255689415684,20.18180828015113
301.6736674430486,259.63685796310915,33.56255689415684,20.18180828015113
301.6736674430486,259.63685796310915,33.56255689415684,20.18180828015113
301.6736674430486,259.63685796310915,33.56255689415684,20.18180828015113
302.7631552475945,259.9637043044729,33.56255689415684,20.18180828015113
302.7631552475945,259.9637043044729,33.56255689415684,20.18180828015113
302.7631552475945,259.9637043044729,33.56255689415684,20.18180828015113
302.7631552475945,259.9637043044729,33.56255689415684,20.18180828015113
302.50002570852774,260.88465769120666,33.56255689415684,20.18180828015113
302.50002570852774,260.94652635245296,33.56255689415684,20.18180828015113
302.50002570852774,260.94652635245296,33.56255689415684,20.18180828015113
302.50002570852774,260.94652635245296,33.56255689415684,20.18180828015113
302.50002570852774,260.94652635245296,33.56255689415684,20.18180828015113
302.50002570852774,260.94652635245296,33.56255689415684,20.18180828015113
303.5120622933611,260.07906642259576,33.56255689415684,20.18180828015113
303.5120622933611,260.07906642259576,33.56255689415684,20.18180828015113
303.5120622933611,260.07906642259576,33.56255689415684,20.18180828015113
303.5120622933611,260.07906642259576,33.56255689415684,20.18180828015113
303.5120622933611,260.07906642259576,33.56255689415684,20.18180828015113
303.5120622933611,260.07906642259576,33.56255689415684,20.18180828015113
303.5120622933611,260.07906642259576,33.56255689415684,20.18180828015113
303.5120622933611,260.07906642259576,33.56255689415684,20.18180828015113
303.5120622933611,260.07906642259576,33.56255689415684,20.18180828015113
303.5120622933611,260.07906642259576,33.56255689415684,20.18180828015113
303.5120622933611,260.07906642259576,33.56255689415684,20.18180828015113
303.8712340863072,260.79741000848793,33.56255689415684,20.18180828015113
304.69306146281156,261.4698142256279,33.56255689415684,20.18180828015113
304.69306146281156,261.4698142256279,33.56255689415684,20.18180828015113
304.69306146281156,261.4698142256279,33.56255689415684,20.18180828015113
304.69306146281156,261.4698142256279,33.56255689415684,20.18180828015113
304.69306146281156,261.4698142256279,33.56255689415684,20.18180828015113
304.69306146281156,261.4698142256279,33.56255689415684,20.18180828015113
304.69306146281156,261.4698142256279,33.56255689415684,20.18180828015113
304.69306146281156,261.4698142256279,33.56255689415684,20.18180828015113
304.69306146281156,261.4698142256279,33.56255689415684,20.18180828015113
305.7050980476449,262.48185081046125,33.56255689415684,20.18180828015113
305.7050980476449,262.48185081046125,33.56255689415684,20.18180828015113
305.7050980476449,262.48185081046125,33.56255689415684,20.18180828015113
305.7050980476449,262.48185081046125,33.56255689415684,20.18180828015113
305.7050980476449,262.48185081046125,33.56255689415684,20.18180828015113
305.7050980476449,262.48185081046125,33.56255689415684,20.18180828015113
305.7050980476449,262.48185081046125,33.56255689415684,20.18180828015113
305.7050980476449,262.48185081046125,33.56255689415684,20.18180828015113
305.7050980476449,262.48185081046125,33.56255689415684,20.18180828015113
305.7050980476449,262.48185081046125,33.56255689415684,20.18180828015113
305.7050980476449,262.48185081046125,33.56255689415684,20.18180828015113
306.75262852074286,263.0056160470102,33.56255689415684,20.18180828015113
306.75262852074286,263.0056160470102,33.56255689415684,20.18180828015113
306.75262852074286,263.0056160470102,33.56255689415684,20.18180828015113
306.94448391396105,264.7323145859739,33.56255689415684,20.18180828015113
306.94448391396105,264.7323145859739,33.56255689415684,20.18180828015113
306.94448391396105,264.7323145859739,33.56255689415684,20.18180828015113
309.05489323936104,265.88344694528297,33.56255689415684,20.18180828015113
309.05489323936104,265.88344694528297,33.56255689415684,20.18180828015113
309.05489323936104,265.88344694528297,33.56255689415684,20.18180828015113
309.05489323936104,265.88344694528297,33.56255689415684,20.18180828015113
309.05489323936104,265.88344694528297,33.56255689415684,20.18180828015113
309.05489323936104,265.88344694528297,33.56255689415684,20.18180828015113
309.05489323936104,265.88344694528297,33.56255689415684,20.18180828015113
309.05489323936104,265.88344694528297,33.56255689415684,20.18180828015113
309.05489323936104,265.88344694528297,33.56255689415684,20.18180828015113
309.05489323936104,265.88344694528297,33.56255689415684,20.18180828015113
309.05489323936104,265.88344694528297,33.56255689415684,20.18180828015113
309.05489323936104,265.88344694528297,33.56255689415684,20.18180828015113
309.05489323936104,265.88344694528297,33.56255689415684,20.18180828015113
309.05489323936104,265.88344694528297,33.56255689415684,20.18180828015113
309.05489323936104,265.88344694528297,33.56255689415684,20.18180828015113
309.05489323936104,265.88344694528297,33.56255689415684,20.18180828015113
309.05489323936104,265.88344694528297,33.56255689415684,20.18180828015113
309.05489323936104,265.88344694528297,33.56255689415684,20.18180828015113
309.05489323936104,265.88344694528297,33.56255689415684,20.18180828015113
309.05489323936104,265.88344694528297,33.56255689415684,20.18180828015113
309.05489323936104,265.88344694528297,33.56255689415684,20.18180828015113
309.05489323936104,265.88344694528297,33.56255689415684,20.18180828015113
311.7615076094263,269.31182514736565,31.216824440100254,19.008942053122837
311.7615076094263,269.31182514736565,31.216824440100254,19.008942053122837
311.94194856743064,269.40204562636785,31.216824440100254,19.008942053122837
311.94194856743064,269.40204562636785,31.216824440100254,19.008942053122837
311.94194856743064,269.40204562636785,31.216824440100254,19.008942053122837
311.94194856743064,269.40204562636785,31.216824440100254,19.008942053122837
311.94194856743064,269.40204562636785,31.216824440100254,19.008942053122837
311.94194856743064,269.40204562636785,31.216824440100254,19.008942053122837
311.94194856743064,269.40204562636785,31.216824440100254,19.008942053122837
311.94194856743064,269.40204562636785,31.216824440100254,19.008942053122837
311.94194856743064,269.40204562636785,31.216824440100254,19.008942053122837
309.3642203965994,271.6823436236416,29.630530181127256,19.70294579142353
308.4926301529627,273.64342167182417,29.630530181127256,19.70294579142353
308.4926301529627,273.64342167182417,29.630530181127256,19.70294579142353
308.6909169353343,272.8502745423377,29.630530181127256,19.70294579142353
308.6909169353343,272.8502745423377,29.630530181127256,19.70294579142353
308.6909169353343,272.8502745423377,29.630530181127256,19.70294579142353
308.6909169353343,272.8502745423377,29.630530181127256,19.70294579142353
308.6909169353343,272.8502745423377,29.630530181127256,19.70294579142353
308.6909169353343,272.8502745423377,29.630530181127256,19.70294579142353
308.6909169353343,272.8502745423377,29.630530181127256,19.70294579142353
308.6909169353343,272.8502745423377,29.630530181127256,19.70294579142353
308.6909169353343,272.8502745423377,29.630530181127256,19.70294579142353
308.6909169353343,272.8502745423377,29.630530181127256,19.70294579142353
308.2120212114062,272.8502745423377,29.630530181127256,19.70294579142353
308.2120212114062,272.8502745423377,29.630530181127256,19.70294579142353
308.2120212114062,272.5611212323853,31.510026695817828,19.992099101375914
308.2120212114062,272.5611212323853,31.510026695817828,19.992099101375914
307.4891379365252,272.5611212323853,31.510026695817828,19.992099101375914
307.4891379365252,272.5611212323853,31.510026695817828,19.992099101375914
307.4891379365252,272.5611212323853,31.510026695817828,19.992099101375914
307.4891379365252,272.5611212323853,31.510026695817828,19.992099101375914
307.4891379365252,272.5611212323853,31.510026695817828,19.992099101375914
307.4891379365252,272.5611212323853,31.510026695817828,19.992099101375914
307.4891379365252,272.5611212323853,31.510026695817828,19.992099101375914
307.4891379365252,272.5611212323853,31.510026695817828,19.992099101375914
307.4891379365252,272.5611212323853,31.510026695817828,19.992099101375914
307.4891379365252,272.5611212323853,31.510026695817828,19.992099101375914
307.4891379365252,272.5611212323853,31.510026695817828,19.992099101375914
306.8942775894103,273.3542683618718,31.510026695817828,19.992099101375914
306.8942775894103,273.3542683618718,31.510026695817828,19.992099101375914
307.63318335043687,273.7647715624421,31.510026695817828,19.992099101375914
307.334337031708,275.33371473576864,31.510026695817828,19.992099101375914
307.334337031708,275.33371473576864,31.510026695817828,19.992099101375914
307.334337031708,275.33371473576864,31.510026695817828,19.992099101375914
307.334337031708,275.8750376097817,31.510026695817828,19.992099101375914
308.03269068043994,275.1766839610498,31.510026695817828,19.992099101375914
308.03269068043994,275.1766839610498,31.510026695817828,19.992099101375914
308.03269068043994,275.1766839610498,31.510026695817828,19.992099101375914
308.03269068043994,275.1766839610498,31.510026695817828,19.992099101375914
308.03269068043994,275.1766839610498,31.510026695817828,19.992099101375914
308.03269068043994,275.1766839610498,31.510026695817828,19.992099101375914
309.9121871951305,274.0200707212402,31.510026695817828,19.992099101375914
309.46108480011964,274.92227551126194,31.510026695817828,19.992099101375914
309.46108480011964,274.92227551126194,31.510026695817828,19.992099101375914
309.46108480011964,274.92227551126194,31.510026695817828,19.992099101375914
310.90461246415447,275.1929369482685,31.510026695817828,19.992099101375914
310.90461246415447,275.1929369482685,31.510026695817828,19.992099101375914
310.90461246415447,275.1929369482685,31.510026695817828,19.992099101375914
311.7762027077912,275.0839881678139,31.510026695817828,19.992099101375914
311.7762027077912,275.0839881678139,31.510026695817828,19.992099101375914
311.7762027077912,275.0839881678139,31.510026695817828,19.992099101375914
311.9566436657955,275.26442912581825,31.510026695817828,19.992099101375914
311.9566436657955,275.26442912581825,31.510026695817828,19.992099101375914
311.9566436657955,275.26442912581825,31.510026695817828,19.992099101375914
311.9566436657955,275.26442912581825,31.510026695817828,19.992099101375914
312.58818701881074,275.71553152082913,31.510026695817828,19.992099101375914
312.58818701881074,275.71553152082913,31.510026695817828,19.992099101375914
312.75238829903884,276.6186385620838,31.510026695817828,19.992099101375914
312.75238829903884,276.6186385620838,31.510026695817828,19.992099101375914
312.75238829903884,276.6186385620838,31.510026695817828,19.992099101375914
313.6554953402935,276.7828398423119,31.510026695817828,19.992099101375914
313.6554953402935,276.7828398423119,31.510026695817828,19.992099101375914
313.6554953402935,276.7828398423119,31.510026695817828,19.992099101375914
313.6554953402935,276.7828398423119,31.510026695817828,19.992099101375914
314.57644872702724,276.7828398423119,31.510026695817828,19.992099101375914
313.3810634521118,276.483993523583,31.510026695817828,19.992099101375914
314.20289082861615,276.55870510326525,31.510026695817828,19.992099101375914
314.20289082861615,276.55870510326525,31.510026695817828,19.992099101375914
314.20289082861615,276.55870510326525,31.510026695817828,19.992099101375914
315.19278940855713,276.62057376451156,31.510026695817828,19.992099101375914
315.19278940855713,276.62057376451156,31.510026695817828,19.992099101375914
315.19278940855713,276.62057376451156,31.510026695817828,19.992099101375914
316.1842233204153,278.008581241113,31.510026695817828,19.992099101375914
316.1842233204153,278.008581241113,31.510026695817828,19.992099101375914
316.1842233204153,278.008581241113,31.510026695817828,19.992099101375914
316.6631190443434,278.7269248270051,31.510026695817828,19.992099101375914
316.6631190443434,278.7269248270051,31.510026695817828,19.992099101375914
317.67515562917674,279.3052314469099,31.510026695817828,19.992099101375914
317.67515562917674,279.3052314469099,31.510026695817828,19.992099101375914
317.67515562917674,279.3052314469099,31.510026695817828,19.992099101375914
317.67515562917674,279.3052314469099,31.510026695817828,19.992099101375914
317.67515562917674,279.3052314469099,31.510026695817828,19.992099101375914
319.69922879884354,280.8955746516481,31.510026695817828,19.992099101375914
319.69922879884354,280.8955746516481,31.510026695817828,19.992099101375914
319.69922879884354,280.8955746516481,31.510026695817828,19.992099101375914
320.65248159926193,281.3722010518573,31.510026695817828,19.992099101375914
320.65248159926193,281.3722010518573,31.510026695817828,19.992099101375914
320.65248159926193,281.3722010518573,31.510026695817828,19.992099101375914
322.04918889672587,279.97549375439337,33.43049922983073,21.912571635388815
322.04918889672587,279.97549375439337,33.43049922983073,21.912571635388815
320.99667074045874,281.29114144972726,33.43049922983073,21.912571635388815
320.99667074045874,281.29114144972726,33.43049922983073,21.912571635388815
320.99667074045874,281.29114144972726,33.43049922983073,21.912571635388815
320.99667074045874,281.29114144972726,33.43049922983073,21.912571635388815
324.0472365931872,281.29114144972726,33.43049922983073,21.912571635388815
324.0472365931872,281.29114144972726,33.43049922983073,21.912571635388815
324.0472365931872,281.29114144972726,33.43049922983073,21.912571635388815
324.625543213092,283.17063796441784,33.43049922983073,21.912571635388815
325.2833670607589,281.197166421417,33.43049922983073,21.912571635388815
325.2833670607589,281.197166421417,33.43049922983073,21.912571635388815
325.82811096303186,282.1777054455083,33.43049922983073,21.912571635388815
325.82811096303186,282.1777054455083,33.43049922983073,21.912571635388815
325.82811096303186,282.1777054455083,33.43049922983073,21.912571635388815
326.22468452777514,283.1691393573665,33.43049922983073,21.912571635388815
326.22468452777514,283.1691393573665,33.43049922983073,21.912571635388815
326.22468452777514,283.1691393573665,33.43049922983073,21.912571635388815
326.22468452777514,283.1691393573665,33.43049922983073,21.912571635388815
328.668922298337,284.5658466548304,33.43049922983073,21.912571635388815
328.668922298337,284.5658466548304,33.43049922983073,21.912571635388815
328.668922298337,284.5658466548304,33.43049922983073,21.912571635388815
328.668922298337,284.5658466548304,33.43049922983073,21.912571635388815
328.668922298337,284.5658466548304,33.43049922983073,21.912571635388815
328.668922298337,284.5658466548304,33.43049922983073,21.912571635388815
334.08215103846754,287.5431224619022,31.986971565795898,19.29617774432569
334.08215103846754,287.5431224619022,31.986971565795898,19.29617774432569
334.08215103846754,287.5431224619022,31.986971565795898,19.29617774432569
335.0031044252013,288.20094630956913,31.986971565795898,19.29617774432569
335.0031044252013,288.20094630956913,31.986971565795898,19.29617774432569
335.0031044252013,288.20094630956913,31.986971565795898,19.29617774432569
339.5526138025183,289.2784616884074,31.986971565795898,19.29617774432569
339.5526138025183,289.2784616884074,31.986971565795898,19.29617774432569
339.5526138025183,289.2784616884074,31.986971565795898,19.29617774432569
339.5526138025183,289.2784616884074,31.986971565795898,19.29617774432569
339.5526138025183,289.2784616884074,31.986971565795898,19.29617774432569
339.5526138025183,289.2784616884074,31.986971565795898,19.29617774432569
348.29076447302043,288.6429598214618,31.986971565795898,19.29617774432569
348.29076447302043,288.6429598214618,31.986971565795898,19.29617774432569
348.29076447302043,288.6429598214618,31.986971565795898,19.29617774432569
351.01448398438515,289.1877037237347,31.986971565795898,19.29617774432569
351.01448398438515,289.1877037237347,31.986971565795898,19.29617774432569
351.01448398438515,289.1877037237347,31.986971565795898,19.29617774432569
351.01448398438515,289.1877037237347,31.986971565795898,19.29617774432569
357.76930837256964,289.4056012846439,31.986971565795898,19.29617774432569
357.41013657962355,288.68725769875175,31.986971565795898,19.29617774432569
357.41013657962355,288.68725769875175,31.986971565795898,19.29617774432569
0,0,0,0
0,0,0,0
0,0,0,0
0,0,0,0
0,0,0,0
0,0,0,0
0,0,0,0
0,0,0,0
0,0,0,0
0,0,0,0
0,0,0,0
0,0,0,0
0,0,0,0
0,0,0,0
0,0,0,0
0,0,0,0
0,0,0,0
0,0,0,0
0,0,0,0
0,0,0,0
0,0,0,0
0,0,0,0
0,0,0,0
411.368218430898,278.7209702692851,31.986971565795898,19.29617774432569
410.2187931435417,279.87039555664137,36.33293099438936,18.497420535312642
415.3912069366452,279.29568291296323,36.9076436380675,17.922707891634445
414.24178164928884,280.44510820031957,36.9076436380675,15.623857316921828
413.6670690056107,281.0198208439977,35.75821835071116,16.19856996059997
415.9659195803233,278.7209702692851,31.986971565795898,19.29617774432569
413.0923563619325,279.87039555664137,31.986971565795898,19.29617774432569
416.5406322240015,279.29568291296323,31.986971565795898,19.29617774432569
406.77051728147273,282.7439587750322,31.986971565795898,19.29617774432569
406.1958046377946,281.5945334876759,31.986971565795898,19.29617774432569
403.3222414194038,280.44510820031957,31.986971565795898,19.29617774432569
401.59810348836936,279.29568291296323,31.986971565795898,19.29617774432569
0,0,0,0
0,0,0,0
0,0,0,0
0,0,0,0
0,0,0,0
0,0,0,0
0,0,0,0
0,0,0,0
0,0,0,0
0,0,0,0
0,0,0,0
0,0,0,0
0,0,0,0
0,0,0,0
0,0,0,0
333.7820115343463,279.29568291296323,34.034080419676684,24.24454697209427
333.20729889066814,279.8703955566414,35.75821835071116,23.669834328416073
335.5061494653808,279.2956829129633,31.16051720128587,23.669834328416016
321.3574363070327,279.9943539466692,37.626828065235316,23.944345132422484
322.1570780676664,281.68419172153017,36.08568093867876,21.801765567118423
324.9333342103705,280.940745174651,35.08148771819043,23.022226315062483
302.6419000639543,280.2191330014306,33.25208482838832,29.12779523727039
299.3317243253187,280.4730065783732,37.10727543370899,26.62659458602019
302.3481026288684,280.1950111622254,34.28469931699095,27.262531987004877
289.8410138252722,288.5665877040915,36.60064184527437,17.78722781265668
289.09225581006683,286.37345695008435,38.34103599734618,19.546410508451004
288.6960682918392,288.2142353361946,38.415385981688644,16.93581532526059
267.8175023047808,290.93125683168853,37.176179982279336,12.392059994093131
266.8847482810007,290.7468661315279,38.287008128674245,10.583400620934356
266.67137839619517,287.65752893494493,34.47804689116117,17.032126237468844
0,0,0,0
0,0,0,0
0,0,0,0
0,0,0,0
0,0,0,0
0,0,0,0
0,0,0,0
0,0,0,0
0,0,0,0
0,0,0,0
0,0,0,0
0,0,0,0
0,0,0,0
0,0,0,0
0,0,0,0
0,0,0,0
0,0,0,0
0,0,0,0
0,0,0,0
0,0,0,0
0,0,0,0
0,0,0,0
105.74712643678161,292.62068965517244,28.078911085891534,16.864367156623757
104.59770114942529,292.62068965517244,33.25132487899495,18.588505087658234
98.77478871395058,292.84992588235383,35.1332572630609,21.03513158891053
0,0,0,0
0,0,0,0
0,0,0,0
54.439828287619534,297.1765080355354,32.34178090778276,19.007400010441643
58.96468766961551,298.5753817743108,31.094108403596927,15.115728313555735
58.96468766961551,298.5753817743108,31.094108403596927,15.115728313555735
58.96468766961551,298.5753817743108,31.094108403596927,15.115728313555735
43.78491808586798,295.4129297776967,34.04573026710339,19.753991241923075
