452.23808754104516,187.52722114143245,25.96212460642863,15.808049204803211
452.2809841195291,187.53612730481203,25.613425695515446,15.469494726994498
452.2809841195291,187.53612730481203,25.613425695515446,15.469494726994498
452.2809841195291,187.53612730481203,25.613425695515446,15.469494726994498
454.31494911610093,187.53612730481203,25.613425695515446,15.469494726994498
454.31494911610093,187.53612730481203,25.613425695515446,15.469494726994498
454.31494911610093,187.53612730481203,25.613425695515446,15.469494726994498
454.31494911610093,187.53612730481203,25.613425695515446,15.469494726994498
457.6382721257687,186.7448599215578,25.613425695515446,15.469494726994498
457.6382721257687,186.7448599215578,25.613425695515446,15.469494726994498
457.6382721257687,186.7448599215578,25.613425695515446,15.469494726994498
457.6382721257687,186.7448599215578,25.613425695515446,15.469494726994498
457.6382721257687,186.7448599215578,25.613425695515446,15.469494726994498
457.6382721257687,186.7448599215578,25.613425695515446,15.469494726994498
461.73336436772144,185.4848315394185,25.613425695515446,15.469494726994498
461.73336436772144,185.4848315394185,25.613425695515446,15.469494726994498
461.73336436772144,185.4848315394185,25.613425695515446,15.469494726994498
461.73336436772144,185.4848315394185,25.613425695515446,15.469494726994498
461.73336436772144,185.4848315394185,25.613425695515446,15.469494726994498
461.73336436772144,185.4848315394185,25.613425695515446,15.469494726994498
464.7910332449234,185.10262292976824,26.09118645757826,15.947255489057312
464.7910332449234,185.10262292976824,26.09118645757826,15.947255489057312
464.7910332449234,185.10262292976824,26.09118645757826,15.947255489057312
464.7910332449234,185.10262292976824,26.09118645757826,15.947255489057312
465.678627204669,185.10262292976824,26.09118645757826,15.947255489057312
465.678627204669,185.10262292976824,26.09118645757826,15.947255489057312
465.678627204669,185.10262292976824,26.09118645757826,15.947255489057312
469.5007133011715,184.81596647253056,26.09118645757826,15.947255489057312
469.5007133011715,184.81596647253056,26.09118645757826,15.947255489057312
469.5007133011715,184.81596647253056,26.09118645757826,15.947255489057312
469.5007133011715,184.81596647253056,26.09118645757826,15.947255489057312
469.5007133011715,184.81596647253056,26.09118645757826,15.947255489057312
469.5007133011715,184.81596647253056,26.09118645757826,15.947255489057312
472.4170934546213,184.0551716498915,28.880767473921537,16.708050311696383
472.4170934546213,184.0551716498915,28.880767473921537,16.708050311696383
472.4170934546213,184.0551716498915,28.880767473921537,16.708050311696383
474.44902650161464,184.0551716498915,28.880767473921537,16.708050311696383
474.44902650161464,184.0551716498915,28.880767473921537,16.708050311696383
474.44902650161464,184.0551716498915,28.880767473921537,16.708050311696383
478.27493480485305,183.3595519583936,28.011242859549156,15.925478158761251
478.27493480485305,183.3595519583936,28.011242859549156,15.925478158761251
478.27493480485305,183.3595519583936,28.011242859549156,15.925478158761251
480.7965561865329,183.27259949695636,28.011242859549156,15.925478158761251
480.7965561865329,183.27259949695636,28.011242859549156,15.925478158761251
480.7965561865329,183.27259949695636,28.011242859549156,15.925478158761251
483.23122510677547,183.3595519583936,28.011242859549156,15.925478158761251
483.23122510677547,183.3595519583936,28.011242859549156,15.925478158761251
483.23122510677547,183.3595519583936,28.011242859549156,15.925478158761251
483.23122510677547,183.3595519583936,28.011242859549156,15.925478158761251
486.40120353443825,183.3595519583936,28.011242859549213,15.925478158761251
486.40120353443825,183.3595519583936,28.011242859549213,15.925478158761251
486.40120353443825,183.3595519583936,28.011242859549213,15.925478158761251
491.0927716073792,183.3595519583936,28.01124285954927,15.925478158761251
491.0927716073792,183.3595519583936,28.01124285954927,15.925478158761251
491.0927716073792,183.3595519583936,28.01124285954927,15.925478158761251
491.0927716073792,183.3595519583936,28.01124285954927,15.925478158761251
491.0927716073792,183.3595519583936,28.01124285954927,15.925478158761251
491.0927716073792,183.3595519583936,28.01124285954927,15.925478158761251
496.13601437073885,182.403074882584,28.01124285954927,15.925478158761251
496.13601437073885,182.403074882584,28.01124285954927,15.925478158761251
496.33920767543816,183.82542801547933,28.01124285954927,15.925478158761251
496.33920767543816,183.82542801547933,28.01124285954927,15.925478158761251
497.8535869591334,183.4888992857693,28.01124285954927,15.925478158761251
497.8535869591334,183.4888992857693,28.01124285954927,15.925478158761251
502.7267467321741,183.2022428285316,28.01124285954927,15.925478158761251
502.7267467321741,183.2022428285316,28.01124285954927,15.925478158761251
502.7267467321741,183.2022428285316,28.01124285954927,15.925478158761251
504.3421678187963,183.2022428285316,28.011242859549327,15.925478158761251
504.3421678187963,183.2022428285316,28.011242859549327,15.925478158761251
504.3421678187963,183.2022428285316,28.011242859549327,15.925478158761251
509.9773051277627,182.61251915666304,28.011242859549213,15.925478158761251
509.9773051277627,182.61251915666304,28.011242859549213,15.925478158761251
509.9773051277627,182.61251915666304,28.011242859549213,15.925478158761251
509.9773051277627,182.61251915666304,28.011242859549213,15.925478158761251
514.277151986328,182.80362346148817,28.01124285954927,15.925478158761251
514.277151986328,182.80362346148817,28.01124285954927,15.925478158761251
514.277151986328,182.80362346148817,28.01124285954927,15.925478158761251
518.3639176738781,182.45581361573923,28.01124285954927,15.925478158761251
518.3639176738781,182.45581361573923,28.01124285954927,15.925478158761251
518.3639176738781,182.45581361573923,28.01124285954927,15.925478158761251
521.7082430083177,181.21363563437592,28.01124285954927,15.925478158761251
521.7082430083177,181.21363563437592,28.01124285954927,15.925478158761251
521.7082430083177,181.21363563437592,28.01124285954927,15.925478158761251
526.5383518065183,180.79362617366283,28.01124285954927,15.925478158761251
526.5383518065183,180.79362617366283,28.01124285954927,15.925478158761251
526.5383518065183,180.79362617366283,28.01124285954927,15.925478158761251
529.6038254465802,180.79362617366283,28.01124285954927,15.925478158761251
529.6038254465802,180.79362617366283,28.01124285954927,15.925478158761251
529.3465852548908,180.9942789875299,28.285961315116083,17.835482996723414
533.1686713513933,179.656548853754,28.285961315116083,17.835482996723414
533.1686713513933,179.656548853754,28.285961315116083,17.835482996723414
533.1686713513933,179.656548853754,28.285961315116083,17.835482996723414
536.512996685833,179.46544454892887,28.285961315116083,17.835482996723414
536.512996685833,179.46544454892887,28.285961315116083,17.835482996723414
536.512996685833,179.46544454892887,28.285961315116083,17.835482996723414
539.9528741726853,179.36989239651632,28.285961315116083,17.835482996723414
539.9528741726853,179.36989239651632,28.285961315116083,17.835482996723414
539.9528741726853,179.36989239651632,28.285961315116083,17.835482996723414
539.9528741726853,179.36989239651632,28.285961315116083,17.835482996723414
543.9914268892409,179.60066683746234,28.285961315116083,17.835482996723414
543.6781609195402,178.82758620689654,29.885057471264417,18.390804597701162
544.2528735632184,178.2528735632184,30.459770114942557,18.390804597701134
0,0,0,0
0,0,0,0
0,0,0,0
0,0,0,0
0,0,0,0
0,0,0,0
0,0,0,0
0,0,0,0
0,0,0,0
0,0,0,0
0,0,0,0
0,0,0,0
0,0,0,0
0,0,0,0
0,0,0,0
0,0,0,0
0,0,0,0
0,0,0,0
0,0,0,0
0,0,0,0
0,0,0,0
0,0,0,0
0,0,0,0
0,0,0,0
0,0,0,0
0,0,0,0
0,0,0,0
0,0,0,0
0,0,0,0
0,0,0,0
0,0,0,0
0,0,0,0
0,0,0,0
0,0,0,0
0,0,0,0
0,0,0,0
0,0,0,0
0,0,0,0
0,0,0,0
0,0,0,0
0,0,0,0
0,0,0,0
0,0,0,0
0,0,0,0
0,0,0,0
0,0,0,0
0,0,0,0
0,0,0,0
0,0,0,0
0,0,0,0
0,0,0,0
0,0,0,0
0,0,0,0
0,0,0,0
0,0,0,0
0,0,0,0
0,0,0,0
0,0,0,0
623.5632183908046,170.7816091954023,14.367816091953955,16.091954022988517
624.1379310344828,170.20689655172413,14.367816091953955,19.54022988505747
624.7126436781609,170.20689655172413,14.367816091954069,18.390804597701162
625.2873563218391,169.632183908046,13.218390804597675,19.54022988505747
624.7126436781609,170.20689655172413,13.793103448275815,18.390804597701162
624.7126436781609,171.93103448275863,13.793103448275815,17.241379310344826
624.7126436781609,170.7816091954023,13.793103448275815,17.816091954022994
625.3444192350373,169.2807264188985,13.599303410436164,19.099503594921543
625.3444192350373,169.2807264188985,13.599303410436164,19.099503594921543
625.3444192350373,169.2807264188985,13.599303410436164,19.099503594921543
625.3444192350373,169.2807264188985,13.599303410436164,19.099503594921543
625.3444192350373,169.2807264188985,13.599303410436164,19.099503594921543
625.3444192350373,169.2807264188985,13.599303410436164,19.099503594921543
625.3444192350373,169.2807264188985,13.599303410436164,19.099503594921543
630.7288789103982,169.11246205404348,9.27112108960182,15.734216297821035
630.7288789103982,169.11246205404348,9.27112108960182,15.734216297821035
630.7288789103982,169.11246205404348,9.27112108960182,15.734216297821035
630.7288789103982,169.11246205404348,9.27112108960182,15.734216297821035
630.7288789103982,169.11246205404348,9.27112108960182,15.734216297821035
630.7288789103982,169.11246205404348,9.27112108960182,15.734216297821035
0,0,0,0
0,0,0,0
0,0,0,0
0,0,0,0
0,0,0,0
0,0,0,0
0,0,0,0
0,0,0,0
0,0,0,0
0,0,0,0
0,0,0,0
0,0,0,0
0,0,0,0
0,0,0,0
0,0,0,0
0,0,0,0
0,0,0,0
0,0,0,0
0,0,0,0
0,0,0,0
0,0,0,0
0,0,0,0
0,0,0,0
0,0,0,0
0,0,0,0
0,0,0,0
0,0,0,0
0,0,0,0
0,0,0,0
0,0,0,0
0,0,0,0
0,0,0,0
0,0,0,0
0,0,0,0
0,0,0,0
0,0,0,0
0,0,0,0
0,0,0,0
0,0,0,0
0,0,0,0
0,0,0,0
0,0,0,0
0,0,0,0
0,0,0,0
0,0,0,0
0,0,0,0
0,0,0,0
0,0,0,0
0,0,0,0
0,0,0,0
0,0,0,0
0,0,0,0
0,0,0,0
0,0,0,0
0,0,0,0
0,0,0,0
0,0,0,0
0,0,0,0
0,0,0,0
0,0,0,0
0,0,0,0
0,0,0,0
0,0,0,0
0,0,0,0
0,0,0,0
0,0,0,0
0,0,0,0
0,0,0,0
0,0,0,0
0,0,0,0
0,0,0,0
0,0,0,0
0,0,0,0
0,0,0,0
0,0,0,0
0,0,0,0
0,0,0,0
0,0,0,0
0,0,0,0
0,0,0,0
0,0,0,0
0,0,0,0
0,0,0,0
0,0,0,0
0,0,0,0
0,0,0,0
0,0,0,0
0,0,0,0
0,0,0,0
0,0,0,0
0,0,0,0
0,0,0,0
0,0,0,0
0,0,0,0
0,0,0,0
0,0,0,0
0,0,0,0
0,0,0,0
0,0,0,0
0,0,0,0
0,0,0,0
0,0,0,0
0,0,0,0
0,0,0,0
0,0,0,0
0,0,0,0
0,0,0,0
0,0,0,0
0,0,0,0
0,0,0,0
0,0,0,0
0,0,0,0
0,0,0,0
0,0,0,0
0,0,0,0
0,0,0,0
0,0,0,0
0,0,0,0
0,0,0,0
0,0,0,0
0,0,0,0
0,0,0,0
0,0,0,0
0,0,0,0
0,0,0,0
0,0,0,0
0,0,0,0
0,0,0,0
0,0,0,0
0,0,0,0
0,0,0,0
0,0,0,0
0,0,0,0
0,0,0,0
634.7499393895807,201.0670986146472,5.250060610419268,10.259078480572299
634.3699214889544,201.59573316963156,5.542024839928672,9.555215241256292
634.3699214889544,201.59573316963156,5.542024839928672,9.555215241256292
628.6367923442007,201.59573316963156,11.275153984682447,10.31963246055679
628.6367923442007,201.59573316963156,11.275153984682447,10.31963246055679
628.6367923442007,201.59573316963156,11.275153984682447,10.31963246055679
625.8017284843872,201.59573316963156,14.110217844495878,14.309722337331266
625.8017284843872,201.59573316963156,14.110217844495878,14.309722337331266
625.8017284843872,201.59573316963156,14.110217844495878,14.309722337331266
625.8017284843872,201.59573316963156,14.110217844495878,14.309722337331266
625.8017284843872,201.59573316963156,14.110217844495878,14.309722337331266
625.8017284843872,201.59573316963156,14.110217844495878,14.309722337331266
625.8017284843872,201.59573316963156,14.110217844495878,14.309722337331266
625.8017284843872,201.59573316963156,14.110217844495878,14.309722337331266
625.8017284843872,201.59573316963156,14.110217844495878,14.309722337331266
625.8017284843872,201.59573316963156,14.110217844495878,14.309722337331266
625.8017284843872,201.59573316963156,14.110217844495878,14.309722337331266
625.8017284843872,201.59573316963156,8.27778577792833,10.349428958797773
625.8017284843872,201.59573316963156,8.27778577792833,10.349428958797773
0,0,0,0
0,0,0,0
0,0,0,0
0,0,0,0
0,0,0,0
0,0,0,0
0,0,0,0
0,0,0,0
0,0,0,0
0,0,0,0
0,0,0,0
0,0,0,0
0,0,0,0
0,0,0,0
0,0,0,0
0,0,0,0
574.672720427325,205.35751825383701,15.630254277442305,9.82473126010666
575.2474330710031,205.93223089751518,15.630254277442418,9.824731260106631
575.2474330710031,205.93223089751518,15.630254277442418,9.824731260106631
570.8307212148309,206.17760377841364,15.630254277442418,9.824731260106631
570.8307212148309,206.17760377841364,15.630254277442418,9.824731260106631
570.8307212148309,206.17760377841364,15.630254277442418,9.824731260106631
563.4230131093462,206.47391210263302,15.630254277442418,9.824731260106631
558.2998426541849,206.47391210263302,20.753424732603776,10.364012360649923
558.2998426541849,206.47391210263302,20.753424732603776,10.364012360649923
558.2998426541849,206.47391210263302,20.753424732603776,10.364012360649923
558.2998426541849,206.47391210263302,20.753424732603776,10.364012360649923
555.3553680834034,207.2100307453284,20.753424732603776,10.364012360649923
546.5219443710589,204.51092905544536,23.69789930338527,14.780724216822165
546.5219443710589,204.51092905544536,23.69789930338527,14.780724216822165
546.5219443710589,204.51092905544536,23.69789930338527,14.780724216822165
541.8034775896549,204.90413462056236,23.69789930338527,14.780724216822165
541.8034775896549,204.90413462056236,23.69789930338527,14.780724216822165
541.8034775896549,204.90413462056236,23.69789930338527,14.780724216822165
532.9279939682505,204.3494168942246,23.69789930338527,14.780724216822165
532.9279939682505,204.3494168942246,23.69789930338527,14.780724216822165
532.9279939682505,204.3494168942246,23.69789930338527,14.780724216822165
528.7213848468748,204.68594562393463,23.69789930338527,14.780724216822165
528.7213848468748,204.68594562393463,23.69789930338527,14.780724216822165
528.7213848468748,204.68594562393463,23.69789930338527,14.780724216822165
528.7213848468748,204.68594562393463,23.69789930338527,14.780724216822165
518.450074893127,205.13252431757584,23.69789930338527,14.780724216822165
518.450074893127,205.13252431757584,23.69789930338527,14.780724216822165
518.450074893127,205.13252431757584,23.69789930338527,14.780724216822165
514.430866650356,206.24897105167886,23.69789930338527,14.780724216822165
514.430866650356,206.24897105167886,23.69789930338527,14.780724216822165
514.430866650356,206.24897105167886,23.69789930338527,14.780724216822165
507.6898528935648,207.32753325276545,23.697899303385213,14.780724216822165
507.6898528935648,207.32753325276545,23.697899303385213,14.780724216822165
507.6898528935648,207.32753325276545,23.697899303385213,14.780724216822165
500.57403934750954,207.082160371867,23.697899303385213,14.780724216822165
500.57403934750954,207.082160371867,23.697899303385213,14.780724216822165
500.57403934750954,207.082160371867,23.697899303385213,14.780724216822165
491.48776364533813,207.92348219614212,23.697899303385213,14.780724216822165
491.48776364533813,207.92348219614212,23.697899303385213,14.780724216822165
491.48776364533813,207.92348219614212,23.697899303385213,14.780724216822165
487.17351484099174,207.38420109559883,23.697899303385213,14.780724216822165
487.17351484099174,207.38420109559883,23.697899303385213,14.780724216822165
487.17351484099174,207.38420109559883,23.697899303385213,14.780724216822165
476.8678538432565,206.64808245290345,23.697899303385213,14.780724216822165
476.8678538432565,206.64808245290345,23.697899303385213,14.780724216822165
476.8678538432565,206.64808245290345,23.697899303385213,14.780724216822165
476.8678538432565,206.64808245290345,23.697899303385213,14.780724216822165
476.8678538432565,206.64808245290345,23.697899303385213,14.780724216822165
476.8678538432565,206.64808245290345,23.697899303385213,14.780724216822165
476.8678538432565,206.64808245290345,23.697899303385213,14.780724216822165
463.83028757760366,206.94439077712283,23.697899303385213,14.780724216822165
463.83028757760366,206.94439077712283,23.697899303385213,14.780724216822165
463.66071866390405,208.94871546769784,25.03902684264449,17.885019173317488
458.765025739992,208.06517823763426,25.332109502758442,17.0113436076918
458.488059834724,208.05582782378718,24.94180825323042,14.909349067573487
459.05375800873287,207.94451392792095,28.60735981285046,15.477538135827928
449.6557100966991,209.23740078037923,26.249240917384043,15.480321566662383
450.1396511221641,209.64944172833106,25.399163087416582,16.661850985345296
450.03930469640994,209.46948631782305,22.570246404959164,14.074704218822859
446.1374625643985,209.92196359183276,25.35982742130244,12.426315436438188
445.79889943238464,208.6138146843598,26.250591294568892,15.750354776741347
445.34853414272,209.85818040369966,27.25546223196818,13.01524881863648
436.50197885098066,208.34605486452705,24.4655510865382,15.540350046384788
436.2463695020412,208.229970264369,24.885560547251316,15.855357141919626
435.83359076451677,207.80535114442367,25.48988829092457,15.481146843358147
422.97065172329707,208.60412331898686,24.923639622171493,15.577274763857162
423.04365664384903,208.10660174021737,24.626204917572863,14.728020858693696
423.3490784774703,208.34584723622163,24.291908665904998,14.084559421925377
409.795110255275,206.86221965768507,25.225768236916622,15.861657300485433
409.5127844244415,207.18853493369227,25.740224832621948,15.46949472699447
409.16554099059135,206.34063335843007,25.50057572453653,15.692661984330186
398.5521834805436,205.83334932244432,22.962056874130212,14.769564220546044
397.2201638525691,205.76078489294812,25.637063217437174,15.192333758481311
397.80738802787425,204.56663348813248,23.940539260646858,17.115385524058922
397.559210974481,205.79444994897486,24.365798865203544,15.57500084324775
392.67654338234235,205.27652786909906,25.095565277607875,16.905380793702392
394.3654078302412,205.9464477957256,23.423605756022255,14.654177000073048
393.55296890915514,205.34724772877473,24.180003259220598,16.255464375946616
384.01670955249864,204.8936925986546,25.154414063117486,14.423402559126998
383.95079656085716,205.3441636646569,26.247421381048014,15.215896452781465
384.4730230713996,205.54461696596607,25.130216084504013,13.759509947409043
380.28290117900787,205.54461696596607,25.130216084504013,13.759509947409043
380.28290117900787,205.54461696596607,25.130216084504013,13.759509947409043
380.28290117900787,205.54461696596607,25.130216084504013,13.759509947409043
371.90222601026596,205.54461696596607,25.130216084504013,13.759509947409043
371.90222601026596,205.54461696596607,25.130216084504013,13.759509947409043
371.90222601026596,205.14804340122282,25.130216084504013,13.759509947409043
369.0424676090107,204.98916793448643,25.130216084504013,13.759509947409043
369.0424676090107,204.98916793448643,25.130216084504013,13.759509947409043
368.54675065308163,205.28659810804388,25.130216084504013,13.759509947409043
361.8050000524462,205.38574149922968,25.130216084504013,13.759509947409043
361.47659749198993,205.71414405968594,25.130216084504013,13.759509947409043
361.47659749198993,205.71414405968594,25.130216084504013,13.759509947409043
357.5971168948964,205.08260070667072,25.130216084504013,13.759509947409043
357.5971168948964,205.08260070667072,25.130216084504013,13.759509947409043
357.5971168948964,205.08260070667072,25.130216084504013,13.759509947409043
351.8082670354273,204.42477685900377,25.130216084504013,13.759509947409043
350.98643965892296,204.42477685900377,25.130216084504013,13.759509947409043
350.98643965892296,204.42477685900377,25.130216084504013,13.759509947409043
351.068540299037,204.9994813398022,25.130216084504013,13.759509947409043
347.4002348251618,204.60290777505895,25.130216084504013,13.759509947409043
347.4002348251618,204.60290777505895,25.130216084504013,13.759509947409043
347.4002348251618,204.60290777505895,25.130216084504013,13.759509947409043
340.0919633552873,203.96740590811334,25.130216084504013,13.759509947409043
340.0919633552873,203.96740590811334,25.130216084504013,13.759509947409043
340.0919633552873,203.96740590811334,25.130216084504013,13.759509947409043
336.25101828726156,203.79281749593034,25.130216084504013,13.759509947409043
336.25101828726156,203.79281749593034,25.130216084504013,13.759509947409043
336.25101828726156,203.79281749593034,25.130216084504013,13.759509947409043
329.442070212125,204.4911711446623,25.130216084504013,13.759509947409043
329.442070212125,204.4911711446623,25.130216084504013,13.759509947409043
329.442070212125,204.4911711446623,25.130216084504013,13.759509947409043
326.55501488405537,204.76183258166884,25.130216084504013,13.759509947409043
326.55501488405537,204.76183258166884,25.130216084504013,13.759509947409043
326.55501488405537,204.76183258166884,25.130216084504013,13.759509947409043
320.19999621459925,207.30384004945128,25.130216084504013,13.759509947409043
319.89628260208093,207.11059302286216,24.543501078078407,14.957258274729213
320.629719664082,207.65818880960822,23.695697257337486,14.291660747898078
317.3073520100702,208.53937535585365,23.943171902322774,15.157822005346446
317.5804022731912,209.454352682998,23.448222612352254,14.415398070390694
317.3992167105999,209.15851959895613,24.079715539659958,14.499062761114402
310.8895167368598,211.35559494067545,24.407526002853558,13.801470135318311
310.7849609909681,211.81197140741693,24.290130840524796,13.979218157199966
311.25764628944995,211.700390449129,23.750834139100334,12.964904874096078
311.41021402308644,211.5996963267787,23.72708499296357,14.367612019960632
307.93579361690956,214.02368006730345,24.135575852403974,13.121594759194267
308.3458381765659,213.09450108472566,24.30178947376197,13.628706258934102
308.523130437183,213.40987013943345,23.637765498570104,13.893953766335102
302.69912078265463,215.43376281132853,24.128777886061698,14.662872715375954
303.02319040202997,215.19584622086842,24.09660531753525,15.25743000245808
302.90288074728113,214.88448636202884,24.747463690915595,15.365183500403646
300.7048474427243,216.91465185820294,24.267789293435442,14.840015035554046
300.77850496145413,217.5123796751142,24.488417622896407,14.47493511312905
300.6072699350505,216.5900306029901,24.580109715448998,15.091739095807583
297.7845281001486,220.13026574173603,23.908426935576642,14.796158556356858
297.77624889760955,219.87808953277317,24.219688833647922,14.44971266007471
297.83139558663964,220.19516073304604,23.982417077991272,13.82164224120993
295.3789092060245,220.8393970160469,25.286997155130734,15.352819701329366
295.8400664873049,221.66615852469653,24.865741441810428,14.340559879139334
295.6848984542137,221.0413985052085,25.08129316260488,15.698363346378613
293.3362726460198,223.74741011023497,25.48988843348053,14.972216021607494
293.7646090163448,224.80912674255637,24.630192034218226,13.7929075391622
293.7646090163448,224.80912674255637,24.630192034218226,13.7929075391622
293.7646090163448,224.80912674255637,24.630192034218226,13.7929075391622
293.7646090163448,224.80912674255637,24.630192034218226,13.7929075391622
293.7646090163448,224.80912674255637,24.630192034218226,13.7929075391622
292.3279218445605,227.68250108612503,24.630192034218226,13.7929075391622
292.3279218445605,227.68250108612503,25.12590899014731,17.461213013037366
291.7330614974456,227.68250108612503,25.12590899014731,17.461213013037366
291.7330614974456,227.68250108612503,25.12590899014731,17.461213013037366
290.8949939805714,228.52056860299922,25.12590899014731,17.461213013037366
290.8949939805714,228.52056860299922,25.12590899014731,17.461213013037366
290.8949939805714,228.52056860299922,25.12590899014731,17.461213013037366
290.8949939805714,228.52056860299922,25.12590899014731,17.461213013037366
289.74558501897457,229.9983801250523,25.12590899014731,17.461213013037366
289.2008411167016,230.43417524687067,25.12590899014731,17.461213013037366
289.1106206376994,230.614616204875,25.12590899014731,17.461213013037366
289.1106206376994,230.614616204875,25.12590899014731,17.461213013037366
289.1106206376994,230.86091812521718,24.38700322912075,17.21491109269519
287.0405938090622,235.00097178249155,24.38700322912075,17.21491109269519
287.0405938090622,235.00097178249155,24.38700322912075,17.21491109269519
287.0405938090622,235.00097178249155,24.38700322912075,17.21491109269519
287.0405938090622,235.00097178249155,24.38700322912075,17.21491109269519
287.0405938090622,235.00097178249155,24.38700322912075,17.21491109269519
287.0405938090622,235.00097178249155,24.38700322912075,17.21491109269519
284.4066673274576,238.2335179190063,24.38700322912075,17.21491109269519
283.5392073976004,238.81182453891108,24.38700322912075,17.21491109269516
283.5392073976004,238.81182453891108,24.38700322912075,17.21491109269516
281.30260631553284,240.12747223424498,24.38700322912075,17.21491109269516
281.30260631553284,240.12747223424498,24.38700322912075,17.21491109269516
281.30260631553284,240.12747223424498,24.38700322912075,17.21491109269516
277.807346047332,242.3517287685546,24.38700322912075,17.21491109269516
277.807346047332,242.3517287685546,24.38700322912075,17.21491109269516
276.814920778308,242.3517287685546,24.38700322912075,17.21491109269516
276.814920778308,242.3517287685546,24.38700322912075,17.21491109269516
274.38450543406196,244.913708882334,24.38700322912075,17.21491109269516
276.68335600877464,242.61485830762138,24.38700322912075,17.21491109269516
276.68335600877464,242.61485830762138,24.38700322912075,17.21491109269516
271.3468144013607,244.50317303024477,24.38700322912075,17.214911092695132
271.3468144013607,244.50317303024477,24.38700322912075,17.214911092695132
270.9130844364321,246.52724619991153,24.38700322912075,17.214911092695104
268.4552813018367,246.52724619991153,21.774603755634587,15.633673340318353
268.4552813018367,246.52724619991153,20.62517846827825,15.058960696640213
268.4552813018367,247.10195884358967,24.38700322912075,17.214911092695104
263.7014628621801,246.42890666532486,24.38700322912075,17.214911092695104
261.40261228746743,247.5783319526812,24.38700322912075,17.214911092695104
260.2531870001111,246.42890666532486,24.38700322912075,17.214911092695104
0,0,0,0
0,0,0,0
0,0,0,0
0,0,0,0
0,0,0,0
0,0,0,0
0,0,0,0
0,0,0,0
0,0,0,0
0,0,0,0
235.47353415022434,249.8690778630026,24.38700322912075,17.214911092695104
237.19767208125887,251.01850315035892,24.387003229120808,17.214911092695104
237.19767208125887,251.01850315035892,24.387003229120808,17.214911092695104
233.00733449688792,251.01850315035892,24.387003229120836,17.214911092695104
233.00733449688792,251.01850315035892,24.387003229120836,17.214911092695104
233.00733449688792,251.01850315035892,24.387003229120836,17.214911092695104
225.14126337494253,251.40221393679528,24.387003229120836,17.214911092695075
225.14126337494253,251.40221393679528,24.387003229120836,17.214911092695075
225.14126337494253,251.40221393679528,24.387003229120836,17.214911092695075
221.00120971766816,249.87693101043104,24.387003229120836,17.214911092695075
221.00120971766816,249.87693101043104,24.387003229120836,17.214911092695075
221.00120971766816,249.87693101043104,24.387003229120836,17.214911092695075
212.5810644675313,249.61380147136427,24.387003229120836,17.214911092695075
212.5810644675313,249.61380147136427,24.387003229120836,17.214911092695075
212.5810644675313,249.61380147136427,24.387003229120836,17.214911092695075
209.1058424529729,250.54052734191316,24.387003229120836,17.214911092695047
209.1058424529729,250.54052734191316,24.387003229120836,17.214911092695047
209.1058424529729,250.54052734191316,24.387003229120836,17.214911092695047
199.4672109473884,250.66196139595777,24.387003229120836,14.418076243627553
199.4672109473884,250.66196139595777,24.387003229120836,14.418076243627553
199.4672109473884,250.66196139595777,24.387003229120836,14.418076243627553
195.88309868455912,251.2944517952806,24.387003229120836,14.418076243627553
195.88309868455912,251.2944517952806,24.387003229120836,14.418076243627553
195.88309868455912,251.2944517952806,24.387003229120836,14.418076243627553
187.0792029143445,252.45285913346672,24.387003229120836,14.418076243627553
187.0792029143445,252.45285913346672,24.387003229120836,14.418076243627553
186.83975505238044,253.2909266503409,24.387003229120836,14.418076243627524
186.83975505238044,253.2909266503409,24.387003229120836,14.418076243627524
182.50604937932113,249.70166810952236,24.387003229120836,14.418076243627524
181.931336735643,250.8510933968787,24.387003229120836,14.418076243627524
182.50604937932115,250.8510933968787,24.387003229120836,14.418076243627524
174.973942343092,252.00051868423503,24.387003229120836,14.418076243627524
176.12336763044834,253.7246566152695,24.387003229120836,14.418076243627524
176.12336763044834,253.7246566152695,24.387003229120836,14.418076243627524
172.67509176837936,250.8510933968787,24.387003229120836,14.418076243627524
171.79325593361565,251.4294000167835,24.387003229120836,14.418076243627496
170.64383064625935,250.85468737310535,24.387003229120836,14.418076243627496
164.89670420947775,252.57882530413983,24.387003229120836,14.418076243627496
162.05365224202234,253.83960029989984,24.387003229120836,14.418076243627496
162.05365224202234,253.83960029989984,24.387003229120836,14.418076243627496
155.72242426582238,252.88032333380895,24.387003229120836,14.418076243627496
155.72242426582238,252.88032333380895,24.387003229120836,14.418076243627496
155.72242426582238,252.88032333380895,24.387003229120836,14.418076243627496
149.23534317198005,249.40510131925055,24.387003229120836,14.418076243627524
149.23534317198005,249.40510131925055,24.387003229120836,14.418076243627524
149.23534317198005,249.40510131925055,24.387003229120836,14.418076243627524
145.20637991439827,251.13179985821418,24.387003229120836,14.418076243627553
145.20637991439827,251.13179985821418,24.387003229120836,14.418076243627553
145.20637991439827,251.13179985821418,24.387003229120836,14.418076243627553
138.53361031146937,252.40280359210539,24.387003229120836,14.418076243627581
138.53361031146937,252.40280359210539,24.387003229120836,14.418076243627581
138.53361031146937,252.40280359210539,24.387003229120836,14.418076243627581
138.53361031146937,252.40280359210539,24.387003229120836,14.418076243627581
134.51807683126063,251.70444994337342,24.387003229120836,14.418076243627553
134.51807683126063,251.70444994337342,24.387003229120836,14.418076243627553
134.51807683126063,251.70444994337342,24.387003229120836,14.418076243627553
127.79931426978105,251.4727684757362,24.387003229120822,14.418076243627524
127.79931426978105,251.4727684757362,24.387003229120822,14.418076243627524
127.79931426978105,251.4727684757362,24.387003229120822,14.418076243627524
124.0878724093382,252.0713881306463,24.387003229120822,14.418076243627524
124.0878724093382,252.0713881306463,24.387003229120822,14.418076243627524
124.0878724093382,252.0713881306463,24.387003229120822,14.418076243627524
116.72024531546845,252.0713881306463,24.387003229120808,14.418076243627524
116.72024531546845,252.0713881306463,24.387003229120808,14.418076243627524
116.72024531546845,252.0713881306463,24.387003229120808,14.418076243627524
114.2760075449066,252.59515336719528,24.387003229120808,14.418076243627524
114.2760075449066,252.59515336719528,24.387003229120808,14.418076243627524
114.2760075449066,252.59515336719528,24.387003229120808,14.418076243627524
106.05363235371003,250.81811942677626,26.555653053763805,15.14095951850851
107.01142380156625,252.13508266757856,26.55565305376382,15.14095951850851
107.01142380156625,252.13508266757856,26.55565305376382,15.14095951850851
102.40689436432993,251.55951648792401,26.55565305376382,15.140959518508481
102.40689436432993,251.55951648792401,26.55565305376382,15.140959518508481
102.40689436432993,251.55951648792401,26.55565305376382,15.140959518508481
96.29629993792531,251.90869331228998,26.55565305376382,15.140959518508453
96.29629993792531,251.90869331228998,26.55565305376382,15.140959518508453
96.29629993792531,251.90869331228998,26.55565305376382,15.140959518508453
96.29629993792531,251.90869331228998,26.55565305376382,15.140959518508453
94.02665057954646,252.43245854883895,26.55565305376382,15.140959518508453
94.02665057954646,252.43245854883895,26.55565305376382,15.140959518508453
94.02665057954646,252.43245854883895,26.55565305376382,15.140959518508453
87.21770250440989,251.73410490010698,26.55565305376382,15.140959518508481
87.21770250440989,251.73410490010698,26.55565305376382,15.140959518508481
87.21770250440989,251.73410490010698,26.55565305376382,15.140959518508481
84.59887632166505,251.73410490010698,26.55565305376382,15.140959518508481
84.59887632166505,251.73410490010698,26.55565305376382,15.140959518508481
84.59887632166505,251.73410490010698,26.55565305376382,15.140959518508481
77.76723125199975,251.5752294333706,26.55565305376382,15.140959518508481
77.76723125199975,251.5752294333706,26.55565305376382,15.140959518508481
77.76723125199975,251.5752294333706,26.55565305376382,15.140959518508481
74.99121629879691,251.5752294333706,26.55565305376382,15.140959518508481
74.99121629879691,251.5752294333706,26.55565305376382,15.140959518508481
74.99121629879691,251.5752294333706,26.55565305376382,15.140959518508481
69.07080166979443,250.78584081617026,26.55565305376382,15.14095951850851
69.07080166979443,250.78584081617026,26.55565305376382,15.14095951850851
69.07080166979443,250.78584081617026,26.55565305376382,15.14095951850851
66.82945427932796,251.23411029426356,26.55565305376382,15.140959518508481
66.82945427932796,251.23411029426356,26.55565305376382,15.140959518508481
66.82945427932796,251.23411029426356,26.55565305376382,15.140959518508481
60.951062010081074,251.07523482752717,26.55565305376382,15.140959518508481
60.951062010081074,251.07523482752717,26.55565305376382,15.140959518508481
60.951062010081074,251.07523482752717,26.55565305376382,15.140959518508481
60.951062010081074,251.07523482752717,26.55565305376382,15.140959518508481
57.838239804548365,250.8357869655631,26.55565305376382,15.140959518508453
57.838239804548365,250.8357869655631,26.55565305376382,15.140959518508453
57.838239804548365,250.8357869655631,26.55565305376382,15.140959518508453
52.082578008002955,250.8357869655631,26.55565305376382,15.140959518508453
52.082578008002955,250.8357869655631,26.55565305376382,15.140959518508453
52.082578008002955,250.8357869655631,26.55565305376382,15.140959518508453
49.57675605754741,250.8357869655631,26.55565305376382,15.140959518508453
49.57675605754741,250.8357869655631,26.55565305376382,15.140959518508453
49.57675605754741,250.8357869655631,26.55565305376382,15.140959518508453
45.40648964007733,251.5308313684748,26.555653053763812,15.140959518508424
45.40648964007733,251.5308313684748,26.555653053763812,15.140959518508424
45.40648964007733,251.5308313684748,26.555653053763812,15.140959518508424
43.382416470410554,251.5308313684748,26.555653053763812,15.140959518508424
43.382416470410554,251.5308313684748,26.555653053763812,15.140959518508424
43.382416470410554,251.5308313684748,26.555653053763812,15.140959518508424
37.63209978163326,251.6299747596606,26.55565305376382,15.140959518508424
37.63209978163326,251.6299747596606,26.55565305376382,15.140959518508424
37.63209978163326,251.6299747596606,26.55565305376382,15.140959518508424
34.74056668210929,251.34082144970822,26.55565305376382,15.140959518508424
34.74056668210929,251.34082144970822,26.55565305376382,15.140959518508424
34.74056668210929,251.34082144970822,26.55565305376382,15.140959518508424
30.267364517974084,252.3933396059753,26.555653053763823,15.140959518508396
30.267364517974084,252.3933396059753,26.555653053763823,15.140959518508396
30.267364517974084,252.3933396059753,26.555653053763823,15.140959518508396
30.267364517974084,252.3933396059753,26.555653053763823,15.140959518508396
28.243291348307306,251.52587967611814,26.555653053763823,15.140959518508367
28.243291348307306,251.52587967611814,26.555653053763823,15.140959518508367
28.243291348307306,251.52587967611814,26.555653053763823,15.140959518508367
23.878581043732584,252.39882173703307,26.555653053763823,15.140959518508396
23.878581043732584,252.39882173703307,26.555653053763823,15.140959518508396
23.878581043732584,252.39882173703307,26.555653053763823,15.140959518508396
21.378850422598205,252.1356921979663,26.55565305376382,15.140959518508396
21.378850422598205,252.1356921979663,26.55565305376382,15.140959518508396
21.378850422598205,252.1356921979663,26.55565305376382,15.140959518508396
16.318667498431264,251.41280892308532,26.555653053763823,15.140959518508396
16.318667498431264,251.41280892308532,26.555653053763823,15.140959518508396
16.318667498431264,251.41280892308532,26.555653053763823,15.140959518508396
15.120230913430788,251.95755282535828,26.55565305376382,15.140959518508396
15.120230913430788,251.95755282535828,26.55565305376382,15.140959518508396
15.120230913430788,251.95755282535828,26.55565305376382,15.140959518508396
10.930109021039055,252.30672964972425,26.555653053763823,15.140959518508367
10.930109021039055,252.30672964972425,26.555653053763823,15.140959518508367
10.930109021039055,252.30672964972425,26.555653053763823,15.140959518508367
8.959410354167435,252.30672964972425,26.555653053763823,15.140959518508367
8.959410354167435,252.30672964972425,26.555653053763823,15.140959518508367
8.959410354167435,252.30672964972425,26.555653053763823,15.140959518508367
4.738591703367465,252.30672964972425,26.555653053763823,15.140959518508367
4.738591703367465,252.30672964972425,26.555653053763823,15.140959518508367
4.738591703367465,252.30672964972425,26.555653053763823,15.140959518508367
4.738591703367465,252.30672964972425,26.555653053763823,15.140959518508367
2.4253652237482917,251.58384637484326,26.555653053763823,15.140959518508367
2.4253652237482917,251.58384637484326,26.555653053763823,15.140959518508367
2.4253652237482917,251.58384637484326,26.555653053763823,15.140959518508367
0,251.58384637484326,26.103187379239408,15.140959518508367
0,251.58384637484326,26.103187379239408,15.140959518508367
0,251.58384637484326,26.103187379239408,15.140959518508367
0,251.58384637484326,24.32102242052326,15.140959518508367
0,251.58384637484326,24.32102242052326,15.140959518508367
0,251.58384637484326,24.32102242052326,15.140959518508367
0,251.2001355884069,19.33278219685057,15.140959518508396
0,251.2001355884069,19.33278219685057,15.140959518508396
0,251.2001355884069,19.33278219685057,15.140959518508396
0,250.5676451890841,17.224480865774524,15.140959518508396
0,250.5676451890841,17.224480865774524,15.140959518508396
0,250.5676451890841,17.224480865774524,15.140959518508396
0,250.7422336012671,13.383535797748769,15.140959518508367
0,250.7422336012671,13.383535797748769,15.140959518508367
0,250.7422336012671,13.383535797748769,15.140959518508367
0,250.35852281483074,10.697560292694241,12.683156383912944
0,250.35852281483074,10.697560292694241,12.683156383912944
0,250.35852281483074,10.697560292694241,12.683156383912944
0,249.7006989671638,8.066264902026473,12.683156383912916
0,249.7006989671638,8.066264902026473,12.683156383912916
0,249.7006989671638,8.066264902026473,12.683156383912916
0,249.7006989671638,8.066264902026473,12.683156383912916
0,0,0,0
0,0,0,0
0,0,0,0
0,0,0,0
0,0,0,0
0,0,0,0
0,0,0,0
0,0,0,0
0,0,0,0
0,0,0,0
0,0,0,0
0,0,0,0
0,0,0,0
0,0,0,0
0,0,0,0
0,0,0,0
0,0,0,0
0,0,0,0
0,0,0,0
0,0,0,0
0,0,0,0
0,0,0,0
0,0,0,0
0,0,0,0
0,0,0,0
0,0,0,0
0,0,0,0
0,0,0,0
0,0,0,0
0,0,0,0
0,0,0,0
0,0,0,0
0,0,0,0
0,0,0,0
0,0,0,0
0,0,0,0
0,0,0,0
0,0,0,0
0,0,0,0
0,0,0,0
0,0,0,0
0,0,0,0
0,0,0,0
0,0,0,0
0,0,0,0
0,0,0,0
0,0,0,0
0,0,0,0
0,0,0,0
0,0,0,0
0,0,0,0
0,0,0,0
0,0,0,0
0,0,0,0
0,0,0,0
0,0,0,0
0,0,0,0
0,0,0,0
0,0,0,0
0,0,0,0
0,0,0,0
0,0,0,0
0,0,0,0
0,0,0,0
0,0,0,0
0,0,0,0
0,0,0,0
0,0,0,0
0,0,0,0
0,0,0,0
0,0,0,0
0,0,0,0
0,0,0,0
0,0,0,0
0,0,0,0
0,0,0,0
0,0,0,0
0,0,0,0
0,0,0,0
0,0,0,0
0,0,0,0
0,0,0,0
0,0,0,0
0,0,0,0
0,0,0,0
0,0,0,0
0,0,0,0
0,0,0,0
0,0,0,0
0,0,0,0
0,0,0,0
0,0,0,0
0,0,0,0
0,0,0,0
0,0,0,0
0,0,0,0
0,0,0,0
0,0,0,0
0,0,0,0
0,0,0,0
0,0,0,0
0,0,0,0
0,0,0,0
0,0,0,0
0,0,0,0
0,0,0,0
0,0,0,0
0,0,0,0
0,0,0,0
0,0,0,0
0,0,0,0
0,0,0,0
0,0,0,0
0,0,0,0
0,0,0,0
0,0,0,0
0,0,0,0
0,0,0,0
0,0,0,0
0,0,0,0
0,0,0,0
0,0,0,0
0,0,0,0
0,0,0,0
0,0,0,0
0,0,0,0
0,0,0,0
0,0,0,0
0,0,0,0
0,0,0,0
0,0,0,0
0,0,0,0
0,0,0,0
0,0,0,0
0,0,0,0
0,0,0,0
0,0,0,0
0,0,0,0
0,0,0,0
0,0,0,0
0,0,0,0
0,0,0,0
0,0,0,0
0,0,0,0
0,0,0,0
0,0,0,0
0,0,0,0
0,0,0,0
0,0,0,0
0,0,0,0
0,0,0,0
0,0,0,0
0,0,0,0
0,0,0,0
0,0,0,0
0,0,0,0
0,0,0,0
0,0,0,0
0,0,0,0
0,0,0,0
0,0,0,0
0,0,0,0
0,0,0,0
0,0,0,0
0,0,0,0
0,0,0,0
0,0,0,0
0,0,0,0
0,0,0,0
0,0,0,0
0,0,0,0
0,0,0,0
0,0,0,0
0,0,0,0
0,0,0,0
0,0,0,0
0,0,0,0
0,0,0,0
0,0,0,0
0,0,0,0
0,0,0,0
0,0,0,0
0,0,0,0
0,0,0,0
0,0,0,0
0,0,0,0
0,0,0,0
0,0,0,0
0,0,0,0
0,0,0,0
0,0,0,0
0,0,0,0
0,0,0,0
0,0,0,0
0,0,0,0
0,0,0,0
0,0,0,0
0,0,0,0
0,0,0,0
0,0,0,0
0,0,0,0
0,0,0,0
0,0,0,0
0,0,0,0
0,0,0,0
0,0,0,0
1.7428034334535578,209.67029086874345,22.99030599378832,17.242729495341223
0.6608113168278891,210.91698336049592,22.936465296085437,13.90088805823359
0.4026719552459639,210.88883935981355,23.681658516009918,13.551171261939004
55.87468457208631,214.326027415405,28.148789448678897,14.164615203341612
56.38776243601738,214.36548064488176,27.78790753267019,13.623292329328564
56.46400444537905,214.40956890771767,27.670927808249033,13.257569834419058
68.417170044508,214.87714628467467,26.929009957411935,13.054001778135671
68.4064470822155,214.60097192954876,27.71799606210206,13.82164224120993
68.66249572985491,214.89266249186048,27.42702561666148,14.164615203341612
89.86395313646416,215.15814362075815,26.372142055426906,15.367225633801382
90.27453759525886,215.00730387898486,26.82145710591547,14.344623298985425
89.82285229195045,214.93130551862717,27.759557537095233,14.490838211188077
99.93544216304215,214.74020563430304,27.672990235465548,14.599136580914887
100.12064846933463,214.67538329072002,27.421613798096303,14.696014580416886
100.41218622288892,214.79550481714674,27.33680513765931,13.713512808330734
117.8317726315668,215.2242997280876,27.47463410036731,13.962518969039138
118.0432337728803,213.74304122055227,27.47463410036731,15.426331441599672
117.89145207427154,214.96710052290953,28.001429769974607,14.127994111214463
117.66035100378517,215.22824180406215,27.670927808249047,13.733482597705915
123.93526146427519,214.1008175567876,28.539823438606447,14.568758038032087
124.69473771228247,214.31234741048692,27.19313170179798,14.075119928466876
124.42897605906018,214.84397181688172,27.93098047438258,14.720856375806676
135.41914266928146,215.45523786586162,26.768715620170155,14.47493511312905
136.0050647085091,216.35399782749036,26.436406116727568,14.285511379846582
135.13516310586186,215.26014759404237,27.263002582574615,14.41335797382996
138.96200608896999,214.9209420324726,27.1024883414471,14.242895574522294
138.72096059641248,214.6480203886018,27.373094819087783,15.018524519922636
138.3670916426812,214.69827112893395,27.76852302658662,14.39659588647757
145.88242568268802,215.04099722641675,27.269726584008765,15.315873834854244
146.03772940086586,214.87051375794087,27.419149743373197,15.091739095807583
146.23004063622474,214.69491804773978,26.682708037069744,15.18861842110124
149.81553214615758,215.94961239549906,27.344438163690995,13.89635382089213
149.07817736668522,214.88920744852138,27.619592091293157,14.340126154926395
150.0052816041329,215.30667921336232,26.333986781670717,13.166993390835358
159.89403868028603,214.06340376095625,27.40781693211622,14.910347360361186
160.08106798239282,214.40516784047153,27.750016358552557,14.203410739732504
159.7332667403665,214.16700367049157,27.878128011672374,14.705938077354688
166.53602572838037,214.1053188079492,28.015399849794363,14.60631957980732
166.7407314308323,214.86077896143274,27.23579230054628,14.840015035554046
166.29063754905303,214.88321421229284,27.999836576829324,15.034931702733246
176.9287257161601,214.97790885194266,27.517246095663666,13.352630892322026
177.31616865565312,214.5768544937317,27.326580278661226,14.298792006276216
177.05913970400778,214.61088509780654,27.564041455010965,14.490187800460319
176.94704141339713,214.10257357459713,27.996318278894734,14.860215860645013
181.13985311888788,214.20869074008553,27.96463488333302,14.291660747898078
181.4723848357337,214.5085893206867,27.803206678870424,13.822165606067017
181.67089859055164,214.34784989058326,27.346143894101772,14.272290239551126
192.47492840021616,214.76412323210977,27.41678019488421,13.64852813195111
192.21430809018403,214.35359008745456,27.561862749656683,14.177504939571605
192.09288811394597,214.06918464909668,27.58581507832443,14.039209459504406
195.57839208637557,213.76483854897788,27.435321230199804,15.348431457454438
195.93888489919482,214.26758110511074,27.365472062944804,14.20899510960595
195.69707428490062,214.0994570608298,27.564041455010965,14.599136580914887
203.68322830855814,215.2793947643281,26.168374550691908,12.867322292881653
203.24245394402882,213.69469697776412,27.160342287130987,15.529033972824323
202.94385178380625,213.8899226613859,27.53650412586626,14.845767441771358
207.33940672822177,213.3803625223876,27.95843631439996,14.871508677872328
207.78610936445284,213.3846601817082,27.758717755430098,14.891395462548417
207.69299173086532,213.5358557975892,27.497036832478187,14.077430340072567
221.03083417461445,213.83741547622904,27.128246333192607,14.817034141824081
220.84386604125856,213.53607552420274,27.697687053668005,13.803733287332904
220.62730657142117,213.6968097964281,27.561862749656683,15.268082242615577
227.04184659608592,213.97228109403164,26.83921298481124,15.129948496339665
226.83135998452315,215.41464135209955,26.91034877228344,13.073853654550646
226.76295910671226,215.26020106686929,27.41038071272925,12.919542501541173
232.65799101023313,214.79298212416325,26.86785901135599,14.375791721943244
232.36355861454985,214.9188195289541,27.455092674556397,13.400699995914408
231.41621748904447,213.99859724198564,28.1924477203587,13.73478222273883
231.92542844718446,214.46409044094736,27.859292923214127,14.177504939571605
234.0417341516095,213.3146110985617,27.346143894101772,14.599136580914887
