234.1201871464743,212.21630698574103,28.645190157042435,17.81817443893786
234.28312911740886,211.32452972262791,28.33209083708931,17.93170306144893
235.15479647283092,211.3994859323295,29.84652901184603,17.67675977922542
234.6859210162769,211.81963755455064,29.971560831278907,17.726769312175236
234.82590770732475,211.76670513851855,30.186466699908067,18.016697467287457
235.18113684413663,211.84291927755285,29.869093956642075,16.958267752398825
235.26811526574681,211.78731102847087,29.67035280920817,16.890143914160234
235.85517103612136,211.90847138860545,29.100592396865693,17.163201501672546
236.57193870765923,211.48644912861945,28.206568120843485,17.296920285674247
236.91137975630184,211.24491059825803,28.113323267551408,17.94963425871856
237.18445492631807,211.92004120284574,27.461122402676068,16.599633691169856
236.57613606665035,211.25488837710375,27.81243697865051,16.72124247501864
236.54218028077256,211.55705593626493,28.844425210273556,16.958267752398854
236.302493777186,212.04834492138824,28.769545133786266,16.83384343444638
234.7327283149198,211.06691859108116,27.840897560840432,17.446962471459983
234.56591481685274,211.0706477751123,28.2148281091483,17.336822091163413
234.5419419005678,211.41673770729258,28.521452834549848,16.828275858996875
232.71737767808378,213.5830509061742,28.95252694717982,16.92394087250608
233.26848169852465,213.69274233301562,27.227497161277,15.944869912939623
232.64892550147104,213.8531568278045,29.88497548010028,16.457716606045864
230.20537190998283,213.90243516892713,27.98133841779213,16.101937198166098
230.35210826299823,213.86727607227596,27.973456775860313,16.90703431508041
229.8145614407575,214.17978397823973,28.76395817765311,16.361835950405265
230.48564650727064,213.80562701252683,28.12715708781559,17.265668376309407
223.9078133454519,214.6083993757555,29.445150890352664,17.11534583301571
223.59261630397282,214.80326014350646,29.104516397276655,17.012989905696713
223.58493875583565,214.6375191128176,29.232261507055966,17.250297859028223
220.60814971219514,215.57870191329351,28.844425210273556,16.292233067259303
221.03044553551385,215.28289917212143,27.587235059795063,16.94644439387409
221.103200490692,215.09168858993425,28.206568120843457,16.644206312629933
213.96828910962753,215.67999365322748,28.510546674883244,16.843284270727167
213.95877453700345,215.99081782119126,28.299812974135506,16.92394087250608
214.25403665731787,215.4911306228588,28.020078414259388,17.157053005736202
212.26846294010286,217.3436278087263,27.00002146681024,16.599633691169856
212.48377718068144,218.13555401293664,26.79397433631442,15.057132552107532
212.61142388539045,217.50207693212724,26.60352433591416,15.467165311578015
208.68271802953714,218.66951634765007,27.193131701797967,15.53893240102741
208.91947664622901,218.84591872418233,26.7990283438009,15.764134319882885
208.95214641361412,218.71861631837243,27.041007454692902,15.665135353063476
207.4799857197797,219.0872068542126,27.418333620653442,15.651533360455147
207.8669866052947,219.87071716674026,27.32074201456905,14.68606439349702
207.73193072981098,220.09271265072584,26.91211451997114,14.61545644948825
206.41293093413856,220.61703888618686,27.284079609623603,15.157822005346446
206.6839984541416,220.51501059885896,26.742727864087044,16.158237677879953
206.74070228689328,220.47480448109678,26.771581284879915,16.055922109173395
206.1198613680465,221.30843443674485,27.600476574445167,15.19891108660326
206.27088855099555,220.90515559560316,27.614822714631345,15.779898694075058
206.29704368129495,221.58019759226775,27.398977657799406,15.365183500403646
206.33878341944776,220.54795586872953,27.66605615194976,16.958267752398825
205.5301106147756,222.12460426592028,27.30742209072079,16.240999629940887
205.31773467942247,222.16356719442155,27.34594827086991,16.457063891519
205.7523585066401,222.55984840754797,27.025622368899747,15.061375103546965
205.0531867835372,223.49463499813592,26.813490325187814,15.018948694804578
204.6242831185588,223.22911060344572,27.74034385438324,15.338778366541334
204.7022477395342,222.93190276485052,26.813490325187814,15.867476869652279
202.57424712083395,224.54492097374157,27.413986867861098,15.245533513249285
202.1862693646762,223.95281322638883,27.512355839994484,15.728665256756614
202.16464266746732,224.50109251093636,27.65070838810655,14.996783055612468
201.008692701628,224.92682838698377,27.23775441261168,14.976522286062192
200.8373827956431,224.76699684065383,27.787907532670175,15.337481430369905
200.8886257176737,225.06582764836438,27.693721427737216,14.919176526727114
195.7124162454656,226.15825677820104,28.15024086707197,15.405296650331678
195.540963262445,226.4362249091868,28.397715512057204,14.972216021607494
196.33372491656212,226.65277219083114,27.305732661225704,14.97592760388875
193.87128143029798,227.51753335784466,26.96792978294252,14.525523766177798
193.86378542758024,227.0014823471637,27.025622368899747,15.655344825940347
193.9379643598407,227.48814203518015,27.274119587923025,14.87255410008109
187.73059626085106,228.28442662343798,27.32260723009645,14.340126154926395
187.6644955835093,228.6254897035031,27.41170285127268,14.400796004964377
188.29935690641383,228.9869067140216,26.80789532146281,13.893483140514633
184.77184305720618,228.93790404864924,27.40781693211622,14.477266731637002
184.90244682832082,228.38224535625594,27.46696519541183,15.29719596279125
184.94261575399838,228.58489722454306,27.11047518638452,14.679537424865487
185.1689988292001,229.1195909524756,26.940769551414974,14.255273337441622
179.0001925826493,229.63777904126695,27.517246095663666,14.976599514361197
179.13530771903476,230.52885556199493,27.492312865065998,13.746156432532985
178.88691504343475,230.1265822069667,27.398977657799406,14.141407823380348
174.89476859529785,230.9819904702461,26.71910228167536,14.005432748155528
174.8621381154138,231.01456411087202,27.025622368899747,13.831009250017757
174.84901702236576,230.99130128831797,26.991052432124974,14.005432748155528
165.80623045205104,231.71159039971707,26.60352433591416,13.858580119173894
165.2002107767092,231.40286844630063,27.087629881338927,14.07997284709873
165.19361767420662,232.16619049032033,27.1024883414471,13.218226828153774
160.60586292753266,230.95879211155724,27.874150543747476,15.188654329774096
160.82776065551346,231.16111297755404,27.492312865065998,14.976522286062192
160.79516060814163,230.68541970575532,27.40781693211622,15.281559327839062
154.74571050035829,230.76783121402423,27.036604964638343,14.477266731637002
154.40532611381366,230.61691303737706,27.33099012018701,15.16122088756643
154.33749736160468,230.8007262978309,26.948406465053978,13.783067490006118
151.63662198289728,230.46855473230409,27.57716568255077,14.6371110161231
151.1203259082581,230.09970386779474,28.026503544579327,15.095953344100138
151.99379903240995,230.99729165958829,26.947762601400854,14.07997284709873
145.65908859065053,231.7046453799495,26.855328823514782,14.469223286463944
145.6453808983552,231.61494327814103,27.127027507349794,14.6853081242796
145.65715610863307,232.2236392558138,27.036604964638343,14.044186102912818
140.9613004888455,233.1361792919601,27.614822714631345,14.49906276111443
141.2342307479078,233.41960635344273,27.13425230798495,13.56712615399249
141.16253657426068,233.0301732214228,27.09847362588465,13.858580119173894
140.33998566484536,232.86156821076528,28.21210952831828,14.601004054129646
131.7795588068431,233.9008620262969,27.80690288347384,15.29719596279125
132.47111912803348,234.24534781235647,26.795087717536546,14.39659588647757
131.9859990035366,234.51195782887848,27.122914372607994,14.29925667053297
128.45456177590134,234.90194840735342,26.80789532146281,14.406329833620873
128.80507138366735,234.94732148977315,26.490514814697434,13.701990421395237
128.5628067929137,234.7939730310609,26.85099898089942,13.98231744166651
121.11826722589294,235.52618178614807,27.256188653402376,13.986728387930157
121.23101641419396,235.7717152974705,26.871190400684185,13.783067490006118
121.14882176865216,236.0268368998101,26.807895321462794,13.56712615399249
117.70407295795745,235.68670763761662,26.5747831882327,14.406329833620873
117.54790006137901,235.80106249556695,26.912867642145727,14.53913539288331
117.38964935667902,235.6114543911818,27.530934580081194,14.581824245891681
112.04287192958923,235.5583989010372,27.1537217787655,14.29412901184071
111.7448003574751,235.8255927163457,27.474634100367325,14.075119928466876
112.17956397322074,235.68984218735622,26.901140174754843,14.313084980328824
107.2310356737438,236.91273487151597,27.880211134321314,13.986727993806682
107.61793623592784,236.79041705078103,27.77902889959408,14.353529409144386
108.10252393418432,237.02061838835087,26.901140174754858,13.986727993806682
90.71222841346244,240.9836502615187,27.152901595126906,15.103801512289323
90.8663011832643,240.83817933791312,26.967929782942505,14.525523766177798
91.078421690957,240.86985492611768,26.630126904659306,15.032228083602604
88.02952202684378,241.89910381080722,27.087629881338927,14.033350420452706
87.86144187878662,241.93342455247267,27.58723505979505,14.131420408180702
87.79376293584407,241.91957034482758,27.36736444121506,14.219840127036804
88.0673188074239,242.11827387767457,26.967929782942505,14.075119928466876
81.05738831940627,242.52789732185184,26.940769551414974,14.340126154926423
81.10881537099371,243.13899854205715,27.025622368899747,13.831009250017757
81.03495834646506,242.9066078935375,27.280180821354065,14.255273337441622
79.0435006608586,242.74756198202294,26.951815812249876,13.140209132662761
78.9176150898406,242.62362838300987,27.257270722533107,14.246363876224791
78.81497339343203,242.22192441735803,27.461122402676068,14.908930259661815
102.2978053824186,232.8620947115385,27.512355839994484,13.064526516198498
101.91301259581778,233.09838015639517,27.83172413500509,14.806816651092646
101.85564971465809,233.10293252158598,28.159945694197432,14.68606439349702
128.12298559226014,227.87723453901702,26.940769551414974,14.382552563668781
128.20974517354696,228.09184634605853,26.72863750770304,14.212846928699236
127.714204043877,227.5612513370873,27.507231721153147,14.452952260266898
120.03087506233368,227.79223558145497,26.898343142672587,13.364318753851535
119.47037653917812,227.67856479898268,27.413986867861098,13.846860713868608
119.74757716526449,227.89846349778216,27.11047518638452,13.06733389265483
114.82715256221528,228.09947924819656,27.30742209072079,13.474394014745911
115.12272206027248,227.85096399301423,27.23775441261168,14.04314129372969
114.93522094068067,228.10079703987412,27.305732661225704,13.962518969039138
103.1761452735472,229.23716798057615,27.46696519541183,14.209395360992744
103.4734240807298,229.3697450642514,26.603524335914173,14.353529409144386
103.46327218615139,229.16885783148683,26.727261658406775,14.353529409144386
95.98433950478679,224.020139936564,26.34167105500258,14.499574686912922
95.78971859458868,224.30948687134048,26.471285446612725,14.574078504314855
95.92470147469841,224.3467967453038,26.436453656307563,14.037961825248573
96.0958225317959,224.58876274507858,26.07781959507858,14.089195262567017
93.46214924744463,198.11540612623176,26.716758271944627,14.207755844039923
94.01785752571847,198.26546510179574,26.04670638469736,13.858580119173894
93.14019206448482,198.5485528192453,26.846321154854962,13.166993390835358
91.64417102886848,179.7555571231683,26.446502046650394,14.748268294628389
91.56497058767073,179.77495697218566,26.485110078835277,15.597645002695998
91.50791265422849,179.86301813069602,26.389226237763964,14.891669468577419
87.55747627561824,163.11518651966355,27.320742014569035,14.126595273744755
87.62006714503278,163.14049560869083,27.195015044962204,14.209395360992744
87.50393258162842,163.18859636534543,27.32074201456905,14.17321770039078
84.88233205059812,155.88277357588797,27.419149743373197,15.390585414536446
85.38020480853297,156.31074122158964,27.102488341447085,14.8576968223434
85.37877092811976,156.08373713437143,26.987014497238874,14.709660262443492
81.77616733705551,150.93855239247614,26.631048049788674,13.737123730168037
82.23959441508732,150.93291665200968,26.376332200600416,13.491893562004094
81.72364933879925,150.7813735027834,27.18005465816333,13.976107650930572
79.84077140983663,153.6224517235485,27.23775441261168,13.788582841275371
79.92984030114296,153.5918600481608,27.068048777642133,13.91586206750253
79.87842720861285,153.47656181163657,27.227497161277,14.499574686912922
77.7621760930461,153.5726036597429,26.716758271944627,14.786876326813285
77.78006533100452,153.97728527303804,27.153721778765515,13.986728387930157
77.63777616435416,154.1817671198306,26.846321154854962,13.93549495061174
58.85127344430052,159.09214958867224,28.255866487957405,16.061229372102105
59.43000455715418,158.9197329528369,27.87812801167236,16.23968622039166
58.58534636810303,159.34672159962534,28.43563169864767,16.12441950727913
57.84954024357877,158.75908310851054,29.212227655746375,16.511259109769696
60.9278446205738,159.48235080617314,23.72708499296356,13.300303698477848
60.51093754265937,159.62624880786308,24.475513540465975,13.053607221581842
61.0882926635212,160.05416718516847,23.262616628613316,11.940651620538233
61.12957843039913,159.0888091739499,20.192298670884433,13.869457672930736
61.7418637736741,159.20172144101545,19.03651053147354,13.665495060093491
61.64006628757591,159.18641851230217,19.303022308849343,13.363630829203402
60.88616518508793,158.937126959658,19.499722297058327,13.223949603752203
60.899391840849134,158.8574193341341,19.03651053147354,13.461532447256303
60.96838478634255,158.83774571273793,19.20843977816117,14.033350420452706
60.60374384758773,159.23109475998817,16.38499656458972,12.985619683969446
60.415810373712205,158.98505387485488,16.511259109769682,12.85039170534111
61.03818922707544,159.1030508535533,15.707833840169023,12.611307455906314
61.55388040322282,159.0648005030762,14.638124725605536,11.26009594277349
60.58238519900139,159.02416850489013,15.595232880741278,13.286913212472712
61.61963956614691,159.16273822592748,14.477266731637009,11.321965008075097
63.92894303503178,158.24748018256935,11.629125203799546,12.542591231892544
63.82874831517417,158.17144581177956,11.752115221640864,12.643069805230965
63.74087173715964,158.33972574189482,11.505193591097537,12.20013817042559
65.22275773423571,157.9589014464462,9.86192851805248,10.086063257099141
65.66181111153232,157.85873500396738,9.465905170685744,10.084591783148852
65.17757939399814,157.78545959509688,10.13408634849614,11.091194503631897
0,0,0,0
0,0,0,0
0,0,0,0
0,0,0,0
0,0,0,0
0,0,0,0
0,0,0,0
0,0,0,0
0,0,0,0
0,0,0,0
0,0,0,0
0,0,0,0
0,0,0,0
0,0,0,0
0,0,0,0
0,0,0,0
0,0,0,0
0,0,0,0
0,0,0,0
0,0,0,0
0,0,0,0
0,0,0,0
0,0,0,0
0,0,0,0
0,0,0,0
0,0,0,0
0,0,0,0
105.50757711020063,161.09525835922034,28.400468866810854,11.985201410894604
103.78343917916622,161.0952583592203,27.825756223132615,9.686350836181987
110.6799909033041,162.24468364657665,26.676330935776363,9.111638192503818
111.82941619066042,162.81939629025482,25.52690564842004,7.387500261469313
111.25470354698221,161.66997100289848,27.25104357945456,8.53692554882565
122.74895642054543,162.24468364657665,26.101618292098266,10.261063479860127
122.17424377686733,160.52054571554214,24.952193004741858,9.686350836181987
120.45010584583278,160.52054571554217,27.825756223132743,12.559914054572772
129.64550814468342,161.66997100289848,26.67633093577632,9.686350836181987
128.49608285732702,159.945833071864,27.251043579454574,10.261063479860155
129.07079550100528,161.0952583592203,26.67633093577632,10.261063479860155
139.99033573089037,162.24468364657662,30.699319441523443,10.835776123538324
140.56504837456842,161.66997100289848,28.400468866810883,10.261063479860155
141.13976101824665,161.0952583592203,28.400468866810826,11.410488767216464
145.7374621676719,161.66997100289848,31.274032085201668,10.261063479860155
145.73746216767196,161.09525835922034,29.549894154167106,11.410488767216435
144.58803688031557,161.66997100289848,32.423457372558005,10.835776123538295
150.33516331709723,162.8193962902548,31.27403208520161,10.261063479860155
151.48458860445356,163.39410893393296,30.699319441523443,9.111638192503818
151.48458860445348,162.24468364657665,30.12460679784536,10.261063479860127
155.74712643678154,161.01149425287355,29.310344827586277,10.344827586206918
155.50757711020069,161.66997100289848,29.549894154167134,8.53692554882565
156.657002397557,161.66997100289848,27.825756223132657,9.686350836181987
161.25470354698228,162.8193962902548,27.25104357945449,10.261063479860155
162.40412883433862,163.39410893393296,26.101618292098152,9.686350836181987
161.25470354698223,163.39410893393296,26.676330935776406,9.686350836181987
161.2547035469823,162.8193962902548,26.67633093577632,10.261063479860155
163.55355412169493,162.81939629025482,26.10161829209818,9.686350836181958
161.82941619066042,162.81939629025482,27.251043579454517,10.261063479860127
162.64367816091954,162.16091954022988,27.586206896551744,11.494252873563227
164.70297940905127,162.24468364657668,27.82575622313263,10.261063479860098
163.55355412169484,162.24468364657665,26.676330935776434,10.835776123538295
166.42711734008566,162.24468364657665,24.95219300474193,10.261063479860127
166.4271173400857,162.24468364657665,25.52690564842007,10.835776123538295
166.42711734008574,162.8193962902548,26.101618292098152,8.536925548825678
164.1282667653731,162.8193962902548,28.975181510488966,9.111638192503847
165.5660610133157,161.5257865226053,28.686812549902697,11.55467324750964
167.29019894435015,162.10049916628347,23.708753056094253,12.213600059200047
167.29019894435018,162.10049916628347,23.708753056094224,12.213600059200047
167.29019894435027,162.10049916628347,23.70875305609414,12.213600059200047
167.29019894435018,162.10049916628347,23.70875305609411,12.213600059200047
167.8649115880284,162.67521180996164,23.70875305609428,12.213600059200047
167.86491158802838,163.2499244536398,23.708753056094224,12.213600059200047
166.14077365699387,162.6752118099616,23.708753056094224,12.213600059200047
167.86491158802832,162.10049916628347,23.708753056094253,12.213600059200047
166.14077365699393,162.10049916628347,23.70875305609428,12.213600059200047
168.43962423170657,162.10049916628344,23.708753056094224,12.213600059200047
167.8649115880284,162.67521180996164,23.708753056094224,12.213600059200047
170.16376216274102,163.24992445363978,23.708753056094224,12.213600059200047
169.5890495190628,162.67521180996164,23.708753056094224,12.213600059200047
169.0143368753847,162.10049916628347,25.813249331511827,12.704098534865949
168.43962423170657,162.6752118099616,28.112099906224472,12.129385891187809
171.88790009377547,162.10049916628347,23.708753056094224,12.213600059200047
171.31318745009736,163.2499244536398,23.708753056094196,12.213600059200047
172.4626127374537,163.2499244536398,23.708753056094167,12.213600059200047
171.31318745009733,164.39934974099612,23.708753056094196,12.213600059200047
170.16376216274102,164.39934974099612,23.708753056094224,12.213600059200047
170.163762162741,164.3993497409961,23.708753056094196,12.213600059200047
172.46261273745367,163.82463709731795,23.708753056094224,12.213600059200047
171.88790009377544,164.39934974099612,23.708753056094224,12.213600059200047
171.31318745009736,164.39934974099612,23.708753056094338,12.213600059200047
170.16376216274105,163.24992445363978,23.70875305609414,12.213600059200047
171.31318745009733,163.82463709731795,23.708753056094224,12.213600059200047
171.8879000937755,163.82463709731798,23.708753056094224,12.213600059200047
169.5890495190629,164.39934974099612,23.708753056094224,12.213600059200047
169.58904951906285,163.24992445363978,23.708753056094224,12.213600059200047
170.16376216274102,164.39934974099612,23.708753056094224,12.213600059200047
170.73847480641922,164.39934974099612,23.70875305609428,12.213600059200047
170.16376216274097,164.39934974099612,23.708753056094224,12.213600059200047
170.16376216274097,164.39934974099612,23.70875305609428,12.213600059200047
168.4396242317065,163.82463709731795,23.708753056094224,12.213600059200047
167.86491158802838,164.39934974099612,23.708753056094224,12.213600059200047
167.86491158802835,164.97406238467426,23.708753056094224,12.213600059200047
166.14077365699393,164.39934974099612,23.708753056094196,12.213600059200047
165.56606101331568,164.97406238467428,23.708753056094196,12.213600059200047
166.14077365699393,165.54877502835242,23.708753056094224,12.213600059200047
164.41663572595937,164.39934974099612,23.708753056094253,12.213600059200047
166.14077365699393,164.97406238467428,23.708753056094224,12.213600059200047
165.0067722141228,166.0177054611881,25.252513932588954,8.517120083772596
164.6955829466402,166.16134100369806,25.62607183100002,8.81596640250146
162.9840218302382,167.6649785568409,26.067122107520618,7.544264281658229
164.9325421009881,168.14229984629551,24.5470091552462,7.150160923661161
163.29867016640384,168.04298001922436,26.129053032396996,7.685015597763822
163.3627811881109,166.59247012373064,28.150239856933723,9.627382031071335
163.68869134225477,166.6213608237032,28.010865496311055,9.450267728124373
163.45957012413746,166.91620134081995,28.59989184368976,9.743811732235002
165.90635848274832,166.94296680307679,22.698128677176385,10.139911689430193
165.2454864014328,166.88527598990373,23.160589701486884,9.93664009773471
165.22545981594934,166.965308635086,23.055046793291467,9.990520277092969
167.08460755471177,166.8926109102838,21.619384210125105,10.359288267351616
168.54970408745672,166.81517600394767,20.18751073772765,10.117066582186823
168.78510603985805,166.58254323938752,20.237396970118027,10.691455003081217
177.87784203782516,168.04249658488413,15.773108726078078,9.65423034096159
177.65941901189194,168.90443669089035,16.39519523027269,6.929290059586947
168.248003219952,167.66112628225463,21.4071691938411,8.2928967062511
0,0,0,0
0,0,0,0
0,0,0,0
0,0,0,0
0,0,0,0
0,0,0,0
0,0,0,0
0,0,0,0
0,0,0,0
0,0,0,0
0,0,0,0
0,0,0,0
0,0,0,0
188.4365484982231,173.53162702606437,24.781842306374614,8.169522399222984
187.63423425791868,174.79696213597586,22.751744203258852,6.667007010381184
187.74802910399154,174.57812271683466,22.378764790090685,7.0866088501953755
196.12003937064642,176.2006448811206,25.074007566749998,6.151829267645951
196.33792003867387,174.55881916088313,25.056612887994305,9.034279531264502
196.25424597649163,175.02775640445427,25.116433975492384,8.273149704765217
200.21967547033623,175.86960486299307,27.227497161277,9.27786290255844
200.25334226700673,175.81796661188903,26.854517748108805,9.79070959566468
200.02513966936388,175.66978338334573,27.531554254608835,9.83711713816362
206.10793142042945,175.98860530586413,24.15041700263953,9.417730182496484
206.17286140894376,176.091339293335,24.28464928893368,9.785586527819277
206.37403752536883,175.86590036168576,23.64471680409997,9.626526603749483
205.68439747626547,175.85796422315136,24.130948976978402,9.52941934122714
205.92544737532347,176.20214561485554,24.066316509373678,9.169793589702948
206.186522362403,176.09001245717718,24.01419601900224,9.690616078407658
204.36275765784168,177.12683960153464,24.607317070583747,9.036825062128173
204.33927953803496,177.47934821589254,24.54350107807838,8.7703923520003
204.4272088790948,177.1764087467541,24.477492405220943,8.609591177230726
204.4249760488889,177.38783878761893,24.352758618129428,8.697413792189082
202.76685985043673,178.3809197424315,24.38711616357054,7.531315285808546
202.9808732076849,177.7555597568258,23.975587986817374,8.339334951936479
203.0229933386759,178.1346346868373,23.890649965509624,7.975261091427484
200.13277466854197,178.21335839468708,25.08286553555996,9.510975035788533
200.01866286828604,177.9661982331599,25.116433975492384,9.80050041949113
199.90009863444038,175.58840955950296,25.04069523478853,12.232995376995063
198.88077456539196,177.92698000891983,25.129487962205985,9.883954448956729
199.02003634541845,177.9853752930946,24.989154749265225,9.970206054460647
199.02854652358658,178.20781303243533,24.786356662700086,9.729224110592554
195.00589760834256,177.9889526311718,25.15886038423477,10.946013455535535
195.69632381695672,177.8840531688636,24.497058229158284,11.142961165994791
195.46510040238832,178.38222133202805,24.607317070583747,10.861160638050762
193.98217602735983,178.16867180699796,24.841709236201837,10.902217309581516
193.61072465234605,178.14311421298436,25.16621777698566,10.735646658621619
193.90212883103135,177.97914435926108,25.133828952364098,11.157721301433526
190.06160294231427,177.88359667402406,27.86071385683698,11.875058365209185
190.17750994277725,181.7372004533388,27.797783173121587,8.377942984121376
190.08801015809416,181.35045965533186,28.075923650497174,8.658450906813897
188.68018742649227,182.06453947445254,23.504183569008745,8.186060944064337
189.08045977011494,179.97701149425288,25.28735632183907,13.793103448275872
188.74871227691418,182.0392756213035,23.628115697153333,8.184902823196921
185.28425384022273,182.41758697305625,23.466486155340192,11.84628233499214
185.03058813125233,182.33205317939687,23.917304869409406,11.981963648027715
185.014900592622,182.07571237617913,23.96392729605543,11.935341221381691
185.28862347271942,181.88571324783004,23.96392729605543,12.02858607467374
184.06960497729688,182.20981905283935,23.975587986817374,11.968489977316239
183.89681278690446,181.7630956466779,24.22547939190227,12.34608494403426
184.07982926348325,181.86606162631233,23.850598571694434,12.27698371518855
180.36514004600463,181.95195056344477,24.29819693631069,13.268094379695953
180.77804840503882,182.227054983298,23.870682442763382,13.194146740824294
180.35981610008065,182.22754911060366,24.480037844356588,13.06733389265483
178.81795364946595,182.57312502213193,24.168628147741828,11.814057848576681
179.08443294044818,182.39507071644763,23.915180361482328,12.452186368265728
179.0883707186764,181.67808588825014,23.973368148249904,12.772219195487509
175.94393968227214,182.19425932088762,24.89637582897589,14.359707406974849
175.95301638088856,181.9607737846989,24.51610043740584,13.590027329081664
175.82736994432938,181.95449942732856,24.756508549037818,14.2664625536828
174.63173101499495,182.68946312241135,23.78254782589292,13.551419296896768
174.57915408833657,182.6958405436753,23.67985011287277,13.420923951212757
174.6122067693279,182.74431462680303,23.497703029595215,13.240769167470319
171.98391475487438,183.2528394025345,23.16481931093466,13.126730942862963
172.0397782763362,183.04157116515492,23.78254782589292,12.663434556644262
171.9391800240415,182.9514773298835,23.36244741720202,13.26946026547219
170.6476055652952,182.42280889341794,23.927703878393658,13.005410813903381
170.68612134097282,182.47724445770555,24.171716435692105,12.718257775756598
170.65317459855092,182.67581000034312,24.290284282577602,12.401565487841907
168.44455201947636,182.13939496129393,23.705331761523126,11.775449816391784
168.3854696715615,182.1288106821345,23.824060016117357,12.168453354611813
167.823888704748,182.04329756381844,24.18305298315991,12.176379309064714
168.10228666322575,182.31051427738865,23.89837192244758,11.775449816391784
167.018837385528,182.56724532059346,24.079715539659986,11.476289959327318
167.44916666513487,182.16641993721055,23.89837192244758,12.0843140738709
166.99330394978688,181.9532775653848,24.271550927628766,12.441719383070193
168.50149785087922,181.54972543022865,23.64471680409997,12.683124466983799
168.66033775883795,181.31158689193657,23.5308854541114,12.181069779913656
168.03594860070115,181.69803088574557,24.013347348190365,12.515790579003806
171.75408678638743,182.33470391429756,23.871403398679803,12.55500697619243
171.58351026157715,182.54257250847968,23.975587986817374,12.933690781938509
171.65396060916652,182.5672772974238,23.850598571694434,12.596696832771585
183.36831708937598,183.77604231000106,24.066316509373678,11.980458291527611
183.3479460878756,183.71601528820432,23.711523107795728,11.957590180741164
183.32920524974648,183.95915279941897,24.091412083372035,11.659625719837095
190.0793567952419,184.8091166646866,24.593316501775632,11.505193591097537
189.82149417221257,184.2181865730629,23.748472069109596,11.834522870559624
189.6499041663975,184.2061247979119,25.01800485580941,12.007098009501135
202.50727310504203,187.4143674760289,24.05577375693275,12.855201848942897
202.13302722825546,187.44854767714676,24.13002011555693,11.814057848576681
202.14454844571185,187.61396256597553,24.39411087158561,11.63755748002248
208.82040856311752,188.95081104635892,24.245844212111592,12.277354234795354
208.9298007984945,188.9127827672228,24.241983053237703,12.085858217846038
208.97962163965,189.278546272964,23.946512506969356,11.733471415297402
222.2199854050443,191.92786200402134,24.106369065760873,13.42795093848747
222.13110504462588,192.31444425556847,24.010549722701455,12.588055194426005
222.15508875234391,192.2323602400286,24.245844212111592,12.702042588829158
222.2168554274426,192.2478142005131,23.978483818727653,13.140209132662761
227.80556400174748,194.4735601285842,24.86357272706985,12.045706041686032
227.92202552096077,194.59077126728863,24.38352913586965,11.888718794735667
227.83958418509243,193.81376635643443,24.616641269099745,12.54143276777998
238.8595433584508,197.37161434711126,24.336906709223598,12.867789754302152
239.19504274834864,197.76369019794905,23.546656852024086,11.412703951701786
239.02235121012143,197.28896145601,24.47749240522097,12.393178331350043
243.6637825745027,199.41660266965965,23.977248665023126,12.654659017651113
243.31855408066477,199.6779841895851,24.103794575993533,12.821167327656127
243.7921026364425,199.56510676743963,23.695697257337486,12.683075555493957
248.2057687796988,202.39666006940146,23.92601522770471,13.576860889382743
248.12401862222472,202.7605101575918,24.040304837821424,12.836509374761789
248.56829344416164,202.92278396319597,23.63150966950886,12.770349031458125
250.86941098670678,205.0202143831016,23.690742012902945,13.364008314970874
250.40867488528886,204.60301494650636,23.758788895736018,13.831009250017757
250.53615009664856,204.4304516462349,23.589507664968437,14.13053977967013
253.6782666270714,208.1042365710454,24.074397754002547,12.085155844638734
253.26186163119758,208.05862734023597,24.51610043740584,11.929881945131342
253.3943310276654,208.1535863582368,24.36166830866628,11.929881945131342
255.15767153453663,209.65362514048502,24.47749240522097,12.238746202610486
254.79400206567692,209.4169676468474,24.361668308666253,11.891273912946446
255.0386201845035,209.38164508339202,23.874781790386294,11.988624332511563
256.7093886862089,211.3049475649866,24.09820016567511,11.75211522164085
256.88226024896227,211.33901698780215,23.152850481280666,11.558858586253933
256.90024581831705,211.23477873866895,23.609583495327172,11.734525130117959
256.5908319610701,211.74477014374392,23.99604989182808,10.926459028343373
257.3547458882894,211.93085054512875,23.46180403453934,11.030866273020308
256.78597149738164,211.79467174046422,24.06617738107093,11.54329300126173
257.5009052590128,211.35577208079602,23.36244741720202,11.834924020556286
257.6490420414512,211.2454617388333,24.267905800644655,12.812775440200511
257.87096816207423,211.1757004339128,23.975587986817345,13.010906846308302
257.6610383533323,210.89398150262858,23.943171902322774,13.549236812942326
257.7175835360819,210.37336205465388,24.321807236390725,14.469223286463944
258.16363112830544,211.824756172942,23.977248665023126,11.886157457874702
258.5923126771484,211.52689518934085,23.259980542565188,13.115759953516942
257.7912411279908,211.39790461747435,22.86783431214593,11.836968039125622
257.5589088198348,211.05666155405763,23.259980542565188,12.039857769829979
257.3291996497046,211.41339485226658,23.70250195953821,11.823100739912178
256.00112299961404,211.37322803566795,24.209206276963016,10.97859354420416
256.3123011579653,211.50716209289183,23.695697257337486,9.3421678481931
256.15389597803403,211.63043962004875,23.61861460379413,10.451621212958798
254.23880698835077,211.53626706290544,24.190646547307978,12.86868153923291
254.69213738896852,211.84369338065798,23.455700476279873,11.489893856496536
254.27942966692478,211.91268047318093,23.936979954632477,11.814057848576681
253.3504446911911,211.52419057872868,23.823548353067878,12.091091207148423
253.3240319055917,211.51546492557955,24.013347348190337,12.558216987746192
253.363645081794,211.88398440742446,23.539316877781573,11.945324982754812
249.5753463061529,212.37582443930023,23.874781790386265,13.423160577427495
249.27947001363796,212.44421173512808,24.72041124659623,13.172189934317686
249.99805683536815,212.3407481382766,24.079715539659986,13.525627452064327
249.92626685884431,212.523543056739,23.73081516282531,13.427258874054417
247.52542760603313,213.00991245950988,24.522464253098974,11.582409586671332
247.731753153966,212.28894112458914,24.15041700263953,13.893483140514633
247.4977122947252,212.30482194422686,24.777022705553293,13.576450797563439
243.70384713332353,212.58350871488705,24.209206276962988,13.286913212472712
244.01539576461005,213.15102311290434,23.71636248699366,13.109760301397216
243.53861448681636,212.26054594877093,24.15290579724916,13.512115131328187
242.11606216616156,213.56223278140533,23.669848041112573,12.80835932960639
242.2795213844085,214.0249795610581,23.589083260766472,12.006673674095168
242.09392800520595,212.91884417792804,23.73081516282531,13.287391594116343
238.00992243622008,214.20045810668927,23.917304869409435,12.63467762107203
237.7227922848551,214.3266477653479,24.06690922481536,12.497469571755033
237.81322801223942,213.94794941880497,24.140626574417496,13.109760301397216
236.6282621324603,214.45519783825824,23.25209812182726,11.766800260198295
236.5808431036988,214.43133139544767,23.055046793291496,11.732457145919426
236.34369100345162,214.45558042358616,23.67985011287277,11.910191673982013
232.1728474303015,214.4945966253152,23.628115697153333,13.667243393451457
232.64042811117037,214.39636464588455,23.24967199082741,13.618877206305825
232.41466604891554,214.3691888558122,23.684192736179284,13.66037100728451
231.76017707484323,214.92386284154753,23.187983790053465,12.96419093716625
231.98842722165264,215.07996928410213,23.12239276460025,10.267190915657352
231.66492109760065,214.81913925250927,23.31925143967422,10.887465076139279
233.77075526938765,214.85779975919056,23.824060016117386,12.308320634549887
233.71714350440507,214.90753731085874,23.24967199082741,12.176379309064714
233.89377754647415,214.95257360625152,23.45108060294922,12.168453354611813
234.00193032935354,214.84763335722928,23.39646750404401,12.509002427904704
237.9585644938887,216.0533575827908,22.528423042206867,12.006673674095168
237.43752191143233,216.59572959588112,23.376951217054568,11.412703951701786
237.12397737205708,216.80943606746544,23.56738116647574,11.11765589809832
249.8713446037167,217.3375127365617,23.357859471859115,10.578600818660163
249.43615159414793,216.61253410518094,24.290284282577602,11.236004821691353
249.53248721376139,216.7833078593332,23.92601522770468,10.912722148824628
256.27220486497396,217.44487555037728,23.646201479824356,10.922293064490276
256.2808348657045,217.32651984870785,23.42099956096888,11.203795463059635
256.37384824293537,217.22964740157695,23.999600777179126,11.897819082170969
267.11059956745737,218.10070242876068,22.984856336488974,11.142759968399332
266.9715689849149,218.21394259288152,23.54432545624121,10.629913275293063
267.09078674767215,218.2315182586941,22.658499349966803,10.863025408523185
271.2789527612935,218.17571134822376,22.829535999889117,11.507570991814049
271.3720783581063,218.32425330907043,22.829535999889117,11.569439653060357
270.7620467683812,218.39991508289475,23.5042304432817,10.77630782056599
275.69029415859626,219.0768291340331,23.943171902322774,7.424239349557439
275.99207457091126,219.46685318638717,23.777437589471333,7.5528331166555915
275.70336620400195,219.2749087641422,24.130948976978402,7.992416221674375
276.8117743583942,219.22380143532388,22.294989966691503,7.319062362802754
276.82057287571365,219.68351207388787,22.782981494661158,6.491240537585014
276.708879208251,219.62405182426346,22.542712420107193,6.711580288713748
275.94075304136413,220.24196504662396,23.311213979883576,6.967747475305856
275.6783534838796,220.68109479597652,24.005040563569082,6.681815414601687
276.2041981688476,220.88717407833522,23.464914291838852,6.455413102121611
276.4222236287863,220.23294744872572,23.011166542122453,6.6493305917172165
276.7605245672437,220.96862184324632,23.200747967367022,6.619946753355379
276.29839676863236,220.5590238472063,23.523688013892297,7.682591750201823
276.1984235430067,220.82931285587242,23.36469908125497,7.262761883088899
272.77910022629396,222.1557666637803,23.936979954632477,6.022853020843002
274.46704515672496,221.99371090977272,21.849600502328656,6.363961311357855
272.61359051879435,221.9931064519149,24.09820016567511,6.491240537585014
273.5284386447095,222.19678680964012,22.571746101362294,6.202434481110885
273.7720287770586,221.97145667160518,22.182389007263794,6.7560575656640935
273.85160148691045,222.0950234573461,22.491478982788806,6.506646539440027
272.67873746509423,223.06481710739948,21.3996938305242,6.620384583735159
272.26809412966327,223.2984662636352,21.929362281018143,6.40893334269191
272.2217693781724,222.86519939991862,21.865918096984444,6.9933639969033266
271.1436432831165,223.6581315416395,21.715900097455517,6.0631288021385785
269.1660437333711,223.838807740756,23.824060016117357,6.667007010381184
269.4886027876643,223.58930386484954,23.30839860154117,5.57374749167289
270.8392768817137,224.20317781835604,21.225280852128037,6.193052768525433
269.9263792515093,223.82376172338093,22.299912336869,7.206678986914994
270.74820917143865,224.14083058615174,21.225280852128037,6.530855646808618
270.7913423998353,224.93176187660615,20.774877014417086,5.85524989024222
270.5129129156042,224.8324157097622,21.518043673738703,5.379510918434676
270.765229993838,225.25789715182287,21.11267989270027,5.067043174248056
269.1632536547072,225.82972736259669,21.85214621664835,5.713988763363886
268.98710163770824,225.33282551525522,22.13284492155981,6.301712790166334
269.1690712759638,225.63828391288382,22.182389007263794,6.305653727953143
269.19324173964065,225.8841231417706,22.006578345387936,5.559556634624329
269.22606157272287,225.64305846465297,23.316581792393265,6.157548008554556
269.16974277673927,225.52552131403255,22.984856336488974,6.433894877151062
269.27581408028925,225.2907991914884,23.055046793291467,5.943078728937365
270.7007709649588,226.03000552243327,22.19961850631239,6.022853020843002
270.64360291704133,225.97042122418344,22.485317614597307,6.007795800150205
270.944759556574,225.85177427790478,22.0285846005508,6.218595652787059
271.6250811382725,225.82372397557484,22.052407803568542,6.573762157089135
270.95114283334533,225.76250538608426,22.850113044017746,6.557879976758471
271.111397983424,225.53771416554625,22.401143815979708,7.297342303690357
271.79560977332966,226.02022906899032,22.104158954782974,6.873078216266492
271.89551981361996,225.87255065500239,21.93445331981343,7.25491589494797
271.9564801008042,225.82050995477036,22.02796218641936,7.070703911690174
270.634820375045,225.85065766753948,22.491478982788806,7.172681224579577
270.9296405222906,227.46696800683407,22.27386458975252,5.515433136510154
271.0517661528946,227.17357335623402,22.27386458975252,5.769991588964473
271.7155286746742,227.44739028685566,21.467762823647206,6.194255676388337
271.68636611589443,227.29325696748057,21.539561110462273,6.667007010381184
271.80458868700555,227.25379038309563,21.506783250697367,6.812358045377948
272.13410542483274,227.15370810219903,21.518043673738703,6.148012478211058
272.0870177034247,226.75166018931785,21.36105173386744,6.675328666833565
272.35329879357954,226.48439032461917,21.056942737872873,6.967747475305856
270.11494252873564,225.95402298850576,23.25770761285105,8.818014868086266
270.6896551724138,225.95402298850576,22.452204944155483,8.975969774738246
269.5402298850575,226.5287356321839,23.801747526460133,7.969648097411863
271.8390804597701,226.5287356321839,21.43645712700493,8.031637287230836
271.264367816092,225.3793103448276,21.467005538013723,9.367102825793296
271.8390804597701,226.5287356321839,20.75273988216884,8.110323211330922
269.39048167956764,226.84162020321043,23.311213979883576,7.838715909719099
269.78620513296585,227.88972334674855,22.576492365260833,9.739982990499072
270.60070378929015,228.1832686041044,22.44024554547036,9.580652778545556
270.45758615507805,227.95578683728064,22.31544260286705,9.458967885298307
271.0847334195874,228.38758560590816,21.260922319271856,8.31254105715891
271.14622446256476,227.94768367432732,21.079985572950534,9.265927724373853
271.2064498497203,228.16295827838022,20.95864591873857,8.909545835901014
268.9378794179819,229.88562012231398,18.41025686643468,8.670273875935578
268.9717233843742,226.69952192730395,21.832874316775246,9.599328647408697
271.33986524487045,226.39198141319687,20.039445099957163,10.48158180519394
271.52151812506474,227.27428111680763,15.062630571617092,9.990520277092969
270.01353664286086,227.42102166641007,18.975327644931042,10.163689008832847
271.5064351057344,227.12770938953483,14.864092391183078,10.887465076139279
266.8608891431034,228.13831138894017,22.565254496674754,6.806874290319257
267.2337006122841,228.41402797034127,21.722321276101525,6.957931033751265
267.1387063640593,228.07864357840103,22.14565265686059,7.1332312768414
266.98288776223313,227.99426774188413,20.877266578172225,7.960856627817577
267.2029150995979,228.2270031851293,21.10106576048031,8.280569745400612
267.1092011773138,228.43289088327603,20.79360228412594,6.9933639969033266
265.08865685598886,228.57713465431394,20.44758570577443,6.815861901924819
265.12312521705724,228.98584181751764,19.98283851766371,6.151829267645951
265.0608852445465,228.6814024242522,20.623252249638483,6.113195726468632
264.98926033955684,228.6908684301358,20.743945982648256,6.080623717213882
264.2447734172978,227.82105579246664,20.462257057992247,7.1038779220199615
264.3827588756013,228.2482515774628,20.605975575275465,6.643456606236356
264.2138840672767,228.23523408438868,20.595841802007044,6.609113414076887
263.0871447261272,228.15929552818926,21.3941822912696,6.587156126522501
262.91228773073874,228.16004509321726,21.42533641490479,6.448814128842628
263.1312353809476,228.49849873326167,21.085925144965756,5.769991588964473
262.5196644730637,228.64151451999206,20.38504099362251,5.636772698994093
262.78004365874665,228.2269746790979,20.5446083646886,5.891845291618921
261.79504219641296,228.38152897218905,21.201812565511318,6.495874488156659
261.05350602637867,228.52228116211734,21.168980372414183,6.587156126522501
261.1739304522382,228.50066704739973,21.11995927064811,6.713629437027208
261.3603482269888,228.7139992638367,20.616689186731833,5.868420892103444
261.10660359117617,228.70634595972507,20.655297218916758,5.405124505884743
261.3561599973584,229.2082443443887,20.50086509017717,5.250692377145185
260.9002831486507,228.4701041147432,21.00007893327256,6.868658525091831
259.6532124206884,228.67602498141753,21.259826550586126,6.387272450505037
259.6820954446577,227.99519026240384,21.506783250697367,7.2064614033750445
259.36499660171813,228.52764375551396,21.788285649266697,7.093860443947307
260.487804624638,228.5029408273515,20.339674615414935,6.0455456035741975
260.2005024456524,228.18783330490166,20.840224710771963,6.760251863673233
260.39004684005795,228.16906410702296,20.746513875026665,6.66094617255456
260.2629812968391,228.70690207580125,21.39618504264024,6.218595652787059
260.8824050179308,228.74201263363435,20.94120920168882,5.818778740011254
260.44952942460225,228.8959557641625,21.55261564113198,5.515433136510154
260.51747948927766,228.5152586183484,21.340483597420075,5.727565180222086
262.2919554961299,228.44350888042788,19.897985700178936,6.6185197638121736
261.8490769974301,228.38011221329901,20.44758570577443,6.359128887878285
260.9937064847517,228.49038916037458,21.159409612509705,6.455413102121611
267.00433522837756,228.94707780113077,15.14622792103171,6.066976450161178
261.79624542395675,228.5928466660707,20.3222497876028,6.66094617255456
261.3579815827076,228.40077282904218,20.831366692511438,6.745798990039333
261.83134220006275,228.66471259544522,20.06769133514848,6.363961311357855
261.53376291336093,228.63176483449496,20.423913155426533,6.10971761059767
261.1378990868896,228.58902778405027,20.68575819588068,6.226093184132878
258.8037919037473,228.49290046585776,21.774930152278557,5.984244988658105
258.7135334808932,228.73265371581374,21.543281959169235,5.405124505884743
259.1186663101016,228.63313313261568,21.29805718867766,6.236682085130724
258.19004404848846,228.15789870910038,21.04349873622334,6.491240537585014
258.6600774351495,228.3206780488509,20.68543870762238,6.010606610561069
258.15457175523676,228.0458547043479,21.35024179824478,7.1038779220199615
258.60880260246915,228.50753754510862,20.589524772347488,6.202434481110885
258.6687562216999,228.22315813681635,20.364676196345158,6.066976450161178
258.9008952125998,228.55638697198867,20.38077365641999,6.0241513293838125
258.9195718862339,228.33534136756577,20.045446243805088,6.496209430862763
258.66371810602726,228.82866098883005,20.269216897067793,5.868420892103444
258.3186087170794,228.52276667968178,20.693518867184082,6.429395505423912
256.6979147079476,228.86644390522093,20.605975575275465,5.85524989024222
257.5188679112754,228.943808343532,19.74491953031827,6.183462344014259
257.4445818635014,228.7837391910732,20.03756870395847,5.868420892103444
257.53566259433967,228.37690655214234,19.907776177851474,6.620384583735159
258.0528228294102,229.0126171812214,19.05883868245428,6.0455456035741975
258.0854410203429,228.88288466039035,19.198463582428815,6.474555167094763
258.02766924539384,228.82994241716227,19.394929484745262,5.827803330752772
258.2344384246527,228.6466359786719,21.056942737872873,7.070214349942717
258.4571098014108,228.86899877698718,20.74954211396232,6.301712790166334
258.15175352926286,228.80300738546538,21.073336844002085,6.713629437027208
260.65175492334436,228.5336765258556,19.219163160300752,6.27910849387311
261.0060250404332,228.2088032273269,19.241153647603028,7.362370688311131
260.77738761653245,228.51982160541917,19.592566940425854,7.093860443947307
262.018045957307,228.2971832815463,20.342185779455974,6.14832903524146
262.2691114107976,228.57350957283666,19.960352639588677,5.559556634624329
262.06176414388756,228.33154191991278,20.140888311081596,6.200782743920968
263.88491252646173,228.34242532825007,18.665187077728262,6.036400927265305
264.06559161404795,228.58746325165637,18.863073937399065,6.010606610561069
263.8585857369294,228.5896039496163,18.726053575906803,6.359128887878285
265.9659729224821,228.6063231881225,20.061119309273522,5.621329403649327
266.0001133377001,228.2233889723177,19.998960671773602,6.524757439246599
265.3386754054872,228.64793453787368,20.831366692511438,5.854844406449246
267.5635729584254,228.24245880501437,20.18751073772762,5.501446344230629
267.46123645442856,227.7697598121855,20.532236358946477,6.458816073178525
268.1735533513167,228.30821297240232,19.479965980998145,5.911550369956075
269.4934644377806,228.0705420585859,19.648867420139766,5.57374749167289
269.8298395308725,227.98711866511968,19.301684631453213,5.454823917584605
270.03494759235656,228.1694169605426,18.788837938346944,5.641313624168703
270.0977507817381,228.34676996789122,18.975327644931042,5.081844504416438
271.69604154566906,228.3740724546747,19.394929484745262,5.081844504416438
271.65589747944955,228.36896651879064,19.304015977785525,4.836610596631971
271.46588749713044,228.38220633623746,19.41984018900024,4.787395990926484
272.71455605882136,228.2385738659967,18.48012041449715,5.19972969837562
273.34285858007775,228.08632312048962,17.903552549009873,5.517447011959007
272.672511795648,228.1712179827803,18.55572580511688,5.454823917584605
272.99922852713235,227.93760865681517,19.198463582428815,5.85524989024222
273.0203964834867,228.2337487879633,19.40562688699356,5.295088595851325
272.9996885554486,228.13130517402655,19.598414107840085,5.978635298802772
274.8266581308058,227.41572009810892,18.620653649588405,6.815861901924819
274.5230720346812,227.25208979847238,18.492610230574314,7.002716374077778
274.62640169959286,227.5230878215381,18.655786958361205,6.534795431742339
275.61310933740765,227.35890055869325,20.140888311081596,6.760251863673233
275.6385479567945,227.37346959425662,20.15557173756457,6.7560575656640935
275.85299045069814,227.46808382950374,20.061119309273522,6.605062049287966
278.7278142569701,228.1325576565185,21.29805718867766,5.897270815191632
278.7887273111925,228.52729938296252,21.073336844002085,5.548068770876654
278.5936420044948,228.07509182558667,21.539561110462273,5.827803330752772
281.14496275033554,228.0620270340433,18.058520709223444,5.761862638740553
280.8163649169207,227.86966476685262,18.742215511700977,6.107537890628919
280.9946568649326,228.02938160441124,18.36923609853278,5.687936050814727
279.8283123472591,227.39838502891976,22.855955053455546,6.563365471431496
280.22772452952984,227.33455629511303,22.33777867083353,6.404179664803195
279.97599301144083,227.49479845583352,22.93823390984295,6.387272450505037
279.5725575570138,227.56794195526763,23.1575136679283,6.455413102121611
282.6072158099877,228.03414175634558,20.54568441260932,5.9769263745772605
282.19130817341636,228.12928083448156,20.595841802007044,5.891845291618921
282.6269999578992,228.38605478625345,19.874069338995184,5.179644133675794
278.82271524435,227.13295237133224,23.927703878393686,7.544264281658229
278.880986024904,227.41349088662696,23.684192736179284,7.039986423549351
278.38370485789306,227.06168241136157,24.13002011555693,7.412742179499077
279.76393977671796,227.92401050459068,22.5856988281613,6.795013664540818
279.8628869654325,227.3095494047352,22.411889542570748,6.90580333979355
279.3494624922693,228.40649336707258,22.93823390984295,5.9676706106908455
282.14914349640816,228.72478470201503,19.34644238652794,5.6427123627373135
281.7857079532364,228.51354535954877,19.767908897913458,6.247405170566992
281.556577557746,228.39707276660107,20.09927125785066,6.305653727953143
281.5770854851667,229.21136199678642,18.546504309270006,5.6869115423452286
280.78471901902566,229.0799269053,19.58141919132936,5.454823917584605
280.814186223489,228.94294493891385,19.534796764683335,6.200782743920968
279.614593554183,228.91097146747057,22.099030230214566,6.713629437027208
279.61903546632396,228.21759996336743,22.23868948697765,7.037559964233424
279.47590310699826,228.44199675148343,22.23868948697765,6.305653727953143
279.05631992492476,227.85928788232616,18.975327644931042,6.387272450505037
279.6943426858612,227.9807193239231,17.77604933761677,5.563008245944815
279.6778353190036,228.16684115587765,17.60180549719803,5.78968478337589
277.1041310953149,228.60634632789504,13.14752431417827,5.734558477460723
276.84547550582977,228.76555832372745,13.520503727346465,5.361579064292556
276.3840536627781,228.55103975583617,13.525627452064327,5.789378416982089
276.52672742254197,228.39750643030737,13.679327764019604,5.738144979663645
275.8654789332456,228.11245765094841,18.561903978863427,4.422271794337377
275.18394074615856,228.09913390563494,19.208439778161164,5.175089357708458
275.29253670083165,227.83361394573924,19.261589569043167,5.1760218665710624
271.97089413703105,228.00074462725044,19.983128851474703,7.723393303784036
270.5531967077361,227.08931186898772,21.40082628076965,6.33597548733411
271.68216413610486,227.77540387202814,19.381232156815315,4.478531733447369
270.0563469873337,228.2945292708349,19.468706181001664,3.5351071749713583
269.6548161805543,228.27737227249895,19.930369818709096,3.7721321408291146
269.60430684158183,228.3603769571127,19.98283851766371,3.224407064421314
267.08234655709833,228.23241807944999,19.48862829258826,4.0833316422565815
267.2814244183025,228.35714872501947,18.80267149586217,3.842507798881911
267.0957519021943,228.82357056265403,19.149583963705993,3.5133309288250985
266.58552914021016,228.4404929047265,18.546504309270006,3.432640300334498
266.5234878315201,228.78221108367754,18.751438058543727,2.9715393644686685
266.9710173038475,228.76319387989182,18.275991245240732,2.9838353053454227
264.36087115114,228.97121438654642,18.964604707846433,2.6728637507703183
263.66278142616545,228.87020535068012,19.861153751205507,2.797345598761325
263.8592274745885,228.87750688857346,19.550496953834624,2.9696957398229813
264.0364043506119,228.80716810075228,19.25476406214267,3.3780287828320468
263.51183757888583,228.80094229087936,19.208439778161164,2.9838353053454227
263.7882381530752,229.37564626717813,19.261589569043167,2.969848611966995
263.5627825979987,229.06992363862403,18.931810341371488,3.3409077073008575
263.5777271454977,229.39723672572913,18.416031352193045,2.6253461885725926
263.59638004789497,229.29926249726986,18.455487802937796,2.969848611966995
263.6081607126552,229.50797873534825,18.49791421168021,2.5880109332855454
263.4381696873436,229.48840846045843,19.212538994409556,3.1764731137423894
263.5621690265395,229.86715606262487,19.115194924869115,2.890590452053374
261.4942528735632,227.10344827586206,21.839080459770116,8.620689655172413
266.0919540229885,227.67816091954023,19.5402298850575,8.045977011494244
264.7412646965399,228.1043794060039,21.465631855184313,8.194471168708759
263.7931034482759,227.67816091954023,21.839080459770116,7.471264367816104
268.6497101527951,228.77101226050982,21.005462260998,7.527838314202825
267.56183326972223,227.76969622912267,22.09333914407091,7.379729058233664
268.10365314612176,228.8050230533819,19.827381336636847,6.919114877652589
274.1177087199023,228.79289701121522,21.284590130672427,7.505953563497428
275.9338879729105,228.60876828587553,19.468410877664212,7.690082288837118
274.13793103448273,227.67816091954023,20.689655172413836,8.045977011494244
278.1609195402299,228.2528735632184,21.264367816091976,8.620689655172413
275.28735632183907,227.67816091954023,24.71264367816093,8.045977011494244
277.58620689655174,228.2528735632184,22.413793103448256,6.896551724137936
287.9310344827586,229.40229885057474,20.11494252873564,6.896551724137936
286.2068965517241,228.82758620689654,21.839080459770116,6.896551724137936
286.2068965517241,228.82758620689654,22.413793103448313,6.896551724137936
291.95402298850576,229.4022988505747,20.387189817201033,5.756382817675615
291.95402298850576,228.82758620689654,20.68965517241378,7.471264367816104
290.2298850574713,228.82758620689654,21.839080459770116,7.471264367816104
0,0,0,0
0,0,0,0
0,0,0,0
0,0,0,0
0,0,0,0
0,0,0,0
0,0,0,0
0,0,0,0
0,0,0,0
0,0,0,0
0,0,0,0
0,0,0,0
0,0,0,0
0,0,0,0
0,0,0,0
0,0,0,0
0,0,0,0
0,0,0,0
0,0,0,0
0,0,0,0
0,0,0,0
0,0,0,0
0,0,0,0
0,0,0,0
0,0,0,0
0,0,0,0
0,0,0,0
0,0,0,0
0,0,0,0
0,0,0,0
0,0,0,0
0,0,0,0
0,0,0,0
0,0,0,0
0,0,0,0
0,0,0,0
0,0,0,0
0,0,0,0
0,0,0,0
0,0,0,0
0,0,0,0
0,0,0,0
0,0,0,0
0,0,0,0
0,0,0,0
0,0,0,0
0,0,0,0
0,0,0,0
0,0,0,0
0,0,0,0
0,0,0,0
0,0,0,0
0,0,0,0
0,0,0,0
0,0,0,0
0,0,0,0
0,0,0,0
0,0,0,0
0,0,0,0
0,0,0,0
0,0,0,0
0,0,0,0
0,0,0,0
0,0,0,0
0,0,0,0
0,0,0,0
0,0,0,0
0,0,0,0
0,0,0,0
0,0,0,0
0,0,0,0
0,0,0,0
0,0,0,0
0,0,0,0
0,0,0,0
0,0,0,0
0,0,0,0
0,0,0,0
0,0,0,0
0,0,0,0
0,0,0,0
0,0,0,0
0,0,0,0
0,0,0,0
0,0,0,0
0,0,0,0
0,0,0,0
0,0,0,0
0,0,0,0
0,0,0,0
0,0,0,0
0,0,0,0
0,0,0,0
0,0,0,0
0,0,0,0
0,0,0,0
0,0,0,0
0,0,0,0
0,0,0,0
0,0,0,0
298.7117547703365,237.45977221669463,19.265408060260654,3.590546993194863
298.22862651635086,237.17161688880026,20.07617673614334,3.3202907679006444
298.83138681353233,236.93121849582957,19.73610293757355,4.0214629810102736
298.7895236467904,237.23076037357896,19.70516789985362,3.4906297422597845
296.6399658797734,237.00917756879966,19.36736502157038,3.4343292625459014
296.21685693259195,237.00426250763354,19.536266460712,3.99733405968459
297.17633884048024,237.3240796636378,18.241871151641647,3.113046592066439
295.3866820473252,237.2666338823144,18.667619846649757,3.4789655168756326
295.35740538759023,237.07248327267158,18.748059744717864,4.56033885682325
295.50936976956046,236.6256535037457,18.34157055999634,4.76470967061357
295.6571730273692,236.10766169867478,17.946370898029215,4.836610596631971
295.29905623493704,236.27725624448308,18.46248095182483,4.149395971495977
295.59907123830305,236.29988842422043,17.90393458464996,4.412041022645894
294.50210088721985,235.5919189084507,18.49791421168021,4.454772917950521
295.23775804296696,235.17441463836244,18.10716709471393,4.94182811966607
295.2387735426377,234.94540658691776,17.87551890160455,5.868420892103444
295.18614698331993,234.293791504428,18.83145350222526,5.902395873831779
295.9049202872137,234.62016309876157,17.976825568478716,5.612793844650213
296.35089088164125,234.64687901116991,17.630899390581874,5.498745849537897
296.77803021405157,233.43966885007407,16.369805646393843,5.598164666809197
296.8114776222547,233.3476061988672,16.9705634969543,4.836610596631971
296.35487186837736,233.57576445890828,17.53152107763134,3.970063891327328
295.89937343684414,232.56668263938374,18.625193437907342,4.242640874238589
295.81903184260045,232.56620801630245,18.620653649588405,4.88352991942034
295.65322241235975,232.21419134251477,18.585520340815606,6.113195726468632
295.93302165647026,231.94483075209118,17.742320930268193,5.129463080830021
295.83243541882683,231.52929087154934,18.058520709223444,4.672730066783515
295.2551498921466,231.7965746817889,18.863073937399065,5.531036934186517
295.8867634017733,231.77970496930016,18.38350426102454,4.444012334404192
294.9206373069973,231.75391935587373,19.086873119707207,4.380069710887597
294.8945948065514,231.6372199957421,18.85390493318056,5.225810606479399
294.9868153531763,231.61585908931426,18.863073937399065,4.699782828470632
294.785604598371,230.96901905811404,18.54336081981603,4.6358402049540075
294.99347064894295,230.97568902457104,18.667619846649757,5.303301092798222
295.0297693120539,229.626684038475,18.655786958361205,7.026661754561644
294.8640846667383,230.2276913920236,18.695593085054895,5.874425757398797
294.926605648222,230.49586225852022,18.6090715131175,6.100069085212795
295.0566841084683,230.26186882577798,18.33881528782325,6.022853020843002
294.51907018649683,229.30188585867143,18.185054947579204,6.812358045377948
294.5989438684569,229.25022012156438,17.819091671802028,7.085210259978425
294.27981294845904,229.63913814591353,18.145775126898798,6.563365471431496
294.18856391326614,228.90165031384882,18.319561637507945,7.289459080893209
294.6025540547309,229.49040974663464,18.184383159083723,6.177285149582559
294.98172222673713,229.43481071604012,17.742320930268193,6.991528445788845
294.1780818330826,229.3335540924965,18.922178299104075,6.406387720100241
294.77596321446674,229.36502020585843,18.145775126898798,6.486149407061703
294.6561875336863,229.88734120987135,18.093654017996244,5.867262565058979
294.5528773928496,229.13537990738132,18.22299119126859,6.331717278322145
294.48479463819734,229.31778872525865,18.690920267134004,6.429395505423912
294.98609378821607,229.2869842367924,18.089501538656634,6.060915463982894
295.00575440240226,228.88101220606808,18.370634985453023,6.957931033751265
294.5918943691146,229.20547442290152,19.304015977785525,5.854844406449246
294.81309549048257,229.3673533878003,18.495270871951618,5.789378416982089
295.0128678379505,229.42495335583635,18.229368818594708,5.9676706106908455
294.70753530305456,229.80380870777998,18.590997872247215,5.78968478337589
294.2795001502562,228.825715915594,18.993679002617796,6.991158720833255
294.97432408045483,229.33027040858812,18.51525372326995,6.323995579105485
294.8487366185032,228.92777051395868,18.742215511700977,6.247405170566992
295.29392175232374,228.86137858420517,18.275991245240732,6.620384583735159
294.81626134305554,229.03887087957776,19.441551911391286,6.573762157089135
295.4389687285151,228.7111484720765,18.48012041449715,6.042929108923033
295.5571924683782,228.6924564512115,18.46248095182483,6.5271397304431105
295.58896017226306,228.9591180513125,18.455487802937796,6.024550041418792
295.72584465247843,227.8279059210513,18.304453870633097,5.902395873831779
294.99357363211567,227.54452605840868,18.866586810998058,5.972662491377406
296.9550604712897,227.8345690732534,17.13630320305731,6.167905397365274
296.66931305891796,225.8250425573265,18.085403373404176,5.6356781050268125
296.5102591153275,225.96557375612147,17.903552549009873,5.404846052531269
296.88020809585873,226.06050539966208,17.672054312722594,5.5159294773309
296.0804056814688,223.7950911828905,18.28759032574959,4.827668075503823
295.78198759678173,222.89081896820542,18.655786958361205,5.375396242239674
296.9169968888256,223.7734903053679,17.52027884355033,7.1935451456182875
296.077085121946,222.6714146973983,18.575332131574328,5.722864804736332
295.892005835928,222.35767308451787,18.84045435851749,5.300383579122553
296.0982847464004,222.54634193511038,18.319561637507945,5.435122998911595
295.7789239468433,220.2157960636349,18.503716192095794,6.778877158425047
295.6251072293187,220.42810730930225,19.062318717679943,7.095418633803092
295.7376069469567,220.43216069511348,18.655786958361205,6.113195726468632
295.7763755363074,220.7090532720479,18.76556123255,5.702403103224498
295.9320938164531,219.0044276513753,18.532810085479582,6.138811503981458
296.01903876139266,219.46617377650242,18.223647702232995,5.051467257811964
295.99555052999176,219.13745580098876,18.031819831683208,5.563008245944815
295.84175999440924,217.47958769718713,18.16586008481096,5.87860724229958
295.66807803946483,217.448209651067,18.57543517956134,7.155517831815445
295.86921439944086,217.5279336350888,18.479418196299434,7.896914004300982
296.2236225226472,216.84377473124843,18.029776453805596,6.751237879178319
296.5514824798838,216.62556275427605,17.514523817046665,6.31337486428427
296.5133318857098,216.67651159462912,17.765022027171142,5.745171057967411
296.15126030036606,215.70740014327896,18.214045390075682,5.7822366317700755
295.7454322652375,215.60127734362135,18.44552840532822,6.226093184132878
296.0425435349028,215.40832330862207,18.141767432178597,6.239997031785208
296.25407980834314,215.53413115269106,18.409853796951552,5.796995947513352
296.058778294445,215.34426111023612,18.191676390474697,5.435122998911595
295.73667608669166,215.97313122264353,18.511389508057732,5.24329512836178
295.75035751117923,215.60309983865614,18.503716192095794,5.498745849537897
295.74048346212584,215.6008282819534,18.585760749737915,5.348039418015759
296.02973223239945,215.62701810848668,18.241871151641647,5.178713022316117
295.96076748682896,215.47221461448632,18.255619013991293,5.62695086946141
295.86915842758424,215.62964700409276,18.241871151641647,5.527839742921714
295.7411813883444,215.39054132870763,18.585760749737915,5.612793844650213
295.20685528918324,215.32866237355992,19.274122258987518,5.7716465006308795
295.6036985859648,215.40826745838032,18.771088848382078,5.718695615303972
295.8714703034234,215.27452162455072,18.41547557278284,4.795696763745525
296.1041379396156,215.47966276655447,17.90393458464996,5.62695086946141
295.65260253683925,215.31365597571417,18.620091765631003,5.527839742921714
295.94607401809725,215.28802737330892,17.952734965974344,5.8298128599185475
295.579438169212,215.1950866898696,18.48012041449715,5.937529182604607
295.4821617908564,214.99645826375658,18.73646733916621,6.10971761059767
295.17396451547825,215.52307331390844,18.971986737316456,5.410529551012473
295.56899054195884,215.40285307334398,18.590997872247215,5.760590889992102
295.45922093900384,215.5981900131024,18.52285782586239,5.461146532245152
295.75378084451165,215.2826717927869,18.83546036499297,5.921048184044821
295.20674194702667,214.91319522134853,19.304016092445522,5.405124505884743
296.6025165779166,215.102419434284,18.304453870633097,4.848396610647541
296.31221735200813,214.7790267098382,18.495270871951618,5.430744355753092
296.01475883962337,214.8380198872196,18.794899072876888,5.812417997706859
296.11773981101334,215.28420344217824,19.049457525331206,5.388153910282995
296.13228881071353,215.13696378884651,19.25506220480719,5.4082014909385805
296.08280877154596,215.28554554472103,18.965247866348022,4.843937766729596
296.3468259056756,214.86726848292196,18.628585305799106,6.254853460341309
297.0789003220931,214.7816993524263,18.04287911201061,5.501446344230629
296.89792982335064,215.29528355379983,18.620653649588405,4.286263670282608
296.50999313110185,214.58661738767358,18.48012041449715,5.269996315921247
296.63091256448354,214.59745671126964,18.982892389689596,4.845006007410319
296.9663152843254,214.80325063305088,18.79913131388247,4.6358402049540075
298.11785166727316,214.4250720264468,18.22299119126859,5.713988763363886
298.5862381589093,215.11150834355976,17.819091671802028,5.1760218665710624
297.82842195790136,214.2949271937111,18.866586810998058,5.19972969837562
298.1981469918013,215.15415380068575,18.255619013991293,4.699782828470632
299.87981453564845,214.97605517850388,16.369805646393843,4.671571894371823
