457.15325182173166,257.66456958901546,17.64970243364337,11.657519508640974
457.3493968243084,260.3955501001286,17.26135648772106,9.527773831932052
457.22760694459123,261.9992154643679,17.63264481385397,10.08714365477232
457.46877651363417,262.6894164742723,16.9705634969543,11.200571907989854
457.5308361604628,265.30157209074537,16.976766543659153,9.815192709799192
457.6629606181243,266.19950332800914,16.83069601921403,10.723158128585112
457.3764059941543,268.498382488617,17.004521446039234,10.258926161660042
457.40241893716154,270.6751845947695,16.843284270727167,9.92777964571826
457.5040335748619,271.44686431551696,17.9039444892868,11.3702775429594
457.8606094013607,272.6228065574665,17.200847015938564,11.489893856496508
458.3837858429435,274.295476725552,17.450830547570774,11.080505237063733
458.41688133972735,277.20869331230523,17.214434938990962,11.47628995932729
459.54839062118907,278.6223764763979,17.209037731238823,10.431324409397064
459.57044733543535,279.83208581797305,17.219182354461395,11.814057848576681
459.47210371051017,281.6279686412283,18.073650124256346,12.133952900322356
460.34418454934445,283.0512832578107,18.1287873267691,11.0318589546618
460.7420703666302,284.5629309209251,17.819091671802028,11.3702775429594
461.29368655607504,284.6311110335033,17.227946792443447,11.372696902201199
462.04727376292817,286.8630992678281,17.320721224994486,9.661659912522282
462.37837035351254,288.3145610544296,17.77666526305967,9.164104288355304
462.2136643964276,288.80309297855285,18.42462269296186,10.606055867535247
463.3600665404346,289.33639307240736,17.81258754781379,10.891325719570546
463.47974114086423,289.82323721056383,18.1990539443147,10.856192410797746
464.0811635130097,290.8882320057361,18.528471761189508,10.459621155510206
464.62592154455143,292.5806865271723,18.058520709223444,10.294059470432842
465.2032999294566,292.92304386036693,18.41025686643468,10.302987787637733
465.54696268933674,293.9917825603692,18.34157055999634,9.888053402456137
466.52206825523274,294.56350582922715,18.154589471490226,8.23357182761498
466.5071980242635,294.921677775896,18.058520709223444,9.275193516021375
467.35452985755876,295.5819954230679,18.145775126898798,8.609591177230698
467.7375198154965,295.4820103703497,17.903552549009873,8.83917531507717
467.5732211480881,295.63831009594264,17.871963272891662,8.088741874850768
468.2064802625303,296.2621336188823,18.29453088044005,9.769438342810986
468.6200582548517,296.503252261452,18.069489474281454,9.902080231906211
468.4979710415631,296.64861625913767,18.290337122677897,9.990520277092969
468.7131243305377,296.70300460496406,17.777454239040992,9.661659912522282
468.3451423404355,297.5341163910981,18.038213897955018,9.251858096047897
468.4682656302625,297.0944770080534,17.798302837234814,10.462776722105502
468.57707412338766,297.4251313481132,17.863650537652234,9.484609243118314
468.70767811022665,297.3687860438879,18.067307791338806,9.979205430642878
468.71676019860996,297.62319222938737,17.976825568478716,9.13402771888832
468.4512930440899,297.62318181259025,18.029951030344137,8.68680724160049
468.4462463515554,297.5688681649235,17.765022027171142,8.869273292253865
468.51368704601293,297.56892305455347,17.89739924048837,10.219520868089546
468.5999881823636,297.54763770312735,17.99134299815927,10.15391246462633
468.7898377265002,297.74694816715873,17.636921003949737,10.469726014296839
468.5961935435031,298.17327000822075,18.016153508437583,10.359288267351587
468.33345655068064,298.2037185068258,17.921838324419866,10.299238257864658
467.21669406639523,298.6711500057023,18.63871163506485,10.140094540099199
467.4560800503437,298.5927199015228,17.68559569918085,10.960833262665972
467.51394739770944,298.53830306763115,17.398148243511457,10.18286268432945
467.72040795099355,298.7622963117229,16.626577992643035,9.848864670801277
467.51779157841094,298.7698031191865,16.72099604959277,10.48659025672356
465.95113009805476,299.53516227364423,17.18269554066626,9.885353236975902
466.7772683991478,299.59310289674215,16.336988579355875,9.696793221295081
466.40383742887553,299.58167081072185,15.925243390000048,9.420227179258745
466.469761464137,299.65796486751236,16.123544582037596,9.531159358839943
466.5157798813722,299.1834353879312,15.219690666592726,10.888884379350941
466.3769479296486,299.56039541230155,14.902700423367946,9.729224110592554
466.6266899062598,299.6445530960816,13.75690465308628,9.155208000302594
466.4972188615515,299.50712167114796,14.014715683115469,9.111495595634324
465.161019386825,299.27415698059104,14.692416158818219,8.728168015139545
465.48983044188617,299.4363851378077,14.035405861895242,9.879135333315787
465.5749426157516,299.57429354837063,13.83302807597488,8.86338465608759
465.65608892078416,299.5692794851124,13.660371007284539,10.676535701939088
464.57024440242895,299.59644451797226,14.193856744214543,10.680525866933692
464.6631814947491,299.64590966509473,14.140428699885433,11.322589647372013
464.41074205111613,299.53322238224996,14.021923832042432,10.600767158245105
464.382666295689,299.68465706787026,14.099348485411838,10.454618944965262
464.3446098270474,300.1880552305437,13.84869325068803,10.124674897561874
463.5198741771762,300.4781551489326,14.214665053101385,9.612968400317754
463.5567934139805,300.47824544129605,13.97903372629861,9.716487457484106
463.59068868865717,299.6308913907324,13.779635367828803,10.518561568481857
463.5461608388382,300.0969069887043,13.661303615048212,10.479322959369313
463.50742176259934,299.7521338544157,14.021923832042432,10.600767158245105
463.54665087809747,299.4539716136226,13.772257038940836,10.785925793252147
463.4596516774699,299.4406500493732,13.860283554375883,10.462776722105502
463.50398984376415,299.4878695419333,14.806816651092618,11.709688812898492
463.46710800709775,299.3814237570938,14.38255256366881,12.133952900322356
463.54064433219565,299.44634363960796,13.93597493083945,10.939303912308219
463.54079916409165,299.3868271771454,13.420923951212785,11.312925424844252
463.4895920112284,299.5940066357678,13.958288476244945,11.073292681762666
464.7509639728771,299.52421028476437,12.71825777575657,10.891325719570546
464.5519823273636,299.3960633228499,14.732686820143044,11.422494528275479
466.3810708431032,299.28268348946307,13.194146740824294,12.261698207903862
466.38988833354296,299.56626035561465,14.091931747485262,11.621017687652227
467.53044862927004,299.32756090845044,13.937445210543103,12.305744307845373
469.5057646319259,299.78407515035826,13.325557372031483,12.03379415739579
471.00227538847685,299.0957259358458,13.730561201338048,12.962059641561666
472.3390502070705,299.1108827318008,14.141407823380348,12.781657071132258
474.5648033108951,300.5317221571057,14.014715683115469,10.771640979584618
476.45943998954857,300.44651092396646,14.137886382279305,11.146161361310078
480.8660828762271,300.3344261610085,13.753615860576588,11.236004821691381
483.58655047730275,300.43689727075366,13.920448780420202,10.950753040597249
485.38490887795194,300.83366662166,15.315933556001255,11.242998316732212
488.4307245004238,301.48599580379835,14.197819971293654,10.09558100417803
490.58860515104504,301.481927091677,15.011575990172958,10.060668212108851
493.1832280082824,301.40260824465537,14.643469617714288,10.758467474239069
496.617518579475,302.4249814768751,14.000714884987303,9.121677879612946
498.4267658782521,303.32667786091207,15.093233349954062,9.246305115287157
500.6321747364217,303.3659043164263,15.571890499771484,7.5062106900095955
503.82990395665183,302.8750911024869,14.605134478666855,9.048200842361325
505.9156598348616,303.55143128017903,15.218344396952489,7.896914004300982
509.37892428873033,303.3276899631794,14.195262420686731,8.216627121884017
511.4326864631611,303.55215984874366,15.064526875499837,8.20738722566773
514.2344632462709,303.39445428889405,14.02325661099087,9.106388629128901
515.7180112015033,303.6898663173187,14.87255410008106,8.67177135616015
517.4817093631051,303.54908995813327,14.439789905624252,8.853593810747668
519.6448187549037,303.6932435226049,14.826247891528851,8.71042063627317
520.6503667442673,303.55158879510657,14.773297006201915,9.13402771888832
522.1779433294223,303.617456146275,14.439789905624252,8.994127045838923
524.5732177848818,303.41178693174385,14.931656228443558,8.923860428293324
525.7965855316397,303.70948498367636,14.67953742486543,10.77630782056599
526.9234509644202,303.52496234846745,14.516620101519038,11.080505237063733
527.4647333031162,304.4295482575872,14.470047341829286,9.887865683583357
527.5471390000852,304.2850078647148,15.740197643425176,9.418662740809623
529.0126736817372,304.48739785222034,14.546946850028121,7.928885316059279
529.6798246023711,304.1332501592659,14.82548435899821,10.424168689920577
530.550920718614,304.47771641463066,15.061375103546993,10.606602185596444
530.3322608393554,304.6241356831135,15.474114891018871,7.705086133751138
531.2654712384726,304.26088123640744,14.469223286463944,9.289579152788122
531.1442825818056,303.9721545141587,14.934095877319805,11.15814549924744
531.5764332424482,304.12214063104176,14.925167305888635,10.415613831399867
532.3510598786545,303.7864208564523,14.593836165888888,10.810249011769486
532.1055791368836,302.9506274871226,14.412922806750089,11.485297861628965
531.3311270874299,303.6271996297354,15.11386400893548,11.68122370860101
532.5168246621301,303.3694370729959,13.842523656486492,11.62912520379956
531.5904959408159,303.33134695336486,15.107322772307612,10.469726014296896
531.4567068322914,303.52255998325654,14.82548435899821,10.192520496811255
531.5431743604402,303.55421127532276,14.296739038259943,9.928290998791624
530.4267739397193,303.54683195793774,14.018190200350546,10.258926161660042
529.391181440455,303.5347498366694,14.035405861895242,8.728168110016838
527.465988534265,303.5758660550782,15.338778366541305,9.044750769328289
526.7893709627059,303.5331293336205,14.692416158818219,9.164576415896533
525.2276808139442,303.701634181968,14.110538291142234,8.990013055593693
523.4447219729918,302.6530507224235,15.44321287395644,10.115304432441462
522.6336882762268,302.78464875743515,13.783067490006147,9.613400014037893
520.4803361632997,302.4644989364931,14.118294442571937,9.034744737140727
518.5955543622242,303.11744916161445,14.889270737116817,8.974354964837516
516.6422542428375,302.51888095624577,15.166450675489841,9.637793779005847
514.1973410981983,301.32618886401366,14.284971908409716,10.539992786475239
512.1131473282786,301.4747842811502,14.76439024235026,10.479322959369313
509.76197889056664,301.61195217862365,14.141407823380291,8.63441727677548
507.73560454886285,301.4184456219257,15.218344396952489,7.832971380784386
505.1335850725958,301.5898264207572,14.106054764159126,8.47600659074476
501.9309855453405,300.8243523899796,15.773108726078021,8.702404814387933
499.28743258765115,300.35546120895043,15.626198382119753,8.094883096311207
496.5373564551134,300.37527901149116,14.207755844039923,7.991862662272467
493.31322212048116,299.8478120366194,14.972216021607494,8.042925962020547
490.77983725946035,299.4911781976361,14.345362449159154,8.094883096311207
487.7394173736069,299.601801428667,14.58032314071545,7.7995945475634585
480.4483733395457,298.55673120417686,16.32990669939386,9.112268379219756
479.2778460692526,298.68007797861,14.755229947706539,8.299816845584928
475.6046117553456,298.14140769916526,14.825484358998153,8.648199209415623
472.2827975909212,297.65136174444507,14.826247891528851,8.075010012350504
469.24801004100726,297.3975551744304,15.152288659957208,7.179853703487424
465.2399665329066,297.50871226054466,15.536139066948351,6.837064945192651
462.3593078287784,296.57768563527134,14.896522919670701,8.010394400200312
458.97759721938314,296.6378037709403,16.045636718452215,8.163569558510801
456.3965242861512,296.2388923189434,13.869457672930707,7.546616674977031
452.7485753919979,296.3506148472952,14.382552563668753,7.254915894947942
448.7917031981996,295.9119686132193,15.559036970511102,7.644390372608427
445.61414534442173,295.70525047914083,14.474923214396995,7.940127782654656
442.6049834354908,295.74225885605415,14.692416158818219,7.098909985646799
439.5935407564729,295.41736254450933,14.942315936443151,7.545869547903806
435.4061727803081,295.551199641058,15.103801512289351,7.00035744249368
432.4929256790954,295.03002834784644,14.53181330018873,6.65015184923891
428.96496086211306,294.5336360364598,14.694425205319419,9.514781071643597
425.7556657202245,294.36717169992676,14.053323509123288,9.837326456386336
422.1000037783907,294.09399787602854,14.826256302125103,9.310326824794174
419.13043962378276,293.77577740507394,14.25600775806123,9.164576415896533
411.1907676588538,292.76623172442413,15.880255565309369,10.856192410797746
408.40341364689823,292.3105605493049,14.9304579390693,8.50663389186326
405.32450489133186,291.76625671926774,14.866979519121003,10.561083298318806
401.41618349817765,291.67075851923676,15.274741768925935,8.432428421331338
398.3076017729169,291.7439605669126,14.983355092656211,8.059008467312196
395.47817540827845,291.60089425710066,15.481820906141309,7.876038565717806
391.28983147652093,290.88593790636713,16.95201318148952,8.104794623266855
387.6298132296464,290.51779757543136,16.253981549839125,10.38556065773571
385.39978470344647,290.4097645566206,15.761856696843665,10.262791074415418
382.4915310685792,289.8858261761096,15.53976094788203,9.853894926641487
379.7625541428178,289.5141640498813,15.088528563316459,9.908884429640693
376.2603526020601,289.1262777930088,16.291740957076115,10.224764506914994
373.3280832113605,288.4484543941931,15.559036970511102,8.879847402524945
370.48321259235445,288.4570932022542,15.117477760826716,8.763371521600106
367.5277732817654,288.6290596676624,14.97991648773774,8.725415273785359
364.54713810051965,287.6266421285612,15.087240744104918,8.91436246131832
361.89430496230636,287.402549364519,14.45103291475317,9.079852539358228
359.3543872083834,287.5116562525603,14.9316562284435,8.888727119520468
357.1566529407338,286.9714341743152,14.919627124174895,8.895475794791082
353.63972496053526,286.3707538866455,14.864092391183078,9.227319692188985
349.51213196410345,286.3862348892496,14.694425205319419,9.008076754218791
346.2076965900163,285.2879140256392,16.164461730848984,9.376236332067265
344.60577791196,285.561039813568,15.182806678479722,8.8782509486511
341.43652952988657,285.4610919709137,15.347019908000732,9.120514688183334
339.25281037665326,284.9069399449925,16.092446589246492,8.791649975869007
337.6881885632462,284.5894598575524,15.852965432102906,9.08293004240545
335.472252939785,284.47704390134027,15.274294026494204,9.193670309280321
333.7147751847075,284.3308461724345,14.806816651092618,9.079251470870531
330.2067509604115,284.48530177436356,16.467143655229904,8.437229081301552
329.72179965951005,283.61796841658116,14.70680340881961,8.856053357050087
327.58349302354895,283.40784361947215,14.80271734409456,9.015909915841576
324.09173612299537,283.5430359248739,16.46522555552633,7.928885316059279
323.51916553632134,282.61779780672686,14.825931673435093,9.091373195974313
321.3963298645756,282.5384364890064,15.152288659957208,8.904883489390272
319.33581544942183,282.5753772162578,15.867901227990217,8.802631338155152
317.4312229763445,281.8867703321685,16.06094138891467,9.5361839496681
315.6634071977466,281.48534242895346,15.739722330218115,10.04812630902319
314.6596840777734,281.50453398415306,14.864092391183078,8.802631338155152
312.50098868640936,280.43245621856033,16.18103395175251,10.26611817947321
311.60079416067924,280.3814026797529,15.134348616477325,10.115304432441462
308.05973332520426,280.46638908044173,16.431189095279933,8.938374126611222
306.76923107241817,279.569281610365,15.697914073327013,9.719278774524298
305.27180905634873,279.55084543039595,16.263486401543332,9.54279702988589
304.63003751420365,279.5496064036328,15.867476869652307,9.164104288355304
303.34066469957855,279.45195336959193,16.4651599298694,8.988968803257592
302.51416732404067,278.5995963345173,15.127776766457885,9.800168426966195
301.4697889759509,278.63437021093483,16.30185527058302,9.696793221295081
300.54894036676086,278.55163280242107,15.80500263300155,9.883954448956729
299.509367073082,278.62302910964934,16.30185527058302,9.41572675111263
299.4838539540662,278.46060669960457,14.925167305888579,9.048200842361325
298.59312650636014,278.59599341945517,15.070636772807575,9.048200842361325
297.5337852328635,278.4722922894306,15.925243390000048,10.383933284553734
297.34007840745073,277.5236657398636,15.761856696843665,10.678418127273403
296.7913708579956,277.3912201949497,15.636253034880895,9.03427953126453
296.55129710178545,277.71798859293966,15.768890214018768,10.095581004178086
295.45460253794414,277.57922186955614,15.985655491627767,10.012993000250333
295.2922924566233,277.5842381707332,16.273397684976487,10.198848450898822
295.4151939780795,277.4678370326887,15.157918452958995,9.891923750491458
294.58572421161807,277.4761620418762,16.017642811383837,9.928290998791624
294.5519912727809,277.60511042376424,16.263486401543332,10.677458871854014
294.4053744707563,276.5517480557896,15.827078000786344,10.561083298318806
293.38542992278644,276.5267811930528,16.300069719208864,8.938104325833024
293.3833641320975,276.5181879147429,16.113541126184998,10.422647633206964
293.3618593502959,276.60445668626943,15.423522551262806,10.36432608797844
292.6137042434488,276.69010744714785,15.950522182854968,10.329192779205641
292.30027613929946,276.5762685898824,16.12203532210657,11.115719090505081
292.3672614012439,276.4556962947713,15.909903278394665,11.030866273020308
292.2146194330485,276.75812349937604,16.503873000788076,10.309617324399767
292.29158201672004,276.5151202013126,15.142456081080354,10.153526235341587
292.11865160829404,276.6026756703316,15.44321287395644,9.960872303701876
291.76607196427017,276.58774086060464,15.697914073327013,9.33562303342461
291.21591553883354,276.6371572464412,15.33248181326178,8.815449695290908
290.961564274164,276.445440632606,15.443390337352525,7.131425179183054
290.0650701613158,275.869435917558,16.342317068188322,10.459082923640494
289.84891062075127,276.0016870965558,15.969024783385123,9.743811732234974
289.0329956931017,275.4429766600807,16.887060970461278,10.459082923640494
289.6940865645939,275.5391199075293,14.47726673163703,9.713379815670976
288.3269803812809,275.591940733768,16.291740957076115,10.691455003081217
288.35449480545566,275.53679239148227,15.59764500269597,10.346952625550784
287.57047480212367,275.5335184868882,15.985655491627767,10.575125940615294
286.5245503136578,275.6853917554052,16.573627107316156,10.140094540099199
285.35037938835706,275.5276087820241,16.372121888128675,10.645392558160893
284.27590490229034,275.5360929546423,16.249314548333757,9.461089149552038
283.4378356238433,275.6097929627458,15.991492339585648,9.79070959566468
282.47830621030073,275.34646476514894,15.845122256536513,10.43459270552404
281.5079454804575,275.5352734976753,16.099549421099596,9.960872303701876
280.4921746183493,274.66153468547384,16.049598502668346,9.97504926859068
280.5937737562506,275.22690219732345,15.09045914991924,9.815192709799192
278.5517323329388,274.815703370303,15.985655491627767,8.467127414246818
277.63465889734357,274.59813184384535,15.829293195805349,9.767832142777422
276.4780173709561,274.2206920361297,16.138157453284464,9.150103627819192
275.4268000231015,274.4075893996672,15.313730482171934,9.514781071643597
274.2872473094912,274.70536093822346,15.59918909512686,9.450860059885429
272.9246922749245,274.4019561651509,15.474114891018928,9.367594345182908
271.77378875024385,274.44113881724894,15.885265787553976,9.86282985710767
270.4470575775212,274.47861703078667,16.030735254472916,9.979205430642878
268.8581388779892,274.50959436197274,15.506086202777226,9.655336151007646
267.3051629061315,274.5251997129571,16.030735254472916,9.921017643875246
265.6318386127481,274.01561157297874,16.249314548333757,11.327851134216985
264.63363047819666,273.50723153817114,16.038114766231672,8.67177135616015
263.505846639414,273.78345859747867,14.97991648773774,9.150103627819192
261.5598868350606,273.6351533587596,16.037182504621853,9.461089149552038
257.46981652348705,273.3248183009225,15.82043479959674,10.190386828210023
256.5052782892657,272.76086113183186,15.805839270076262,9.451733030849653
254.2734652799133,272.63603989258127,16.376593774560888,9.291383514582492
252.6841268494422,272.6272423015122,15.80583927007629,9.107552276224851
250.3086221198401,272.57200635047536,16.234392508159544,8.640886334988124
248.70135458727435,272.4694542230811,15.911741040730078,7.995583684360156
245.59866746971338,271.9500680743503,16.83384343444638,7.769466200513705
244.4888252676025,271.6448855767905,16.25592179535485,8.604518865619411
241.02609929646567,271.43742802162456,16.503873000788047,8.612560974704309
239.4493087485534,271.56132532608297,16.059829147856732,6.9534405187278026
237.5224695663564,271.2904841874651,16.79292179026416,10.334105717085663
235.2492660922995,270.45169681836603,16.17676548546936,9.458967885298307
232.5799617374111,270.533478658838,15.949336042632439,7.035054568653607
230.47609093793048,270.3338148901466,16.394699941896164,9.888053402456137
227.51314276446743,269.8467191225358,15.774855638990914,9.34546013356703
225.05615722009426,269.5375248926668,15.857770632118559,7.353401704409805
222.83013714467066,269.5799273563026,15.809988947763713,6.710461975606393
219.6333121704625,268.98591916520076,16.457716606045864,7.179853703487424
217.23803840842567,268.51834057772527,15.710702427251164,7.5062244930199995
214.34608159469823,268.4849770928835,16.088923041240548,7.011628305495435
211.44893449041666,268.5346290281655,16.145512437943296,6.841860716276983
206.52557790916833,267.7604321124952,15.827078000786344,6.691595478273655
203.6298270070286,267.575294375935,15.83231471273973,7.280746732447199
200.04873399066088,266.9904899291464,16.64006187168806,7.37413414731418
197.2136690321238,266.4135299737675,16.890143914160234,7.769466200513705
194.460372123425,266.3808775060096,16.049598502668374,7.289459080893209
191.61782915885163,265.4729796983177,15.809988947763713,6.85099521069759
188.62722004470223,265.32913471037017,15.88236556871189,7.787482472400654
185.64394771904614,265.36936776131347,16.81010542849856,7.0228884901283095
183.34884410792537,264.68262633063887,16.14772058528743,7.176764704572179
179.9555348719158,264.22022632654944,16.724934252651764,7.138691449302598
176.9472815232189,263.787468040364,16.271226899461766,7.55283311665562
174.16140168571584,263.8890791545856,15.608142867376444,8.570945505206737
170.33436855543076,263.88050059057144,16.504339032691888,6.806874290319229
167.50288266808673,263.65382108154284,17.109921372357633,7.377994842289752
164.12250486350086,263.01217936884575,17.241134423952758,7.7995608108357715
161.57399240914825,262.6291788009977,16.30887268068173,7.015992305812745
158.2386434774881,262.4287491564807,17.352401175635777,7.297342303690357
156.1072444787383,261.6843355743114,15.98483244334875,7.531315285808546
153.99892582198402,261.6724100943209,15.113864008935536,7.3776149738532695
147.57921491438827,260.94272141554967,16.164461730848984,8.018591252310898
144.99829581573223,260.2475822375675,16.18103395175251,7.682591750201823
142.56948204191946,259.4060986224073,15.98933623873836,8.388771477366276
139.22345995667234,260.1758867052791,16.343466504577748,6.91651403798744
137.52333436694857,259.2250623679088,15.70783384016903,8.050968599083035
134.18308414088833,258.30943309955586,16.961450052409077,8.841606942213218
132.02551071094578,259.529483755986,16.520971639814547,6.25485346034128
129.20920465876756,258.03096890697,16.31784932610779,8.298791942991954
126.48017024006869,257.9815957054518,17.06380815244414,7.692700396593693
124.59930581892128,257.7295752619073,15.525268073125417,8.392036796284003
122.67351146610717,256.6063197897892,15.388389242490021,9.275193516021375
119.8647983093982,256.70699970266185,15.825050460909893,8.909545835901042
117.71075319534273,255.90278232808384,15.867476869652279,9.461089149552038
116.07572531763877,255.82528206575836,15.31587383485423,10.160774836781343
113.56140886790871,255.58197047029182,16.037182504621825,9.80050041949113
111.64317478289088,255.50027563463584,15.599189095126874,9.556259986203827
109.73044845698334,255.84301496779946,16.19645534426462,8.748193884429242
108.57486790241045,255.43772409793073,15.400786373486042,8.951972244643372
106.52935162923845,254.84357339148008,15.882365568711904,9.785586527819277
105.18789573268175,254.44496681920236,15.571890499771428,10.117066582186851
104.63252398450885,254.64573327930478,15.187012346342783,10.06648711079427
102.64017374574813,254.59208093715765,15.950522182854954,9.73192653006791
100.49923915879747,253.6890882930394,15.867476869652279,10.182338098172579
99.51970431669355,253.73881248900898,15.943453574321538,9.833735963723882
98.5952670761934,253.7316125497464,16.138157453284478,9.88365623933214
98.26314411628888,253.63640442956182,15.985655879151764,9.463508280457859
97.3513372343738,253.8432001458381,15.938216483393504,8.895748734917305
96.42961156615803,253.5508222967853,15.677431819438198,9.42695246659028
95.3320091716635,253.68827072404932,16.419020183303303,8.782266609673883
95.3198883993008,253.30447935562825,16.3053689967348,9.079852539358228
95.53569992193714,253.49436535663847,15.909903278394665,9.461089149552038
94.67689924004823,253.80351902187394,15.825799320360247,8.504368927708725
94.73868772573671,253.5179509512775,15.31587383485423,10.160774836781343
93.5582129221895,252.88535945288456,15.677431819438198,9.990520277092998
93.26723143269987,252.82567889818034,16.161322035491807,9.38059344233983
93.40771007848322,252.60664128668094,16.33416736581853,11.200571907989854
92.6650216049586,252.5551625523257,16.863988210947966,9.240060207248604
92.18253071849136,253.74542761666103,16.599633691169856,7.736249035082238
91.44478655418231,253.025649618434,16.65694671503934,8.63441727677548
91.48404310253089,252.66069901405086,16.36980564639383,8.957063466894738
91.64177868319126,252.73485993241997,15.426331441599686,8.951776274504937
91.6181321136618,252.40889895385686,15.681608533867362,9.048200842361325
90.57127771566508,252.33973821881662,16.833843434446365,8.501372436793957
90.40948671337418,252.42249570917915,16.114370903400797,8.375088006937574
90.36068669222091,252.35467498828757,15.938216483393504,8.63099430828288
90.07054732027578,252.60551823420235,16.597583885983923,8.25216951634593
90.49042742541975,252.6802556373604,15.867901227990231,8.493767080676037
90.22614710559134,252.76638957361988,16.15002002470105,7.836731028379546
90.31146286652194,252.61908939492122,15.964691926056943,7.889681913706397
89.57802532977728,252.4428616768183,15.949336042632424,8.07103863184571
89.39451645148087,252.62892345838407,16.049598502668374,7.609172198476244
89.53860219922973,252.5785673202133,15.782624052167506,8.273149704765245
89.34402642447621,252.57241768052208,16.118016934624336,8.000820680544592
89.7539211661281,252.4581815280967,15.98933623873836,7.99466811936918
89.52569471110259,252.53265810649327,15.909903278394665,7.38219512117513
89.49238478503769,252.0763366552544,15.950522182854954,9.977859691477533
89.3015824068668,252.62615047326761,15.944869912939609,10.2103114354789
89.38399074726665,252.54454085391743,16.15002002470105,8.15443634034088
89.5217772774204,252.3772348472887,15.704589021445301,10.399459396751269
89.44909183386585,252.61007585170023,15.889741943876857,10.198848450898822
89.35238310041342,252.56333591108387,16.176495467364504,9.425257588186184
89.63436124529845,252.4854647558195,16.138532755304027,10.041753714411385
89.60430350873892,252.81795147161043,15.906509260175127,7.876038565717778
89.76027182321668,252.33519046405888,15.867476869652279,8.612560974704309
89.85916854727844,252.37760529593302,16.457716606045864,9.324485329204464
90.46439451955226,252.22313250692113,16.07960891336421,8.273149704765245
90.59806732864507,252.63738535786004,15.994756095879438,7.891312026083739
90.34536076628163,252.61147341207518,16.14551243794328,7.769028757267762
90.4836744152125,252.90238436104735,15.938216483393504,9.55763480150344
90.42925358663445,252.6263658270545,15.991492339585633,10.117066582186823
90.15946446365369,252.8174970647746,16.209589246533753,10.517672411873036
90.571998816852,253.14465168056185,15.636253034880895,10.539992786475267
90.48126175745807,253.63639915729954,15.758380206355525,9.650842315726607
90.28765694238496,253.50271440465949,16.331197614208932,9.30453575655875
89.97568180795349,253.54663082003083,16.608641515590904,9.064377233932646
90.44009193721148,253.65638209360688,16.113541126184984,9.335623033424639
90.27406729256641,253.27630409298837,16.17798204616973,9.324485329204435
90.5279717646606,253.59355800764078,16.037182504621825,9.291383514582463
90.08492414478408,253.57846999695133,16.08729931798561,8.96585153072445
90.48429541368371,253.58556322613427,15.85162505964756,7.925812529823787
89.91205330863635,253.57001277449598,16.292233067259303,10.144220589048246
89.69245769827887,253.69350437783294,16.84888129662596,9.143795162874824
89.4697002667184,253.54063820852963,16.176495467364504,9.08107683356144
89.57407964152424,252.93216825538835,15.964691926056943,8.207387225667759
89.19679553812685,251.65471694966834,16.69082873927597,9.510975035788533
89.5804466428491,250.99755030958656,15.851625059647574,9.231240475912415
89.22245998358717,250.62532749810754,16.2733976849765,8.824082045291789
89.59206935169506,249.51744476421223,15.809988947763728,9.4157267511126
89.11215979253538,249.47300699350686,16.07960891336421,8.909545835901014
89.52551453167828,248.50461833685458,16.020788800400567,9.521126677431056
89.4418449717489,247.86628389387698,16.113541126184984,9.143795162874824
89.09923657094217,246.81364927093082,16.524237775133386,10.501384754290399
89.2135620709766,245.8994475371802,16.317009026977317,11.28593124365932
89.30660528476287,245.40490153103173,15.764143312947539,10.160774836781343
88.53680249638464,244.54437887918024,16.240999629940887,9.734353090500832
88.22094818297526,243.25753913835206,16.27145790778006,9.3421678481931
88.30202921843542,242.38169208602153,16.09954942109958,9.30453575655875
87.58616892575031,240.88312552319113,17.867599994552563,10.56803170409512
88.34367378979582,240.49909185923988,16.336988579355847,9.556259986203855
88.43158520104669,239.63921394319652,16.138532755304027,9.580652778545556
88.5233713182376,238.86051061182107,15.711757779709501,9.510975035788533
87.80587679203947,237.7051475961613,16.75843145324238,8.9519722446434
86.90818954556694,236.55131446978595,16.670800908916505,9.310045882815501
87.47334230385384,235.54864994558412,16.14551243794328,10.262791074415446
87.40691700747071,233.6769072198035,16.31784932610779,10.070444155540798
87.45856223837193,232.61082687563538,15.876735279310623,9.40218011221586
86.55945469500912,231.62550998548335,16.60056813640037,10.19491412724588
85.28588874579557,230.57918370373676,17.110430579090163,12.02858607467374
85.32222097569424,229.8380273133511,17.200847015938592,10.130143104248418
85.48597744930125,228.2900275643124,16.14772058528743,10.64140973436568
85.49841107215632,227.3928854447207,16.038114766231658,9.464352609142509
85.29706345813707,227.48036987179626,16.263486401543332,8.379041294533948
84.91614892506298,226.12995293223847,16.5477884319927,9.837326456386307
84.4214033032112,225.4897557383114,16.249021489364907,10.470080792310455
84.6859014694322,224.702996405382,15.56405578635406,9.029260354611722
83.55681905999039,223.62227816289857,17.165397096441083,9.804642070340066
83.7206985675377,223.49187989681747,16.53948322793653,8.578984062741512
83.42309486856144,221.40372009876705,16.737451165921982,9.324485329204464
83.39109255427587,221.5570940343337,16.12354458203761,8.816322406926957
82.4659500509674,220.6672966363011,16.871710064797412,8.80263133815518
82.79093361603492,219.6625801961064,15.634322403899688,9.06439366338455
81.10214713174732,218.7854441091379,17.214434938990976,8.812151218769174
81.54697895045821,217.4601135444606,16.625082114317834,9.559422215732752
80.33540019609384,216.90230000485016,17.250297859028237,11.655606661505573
80.4126633176842,215.66045073266562,16.343466504577734,8.50475059485862
79.47388973305813,213.80567318439208,17.34054775187117,10.41558874706547
79.48131053942839,213.54351603640822,16.987534161352073,9.922264271517008
78.38124647549357,212.50709440782265,17.20056572596731,9.943077956832411
78.33456200767412,211.6375561092577,17.856389405426526,8.718393782806174
77.37266746218867,211.3362742801992,16.704538536504245,9.651511154424668
77.15242330466639,210.2095507919668,16.439740076449297,8.782874835363316
77.11165316889398,208.81549893570022,15.927524182127797,11.001485775284152
75.23778246127424,208.11525741424435,16.781009094404723,9.743811732235002
74.88205360614278,207.8173008902337,18.220660080124674,8.02252943826386
75.22277461434396,207.5550002536327,16.585970689451898,8.591831663454826
74.16867800834649,206.56937251054694,17.880043100184167,7.238633365818515
73.63598027821976,205.7561235355548,17.4706021255831,6.865280600669024
73.47290651246817,204.95767301876518,17.25095006633188,6.7417506006354415
73.12932447162214,203.42862003356,17.85606754404958,8.96538956186589
72.34111464484211,202.56213361370632,18.515253723269964,9.275193516021375
72.64809750963914,201.2021370186107,16.660682269134128,8.89067798218369
72.65120717311017,200.4194227237152,16.82827585899686,8.537875251991068
71.75868871272311,199.52141221527893,17.14189101041343,7.758961194187123
71.34718232370702,197.5009886431833,17.394827584378163,8.867119427158627
71.70924916206103,196.74825322751846,16.755885968242723,8.725415273785387
70.41005280179175,195.0070647908692,17.734651109868253,8.445071957080131
70.08651713500981,194.39952825192609,17.68908717734945,6.720689371657443
70.43624653282008,193.22058440603666,16.758588284629553,7.48339476860815
70.79475157116471,192.04468315227768,17.076933143724645,9.031070412546683
70.4960060226021,191.79774508952318,17.163201501672546,7.941182784355959
70.49133640022282,191.47619708624913,17.110430579090163,7.366343410071522
70.34865349063858,190.76709207810006,17.171646312729564,7.769466200513705
69.41581045376343,189.6038057318813,17.999848519924896,7.737057445509464
69.69624538444955,188.30531333872204,17.707187621495365,9.73192653006788
69.59144302419283,187.42540505706825,18.095762455199804,9.0798525393582
69.5025198767544,186.21107772754567,17.921838324419838,9.33913977619929
69.42283948553452,185.76494282394162,18.09358212691383,10.648952463509858
69.48035016057163,184.6625212322864,17.863650537652248,10.619271085086439
69.60205408161718,183.2385095638936,17.85606754404958,11.87914116947232
70.57029162833359,182.4728072231576,16.8162703758355,9.397327562966893
68.983138320443,180.25080465583005,18.546504309270034,9.580652778545556
69.45075719876927,179.43286379204483,18.200929350483506,9.164104288355333
69.5257574570847,177.72422260624347,17.707187621495365,9.837326456386307
69.57884269749073,177.40139821811658,17.946370898029187,10.182338098172579
69.46792218397235,175.73070263790646,18.107167094713915,9.652008046222761
69.79125835106166,173.38541261529025,17.565749670726646,9.233278673074267
69.28022310002711,172.93444049156912,18.52847176118952,7.770004286950439
69.26655966386204,171.37717654282338,18.016153508437583,8.782874835363316
69.66558880364347,169.54882230066096,18.00549070341401,9.488370619641415
69.00264680465857,169.0384498142641,18.956543802781525,7.451350211683973
69.4057271013236,167.48874034851525,18.369236098532767,9.044750769328317
69.22207687193904,166.34945965265555,18.41547557278284,11.445729609472664
69.60686037233202,165.43400006057095,17.84444835516149,10.881406934675624
70.22282420915977,164.31368279850855,17.188662296960842,8.835498604177587
69.52026804793722,162.91860954677466,17.9962566853646,10.070444155540798
69.55848101849878,161.74472906141648,17.77666526305964,10.903587046793149
69.2075234966305,160.3306832643334,18.269320561860297,10.223792852887215
69.5053309716639,159.6486849774756,18.04287911201061,9.091373195974342
69.49882586097414,157.71901681207217,18.116076532998733,10.05505887194542
69.62052844388077,156.42831785956366,17.734238854317255,10.64902859433883
69.71041242555188,155.04256184227089,17.65163762452306,9.441573613116987
69.59552560228663,153.66082477593753,18.242383978190034,11.104059812811329
69.15501008042875,152.0942698459845,17.94963425871856,10.536668422001043
69.62791037282987,150.53390932428616,17.705907538372514,9.896885970447983
69.6136029581984,148.75280868180383,17.56665464412545,9.034279531264502
69.37972967462923,147.52087216073465,17.141966290091645,10.26973656118102
68.39093616776954,143.5951367161028,18.154913862778443,11.281448532014593
68.04482620694773,141.74754332529182,17.897939544865253,9.359472973002937
67.55269133540394,140.22286236541314,18.044095800435187,8.300284068200199
67.59463074556773,138.45192504501475,18.189386406415736,8.909087219468944
67.01517811838671,136.5764858473072,18.638957542933298,10.013482509767357
67.69945944636568,134.1981469954055,17.903552549009845,10.640790665920946
67.311539955766,131.77621046406668,17.819091671802028,10.564175776854057
67.4327094277224,130.34743086501157,17.631932805002933,9.189524300912552
66.63661154022004,127.94079686915325,18.15850294174112,9.291383514582492
66.44681665880067,126.10686156836309,18.107167094713915,9.343143788743646
66.50780767852166,123.68042582064503,18.35663515534948,9.314292652899567
66.46091727061636,121.781769182037,17.856389405426526,8.951505916036282
66.27134560328565,119.47092052953184,18.444037434633174,10.297920901003522
65.43383567389357,118.36190757175524,19.37644821953556,9.178317577674747
65.34565448995858,116.00597523602428,18.290337122677897,10.349154338321952
65.21530765173003,114.07918238750885,18.199053944314684,9.204926898475762
65.18221680697019,112.25064085044546,18.416031352193045,9.652008046222775
64.75265282667158,109.82493513462703,18.603183340871738,9.712505358688048
65.04495966869038,108.26602918998313,17.81583890475119,8.456365931748266
64.32705029343896,106.01992996217518,18.1277337669581,10.582504191998467
63.641472550897774,102.82827443815579,18.53185544874772,9.381751820928528
63.606378093109704,100.42228608053452,18.00378042267679,9.527773831932052
63.63817867956373,98.83413378747738,18.01615350843759,8.27617051793851
63.73310672501986,97.87194404993933,17.707187621495372,9.380593442339816
63.61278740871369,96.49586155825907,17.746667022260958,8.030614686051052
62.7224697784267,95.06422259798508,17.70664438468515,7.844715866632654
62.69671014256063,93.57859630278003,17.959853028723714,9.40218011221586
62.59286326113961,92.65313629460387,17.829236186812082,7.3776149738532695
62.537285896000256,91.43016479836646,17.763144552134477,9.744087169018655
62.60690593146077,90.38540592311689,17.61619277882525,10.007020580349007
62.49999809030202,88.9826333721755,17.980026111187435,8.873637482058527
62.62761989923373,87.68229249137111,17.900840905854828,10.046636147700482
62.65198524710687,87.41496110576678,17.77604933761676,10.198848450898822
62.3594053062099,86.44702102899971,18.154589471490233,9.950111537259062
62.5308284770237,85.69086622877495,17.99984851992489,9.431536968699547
62.91920718696565,85.21859716320463,17.447316715209837,9.981241884118518
62.654560607024294,84.755481629754,17.95312078290503,10.04812630902316
62.3303981541784,84.31355627332194,18.243355759225892,10.309617324399753
61.902644833135035,83.8920692502797,18.46248095182481,9.417730182496499
62.27759542877117,83.50498073372347,18.042879112010617,10.629913275293077
61.67225992411359,82.79410389258992,18.92217829910406,10.564175776854057
61.2663906730577,82.51389619426149,18.879751890361675,10.946013455535535
61.60154305347664,82.45876972258434,18.243355759225885,9.63079478452157
61.62785056174475,82.57273020888059,18.940124592852783,8.379041294533948
61.72296033363099,82.31265518886893,18.107167094713915,7.296918082944416
61.382601357337094,80.45424697107666,18.75260650023617,12.177987488201168
61.92183567058646,81.17144502617722,17.412552447419955,10.10469364824371
61.71989483386493,81.53937876012009,18.686287577487278,10.462776722105488
61.57961350373173,80.9279636737222,18.649185659014798,10.241050471097054
61.45833820853844,81.00421499986736,18.958987872673994,10.55053288024017
61.33485417470406,80.60065457828652,18.83110262564078,10.806303374306594
61.527228383217704,81.60994514849406,18.695898442723205,9.805709621376735
61.57149519918221,81.39036304897695,18.816361705885086,9.70933901084723
61.31659448377631,80.76128328528317,19.253053207498937,10.434592705524054
61.440312990612384,81.06382043188444,19.168220488333716,10.325422638743305
61.8217837659744,80.85997669771533,18.690920267134004,10.329192779205641
62.373792713520444,80.58856114198932,18.229368818594693,10.023821728894788
62.48530224603368,80.09836911897203,18.275991245240732,11.375872101629426
62.695655479042564,80.40866661852519,17.80976697878051,11.049515115107269
62.26971763104126,80.63745810571407,17.949026211119573,10.962156947730747
62.31054760457952,80.28032573322929,18.220660080124667,10.266118179473224
62.26707117990214,80.11560537770319,18.49527087195161,10.707788399550935
62.59883434079207,80.37902394894196,17.63692100394975,10.223792852887215
62.77534484895642,79.75869923886982,17.55225015530864,10.42264763320695
62.49693078315574,80.0357483086625,18.07365012425634,9.885353236975888
62.489524375252614,80.03348835585848,17.847252069295976,10.640790665920946
62.660154934169014,79.47404424813989,18.016153508437583,10.640790665920946
62.6041036988566,79.82972305074343,18.093654017996265,10.329192779205627
62.70968247631865,80.1022565217844,17.999848519924882,10.454618944965262
62.636410525703624,79.7553741563728,18.116076532998733,10.564175776854057
62.803366856989804,79.78433779746723,18.57915830557625,10.753391625348684
62.38295913987703,79.57609460762983,19.1984635824288,11.316396422487358
62.48033187884269,78.82680141303902,19.375751066918355,12.068794096766936
62.14546419214332,79.86703239660768,19.39740298546782,10.28513460624805
62.543159718036904,79.46322945541776,18.579158305576257,10.640790665920946
62.2464306905147,80.20761936579305,18.739190238189266,9.260646338640043
62.68214096124092,79.50327873829606,18.50910337847084,10.210311435478872
62.76011884877149,79.88689635669373,17.73423885431726,10.182338098172593
62.842220856788884,79.72305895375302,17.573069000219945,9.836819965137693
62.49535439404888,79.75552886376828,17.734651109868246,9.683682510785204
62.49846903256262,79.80629258598688,17.622050150440508,9.627382031071335
61.660375046077064,79.06403293983361,19.04945752533122,10.861160638050762
61.75345652562388,78.96769236235528,18.369236098532774,10.90964783516921
61.38660847741783,79.45902944555627,19.129449146576157,9.605774893345114
61.20615166083992,79.46327667692148,19.02195007157708,9.417730182496499
61.09639609224609,79.54557495580742,19.622052987260524,10.262580014257594
61.51307111132694,79.57719796373051,19.16130555709114,10.349154338321952
61.6889814416439,79.8246825107141,18.902029659600593,8.890677982183675
61.618207969644935,79.52322065402262,18.827318079918378,10.310197996145774
60.55687046487229,79.31679406179686,19.301684631453213,11.002892688461259
60.38390352104992,78.04863552989062,19.051452818965025,11.655006430425658
60.16357684925792,78.16079125302555,18.99515183496642,10.655816883029942
59.5650783514393,78.82857185861369,19.42675963134198,9.71337981567099
58.42575394707687,77.8970515764426,19.874069338995213,11.766800260198295
57.8743889388669,78.47051881488586,19.16181735151514,11.096137541753293
57.29690723577916,78.45064796910893,19.25506220480719,8.438659222930028
56.64149457990983,78.37910308802154,19.226800028075758,10.539992786475267
55.389609297397776,78.44868064434783,18.97674123928281,9.637793779005833
53.50724793444139,78.22388683114136,20.84093064950263,7.849181673189307
53.011554510514074,78.40482191629016,19.458448221185108,9.84504820714723
51.10641645209846,78.34109208370708,20.196757468058948,7.7995608108357715
49.72038683227976,77.75846509267411,19.903078988860727,9.951539494430364
47.21839646333519,78.59259774569563,18.718945946005853,7.963762091063899
45.593226607284365,78.19368246407569,19.21696202746348,8.931827421215417
43.45197192810065,77.3748710034531,19.200875978329464,7.545869547903791
41.772637137878334,77.3747551134698,20.05632359565962,7.4786291373646065
39.480727070150465,77.38433975628963,19.172485606698352,7.4786291373646065
37.717752945688716,77.243544615248,19.007605245135863,7.172681224579577
35.953880975963784,77.15265457070372,19.308460681923165,6.7987537612405475
33.84165187576365,77.5646859733331,18.956371807817433,6.711580288713748
31.989723564698995,77.58469907619757,18.241355427293055,7.600564761372098
30.824163156454766,77.42408551518578,17.608772241613025,7.138691449302584
28.020898134456946,76.84808423595649,17.38509381021367,8.10479462326687
26.075296031051984,76.45078862071892,17.25029785902823,7.1332312768414
24.084363472603666,76.42617085256805,17.227946792443436,7.600564761372112
22.12133779800108,76.35794895481281,16.64266987525793,8.10479462326687
20.350844247154356,75.7145411771506,16.72493425265175,8.90636742722512
17.56006495021046,75.37833404839601,16.496040556163166,8.501372436793986
16.2558043240913,75.3108791648139,15.983725324544906,8.493767080676037
14.517787127360116,74.83094330405191,15.36722563380139,7.534897730121969
12.48194183159514,74.69063913395925,15.273507147258883,7.594327164887062
8.520225455034527,74.32210936957247,14.469223286463937,8.501372436793986
6.406183777893492,73.5391016585861,14.976522286062181,7.551900756144676
4.535202614925492,73.25877263365318,15.177589389853178,6.078062417695833
1.040736944589078,72.96955959689377,17.074788063584823,7.694194621245018
1.2205046923592668,73.13497214621974,14.643469617714295,7.695292707268223
0,73.3217730478116,13.67917647492103,5.993346728326443
0,71.88761824943266,12.516439968713161,7.901779444813798
0,71.95039169444686,10.735906668898599,6.743684075848009
0,71.53246256655339,8.817068309099586,7.671713994542685
0,71.31283365872096,8.209951503440118,5.3792337371195345
0,0,0,0
0,0,0,0
0,0,0,0
0,0,0,0
0,0,0,0
0,0,0,0
0,0,0,0
0,0,0,0
0,0,0,0
0,0,0,0
0,0,0,0
0,0,0,0
0,0,0,0
0,0,0,0
0,0,0,0
0,0,0,0
0,0,0,0
0,0,0,0
0,0,0,0
0,0,0,0
0,0,0,0
0,0,0,0
0,0,0,0
0,0,0,0
0,0,0,0
0,0,0,0
0,0,0,0
0,0,0,0
0,0,0,0
0,0,0,0
0,0,0,0
0,0,0,0
0,0,0,0
0,0,0,0
0,0,0,0
0,0,0,0
0,0,0,0
0,0,0,0
0,0,0,0
0,0,0,0
0,0,0,0
0,0,0,0
0,0,0,0
0,0,0,0
0,0,0,0
0,0,0,0
0,0,0,0
0,0,0,0
0,0,0,0
0,0,0,0
0,0,0,0
0,0,0,0
0,50.659266679877355,11.82198299747484,8.24086933364331
0,50.02122449779858,14.038564015663706,9.697638409544204
0,50.408067943528074,15.372157651356982,8.096292678667105
0.9780544843517198,49.79396310285346,16.192585357334217,8.385445988619502
3.5642600658114922,49.68380541537045,14.886379035359031,7.127417841171898
6.6606568698134225,49.533329267834176,15.066819993363382,8.84160694221324
8.409776417706436,49.56389649349441,14.652763073069693,8.812151218769188
9.900442271597493,49.39919899915297,14.120488559938783,7.695292707268223
12.227482185234093,49.187547740534846,15.367225633801391,8.427188250794309
14.926804113362229,48.50794306257684,15.318797758209223,7.4288484111717
16.696311962926337,47.887734082130805,15.540008573900884,8.218273765043733
18.506840964434375,48.13018526029821,15.467165311578,8.41413792949843
19.497031215174275,48.079605450778004,16.09172546235591,8.866869132318563
22.06838507563091,48.057030546213376,16.1220353221066,7.976164843568526
24.98776519167682,48.14920847447818,16.890143914160234,8.501372436793986
27.001456405779653,47.79873041859899,16.189766192622454,8.86338465608761
29.318002193102913,47.84831869615868,15.805002633001543,8.252169516345937
31.492455516092605,47.32995817864442,16.51125910976969,8.81596640250146
34.068231747289694,47.46721268555724,16.49716681653301,7.941182784355952
38.34570158628114,47.774047984200706,15.900245940302185,7.795451317035315
40.675571513905915,47.67604220217546,16.830696019214038,8.158924663053895
43.061575548981345,47.3984180648703,16.45298410220213,7.682591750201823
45.18466646505745,47.568626841114,15.900245940302185,7.238633365818508
47.972094491133745,48.22469020835561,16.43654753008748,7.695292707268223
50.58896696391845,47.66263878334338,15.76332290189967,8.127963371292019
51.84307290212474,47.91471921615317,17.268834553550995,7.954541900651442
54.038930250731106,47.74539220522527,16.953519892774445,8.228901468422677
57.05020799993558,47.41433946472139,15.988278051994186,7.8447158666326615
58.9997501611954,47.557454239348175,15.688624385460777,8.606953655912513
61.43985537921714,48.54031216905739,15.470726824551612,7.844312192730392
63.24167758514561,47.209333380054744,16.43654753008748,8.965389561865898
65.58853792097852,47.57988429316568,15.779898694075058,9.11955184267974
67.47692493222472,47.9562970960005,15.764134319882885,8.27617051793851
70.0805889263392,48.54777290536862,15.472498070164505,7.633782160445399
71.05761234821009,48.851542059746464,16.77811219000668,8.062209753639571
74.35996268807375,48.37158786584456,15.705121188465668,8.226492051101062
76.37570978324142,48.70177490556557,15.569146113240862,8.022529438263845
78.9298343090598,48.004159613209495,15.465296994218676,8.591831663454812
81.16714897292289,48.91870913980671,16.755233110402813,8.228901468422677
83.46885507065345,49.05097243875271,15.651533360455147,8.050968599083049
85.64995744634713,48.813139402516995,15.764143312947525,8.517120083772596
89.11089638148971,49.504145143393345,14.39659588647757,7.633782160445399
91.44636993480066,49.63588078218144,14.29412901184071,7.223914661897993
91.78845491052758,49.59490253841152,15.851625059647574,7.552833116655606
94.19404870124859,49.492338934717125,14.76439024235026,7.5519007561446685
97.45547786099715,49.307569250821636,13.6137485806385,7.92581252982378
98.58679827828685,49.89223924021202,13.567126153992476,8.11230223640787
99.49016640492417,49.902867395878516,14.941308455552843,8.300726919751582
100.76384886954591,50.20717314134222,15.10651778098719,8.127963371292019
104.48309618522468,50.80276463633146,13.223949603752189,7.172311649492713
105.42788461657061,50.63317638049963,14.085567702472076,7.891312026083753
107.4969991610156,50.71040578125497,12.821167327656127,7.366343410071515
108.7155580184028,50.80880702742686,13.534024388821067,7.891312026083753
110.56940411260891,51.63965467323001,13.04429519738784,6.969745963310167
111.1132238014623,51.66881496562704,14.246363876224805,7.682998404793324
113.30817157041774,51.55872034090999,12.999442347751184,6.671811551187979
113.94621595155996,51.16640731023185,13.83302807597488,7.582548723126976
115.88134955024955,52.33894354669569,13.939491926620349,7.960856627817577
117.35458354045693,52.29856412664206,13.706993433930535,7.6460779699476475
119.70217400548388,52.73505897900791,14.632444198073713,8.223510855381804
120.74166106479767,52.83653931546554,14.872554100081103,7.366343410071515
122.48254975503076,53.31326380364789,14.163291108928462,8.184655810125705
122.71144072851921,53.481540048933375,15.994756095879453,8.739840200931475
124.99894496944847,53.39798264556985,14.594684607380714,8.612560974704316
125.50119403548123,53.54648851795246,15.282287020469084,7.353401704409812
126.82013918103603,54.13221515330965,14.499574686912936,8.158924663053895
127.46534426184337,54.28729824926985,15.103801512289351,8.103444069795685
128.16223401591924,54.189868901029214,15.595232880741293,8.782874835363323
128.38734063629244,54.528487553598715,17.11534583301571,8.89547579479106
129.49934779633318,54.43270249272218,17.21532129867606,9.872459765159128
130.47346275007985,54.773362675198726,16.758431453242395,8.103444069795685
131.7897503810202,54.637246589280494,16.720996049592742,10.007020580349007
132.64401437137616,55.60780981323154,16.83838153395061,8.525092537629078
133.7803402368968,55.71218659174465,16.737451165921982,7.879190103177763
134.32126362492403,55.5101619010408,17.281772669976277,9.22276420266411
135.16934688788348,55.29477399558916,16.212412791040833,9.26423588059476
135.09623491496703,55.92050306080645,17.19948782647475,8.599743913237376
135.55549790353308,56.16978450021195,17.74407802585847,8.152684498367407
135.44875926691552,56.00138924747843,17.84725206929599,9.12067771364653
137.41216091820814,56.105032114989704,17.063808152444153,8.39203679628401
137.50709481567088,56.53291073426827,18.095762455199804,7.960856627817577
138.3590903243307,57.12424158519427,16.88085260838426,7.5452295749596345
138.55686102325953,57.32104989376341,17.1046517906924,7.8969140043009745
138.4583260382177,57.331049424976456,17.01718572579813,7.646077969947655
138.5728387939826,57.49327082753591,18.093654017996272,7.307728224744125
138.60839657905146,57.67158314898547,17.742320930268193,7.834727856336251
138.74140926719915,58.28324952508874,17.89274443103605,8.029914573928373
139.57425490624794,58.266636570560095,17.040709167175777,10.070963203865617
139.55687189565137,58.6995178147188,16.79449400042762,8.957063466894738
139.27003738902465,58.45868091570073,17.25779038664632,8.841239370340055
139.4814901636357,58.50503556967947,16.737451165921982,10.583290848647046
139.52072534578616,58.39676559102579,16.92394087250608,9.883954448956722
139.61294191950418,58.90338445890318,17.004521446039206,9.626526603749461
139.5735599288117,59.17157688833022,17.040709167175777,9.751250086282582
138.64963418723295,59.42372967283725,17.566654644125435,9.03427953126451
138.38973062713376,59.66533842276148,16.885710679469554,9.121677879612946
138.39901315876006,59.53703785269835,17.012989905696713,9.461089149552038
138.4669445334693,60.20118039447219,17.394827584378163,9.50351555829441
137.6300424827287,60.70092268419907,17.53003241890437,8.531904076222077
137.16922071552577,60.721530592748294,17.446962471459983,9.218430525700484
137.25250407831317,61.02793233268815,16.81010542849856,9.712505358688048
136.61118583406125,61.58560737430359,15.708409516308677,9.926172884538616
135.93392864141816,61.90424130527528,16.631152227015235,8.442855339734777
135.17495208237565,62.30603974515467,16.31784932610779,8.9981283426823
135.44728049196323,62.74066161723475,15.088528563316487,6.981259484519569
134.34915683901625,62.51397413877413,15.952329687137052,8.061017661053299
134.08764192854807,62.53662685607117,15.520428938326205,9.57479198185299
133.61815026441656,63.65320055419016,15.012421380019163,8.345414369637986
133.27229015437524,63.697617888804686,14.284971908409716,8.609591177230712
131.4521900704109,63.621274674241555,15.117477760826716,8.789846964263525
131.6651524662001,63.52389431973462,13.063158129325501,9.630078710037282
130.4776226853922,63.5236686920442,14.06737717365354,9.78322139804088
129.48268953805115,64.66080297091571,14.137886382279277,8.498617094965638
127.64492787731717,64.68603779193444,15.018948694804578,9.673221193263956
126.23860863742847,64.44627940920456,15.187012346342797,9.688266496804886
125.59984670484656,65.26881878123774,14.866659967611128,8.888024668808384
124.3538192528918,65.4464869693422,15.172956648662208,8.184902823196907
123.68538987755998,65.37557985267323,15.7397223302181,8.994127045838923
121.22495321490432,66.22662973768655,15.962114601548492,7.424239349557439
120.45464933367244,66.3798231595912,15.612918417197974,7.467047938659903
119.57103960988343,65.98444582060027,15.669455712672487,10.610259249388108
116.66485966959944,66.76599664956382,16.48562974294849,9.034279531264517
115.24269842467696,67.61400592574398,15.98372532454492,6.717797600171053
113.15646064383483,67.35893929161594,17.140269131923873,8.103444069795685
111.73290493197582,67.45091945667926,17.999848519924896,8.63225417474196
110.92811892660256,67.38188508386503,17.075750503982107,8.847218558222622
109.51264875548756,67.36955312496228,17.606959628090095,8.82469301841624
107.64461944009756,67.658457391959,18.189386406415736,7.981057300774253
104.99679096489322,67.55230034867351,18.70020462122531,9.222018717316587
104.51661064237193,68.37786014320028,17.9039444892868,8.315576113507618
103.42873374934187,67.67124506241387,17.564533219347723,8.867119427158627
101.66126020453036,67.87631883003776,18.073650124256346,8.654987383446695
99.93607623204099,68.44783748664479,18.493247416562838,7.374134147314194
97.86181252484882,68.20211462873858,18.29033712267791,8.55598403217705
96.52892662049864,69.67369028777249,19.25506220480719,6.993363996903341
95.56003524249877,68.74753731291923,18.00912000457123,8.059008467312168
93.427130334394,69.56086301547184,18.550387032042764,6.815861901924805
91.36872257690378,68.83987630491191,19.022930496190597,8.184655810125705
89.57443649775148,68.15835650647828,20.067691335148467,8.867119427158627
88.62005064006499,69.05031974873218,18.426908093757277,8.657469750946305
85.50580871278406,69.32834352873674,18.43686105140098,7.424239349557439
83.39020201523228,69.2910890528692,18.92701656091569,7.8649426925426695
82.55031381086647,69.63410889078101,17.99134299815924,6.94944579328039
80.8306419682186,69.91156191511918,18.76350364185707,6.293109246137249
79.30560353331354,69.25912443792372,18.493247416562824,7.991862662272453
77.38615109201143,69.65396341037173,18.234187253087498,7.272594915971311
75.81605664552006,69.56107150260917,18.029951030344137,8.184902823196907
74.2808357322465,69.79787603469887,18.12878732676907,8.11579432651871
72.72621076909992,70.23466453283983,17.917987474132218,8.994127045838923
71.34769648541592,69.8225749150222,17.81258754781379,9.029260354611722
70.58786606645069,70.02482082849795,16.932645949370695,8.291759614382556
68.27305624182739,69.97227569861923,18.13663681072262,9.785586527819277
67.67942433095924,70.60212608523962,16.601453839503165,8.223510855381804
65.2095232485002,70.73591283044995,18.794899072876902,8.485281748477163
65.01569909133595,70.52595121088734,16.376593774560916,7.9337384348261395
63.5613359014267,71.03842935776979,16.69082873927597,7.1332312768414
62.56274391815223,70.72542989568299,15.820434799596747,7.938367639655311
61.32230313506126,70.27583815051568,15.838377279055877,9.218430525700484
59.74192656460431,70.48918965303913,15.711757779709501,8.298791942991969
57.45281684744054,69.8808392610924,16.640061871688054,7.6443903726084415
56.54240851646129,69.87097594350917,15.909903278394665,6.788225398781719
55.38813365246383,70.34490149995818,13.982317441666517,8.414137929498438
53.214405685390794,70.16903903339919,15.257430002458072,8.33247099765238
52.51906510776409,70.2029496046575,14.04314129372969,8.230723296022845
50.767401226884516,70.34666348561646,14.6371110161231,6.10940285890355
50.06282495120831,70.36629425917155,13.512811264711878,7.374134147314194
47.61622828566539,70.21202528777991,13.982317441666517,7.424239349557439
46.29611151400083,70.13286038524346,14.005432748155535,7.070703911690174
45.593209039378564,69.72613041826658,14.130539779670137,7.953254630087557
43.339912786472865,68.73357372389184,15.705121188465668,8.430454663938278
42.771842496868665,69.02787543887383,15.267564320890799,7.582548723126976
41.42015736338769,69.34798863690537,15.528065599713194,7.085210259978425
40.53485308345538,69.55693638298894,16.372121888128653,6.569928740515152
39.162105376558344,69.18965498255898,16.88571067946954,6.745798990039333
37.76366658244541,69.10423749524595,18.13612396530266,7.273098556779473
37.51659310794987,68.783768330119,15.909903278394665,7.170063077463183
36.261434978256666,67.92552152928539,16.548400253851433,8.043649658992805
35.48405819203013,68.30690644231628,15.997521347897177,7.78192680025721
34.61052006986794,68.25598014861602,17.18256228857539,8.392715324311865
33.424806986767685,67.63383674102003,16.978407993937253,7.960499165195017
32.56859830486739,67.71763449862203,16.7289886956841,7.5062244930199995
31.543831084043237,67.31405329288904,16.907034315080413,8.299816845584928
28.731561374138895,66.8967951754578,18.802671495862153,9.01708496804288
29.516695615717,66.94188384925485,17.60877224161302,7.818566825426629
28.173768741069726,66.41088213872884,17.20367543238221,9.557597462434558
27.66053760078388,66.86568742874778,18.127733766958105,8.888024668808384
27.384785352821694,66.85560065165612,18.28759032574962,8.248598433642314
26.543922515494852,66.48635340918295,17.008737855417483,7.960856627817577
25.612992620856513,66.12779778653054,17.56665464412544,8.339334951936479
25.69274912916387,65.63608982941115,16.78493867310935,8.37648368067552
25.12919726506491,65.36459716151057,17.42436490827543,9.047881227599902
24.16848318578752,65.43329278826442,18.187870248041055,7.633782160445406
24.521969150233893,64.64866374468475,17.28177266997627,8.990013055593721
23.82320921195107,64.04477852870107,17.479680401862947,8.82469301841624
23.67429259182658,65.07060842129403,18.579158305576257,8.163569558510773
23.403044240290313,64.73485398098772,18.145775126898812,7.953254630087557
23.69664199489192,64.1603295312883,17.64938603683248,8.273149704765231
22.989772270390386,64.09660657476782,17.48943857975566,8.918455434709841
23.27311229994293,64.0473472538525,17.11043057909017,8.531904076222077
23.2650227935808,63.0593093184892,17.43725399312056,8.994398653385787
23.863756311120575,63.51613850600359,16.631152227015228,8.57013456596193
24.427449864603165,63.14302908362406,16.75858828462955,8.78332719320207
24.328264751804838,62.33225523351583,17.14026913192386,9.036825062128166
24.58793327647945,62.08899510956286,16.958267752398836,8.709684344132341
25.05588311694249,62.14147958304235,16.189766192622457,8.402283720221781
25.42214774429482,62.01904188637803,16.855800877761993,8.299816845584935
26.61623040476136,61.87746326348226,16.022333356729796,8.377942984121368
26.59670319648733,61.155070566988,15.831132131393478,9.11955184267974
27.369157007250333,61.35858554684272,15.825050460909896,8.612560974704309
27.4924686248736,60.7851949206044,15.711757779709497,8.858261062744234
28.472770221275514,60.6444132167353,15.933035759024488,8.219870038224641
29.158816182842635,59.963222764453825,16.64266987525793,9.280299186946799
30.747709271156648,60.09644587058547,14.849243059835022,8.230723296022845
30.455102498343084,59.947436866116355,16.045636718452226,8.276170517938517
30.989136062681048,59.89027807804791,15.820434799596754,8.050968599083049
31.27239033374706,59.06347899219257,16.45298410220213,8.226492051101062
32.543962833798226,59.441485616269475,15.984832443348758,8.248583408266498
33.23695915708322,59.18048442945317,15.186373085194177,7.928885316059279
33.441253557748894,58.56287371921822,15.219690666592754,8.90908721946893
33.62985996757064,58.1475001557667,15.773108726078078,9.654230340961583
33.44717514984016,58.3912504890427,15.933599006030327,9.017084968042887
34.34932991746179,58.93796101598422,15.763799198544653,7.93147129486524
35.39318512954245,58.40149542739662,16.055922109173387,8.115794326518717
35.657156170763116,57.737089707551206,15.776508617809561,9.218430525700484
36.12833943414802,57.170498905901724,15.241162255172021,9.488370619641401
35.519049231407635,57.0361786165463,16.343466504577734,9.888053402456116
36.04801937830443,57.50716790642458,15.31593355600127,9.121677879612939
36.80593366707861,56.9951657523592,14.91917652672712,8.71839378280616
36.698162685644576,56.87379120158336,15.385400793187344,8.578526502868101
36.7201084445985,57.01814643630578,15.61851292641746,9.137995622620359
36.30410525989916,56.15722052381973,17.24024606141191,9.93708627150825
36.30410525989916,56.15722052381973,17.24024606141191,9.93708627150825
36.30410525989916,56.15722052381973,17.24024606141191,9.93708627150825
36.30410525989916,56.15722052381973,17.24024606141191,9.93708627150825
36.30410525989916,56.15722052381973,17.24024606141191,9.93708627150825
36.30410525989916,56.15722052381973,17.24024606141191,9.93708627150825
36.30410525989916,56.15722052381973,17.24024606141191,9.93708627150825
36.30410525989916,56.15722052381973,17.24024606141191,9.93708627150825
36.30410525989916,56.15722052381973,17.24024606141191,9.93708627150825
36.30410525989916,56.15722052381973,17.24024606141191,9.93708627150825
36.30410525989916,56.15722052381973,17.24024606141191,9.93708627150825
36.30410525989916,56.15722052381973,17.24024606141191,9.93708627150825
36.97826256326995,56.38193962494333,16.50488350414578,9.46075700427015
38.14459605744517,56.975216433840174,15.843134003904524,9.282452277816276
38.551296271135115,56.60665872606692,15.6060070996514,9.23603790314656
37.020951138035365,56.15722052381973,17.24024606141191,9.93708627150825
37.938092188003736,56.15722052381973,17.24024606141191,9.93708627150825
38.09621995523966,56.15722052381973,17.24024606141191,9.93708627150825
38.272609196907034,56.55092131122131,17.24024606141191,9.937086271508242
39.48694790564195,56.41338771041186,17.24024606141191,9.937086271508257
39.0247341876299,57.32457463383824,16.182466652606777,7.893886172003306
39.55846297918869,57.08720721992619,16.25951615447373,9.71605233620992
39.55846297918869,57.08720721992619,16.25951615447373,9.71605233620992
39.55846297918869,57.08720721992619,16.25951615447373,9.71605233620992
39.55846297918869,57.08720721992619,16.25951615447373,9.71605233620992
39.55846297918869,57.08720721992619,16.25951615447373,9.71605233620992
39.55846297918869,57.08720721992619,16.25951615447373,9.71605233620992
39.55846297918869,57.08720721992619,16.25951615447373,9.71605233620992
39.55846297918869,57.08720721992619,16.25951615447373,9.71605233620992
39.55846297918869,57.08720721992619,16.25951615447373,9.71605233620992
39.55846297918869,57.08720721992619,16.25951615447373,9.71605233620992
40.6411087272148,57.08720721992619,16.25951615447373,9.71605233620992
40.6411087272148,57.08720721992619,16.25951615447373,9.71605233620992
40.6411087272148,57.08720721992619,16.25951615447373,9.71605233620992
40.6411087272148,57.08720721992619,16.25951615447373,9.71605233620992
40.6411087272148,57.08720721992619,16.25951615447373,9.71605233620992
40.6411087272148,57.08720721992619,16.25951615447373,9.71605233620992
40.6411087272148,57.08720721992619,16.25951615447373,9.71605233620992
40.6411087272148,57.08720721992619,16.25951615447373,9.71605233620992
40.6411087272148,57.08720721992619,16.25951615447373,9.71605233620992
40.6411087272148,57.08720721992619,16.25951615447373,9.71605233620992
40.6411087272148,57.08720721992619,16.25951615447373,9.71605233620992
40.6411087272148,57.08720721992619,16.25951615447373,9.71605233620992
40.6411087272148,57.08720721992619,16.25951615447373,9.71605233620992
40.6411087272148,57.08720721992619,16.25951615447373,9.71605233620992
40.6411087272148,58.52089897619859,16.25951615447373,9.716052336209934
40.6411087272148,57.08720721992619,16.25951615447373,9.71605233620992
40.6411087272148,57.08720721992619,16.25951615447373,9.71605233620992
40.6411087272148,57.08720721992619,16.25951615447373,9.71605233620992
40.6411087272148,57.08720721992619,16.25951615447373,9.71605233620992
40.06639608353664,58.81134515096067,16.25951615447373,9.71605233620992
41.167367805348356,59.455373071527184,13.365091224739182,9.18979325807637
41.48957533699358,59.456611585797575,12.683124466983784,8.537394031792417
40.36145917243192,59.4744310314468,13.597507522481102,8.566429739163098
39.89301190593886,59.75367180290089,13.61110547418864,8.476006590744738
39.89301190593886,59.75367180290089,13.61110547418864,8.476006590744738
39.89301190593886,59.75367180290089,13.61110547418864,8.476006590744738
39.89301190593886,59.75367180290089,13.61110547418864,8.476006590744738
39.89301190593886,59.75367180290089,13.61110547418864,8.476006590744738
39.89301190593886,59.75367180290089,13.61110547418864,8.476006590744738
39.89301190593886,59.75367180290089,13.61110547418864,8.476006590744738
39.89301190593886,59.75367180290089,13.61110547418864,8.476006590744738
39.89301190593886,59.75367180290089,13.61110547418864,8.476006590744738
39.89301190593886,59.75367180290089,13.61110547418864,8.476006590744738
39.89301190593886,59.75367180290089,13.61110547418864,8.476006590744738
39.89301190593886,59.75367180290089,13.61110547418864,8.476006590744738
39.89301190593886,59.75367180290089,13.61110547418864,8.476006590744738
37.5120933426311,59.91787308312901,17.141432999093254,8.558107230858809
37.38281915219298,60.04085677764717,17.316901813627823,8.248583408266505
37.64960970993518,59.93084590609356,17.06487194071378,8.838379889612717
37.64960970993518,59.93084590609356,17.06487194071378,8.838379889612717
37.64960970993518,59.93084590609356,17.06487194071378,8.838379889612717
37.64960970993518,59.93084590609356,17.06487194071378,8.838379889612717
37.64960970993518,59.93084590609356,17.06487194071378,8.838379889612717
37.64960970993518,59.93084590609356,17.06487194071378,8.838379889612717
37.64960970993518,59.93084590609356,17.06487194071378,8.838379889612717
37.64960970993518,59.93084590609356,17.06487194071378,8.838379889612717
37.64960970993518,59.93084590609356,17.06487194071378,8.838379889612717
37.64960970993518,59.93084590609356,17.06487194071378,8.838379889612717
37.64960970993518,59.93084590609356,17.06487194071378,8.838379889612717
37.64960970993518,59.93084590609356,17.06487194071378,8.838379889612717
37.64960970993518,59.93084590609356,17.06487194071378,8.838379889612717
37.64960970993518,59.93084590609356,17.06487194071378,8.838379889612717
37.64960970993518,59.93084590609356,17.06487194071378,8.838379889612717
37.64960970993518,59.93084590609356,17.06487194071378,8.838379889612717
37.64960970993518,59.93084590609356,17.06487194071378,8.838379889612717
37.64960970993518,59.93084590609356,17.06487194071378,8.838379889612717
36.21973050930755,59.93084590609356,17.06487194071378,8.838379889612717
36.21973050930755,59.93084590609356,17.06487194071378,8.838379889612717
36.21973050930755,59.93084590609356,17.06487194071378,8.838379889612717
36.21973050930755,59.93084590609356,17.06487194071378,8.838379889612717
36.21973050930755,59.93084590609356,17.06487194071378,8.838379889612717
36.21973050930755,59.93084590609356,17.06487194071378,8.838379889612717
36.21973050930755,59.93084590609356,17.06487194071378,8.838379889612717
36.21973050930755,59.93084590609356,17.06487194071378,8.838379889612717
36.21973050930755,59.93084590609356,17.06487194071378,8.838379889612717
36.21973050930755,59.93084590609356,17.06487194071378,8.838379889612717
36.21973050930755,59.93084590609356,17.06487194071378,8.838379889612717
36.21973050930755,59.93084590609356,17.06487194071378,8.838379889612717
36.21973050930755,59.93084590609356,17.06487194071378,8.838379889612717
36.21973050930755,59.93084590609356,17.06487194071378,8.838379889612717
36.21973050930755,59.93084590609356,17.06487194071378,8.838379889612717
36.21973050930755,59.93084590609356,17.06487194071378,8.838379889612717
36.21973050930755,59.93084590609356,17.06487194071378,8.838379889612717
39.377284978108875,60.06241067562695,17.06487194071378,8.838379889612725
39.68487042045698,58.36226607866539,17.794052274477075,11.439033605020974
41.277878327973525,58.764449955822414,16.25951615447373,8.82376181553758
42.79489978690049,59.49178754503687,15.92752418212779,8.86686913231857
43.22953243124585,60.05497579817466,16.996884403101376,7.886554363039032
44.610738648557025,58.64443496943084,16.580801214011622,9.713379815670983
46.145669514903474,59.21305013007375,16.90703431508041,9.324485591953447
47.36650883539841,59.555105425643475,16.79372159340236,8.46712741424679
49.71041488834498,59.69788545312011,16.099549421099574,8.841239370340062
51.394451827505,59.62465635008009,17.412222515385885,9.652008046222775
55.88700799326246,58.906355848013376,16.890144520243183,10.022723121902544
58.19954246584766,60.01773256929007,16.29258029492712,9.3973275629669
60.70668195007385,60.72615110590956,15.856171894170153,8.960919162209912
61.547949772721694,60.22667536070635,18.43686105140098,10.084591783148852
65.98953684158334,60.37803610730577,16.131359619523693,9.60421988908059
67.15803477730672,60.25492110395709,17.203675432382212,9.510975035788533
70.84707862204537,60.568091285272224,15.991492339585633,9.557597462434565
73.3714039474123,61.74500825615841,16.562845807318283,8.879847402524952
76.58531920691519,61.414464757698155,16.044118254047277,8.895748734917305
77.78359439889606,61.557095878274104,17.880469624130498,8.86338465608761
81.84055468925956,61.797621310704834,16.41109417939984,9.744087169018648
84.38922768161125,62.53547816393914,18.04287911201061,8.43865922293002
87.43560193736566,62.74289694424822,18.726053575906818,8.67792726688365
90.23174673471654,62.47342417403206,19.240473144310755,10.402093254698045
94.66773482305294,63.85277642550551,18.412343896825504,9.042748777730864
98.66348669998177,63.5414455374807,16.520676221989277,7.916157356369865
101.51234400126312,63.85087240803044,18.30020725563837,8.570983145045815
104.98408322259536,64.0261824153256,18.647679545302395,8.99567149907962
107.86452447595111,63.69560902665747,18.635458785290126,9.571081551357459
111.50143082209702,64.22060317240597,18.804360224431733,10.359288267351616
116.11139359705669,65.20260302149782,17.50883113270629,9.527773831932052
119.67831007413933,65.57985946548906,18.808073018878858,8.90908721946893
127.18141359547852,66.60394925169219,17.514523817046665,9.193670309280307
131.33118265738852,67.31761597643369,18.832547918636322,8.294479588713472
135.00444749661617,67.99599209051146,19.479965980998145,7.5442642816582435
139.78604994168234,68.69239015835208,18.648971183906895,8.812151218769188
143.7024071172859,68.16077853222575,18.143240587004215,9.418622162652468
146.1278246931394,68.68059916995401,20.918165847281045,10.35013414318594
151.57067114938556,69.24806103948956,18.655786958361205,10.504859323069681
156.34400447036828,70.52902044211515,17.333086486274055,9.563082199323617
160.0402622134838,71.16141488083801,18.82731807991837,9.114812721230322
163.4916808516542,71.81411586015514,20.29292088879035,9.094693203207868
167.72209988052282,72.6387051223688,19.263772431728,7.633782160445406
173.59904271331797,72.44326922952459,18.738100934119103,9.914339118581537
178.15894682851587,73.12728715537516,18.76585963245259,9.11226837921977
181.38604708509226,74.63051872749406,19.761468379567475,8.895475794791054
186.24738293459777,75.76933783436625,18.751438058543727,7.787482472400669
191.43850886226295,75.35678454704069,18.413061394195438,9.164104288355333
196.33844883710654,76.67214992663978,19.651488382109562,8.99567149907962
200.1665332596467,76.70558675170348,19.149583963705993,8.493767080676037
209.58229051844575,77.80787380990535,17.927505217048605,9.108329263500494
212.15420686752753,78.94061534720325,20.47279219792665,6.824264065975555
215.85088397296937,80.08261527053916,17.758651214097966,7.4085170709120405
223.96443370875187,80.53136929171139,15.024417140873112,8.456365931748266
226.53908435264805,79.51207719200032,12.571012753112853,7.542607651867712
232.15654415053524,81.40123966360547,15.25282926364244,8.171158534094161
237.12611892305523,82.9632793583836,17.449044475637578,6.252406916126205
241.3611658116126,83.93559914370499,17.0658004805222,6.1767604068568005
247.00720517959147,83.31796519727024,15.464704932768058,8.142708960033133
248.54975492570154,84.14614831356596,15.68862438546077,8.498004875457923
256.48880349576325,84.98074687731432,14.375791721943244,7.733184512493608
260.8762432517534,87.27174053180465,13.52951998486867,5.914915772279272
265.52092967878144,87.51351638285962,13.887975993915177,7.0637119279396074
270.17345722091056,86.92192252881226,13.149238024069973,7.770004286950439
274.6630827785384,89.4015673985534,13.79290753916223,5.91124608821238
279.5270950887076,89.98548312783912,14.643469617714288,6.201061113623908
284.290551847558,90.53558055604093,13.940105567160629,5.594691197522664
288.77773684402894,91.6205099544409,14.807026164747128,5.85524989024222
292.47229154645464,91.35958732049488,14.976599514361226,7.217638320174075
297.92748597807025,92.88222030632818,15.36722563380141,6.2460336447063725
308.6379618770425,95.01023927518806,13.005410813903381,5.517447011959007
311.39645811403443,93.5299190217594,14.889270737116817,8.362467126325882
317.73832124012705,95.55387940287571,15.529033972824323,6.1249974633848865
321.0713230198516,95.57979260507632,15.011397134298647,7.480081848490116
326.3470461288263,97.10786778647731,17.225121949408617,6.915504625008879
331.82413659704196,96.08368232035005,14.419334878667655,7.844715866632654
337.4096268088701,98.31229411468254,14.552258198638299,7.9337384348261395
341.7507625372529,100.35956741353384,13.31552402489433,6.042929108923019
346.1422559237428,99.60826256066001,14.177504939571634,7.138324165378705
350.03575792090487,99.06796037194695,16.39519523027269,8.847218558222622
356.448515001498,100.16143116520792,16.76640719775054,8.10479462326687
359.0466519402111,101.5176392969032,17.50883113270629,7.362370688311131
362.8840781100103,101.84909271897868,18.187870248041065,7.531315285808546
369.74128133101857,103.66686557528809,14.637111016123072,6.618519763812188
371.87223857091664,103.07705473979934,17.366549578407273,10.130487254070914
377.3446495399449,104.7498836268111,16.599633691169856,6.814047163350594
383.58918255719993,105.45107332372255,16.959528587862962,6.649330591717202
385.9039137999295,106.73756508678872,18.44067076056166,7.237467556564525
393.0583849014033,106.76396810318124,14.313084980328824,6.4805173037971
401.27369990272274,107.50278690133266,13.79290753916223,8.86686913231857
405.70664912772503,108.99079056826662,17.281856619401424,8.342542765066725
