241.76900822289218,266.73846293534615,10.99149628128157,5.406820177200018
242.74177165278508,267.4430048950839,11.048730451592746,6.795228587599297
243.92068992744115,269.25250134004125,10.545401315792475,6.5552494665736845
244.29377079484982,269.84233265129535,11.231468311832856,7.3714887488163185
245.79185355726497,272.19015720174474,9.700059128863103,6.1208929262344896
246.90160746573721,273.447418254802,9.408527011972382,6.668179338582377
247.68743833326278,274.99037071684484,9.395961803536068,6.201334790333817
248.81960233250587,276.081398424456,10.173359017626325,6.829667592252633
249.84015976771238,278.40739416154054,9.364229391145983,6.099635658452883
250.7654717055185,279.3995540810461,9.811392973885575,6.723344986088932
250.98677902839978,281.6491105780793,10.771640979584618,5.520948602439432
252.12546771567926,282.9720523425709,10.764740552005406,5.411464169386534
254.42319100264908,285.47012948345593,10.272471753416397,5.718695615304
255.83595187537324,287.72487226590226,9.800500419491101,5.303301092798222
256.6147996812267,288.6583912199499,9.800168426966195,6.730764445366049
256.9428155448627,289.1464505088978,11.013784147992851,7.042467748476213
258.98556364734117,291.8375825802246,10.07631602043108,5.682679125035918
259.88963013470783,292.57877424494103,10.589443736520536,6.686915817057468
260.64599778541475,293.69408105047285,11.0669922634346,7.3428615335169525
261.4267332517263,295.93426150199997,10.710389439031701,6.713975469243735
262.6327327672247,297.09367501662814,9.769438342810986,6.936565977822397
264.1316942397647,298.5029882756304,11.69939182134516,7.377994842289752
265.09258198164326,300.56887514242084,9.455515349734469,6.546126011354659
265.89852163284644,302.41060515112406,12.007098009501135,6.0614610530279265
267.67167612025645,304.0435932108435,10.809692105062538,6.7560575656640935
267.85312671202723,304.7963911842699,12.006673674095168,7.212489486205584
269.92670402398323,307.4045966926314,10.139911689430221,5.388153910282995
270.9169635681583,308.647977625693,9.381751820928514,6.370325310507042
271.7923159502078,310.24829120854093,10.11361909743573,7.042467748476213
272.82884685905066,311.83472084868254,10.996725645889,6.534795431742339
274.61273321621707,313.561492938921,10.910210018924431,6.255187077516666
275.6247506867779,314.7688571920026,11.356794731920559,7.6515856398460755
277.60256505372195,318.2320220743279,10.896384134680545,6.7965373878288915
278.4222219882312,319.4694763824159,10.90358704679312,7.254915894947942
279.7497631013368,320.8126094341187,12.049100082837583,7.6791799823718065
280.7521502676123,323.0086821154986,12.244791519103671,7.889949347037543
282.63806808544814,324.63025134293036,10.986249600363124,6.745942737065093
282.68684996957097,325.5524845149432,11.957270597605486,7.545229574959592
284.67123363586114,328.0360307530188,11.437391230607943,7.068943191139624
285.71290670936094,329.53869441697225,10.913971642465981,6.480923558108941
286.82083221512477,331.5805580904493,10.960833262665972,6.883615092495518
288.8544302100382,332.84565833084537,9.696793221295081,7.48339476860815
289.73048489198163,334.5312027912858,9.879135333315787,7.481286951443053
290.6552404690873,336.1866041829119,11.312925424844252,7.694194621245003
291.7635320795757,337.9782976281709,12.500958705695837,7.018980912624272
292.8723699242628,339.9779697623173,12.929057628393423,6.815861901924791
293.8154147776905,341.07655679950614,10.649028594338859,8.230723296022859
295.53283455802955,343.5378408651269,11.582409655467302,6.640581535801289
296.8640993055939,345.1644813611249,11.013784147992851,6.857139649832106
297.5986837702869,347.4849719304139,13.013293078880054,6.404179664803166
299.0520526926576,348.8468754555939,12.654659017651113,6.711580288713719
301.0997608868105,350.34617836725454,10.605321524914075,7.018980912624272
303.2682221167689,354.48659454420965,10.922293064490304,6.868658525091803
305.1359177848699,356.14973934630314,10.816402981877161,6.946741570257302
305.573953709201,357.63993630399995,12.193558081785284,8.094883096311207
307.03356147146843,360.2014547853505,12.121830927965789,8.065679809761832
308.7476249053939,362.1673812295034,11.75211522164085,7.00035744249368
309.97915228246666,363.7070324986926,11.68122370860101,7.428848411171714
311.8060240658784,365.8003456695523,12.133952900322356,7.594327164887034
313.98372688208246,368.30703759783296,10.2103114354789,6.853496716965253
313.98372688208246,368.30703759783296,10.2103114354789,6.853496716965253
316.93629287973937,371.85458390414186,12.20013817042559,7.760214469163088
316.93629287973937,371.85458390414186,12.20013817042559,7.760214469163088
319.83092345248986,376.7338623478262,11.389369494542848,7.567174308238634
321.80978324305926,378.52007914253323,12.643069805230994,7.6367535736294485
322.73637601549666,380.025792397744,12.91417456374512,8.034289025150827
324.8995382050051,382.8777073266679,11.562361808213495,7.366343410071522
326.0450512410495,384.61719008510573,11.562361808213495,7.366343410071522
327.6744925876795,386.0995396282694,12.210301721357894,8.494702104850944
329.8656431411291,388.7245130726762,11.834081973628543,8.39712331050356
330.94621039797016,391.54967062974504,12.515790579003806,7.551900756144676
332.63560322640365,393.6400788439495,12.7058924549695,7.633782160445378
335.386326398519,397.8827196687375,11.820066348695093,8.286496133489663
337.8286752096238,400.10884503639693,10.294059470432842,7.694194621244947
338.84885227865243,402.47749584929875,14.503593745244416,8.321147529036182
341.08210205550586,405.10241138446577,10.775153788382454,8.62012303070594
342.2010402950104,407.2936654368288,11.75422474794891,8.62012303070594
344.1223279600547,409.21234640357807,10.775153788382454,8.62012303070594
344.74294414541583,411.8095389525631,12.393178331350043,8.107686758827128
346.76625037124404,414.29375462401396,11.372696902201199,7.544264281658229
348.78614558894924,416.51926588243333,12.373731845457826,8.226492051101047
350.5910815645427,419.2742399157662,11.68122370860101,8.504750594858649
351.5175347697923,421.25127016875047,12.770349031458125,8.82469301841627
353.87221523219915,424.6589008874934,12.596696832771613,7.417344327926401
356.25196620636973,427.43109165157387,12.685496213973352,7.721606391114221
357.51377234284763,429.40576804262497,12.856474717568744,7.837430533532881
359.50155322216665,432.0333128623727,14.058460054288958,7.12189407646656
360.70466645541677,434.2751506128176,14.387090291236575,6.745946781002033
361.97668679872197,436.9746315202056,14.732686820143044,6.294027597213017
363.74571219862406,440.10444831672135,14.255273337441622,6.5760933550698155
365.49391264138717,442.182985529752,13.986727993806653,5.734558477460723
366.7274655624311,444.4163550649053,15.318797758209257,6.045545603574169
367.93504155299024,445.85119159873267,16.24142637321819,6.713975469243735
371.09042164216817,450.0406501310509,16.055922109173366,6.569928740515138
372.40037548796397,452.68693931748226,16.18103395175251,5.778940697054452
373.86461264424344,454.0401053752146,15.245533513249256,6.154160317274943
374.6072175420716,454.12244300161524,16.286633179485705,7.757834147624806
376.3842157985436,456.460738081508,16.19645534426462,7.132061680880099
377.5874597947234,457.75504073428084,15.768890214018768,6.313374864284299
377.8840023229901,458.6902600415242,16.662478757257986,7.125402100143219
378.34228460973804,459.9531429284892,17.045739949625045,8.098142235203909
379.4164651920733,461.273769905834,17.137619165228443,7.795451317035315
380.15975643457335,461.655869947595,17.773434363428635,7.849181673189321
381.25876222855254,462.6340918258392,16.249314548333757,8.230723296022802
381.2899134875534,462.3011173492471,16.249314548333757,8.612560974704309
381.8081291084152,463.43422229203907,16.27083863730769,7.825766680227559
382.35103266830345,463.522290722055,16.72124247501864,8.501372436793986
382.35103266830345,463.522290722055,16.72124247501864,8.501372436793986
383.17203906944405,464.0969952028534,16.72124247501864,8.501372436793986
383.28524961533674,464.56739322919947,16.748530583268405,8.127963371292026
383.8270920635596,464.5985896992785,16.608641515590875,8.670273875935607
384.0471104687466,464.5997944439581,16.113046414140115,9.178317577674761
384.83083403012364,464.6720314527431,16.16037276328791,8.724618424351775
384.18580008630823,465.24053558123467,17.075750503982135,9.28029918694682
384.94632595741484,465.615683352495,17.000798199447843,8.739846961687988
385.6570462104155,465.5989847747605,17.350093457517687,8.82376181553758
386.4164496065376,465.83235967229825,16.70453853650423,8.47600659074476
386.37787417996435,465.74780162304563,16.946444393874117,8.726574355649461
386.76510537224755,465.41589794482314,16.666429943154355,9.113171052660732
387.54966901188965,465.3008933881202,16.15823767787998,10.021485389068403
387.3906800747789,465.582688364969,16.959528587862962,9.488370619641387
387.8527094303129,465.2803264404456,16.6606822691341,10.384909575827976
388.7224534841038,465.71427785119135,16.55234103587702,9.458480591929742
388.78718940481554,465.6783783257814,16.32990669939386,9.382929816226294
388.53993136989993,465.4802370063183,16.58432930304025,10.016278093915389
389.8379738282982,465.74450314644196,16.39519523027269,9.156561864454204
389.5071183351015,465.47807415677124,16.959528587862962,8.741254822819258
389.78141761856716,465.4766209470007,16.70453853650423,8.847218558222607
390.54791031244486,465.6569283581647,17.07693314372466,8.53846657186233
390.39122248895933,465.48369506969203,16.778112190006652,9.042748777730878
391.7909054004509,465.49212642104504,16.149465741389463,8.841606942213218
391.54457061794295,464.7495123620096,16.584329303040306,9.76997617357324
391.6346733036024,464.32854595696415,16.830631223382454,9.93417745380134
391.48044132105497,465.3092798443771,16.656089719216993,8.724618424351775
392.86399784136415,465.42520136701603,15.788583825380783,7.939402152191462
393.20449387058045,465.92672602118614,15.90908380130287,7.546616674977031
394.5872105384341,466.1476357764184,15.407089420829209,8.53520534852072
393.87358933799584,465.65932082210327,14.708085361369456,8.824851216821685
394.4519646179606,465.62627332177885,15.085215303735424,9.099018754634074
393.93074986842686,465.60578527011944,15.565512416173021,8.922905206723385
393.4090215092365,463.6860075594192,18.08468500489988,9.65423034096159
394.272701215525,463.5463854339694,17.07693314372466,9.85207681368729
394.6231021967961,463.63151947529985,17.051670531411276,9.653591253232833
394.1492499256825,463.5790917742994,17.07693314372466,9.605774893345085
395.04674208481305,463.4975625508082,16.45298410220215,9.858192953798778
394.7148904411028,463.7604783250961,16.3834395967354,9.345879632501976
394.4952432204734,463.60607719194115,17.103358257906734,9.806440174962347
394.5509646115999,463.5776136279253,16.912823920142557,10.102934515623929
394.8799273964216,463.41049809918513,17.584221467066925,9.367594345182908
395.39819242738815,463.2578210009939,16.457063891519,9.404036509439436
395.18481688469757,462.4895577088152,16.70210056580669,10.041753714411414
395.5132293010551,462.54351022327575,16.177982046169745,10.443423568708965
395.6735258768522,462.3814538596352,16.46144659204566,10.097485280687806
395.7193160763494,462.2786174619403,15.962114601548478,10.146460444395188
395.20380846213754,462.5621380944701,17.405335704180857,9.85207681368729
395.4734139421614,462.9159212963434,16.58432930304025,8.702667852090428
395.5462419879323,462.4864989819886,17.051670531411276,9.92425269023937
395.4626276913909,461.88373669687013,16.777542954732496,9.402180112215888
395.5717968480174,461.68628011377143,17.06004528719143,9.542059228429139
396.35628621938343,461.69241697936,16.212412791040833,10.160774836781343
396.35628621938343,461.69241697936,16.212412791040833,10.160774836781343
396.6551325381123,461.69241697936,16.212412791040833,10.160774836781343
396.6551325381123,461.69241697936,16.84395614405605,10.250995315783541
396.6551325381123,461.69241697936,16.84395614405605,10.250995315783541
396.6551325381123,461.69241697936,16.84395614405605,10.250995315783541
396.6551325381123,461.69241697936,16.84395614405605,10.250995315783541
396.6551325381123,461.69241697936,16.84395614405605,10.250995315783541
397.54742305878466,461.4941301969884,16.84395614405605,10.250995315783541
397.54742305878466,461.4941301969884,16.84395614405605,10.250995315783541
397.54742305878466,461.4941301969884,16.84395614405605,10.250995315783541
397.54742305878466,461.4941301969884,16.84395614405605,10.250995315783541
397.54742305878466,461.4941301969884,16.84395614405605,10.250995315783541
397.54742305878466,461.4941301969884,16.84395614405605,10.250995315783541
398.74585964378514,460.6225399533517,16.84395614405605,10.250995315783541
398.74585964378514,460.6225399533517,16.84395614405605,10.250995315783541
398.74585964378514,460.6225399533517,16.84395614405605,10.250995315783541
398.74585964378514,460.6225399533517,16.84395614405605,10.250995315783541
400.0188346142967,460.6225399533517,16.84395614405605,10.250995315783541
399.6303263767309,460.1312342590543,16.641626406501757,9.57791447856215
399.6303263767309,460.1312342590543,16.641626406501757,9.57791447856215
399.6303263767309,460.1312342590543,16.641626406501757,9.57791447856215
399.6303263767309,460.1312342590543,16.641626406501757,9.57791447856215
400.4683938936051,460.01151032807223,16.641626406501757,9.57791447856215
400.4683938936051,460.01151032807223,16.641626406501757,9.57791447856215
400.4683938936051,460.01151032807223,16.641626406501757,9.57791447856215
400.32381723862886,459.14405039821503,16.641626406501757,9.57791447856215
400.8685611409018,458.9261528373059,16.641626406501757,9.57791447856215
400.8685611409018,458.9261528373059,16.641626406501757,9.57791447856215
400.8685611409018,458.9261528373059,16.641626406501757,9.57791447856215
401.8218139413202,458.9261528373059,16.641626406501757,9.57791447856215
401.8218139413202,458.9261528373059,16.641626406501757,9.57791447856215
401.8218139413202,458.9261528373059,16.641626406501757,9.57791447856215
402.1826958573289,457.66306613127546,16.641626406501757,9.57791447856215
402.1826958573289,457.66306613127546,16.641626406501757,9.57791447856215
402.1826958573289,457.66306613127546,16.641626406501757,9.57791447856215
402.1826958573289,457.66306613127546,16.641626406501757,9.57791447856215
402.1826958573289,457.66306613127546,16.641626406501757,9.57791447856215
403.53600304236153,457.2119637362646,16.641626406501757,9.57791447856215
403.37180176213343,457.2119637362646,16.641626406501757,9.57791447856215
403.37180176213343,457.2119637362646,16.641626406501757,9.57791447856215
402.0937633055656,456.19657023658544,19.373271766810603,10.987825778191052
401.18447205536984,455.43801033014313,20.077667401043698,11.872012028443237
401.58248395352376,453.8622990659572,19.094624557673,13.238939693319935
402.3386642570807,455.4139762366165,18.993683928599864,11.703178986309013
402.1321120889004,455.9873995202724,18.418117748945292,10.168335840563543
403.0637175673618,454.4107256652398,18.07115447570368,12.047436317135805
402.9306124558625,456.13423290894883,17.376110072792017,9.4989401731263
403.2085618697928,454.7204937365586,17.07512999641807,10.935757413436306
403.1514297117081,454.8778925868727,17.982606454847883,10.300716318796333
402.3610691770786,454.229724267456,17.839473008066477,11.120710446586884
403.7753236498295,455.70694032611505,16.69141920998169,8.249781908381749
402.9882675665386,454.53382680474556,18.42955414142267,10.009154404393371
402.63513834200467,454.5149983158942,18.34222158036158,10.11984638916499
402.4618690327393,454.2475298062485,17.057864604854558,10.18379976409227
401.5946968782812,453.74646439504767,19.065056008368288,9.532528004184144
401.03527810549764,453.392321546177,18.801828535381674,9.97648044734541
400.42529944662203,452.69995642735887,19.094624557673,9.674609775887689
400.8671190942697,451.5817525069658,17.650696176072586,11.319468199872631
400.1852447174272,451.96040191252143,17.839473008066477,10.889028978949625
399.24201390148545,449.6075639760145,20.62219452228686,12.220559716910714
400.6469117004244,450.57516607902295,16.76048756956692,9.602362670064394
397.86105511439496,446.60649437217666,19.93323380230487,13.851908235499991
398.9891897978091,447.2080503970385,18.07115447570368,12.510799252410266
397.46987311775376,445.8394800349535,17.568273859658575,12.500502553987815
399.04646997731555,447.38291524021605,17.567054593059197,9.929204769989951
396.7767340535613,444.75104929234874,18.13923987976449,11.37545551781841
394.9925896268632,443.09780681083237,19.229561813889802,12.279117784773007
395.6406755182003,444.26380242966854,18.46513335183579,9.232566675917894
394.5178352917873,441.59564014615154,21.213687317012727,11.37545551781841
394.34554615289846,440.78708621247944,17.366549578407273,8.42014525013684
392.82559166874114,440.8078785368813,17.638351907096194,6.650526128905142
392.52279329126293,439.30675908985484,18.5058118369534,6.9396794388575245
392.93266005035264,437.70756715593234,16.05090188307338,7.367627093869771
391.57827024480747,436.0321424142155,17.07512999641807,7.866071121945424
388.70899951203427,434.11746630880697,17.927505217048576,7.373409403786127
388.3204201695153,431.3583743722894,18.418117748945292,9.784625054127218
386.99599150570856,430.9280151641825,18.4190677346744,7.762321402469922
385.62830125676913,428.5955169121031,17.842551569290777,7.866071121945424
384.9789118297729,427.52114200263554,17.476301341004273,7.943773336820129
383.66330175879807,424.6654025121885,18.53451741097814,9.96230310840076
383.50657601587005,424.1958784321408,16.23672233301795,8.380243784783488
380.3740121805633,422.3030623979084,20.113004534082222,8.401634805376148
380.81075089781456,419.01857846459234,17.567054593059197,10.18379976409227
379.39745691367256,417.19021677947575,17.821649587161517,9.929204769989951
378.49752394964537,417.2058770445716,17.568273859658575,8.108434089073171
376.6380939243481,414.5441268973233,17.109664393932917,8.03106696041749
375.85883448519263,413.757689953402,16.65558051550073,7.800714924981378
374.73431175191683,408.7982334046498,18.243976700414635,10.81124545209758
373.8905650518558,409.1427441804943,16.681065669880297,9.267258705489041
372.97692318726905,408.00029196989556,16.02309011617797,6.746564259443346
370.1815233625646,405.264700591144,17.794052274477053,7.626022403347292
369.92649543609775,401.64119734550746,17.28807091482355,9.698186122949835
369.68260651455614,400.0524760875784,14.766509657933796,9.420014781785369
367.25161572146783,399.4775023336911,16.36417307384943,7.943773336820129
366.15225413554896,395.75458693666803,16.88327460319988,7.6742157287272335
363.75740176632803,393.6138739814887,15.712957096468983,6.9835364873195545
362.25065153044466,391.5557980041638,18.226262355727158,7.866071121945424
362.222212933983,389.26259815617624,17.144428605154758,8.803895770214638
361.70327925452045,387.58335023026405,15.614278737429402,7.373409403786127
361.0979691796317,386.38766894032483,14.511914663831476,8.91082479358073
358.30087069173453,385.09381499668126,17.567054593059197,6.874064840762287
358.96314098309153,382.61934910372923,14.490838211188077,7.681890136051493
356.73147601760223,379.62873888643355,18.3308395753661,9.929204769989951
356.2501000424595,378.92477460181505,16.06213392083498,7.85647854823452
355.6357623440888,376.5963338587736,12.589863648978962,7.833692937142473
354.0568163427284,374.304092181628,14.581009884581704,8.63349269481813
352.8909232917838,373.8061242848869,15.728671206903812,7.784897870083739
351.3692132949449,372.1296676302701,16.23672233301795,7.5073017238685225
350.86412835707097,369.4004330774443,16.02309011617797,8.644035457411803
350.01405925088756,367.24679032688596,13.703958651994299,9.698186122949835
347.95429032316594,367.17621864525756,15.732142243890792,7.098649549072661
347.7700575060693,364.7800475545548,15.732142243890792,7.866071121945424
345.4279669223574,363.2495647489639,16.449384202243095,7.182125496754054
345.07796572576353,361.6672206046135,14.934293873221804,6.990520536401732
345.16564715093756,360.71182190330603,14.457667473012634,6.672769602928895
342.20971031654193,355.9504162154432,15.393078035406461,8.288580480603457
340.15786967901005,353.8433646971649,15.732142243890792,9.017203481254455
339.8907026430258,353.1942853442124,14.47493511312905,7.33661094775033
337.9430741336393,351.2784440073429,15.919337113539996,7.762321402469922
337.85589683189613,349.43453270126037,14.746818807572254,8.385445988619495
337.1498644330417,347.5491219158286,14.472124648672718,7.2360623243363875
334.9739865124375,345.9074712856562,14.840015035554075,6.634359662953557
334.9121662333789,344.5368195235354,14.772865277799895,6.139372582981764
333.53204532602814,343.37897316950733,15.812259983070362,7.5898847918737715
333.7039740654046,341.33638029654065,14.389154491363513,5.5638064033272485
333.28418124219,337.92297023248625,12.498653105671906,6.578238476669412
331.27225193730493,335.7185490616524,14.007699924897167,7.0637119279396074
328.51842220852853,333.23305919788254,16.912747137517556,9.03557723785184
328.56147566714725,331.12645630316575,15.39059971685515,8.011545058088984
328.6775505716783,329.2335981714325,13.90088805823359,6.718762561479593
326.07960486545755,327.28578934909467,16.216868178146342,8.108434089073171
327.756554911287,325.52573251083845,14.527611076256107,8.108434089073171
325.93951811175424,322.0737555644047,14.268512135509468,6.994368693877163
324.75073652001146,319.8316439147539,14.449902955066648,9.22334231174466
324.2409522702197,317.9643859727092,15.275699646138435,7.637849823069189
322.7245824607442,314.1997490859387,13.149413144489131,6.994368693877163
325.2262301314875,314.45894439869807,10.889028978949625,4.40194788510729
324.4850076328744,312.0738360565483,7.128659834864607,5.601089870250746
320.8021632445973,307.1144367240228,12.220559716910714,7.8924448171715085
319.5620936363845,304.1855406848747,13.914788785101905,8.433205324304197
319.4908521336364,303.03188481792637,12.710037338912173,9.373652537447754
318.89940482141463,300.0355076013718,13.50441467259418,8.897026137238527
318.6786254720842,297.01536380370766,12.228147720241054,9.065695723627016
316.9632520137377,295.583703304337,13.8143008010058,7.499191863403155
316.86055275430095,292.7305720265537,13.049908477040958,8.021503375795817
315.554181441086,290.6244262565827,12.649807986456267,7.379054658766165
314.10531438639345,287.36334359479,14.197299098145379,8.63349269481813
314.8740683052376,285.78574735142456,13.493128518886692,8.644035457411803
314.13917504929674,282.6598537363035,15.538368684286013,8.380243784783488
312.9892035464814,280.4340749650627,14.457667473012634,8.26152427029291
311.258803667904,277.25907161076776,14.75810931753233,8.85486559051941
311.79479031968026,274.5880712191125,13.282298385779086,9.276525856734622
312.06461159844076,272.6457576014505,12.97416218768467,9.267258705489041
310.23463959021035,270.074142002505,14.316249799005107,8.729420609149429
310.7021779084714,268.93289633968556,12.860638119563873,8.644035457411803
308.1965855392187,262.9172870456303,13.617896150273111,9.253185845698397
307.6628195033947,260.4382779416735,13.282298385779086,9.487355989842229
307.0799960393363,257.84192826159943,13.094130913724143,9.078597433515426
305.7865064639288,255.0529582420817,14.547279184424724,9.4873559898422
304.8265398639396,252.45899162523864,15.014603447737045,9.602362670064394
303.89965043198157,250.68822865646703,14.005443704927188,9.017203481254484
303.22354192096236,248.38659528020543,14.125618918209511,8.644035457411803
303.3347903394484,246.21353411932967,15.059295396419714,9.03557723785184
302.7622712514779,243.45703554091264,13.914788785101905,9.4873559898422
302.10868999232406,240.81322340597637,14.139916539539797,10.009154404393342
301.46974987956816,239.20395590581393,13.419606492405649,8.42014525013687
301.35836356098196,236.9556962978017,11.915660005230166,8.10264880355652
300.7027534968345,234.39400517098804,12.744954089358203,7.856478548234492
299.2711288586831,231.93621846824493,13.1866637391214,7.784897870083711
298.4103804320191,230.46764245104316,13.054001778135671,6.321749288782684
298.463238904215,227.7413567198984,12.63021787520529,8.683274789203637
297.98351500094003,225.38263159948056,12.367088336138522,7.104497554802975
297.2908446969675,223.55939072390083,12.492067289412716,7.534897730121969
296.2626933344053,221.25172067902017,13.186071027713467,8.129758077236858
296.0516332020863,219.0997075344216,12.571012753112825,7.662331582849731
295.26601778194873,217.33736641624438,13.011898947857844,7.517986058762318
294.4732319059521,212.93236625888784,12.964904874096078,7.626414631821206
293.42051785238704,210.21468758866604,13.648528131951082,8.380675168741902
293.51244577647935,208.1356506477993,11.577699718938163,8.288580480603457
292.0836314757669,206.39204919469424,13.551171261939032,8.81483955873702
292.59320737685505,204.42732306026872,12.09331463045936,7.9532609731849675
291.2311624869981,202.09131788986696,13.419606492405592,8.157015711070073
291.0906208503317,200.03811365332638,12.571012753112825,8.141227306777836
290.47010972048406,197.57012396273643,12.710037338912173,8.897026137238527
290.35844515203354,195.35642555352203,12.710037338912173,8.579275203765718
290.175751624541,194.70784537810553,10.803531738075378,6.196143202719696
289.5193417679295,192.10478111223426,12.103958797071755,6.972932785269592
288.32654220512626,189.09621804057116,12.690736684094873,8.859570892670007
288.27558182288817,188.03406088661274,12.202263410913929,7.626414631821206
287.6312880206047,185.88987002583244,11.85266916722071,7.901779444813798
286.04211231825957,183.28645946399126,12.367088336138522,9.341098636870584
286.11007878252,181.97675589105842,12.81046061507692,8.620123030705969
285.5403785817545,180.2292591829701,11.984365850004792,7.9532609731849675
284.8262191955376,178.55440170229966,12.492067289412773,9.121191989095024
284.54723669496934,177.2108952070572,12.211840960166796,7.422883720885693
283.6094480263392,175.54406453253492,11.855285708048257,7.6625627137385095
282.9801345676178,172.89253387409553,12.103958797071755,8.683274789203637
281.0509656128613,169.70773941689853,13.169632408023006,7.782055513831779
281.15142995000906,167.82006093909763,12.492067289412716,8.922905206723385
279.80505119688473,166.42808500305912,13.1866637391214,8.261524270292938
278.7144463546034,164.18111033233737,13.419606492405592,8.946404328270404
279.2010183251928,162.73288167151588,11.875417069550167,7.9532609731849675
278.09983568952254,160.59533372568026,12.638058532732316,8.280107314548758
277.5128387011659,159.50248883572252,13.617896150273111,9.253185845698425
277.1325947698602,157.83207006937036,12.81046061507692,8.021503375795817
276.90775879632486,155.52864576862027,12.433592327953079,9.542059228429082
276.3685669775197,154.69110631339,12.433592327953079,9.2529059184767
274.7713800305631,153.19343309722296,13.34553920585779,8.261524270292938
273.14924164620714,150.25426060815482,13.617896150273111,10.300716318796333
274.34554751005027,149.1178703140399,13.094130913724143,9.427774257881396
273.3886142066408,147.7668101838389,14.139916539539797,8.897026137238527
273.5823764894482,145.49184160912444,13.02778827238501,8.261524270292938
272.4499915602516,143.77166004572905,13.663290139330627,9.055901603974945
272.7009065178406,143.01077729210766,13.1866637391214,7.626022403347321
272.0623865930886,141.27803184600435,12.761782644738673,6.972932785269592
272.07276817697925,139.26077584507775,13.156476953338824,7.236062324336359
271.85992182164375,137.38248508742637,11.840829258004987,8.02545094153669
271.29734610000355,133.80925953780348,11.85266916722071,7.542607651867712
270.4031827197669,131.5675833950565,12.498653105671906,7.762321402469922
269.74866597059673,129.38719520847002,13.301052257810227,9.39748257345289
270.40521250816744,128.12162936267015,13.049908477040958,7.1834358589216265
269.67765111672975,127.10501972538756,12.092117029184749,6.584816204011503
269.2079489999245,124.94884116632915,12.311212191368554,6.863773168639085
268.303708716808,123.19120522578221,11.710709053072094,7.373409403786113
267.6318294794253,120.66808503798698,13.02778827238501,7.467146936610916
268.5332267981421,119.31115327815321,11.613221305256616,6.943987996957574
267.36112173414296,117.24147014812603,12.867322292881624,7.228832748809921
267.71830717487444,115.26644684442175,10.788311101737861,7.367627093869757
266.31908227397804,112.89953153559662,11.855285708048257,7.228832748809921
266.25721708748654,112.23527102392467,12.367088336138522,7.630756632936524
266.10427147127183,110.46946574940195,12.578168982929242,8.5300226435957
266.34038678296304,108.44327645680477,12.893347414272057,8.02545094153669
265.95429255007366,105.85353110330107,12.722745637905462,11.132402433167272
265.1240832199196,104.53328768616049,12.710037338912173,8.10264880355652
263.86462087250675,103.06081309669212,12.85039170534111,7.172311649492713
265.077158018048,100.04264621869609,11.203203203997134,8.328044859608497
264.31644631153256,99.76156626309294,12.570365677175175,8.205655372600475
263.6148151177094,96.24922286065603,12.919542501541173,9.078597433515426
263.67253939604984,95.11256177733044,12.14443901800064,8.963752608524302
263.3123717058461,94.3455343670382,13.02778827238501,9.055901603974931
262.5936480455528,93.12800601677118,10.415981995436368,4.4297854463350035
263.46970226146976,92.48171177890461,9.450267728124345,4.079252256744326
264.64211065925065,91.70801568309243,9.784625054127218,5.563806403327234
261.0977255364505,90.92193484590018,11.511323593090822,6.523083369418131
261.4604649676686,89.11891931273098,10.987825778191052,6.795102783881319
261.2383097199812,89.19998402825634,10.552046626999925,5.755661796545411
261.07503383485664,88.16343853546391,10.135542611341464,6.7570284075609806
261.3494603968634,86.98745350595051,9.267258705489041,6.023718158567888
259.22489557694337,86.50082538817446,11.348246791894269,6.634359662953585
260.02231251669264,85.83397313673947,11.121282671548158,5.7195168025104834
259.53441807503464,85.58281122715341,11.348246791894269,5.063063953306681
259.5621019220383,84.58258940192918,10.8244815553453,5.761417602038634
259.69443644466793,84.56462499694513,10.485780804602541,5.560641335774079
259.50094906916723,83.73735384193606,9.427774257881424,6.285182838587602
259.8211757315744,83.46423528653072,9.209058874472646,5.371951010109058
259.3302439337216,82.99507697836518,9.686635883405302,6.216796163976525
259.75100351888085,83.53582257604077,8.292164651520125,4.926038406843645
259.9768289106605,82.4873455035225,8.157015711070073,5.9204146290024795
259.6632088556408,83.00308356814578,8.702667852090428,5.336541607413949
259.70674065624064,82.00514276811428,8.738150670502137,5.242890402301285
259.61304449077033,82.23648912400883,8.62012303070594,5.627024756155279
259.34444092618867,82.1022194321452,9.784625054127218,6.139372582981778
259.73149148922505,81.84709015668659,10.326905337866151,6.672769602928895
259.33490618738034,81.42779667118215,10.126127906613362,6.110594426404617
259.68216774266807,81.74156204983389,9.975789193357684,6.072219509000334
258.5861947730554,81.6517049708479,12.235523566605139,5.262590781335533
259.6109836705488,82.62425712481217,11.004916421625524,3.9657356474326235
259.4616635169905,82.47752649592451,11.577699718938163,4.341637394601818
259.59873229354514,82.71948614344393,10.806629639253856,3.866592256246804
259.53980173001884,82.27359648144667,11.878782959291925,4.887624238458642
259.63323337681,82.68048827359326,11.599776768740412,3.866592256246804
260.0877506822832,82.58451679187354,10.916677959263268,4.330582992104439
259.6714858817144,82.52609405195969,10.471889226779354,4.335136937967789
260.3863149368779,82.53117723265385,10.396801142062941,3.82303898497382
260.9278472497009,82.43281680968106,10.016278093915389,4.269233285931165
261.06135391570353,82.3472979403949,10.014473169241512,4.150142034100099
261.50663983499817,81.59491230404107,10.905773030439718,4.957169559290776
260.8158503711385,81.89544327048257,11.081968630822075,4.419189944806362
261.75417773460373,81.97730151132568,10.459621155510206,4.183848462204082
261.59908850579075,82.79522380487073,10.907890633603529,3.660867404428572
261.8514374020214,82.31313818131497,10.502854650277243,3.8937412362003414
261.4340737146806,82.43955814523659,10.919385135170103,3.9408307254749104
262.2070676473601,82.55753954427563,10.062155566636022,3.8752896439071094
261.91296991303153,82.2073804759697,9.563082199323617,4.557406360615161
261.88827672673875,82.22226074082853,9.977199302248778,5.035222077770399
261.58541055846814,81.83218317161614,10.677458871854014,4.800492408326747
261.44042732823533,81.93753729844349,10.69713776877461,4.74625256857793
261.4244769178087,82.70681508680777,10.502854650277243,3.8937412362003414
260.24258018952935,82.77827418534848,11.582409655467302,3.7063710897495383
261.31638464159903,82.8271231394326,9.478543899549209,3.5953097550014235
259.91767324788776,82.339799852614,11.30234659518294,4.659739385733332
260.70205080383914,82.82813971253466,9.341098636870584,3.6838135469348714
260.3308004473905,82.68866586646972,9.914339021367596,4.031104876819782
260.85107581000585,83.27723797597378,9.055901603974917,3.018633867991639
260.25191592394873,82.41652232529455,10.70748624806805,4.362309212175873
259.76275687807083,82.6844705485353,10.459621155510206,3.8102905637930036
258.92247027850595,82.54508594959073,11.972393098202701,4.4297854463350035
259.07113307862863,82.3454968007358,10.534332735192436,4.40798320125073
258.6679104236411,82.63077064369081,11.818882749285024,4.330582992104439
258.9635706838097,82.2657230480444,10.609044314874666,4.40798320125073
259.2565022731164,83.31653495758208,9.831212538381465,3.9035696843573504
258.4117087846062,82.41819694155924,10.775153788382454,4.549509377317037
259.33028301032886,82.91914305369176,10.415588747065499,3.659531181401377
259.25756728067887,82.6330278824905,9.722217878573986,4.147239794356736
257.8416391651095,82.75831186152685,13.02778827238501,4.925139468828476
257.83213350668234,82.83078414809088,12.700968545976707,4.258560041886298
259.3869389091474,82.5710251421585,11.904592816538809,4.597635846387405
258.9978773584568,82.32608045217829,10.982602213285702,4.258560041886298
258.6149742616352,82.73594905828108,11.13432558132854,3.950889722406899
258.74112322434064,82.53306833585691,11.132025372650162,4.40798320125073
259.1243637242403,83.16154941672943,10.535705926418416,3.7114418604428465
258.92391152824104,82.62015102289459,11.909103228287222,4.150142034100099
258.98852571976505,81.4036175780221,10.676980484549688,5.447439022729441
259.75281595588433,82.48911018740128,10.894878045458881,5.66533658363862
259.8354297635783,82.1531010074938,10.555796043254588,5.052346824121855
259.91854700520776,83.09257945738445,10.609044314874666,4.333271621568514
259.81977592298205,82.71172571209871,11.494089615968505,5.4186422475280125
259.01263203223306,83.06722704828648,11.879401219626004,4.166235498826197
260.41680718569665,82.43780766397043,10.833179053921299,4.856252679344024
259.194197844218,82.85236238463675,11.657519508640974,5.120592681365679
260.6333707432584,82.88319548419757,9.604228175937351,4.341637394601818
259.9316031825313,83.02463754799875,12.002520281784541,4.268937625995534
259.83248413554514,82.78840340989373,10.655429857400406,4.788957239281089
260.35250990249625,83.37211337988298,9.532528004184144,3.495260268200852
259.66911165589863,82.60622641538767,10.112625900953162,4.659739385733332
260.0206921077949,83.21549758169125,10.552046626999925,3.8371078643636025
260.53091776392733,81.61331068548853,9.850278937656924,5.878392269246888
258.8057955544251,82.56864703496828,12.086889772745394,4.604529437236323
259.8113809308532,82.72737937051167,10.300716318796333,4.364710304574729
259.8215752680731,82.40088888234074,10.8244815553453,4.713887128940698
259.3313893211576,81.91370491751064,11.121282671548158,5.401765869037689
259.9865146035524,83.00220624502381,10.656746332204477,3.6838135469348714
259.9674292588269,82.85144375806453,10.676980484549688,4.466899998638141
259.2277676791647,82.60344212596986,11.855285708048257,5.060182924166938
260.0699038815363,82.52793254397733,11.276979088143491,5.349336234119335
259.9215520130194,82.04765907113504,10.656746332204477,5.788849859469096
259.65199867758827,82.42174807737746,10.39361679313771,6.183544168069261
259.85034348430037,82.67785204324295,10.525181562671094,4.473202164135202
259.3019350288046,83.18942622484167,12.103958797071755,4.867896472735367
257.8122971530463,83.27914703477492,12.086889772745394,4.796384830454514
259.13939406885413,83.09797328935748,11.604282571032172,5.907634763434572
259.5565880480423,83.6431965728418,11.465298236611659,5.86004132093484
259.9610120515385,84.08804326446341,8.953060093400154,5.003180640429505
260.2972081222644,84.86289116988826,9.28342605682576,5.063686940086768
259.2181229328575,84.75435972414763,10.655896339440403,5.279948636659668
260.93208698874975,85.12194944185464,8.346737382080619,6.607833760813804
260.306941339857,84.45070587728586,8.66266977877325,8.025708765628153
260.4287721380531,87.12732186688717,10.319350239868811,5.1596751199344055
261.34772113099524,86.47023854577598,8.025708765628167,6.879178941966998
260.35431333544494,86.96360965258053,10.639349297396961,8.259494849295024
261.69632580039513,86.3241177662899,7.9795119730477495,8.539477725542298
262.38538785652906,89.28100463789481,9.384040792579185,6.768816309401359
261.1878714656103,88.10251498437685,10.768017641602228,7.8516795303349625
261.10893408612924,91.22028152788266,10.217390779343532,6.687746691933967
260.0193827741329,90.58049651928432,12.818181159540075,8.731224847802679
263.99815393313713,92.79969704201397,7.691836715228817,7.691836715228817
262.86884237096467,91.86532037816143,7.230326512315116,9.23020405827458
262.3832714499806,93.79367069779647,6.730011026001421,8.524680632935102
260.75383152702256,94.12015642557412,11.332015227999193,9.28853707213051
261.9081758001551,94.07133994456149,10.207183366537322,10.207183366537294
263.33411762936584,96.86858254136115,10.307061198406643,11.076244869929496
263.3147113594041,100.55865921787709,8.007448789571697,8.007448789571697
263.59918200409,103.06748466257669,10.22494887525562,6.952965235173835
265.48858158431557,102.76532452027392,11.059323611767923,9.239434916160533
265.48301908760646,104.12615118343258,10.588932262228752,8.916995589245289
266.13709359269683,105.86509385204371,9.691714261188338,8.461020386751699
266.62035372257907,105.80011805705811,9.297824883751844,9.974030329842876
267.1555027311069,108.33156172360465,9.691714261188338,9.845550995492886
266.64160362198413,109.28413559886918,11.94047153269861,9.621933371009575
267.4519185474728,111.92648688359593,10.063984007692454,8.153100968257178
268.388222508332,111.7376908603011,10.219374983026057,9.519417792407822
268.8538072414455,114.39460518964826,10.781202451854085,8.926371922502867
269.4773509557802,114.87628909797853,8.959722160706292,9.974030329842876
268.46872254612043,117.92705529380855,12.22965145238578,8.407885373515214
270.3131961018437,119.51369233744924,10.57045698793695,7.512886784814668
271.37652014637644,120.92522394527494,10.201567911431823,7.7671028416583425
271.9265253086565,122.38420907351313,10.89712935993856,8.578591198249498
272.1080578640871,124.816239082143,11.083121628724598,7.388747752483056
272.4255230905925,125.7595068142325,12.044476372513998,8.778177695222084
273.80865006660724,127.67748957485725,10.774703003671391,7.988141882032238
274.68896183215696,131.55429418188496,11.919674397839742,7.856149034939818
275.70638296792106,133.2274757873629,10.960473745113973,6.873517433376577
277.2420856512366,135.51630139865625,10.992351342468965,6.954344726868101
276.9075715062755,135.64024487570322,10.98833849897943,8.452568076138022
277.35248498910687,137.42368309661845,11.833595306593224,8.95972216070632
277.777610643799,140.11200355140437,11.664543945070477,8.283516714615274
278.58669990494957,142.71296575061928,13.558630105039924,7.888657515659588
279.9618276553513,145.12103116617394,10.847894471682594,7.199929959081345
280.12025617989497,145.97411716057442,12.87921230737527,8.25949484929501
281.39438943603574,149.13326856332253,11.244910084191929,6.839687576982726
283.53931055357316,150.70383775855618,10.219374983026057,6.439606153687635
284.1163304541743,152.1949802889353,11.691591807147802,7.99951018383797
284.4326400758109,155.1792205370741,11.833595306593224,6.5930030993876585
285.4340900885538,156.25402503493916,11.517785969441832,8.173912623474848
285.60334427577493,158.79788344834705,11.636189037852546,7.5533156912376
286.7793181687439,158.79446060749547,13.29918662174623,9.23943491616052
288.0336961634997,161.36792138530734,12.678852114207018,7.607311268524228
289.9247744159045,163.8784877549915,11.083121628724598,7.006571144596023
291.15835926390906,165.75031338039372,11.708617716529716,6.839687576982726
292.63089392865527,169.02978978616397,11.840332705183243,5.920166352591622
292.9592770622743,169.44034560774938,11.013056268023035,8.230810473996144
295.6610290677677,174.83849848196832,11.999265275756954,7.691836715228817
295.78131274968655,174.23833472382861,13.011354650269368,8.749014333801824
297.15659739572277,177.4692141861764,12.553723872298463,7.701023888048638
297.3475346943101,180.6028845606461,12.876896077733647,7.3065533924218755
299.12193506782415,183.02004585291542,12.22965145238578,7.006571144596023
300.19650429538433,185.28758568183096,12.479878595741013,5.951942099507249
301.6192812008697,187.35850742988873,10.865828225602854,6.01312824135303
302.41743151518773,188.84145963847274,11.708617716529716,7.99895665782725
304.30815293487757,191.1505027272808,11.924524438040862,6.280249537368206
305.8148322620876,193.25020382040802,11.013056268023035,7.187468301236066
306.47905256444864,195.0142979055342,13.186684739809323,6.64608910886389
307.64676468523544,196.6155318722249,12.15310201006156,7.845673449533393
309.11955289662257,198.84766720746805,12.404179165036453,7.535249025489435
310.6655907991081,200.52375937921556,12.288252256951978,7.883029749742775
312.22138187855325,202.27824430806675,11.84747484449872,8.025708765628167
311.8233030169975,204.52666954690656,13.79530206204987,8.230810473996144
314.32389191325365,206.72381674279185,13.563448245880977,7.303395209320513
315.6126655730147,209.4037484668154,12.083518097214778,6.518740026129024
316.6083677788873,211.24510405970005,14.347112996912529,7.279049976374722
318.8293133973785,212.90332991448358,11.604282571032172,6.96256954261932
321.2077393966232,215.72149808180072,12.768448947279865,8.614857121056275
321.5653488153984,219.58792524146705,13.758357883933968,6.879178941966984
323.29693238308573,221.08352416988333,13.376181276046907,6.879178941966984
323.16834855169753,223.23214221672873,13.679375153965452,7.303395209320513
326.2878232451268,224.2637341964075,13.579169497993519,8.539477725542298
327.2564360913868,227.16796387252617,12.983813705458715,7.99895665782725
328.5090243726982,228.18474683652974,14.768326493239329,9.845550995492886
329.3362098413558,231.49275088440007,14.279126688611711,7.699529096800433
331.38082883112435,234.22327523439787,12.739220262901824,7.261355549854045
333.31757507040135,235.94938539003584,14.030632563157099,8.122997799722526
334.63034879109955,238.5184934529206,13.714152129401668,7.279049976374722
336.40765410999376,240.33452552418976,10.232867358091994,7.806517365967096
336.21534421644975,241.8881500166539,14.460653024630176,7.845673449533393
337.8071750399711,244.99537157144835,12.866612465530864,7.006571144596023
339.91943058408447,246.8582876705836,13.215667521627608,8.114883565911697
341.39420884511776,248.57159268371677,13.630965681304986,8.025708765628139
342.8094573699621,250.3743008147205,13.439178059869846,8.95945203991326
343.96266059218647,252.3344807891691,13.679375153965452,8.810445014418406
344.3742419726069,254.7353884030994,14.347112996912529,8.122997799722526
345.9544969113772,257.4141130830326,14.665426623371047,7.85647854823452
346.88749628327173,259.5502173145737,14.616542939749024,7.308271469874512
349.0299431123444,263.2055687525689,14.968939450639937,10.330676522272597
350.86517937080316,267.0353320529039,12.97416218768467,7.645488432028458
352.3046333039358,268.75649167941737,12.43897785334866,8.433205324304197
354.41919804889545,271.28366116439827,12.510799252410266,7.8771698996657165
354.38720670414995,274.08945743442746,13.43752512295913,6.950444029116795
355.72350214613186,275.2306716993033,12.220559716910714,10.18379976409227
355.6290806995274,275.63537180012764,15.593140800121205,11.509222971518
358.82085998078963,279.1394463994031,12.8543113456181,9.400914267690837
359.63771878620594,282.64838049504647,14.005443704927188,7.866071121945424
363.08342107895885,285.83895574508847,12.510799252410266,7.645488432028458
362.7721997315737,287.2384250561311,14.364250993508051,8.572214302577379
364.72795068006155,288.7100173021404,14.005443704927188,9.97648044734541
364.72884954670894,291.3509701477706,16.866410648608394,10.963166921595416
367.2459548085271,295.1643964090321,15.656207574473228,8.683274789203608
369.5121807681477,296.7919901384743,14.934293873221804,9.373652537447754
371.0813141293039,299.4039402934546,13.156475602834064,9.975789193357684
371.5526928423941,301.9209327759387,13.669206590596389,10.425666043675221
374.57321546992625,304.8631796178637,14.581009884581704,9.209058874472646
376.29942674513757,307.3779964682322,13.551171261939032,8.814839558737049
378.28858114083795,310.38967673579475,14.964720671018085,9.592769660909028
380.4419526771755,315.0870837532733,15.923997637108982,9.017203481254455
382.3063971948697,316.28248872497653,15.252044806694641,10.168029871129761
384.43441309761937,319.4388672667073,14.547279184424724,10.541506655380203
387.3426311855119,322.6284581332435,12.278745165963528,10.168335840563543
389.18857729482727,324.9229644012511,12.97416218768467,10.193984576037963
389.5560378787405,328.708361436872,14.840015035554075,8.20565537260046
392.53632748940726,331.1829418707271,13.50441467259418,9.214777070711364
394.3444368517229,334.11145239670014,15.656207574473228,8.288580480603457
394.29839985193314,336.4213704777298,16.307708423545364,9.400914267690837
397.20917138750406,339.16772872847747,16.76048756956692,9.602362670064394
399.46494760240114,341.3650015898252,14.616542939749024,10.009154404393371
400.97181451923547,343.1413849947406,15.021104652036115,10.947584746399173
403.44526850298547,347.29926275676456,15.189191859920015,10.300716318796333
404.8400133141754,349.9956486365362,14.547279184424724,9.276525856734622
405.1184613414422,352.4509439839023,15.059295396419714,9.4989401731263
409.22627395953185,355.43573037355236,13.621732918490807,9.592769660909028
409.3923455707204,358.65924707727896,15.179769583747543,9.909016256057441
411.85259660242895,360.8308343615969,15.812259983070362,11.173997054703023
413.57895882193037,364.62236590640157,15.189191859920015,9.427774257881424
415.216987407674,366.4389996426331,15.5402868506726,9.784625054127218
419.447095801821,374.09032699143074,14.840015035554075,8.03106696041749
420.6724524458591,374.91153683169904,13.238022132054425,11.703178986309013
423.335499791088,378.90663234390263,15.66738587428489,9.792116171428063
424.44081707200263,383.44651994501163,13.914788785101905,8.644035457411803
426.1468732629121,385.7755861836612,13.238022132054425,9.209058874472646
427.0203137402326,389.3905550460979,15.156576064236276,8.825348088036321
429.5413555100859,392.2333734063075,12.860638119563873,10.11984638916499
430.71105557328883,393.58730268418657,14.13256952587085,12.279117784773007
431.0483135160264,395.2037765981861,16.31935009820171,14.6874150883815
434.9869510185035,401.12137651318596,15.290976864056972,10.193984576037963
436.3556895325938,404.59569008641205,13.669206590596389,9.96230310840076
438.27102153622826,407.55458865183226,13.07146825267148,11.173997054703023
440.2481260915262,410.9923415454919,12.570365677175175,10.8244815553453
440.8917230587309,413.31203463251876,13.748129681524574,12.220559716910714
443.90209367725555,417.95164982495226,15.923997637108982,9.592769660909028
446.3304738954341,420.89894936649966,12.919542501541173,11.173658379711298
447.1908778138406,424.19491168542504,16.449384202243095,11.584073381861344
449.7001393524465,426.9618709244679,12.8543113456181,9.97648044734541
451.78408095187814,431.1537547773955,12.86891280564862,9.850278937656924
454.9651976869386,434.4919799168335,12.047436317135805,10.889028978949625
455.7022365491884,437.33497603515616,14.336449051317118,10.75233678848781
460.0279972783064,444.1926863641014,16.294079622547656,9.929204769989951
462.0061416595233,448.05228739357244,16.681065669880297,9.730621640763502
463.04820875596806,449.3161028700245,17.144428605154758,12.047436317135805
465.988136901199,453.89214104815244,17.216905648590057,11.37545551781841
467.60252642319614,455.1065879336527,15.784889634343017,12.475154711013033
468.3035409595981,459.03805162599303,15.275699646138435,11.711369728706131
471.5888836993135,462.49453993160506,13.238939693319935,12.984344699217672
474.559851675881,467.1136270564888,14.139916539539797,9.850278937656924
476.8075859462275,470.59758612165274,12.43897785334866,10.75233678848781
478.58342577629816,473.4680437723295,13.445628912786447,11.276979088143491
479.13700732668383,477.0432303541787,13.887975993915177,10.415981995436368
480.98977482247176,479.6458224473354,16.314031422140147,9.998922484537502
483.32831304722083,482.1192005941239,13.813588311708997,11.12761280665444
484.6923303689674,486.11946546515185,15.812259983070362,9.487355989842229
487.3591376724271,489.25243499955724,15.252044806694641,9.214777070711364
489.57418267141145,491.3670784373429,15.732142243890792,8.44163730159994
491.01348388649853,492.9731795826232,13.813588311708997,10.935757413436306
491.5987709228253,495.7081295982445,19.185539321818055,9.784625054127218
494.68935551818197,498.3056976842397,18.053881809032873,9.070650275207925
495.89800609122614,501.9311485294888,18.58543456946842,8.401634805376148
495.90985846842125,503.36898112648817,19.461243281527004,8.108851367302918
0,0,0,0
0,0,0,0
0,0,0,0
0,0,0,0
0,0,0,0
0,0,0,0
0,0,0,0
0,0,0,0
0,0,0,0
0,0,0,0
0,0,0,0
0,0,0,0
0,0,0,0
0,0,0,0
0,0,0,0
0,0,0,0
0,0,0,0
0,0,0,0
0,0,0,0
0,0,0,0
0,0,0,0
0,0,0,0
0,0,0,0
0,0,0,0
0,0,0,0
0,0,0,0
0,0,0,0
0,0,0,0
0,0,0,0
0,0,0,0
0,0,0,0
0,0,0,0
0,0,0,0
0,0,0,0
0,0,0,0
0,0,0,0
0,0,0,0
0,0,0,0
0,0,0,0
0,0,0,0
0,0,0,0
0,0,0,0
0,0,0,0
0,0,0,0
0,0,0,0
0,0,0,0
0,0,0,0
0,0,0,0
0,0,0,0
0,0,0,0
0,0,0,0
0,0,0,0
0,0,0,0
0,0,0,0
0,0,0,0
0,0,0,0
0,0,0,0
0,0,0,0
0,0,0,0
0,0,0,0
0,0,0,0
0,0,0,0
0,0,0,0
0,0,0,0
0,0,0,0
0,0,0,0
0,0,0,0
0,0,0,0
0,0,0,0
0,0,0,0
0,0,0,0
0,0,0,0
0,0,0,0
0,0,0,0
0,0,0,0
0,0,0,0
0,0,0,0
0,0,0,0
0,0,0,0
0,0,0,0
0,0,0,0
0,0,0,0
0,0,0,0
0,0,0,0
0,0,0,0
0,0,0,0
0,0,0,0
0,0,0,0
0,0,0,0
0,0,0,0
0,0,0,0
0,0,0,0
0,0,0,0
0,0,0,0
0,0,0,0
0,0,0,0
0,0,0,0
0,0,0,0
0,0,0,0
0,0,0,0
0,0,0,0
0,0,0,0
0,0,0,0
0,0,0,0
0,0,0,0
0,0,0,0
0,0,0,0
0,0,0,0
0,0,0,0
0,0,0,0
521.1416490486257,503.8054968287526,19.485199052565804,7.742725876530642
521.415270018622,501.67597765363126,18.39096691038128,8.472345882406671
520.9971344481901,498.1952452002497,18.08554008320857,9.042770041604285
518.1873767451605,498.2708806979813,21.09979676374337,7.5356417013368855
517.4338125750268,494.50305984731284,19.59266842347597,9.796334211737985
517.3972217979343,490.96203320196076,19.212947693591104,10.39389900142902
515.6929171227517,488.1523882600029,18.906238995391732,8.472084313836774
517.4443913615495,486.716441706408,15.363780272102986,8.729420609149429
514.3530951525532,484.61798197738847,16.915468632215152,7.373409403786127
513.7792932326265,480.75352662526933,16.999674940795103,8.897026137238527
512.3815849481549,478.3931398290637,15.444387096681453,7.782055513831779
510.4073083752094,475.4695698559293,17.23498480887389,7.893886172003306
508.12458049653316,468.35304837397206,16.999674940795046,10.168029871129761
506.7432814233723,466.6758941234472,17.808018042664912,7.681890136051493
505.0166725046561,461.75870511028705,17.23498480887389,9.472663406403967
503.10702268369596,460.33584279472745,16.971855269807065,8.157015711070073
501.00599695965616,456.70306903128596,17.10495853137047,8.715902436367116
500.71675241112996,453.19831247109425,16.314031422140147,9.867357715004118
499.4118885381353,449.3200094448798,15.34843145745441,9.97648044734541
497.6709433665142,446.3595453269917,16.971855269807122,7.893886172003306
494.56900409342916,443.11062332139625,17.346034360815395,7.833692937142473
493.12709336277305,439.97915707088475,16.626315322262826,7.807139368714729
492.69452010958764,437.00270643549646,15.758855392405621,8.385445988619495
490.67221439290205,432.62295727879297,16.314031422140147,8.288580480603457
488.8830135355416,429.7465872209515,16.048008702358004,8.819175953548097
488.1230135594988,425.79702084188915,15.34843145745441,8.825348088036321
486.66518730198067,423.84949120613413,15.923282820609586,7.303159789903646
483.8867313588381,420.07465998204464,16.05090188307338,7.630756632936539
481.50250219930297,415.3822586539002,15.538368684286013,8.380243784783488
480.8892417420448,411.4807838222245,15.014603447737045,8.904009021332456
478.86637701833445,410.1111145174,14.14166138682208,6.9835364873195545
476.8117529588694,406.1706493541519,16.307708423545364,9.784625054127218
474.98857783348456,402.5725247784163,16.04642214037665,8.897026137238527
471.65373904248025,395.8827690197673,16.233920249285575,9.487355989842229
469.0992979768649,392.4341060822539,16.02309011617791,8.011545058088984
466.94217526779414,388.41344558369383,16.58589915738395,8.20565537260046
466.08375901158024,384.68477521605854,17.458840782854395,9.209058874472646
464.8647649206131,381.5565340487574,15.189191859920015,9.078597433515426
462.2805917971551,377.4784371828889,16.499563816763498,9.400914267690837
461.6805691124567,374.9205516381376,15.093169339958251,8.4203997370293
459.2353140340073,371.28938884021545,14.772865277799895,8.44163730159994
457.436710002243,366.7947346707914,18.07115447570368,9.267258705489041
456.2879318526842,363.14442838696397,15.538368684286013,8.380243784783488
455.03817537348186,361.1016785541719,16.58589915738395,8.03106696041749
452.75895438658176,357.32125433306504,15.728671206903812,8.26152427029291
451.5857324518865,354.14748627892385,15.601429849962756,8.22237519119659
449.08874640754533,351.4974283237905,16.523048540585876,6.513894136192505
448.2570891458936,347.69112029372695,14.99838372680631,7.893886172003306
447.05621844614825,345.63030674194624,16.233920249285575,6.9573943925509525
443.6039323569847,341.52618855989147,17.782928562072414,8.674599298571877
443.673250828221,338.6901201815377,15.156576064236276,7.098649549072661
441.1103282422488,334.37509779276803,15.797573165915367,8.389056095003355
439.8602777377568,332.0360353961394,14.298792006276187,8.26152427029291
437.83610881787894,327.74380099439946,15.410920273431032,7.943773336820129
435.3442409887441,321.41751884191086,14.772865277799895,8.44163730159994
433.3299623432111,319.21862852921504,15.410920273431032,7.149396003138122
432.222893901358,316.52175502870875,15.88754550865201,7.5073017238685225
430.32678728645925,312.7004894744881,14.772865277799895,7.290504942290852
428.65658966268705,308.74218370589534,15.34843145745441,9.400914267690837
427.19258054094576,306.4145300277056,14.891395462548417,6.795102783881305
425.19654857670025,302.1026314963961,13.822165606067017,7.784897870083739
423.05649558941434,300.04463717366497,16.115853030327116,8.249781908381806
421.96181208395916,296.6042958814774,14.602242152596034,7.373409403786127
420.3972222298025,294.37801241697923,15.014603447737045,7.332713311685552
418.7036658088213,291.43743240189485,13.50441467259418,6.831645069665285
417.72068816771286,287.8607064298754,14.023935532691212,7.373409403786127
415.3484441111035,285.77044158349304,15.1805487725008,7.084256093833744
414.4772376636428,282.0343688003811,14.023935532691269,7.51798605876229
412.0446628219306,279.20815335985446,14.603689418206102,7.499191863403155
410.440691245546,275.9573734012423,14.316249799005107,7.5073017238685225
409.91356418364137,273.0348153852209,12.97416218768467,7.645488432028458
407.9161965730209,270.6386314067323,13.945865570539183,7.499191863403155
406.5414857849066,267.63120013852443,14.766509657933796,7.383254828966926
404.85248265186453,264.8876252448072,14.197299098145379,7.290504942290852
400.4988541428726,259.6776623088663,12.742480720047467,6.950444029116795
400.6808462175899,256.3516347375438,12.919542501541173,8.03106696041749
397.33766611142005,254.37678765893997,13.34553920585779,6.196143202719668
396.79127587646514,251.70471450538534,13.703958651994299,7.379054658766137
394.49864614647555,248.39854130467006,13.967072974639109,6.634359662953585
392.52962461833977,244.993061650004,12.893347414272057,7.367627093869743
390.9373203875553,242.8621784274675,14.168512187667432,7.951716023690921
