214.6915547253093,179.58963023378902,12.364904688114336,6.633407691506022
214.84439721079,179.73318119728444,12.263160189879017,6.408645600211827
214.5633950521629,179.6074623529374,12.650329267023494,5.34953265364598
214.63064749832515,178.78811305319906,12.457231548477495,5.947749810944174
214.48980793514326,178.7193625705874,12.708867052795938,7.02618792776002
214.5219565338956,178.63958239384428,12.629062585384588,5.805777586646002
214.54055470665804,178.84346155117376,12.491000760462299,5.628212551952487
214.35820747353952,178.86360957216493,12.799644674601637,5.882389893008394
214.50765243654357,178.62688893851646,12.868476094112253,6.863187250193192
214.43945239936934,178.662592410517,12.841383853056044,6.239997031785208
214.65989620341318,178.68314699765878,12.686180008821282,6.728512207858472
214.521808372395,178.9029717967358,12.644090004992677,5.397417731025428
214.82988375533543,178.6034947894169,12.365313183017747,5.853791879194574
214.459130768402,178.705504815244,12.846906669412078,5.800946142524737
214.6669201257342,178.65363031568467,12.527311809184567,6.009478563536362
214.54346198111222,178.65131033679305,12.453010439634909,6.182656591508874
214.63317634496164,178.72028866498388,12.433605748072466,5.502659859485533
214.65401413734534,178.6905485633856,12.431808758305635,5.85451458966719
214.71171865249212,178.64394488007008,12.449502453838846,6.02523996964635
214.71361113974314,178.74757312728926,12.389649076656923,5.745924209464079
214.91817085746928,178.66743850669525,12.161247434427736,6.196999290749062
214.79695154011478,178.71182784452918,12.18235684632296,6.408900099481372
214.72436729431527,178.73820876816157,12.549072964535185,5.9453037729171
214.76025545694208,178.58416383023192,12.644090004992677,6.028870501786059
214.77101810065204,178.56515520514625,12.552272021467502,5.87860724229958
214.79458535178114,178.676736427037,12.457231548477495,6.5590463192912125
215.62505423206235,178.68818663056942,11.631155185846353,5.40253941160762
215.62505423206235,178.68818663056942,11.631155185846353,5.40253941160762
215.696585326996,178.72593508611672,12.700968545976679,6.0516379542594905
215.696585326996,178.72593508611672,12.700968545976679,6.0516379542594905
215.696585326996,178.72593508611672,12.700968545976679,6.0516379542594905
215.696585326996,178.72593508611672,12.700968545976679,6.0516379542594905
215.696585326996,178.72593508611672,12.700968545976679,6.0516379542594905
215.696585326996,178.72593508611672,12.700968545976679,6.0516379542594905
216.4284915632761,178.66963460640287,12.700968545976679,6.0516379542594905
215.80480120459956,178.51675209341033,13.427258874054417,5.827803330752772
215.80480120459956,178.51675209341033,13.427258874054417,5.827803330752772
216.54917770340617,178.51675209341033,12.6828823752478,5.9912030500030085
216.54917770340617,178.51675209341033,12.6828823752478,5.9912030500030085
216.54917770340617,178.51675209341033,12.6828823752478,5.9912030500030085
216.54917770340617,178.51675209341033,12.6828823752478,5.9912030500030085
216.54917770340617,178.51675209341033,12.6828823752478,5.9912030500030085
216.54917770340617,178.51675209341033,12.6828823752478,5.9912030500030085
216.54917770340617,178.51675209341033,12.6828823752478,5.9912030500030085
216.54917770340617,178.51675209341033,12.6828823752478,5.9912030500030085
216.54917770340617,178.51675209341033,12.6828823752478,5.9912030500030085
216.54917770340617,178.51675209341033,12.6828823752478,5.9912030500030085
216.54917770340617,178.51675209341033,12.6828823752478,5.9912030500030085
216.54917770340617,178.51675209341033,12.6828823752478,5.9912030500030085
216.54917770340617,178.51675209341033,12.6828823752478,5.9912030500030085
216.54917770340617,178.51675209341033,12.6828823752478,5.9912030500030085
216.54917770340617,178.51675209341033,12.6828823752478,5.9912030500030085
216.54917770340617,178.51675209341033,12.6828823752478,5.9912030500030085
216.54917770340617,178.51675209341033,12.6828823752478,5.9912030500030085
216.54917770340617,178.51675209341033,12.6828823752478,5.9912030500030085
215.65237910362188,177.97321863126632,12.814114249107064,6.036400927265305
215.65237910362188,177.97321863126632,12.814114249107064,6.036400927265305
215.65237910362188,177.97321863126632,12.814114249107064,6.036400927265305
215.65237910362188,177.97321863126632,12.814114249107064,6.036400927265305
215.65237910362188,177.97321863126632,12.814114249107064,6.036400927265305
214.4401960108253,177.78672892468222,12.814114249107064,6.036400927265305
214.4401960108253,177.78672892468222,12.814114249107064,6.036400927265305
214.4401960108253,177.78672892468222,12.814114249107064,6.036400927265305
214.4826224195677,177.78672892468222,12.814114249107064,6.036400927265305
214.4826224195677,177.78672892468222,12.814114249107064,6.036400927265305
214.4401960108253,177.78672892468222,12.814114249107064,6.036400927265305
214.4401960108253,177.78672892468222,12.814114249107064,6.036400927265305
214.4401960108253,177.78672892468222,12.814114249107064,6.036400927265305
213.57697059335112,177.339130560066,12.814114249107064,6.036400927265305
213.23703290528914,177.2031554848412,12.814114249107064,6.036400927265305
212.59132657047994,176.42631485127595,12.734687921116745,6.698286993851411
212.54100125459843,176.59300952969122,12.840589691770504,6.539434337870745
212.6391757653926,176.575045566143,12.772219195487509,6.662501584889839
212.58776952857542,176.50663424055563,12.759950837794918,6.950007586908924
211.48809857521437,176.54137099700858,13.184770446395277,6.380581681890078
211.48809857521437,176.54137099700858,13.184770446395277,6.380581681890078
211.48809857521437,176.54137099700858,13.184770446395277,6.380581681890078
211.48809857521437,176.54137099700858,13.184770446395277,6.380581681890078
211.48809857521437,176.54137099700858,13.184770446395277,6.380581681890078
211.48809857521437,176.54137099700858,13.184770446395277,6.380581681890078
211.5347210018604,176.54137099700858,13.184770446395277,6.380581681890078
211.64062277251418,175.58825506112458,12.867065134433943,5.956974599274986
211.64062277251418,175.58825506112458,12.867065134433943,5.956974599274986
211.64062277251418,175.58825506112458,12.867065134433943,5.956974599274986
211.64062277251418,175.58825506112458,12.867065134433943,5.956974599274986
211.64062277251418,175.58825506112458,12.867065134433943,5.956974599274986
212.62435541815282,175.693654987443,12.867065134433943,5.956974599274986
212.62435541815282,175.693654987443,12.867065134433943,5.956974599274986
212.62435541815282,175.693654987443,12.867065134433943,5.956974599274986
212.62435541815282,175.693654987443,12.867065134433943,5.956974599274986
212.62435541815282,175.693654987443,12.867065134433943,5.956974599274986
213.46355909778123,175.55378770750494,12.820442707787919,5.211015772938623
213.46355909778123,175.55378770750494,12.820442707787919,5.211015772938623
213.46355909778123,175.55378770750494,12.820442707787919,5.211015772938623
213.46355909778123,175.55378770750494,12.820442707787919,5.211015772938623
214.09444762731277,174.43470731261672,12.091091207148423,7.941182784355959
214.09444762731277,174.43470731261672,12.091091207148423,7.941182784355959
214.09444762731277,174.43470731261672,12.091091207148423,7.941182784355959
214.6754921388875,174.56900160188744,12.891496722720632,7.783131524771818
214.6754921388875,174.56900160188744,13.386092910245196,7.113971976944441
215.36385364813705,174.56900160188744,12.69773140099565,7.061021091617562
215.45407412713922,174.56900160188744,12.69773140099565,7.061021091617562
215.45407412713922,174.56900160188744,12.69773140099565,7.061021091617562
215.45407412713922,174.56900160188744,12.69773140099565,7.061021091617562
215.45407412713922,174.56900160188744,12.69773140099565,7.061021091617562
215.45407412713922,174.56900160188744,12.69773140099565,7.061021091617562
215.45407412713922,174.56900160188744,12.69773140099565,7.061021091617562
215.45407412713922,174.56900160188744,12.69773140099565,7.061021091617562
215.45407412713922,174.56900160188744,12.69773140099565,7.061021091617562
215.45407412713922,174.56900160188744,12.69773140099565,7.061021091617562
215.45407412713922,174.56900160188744,12.69773140099565,7.061021091617562
215.45407412713922,174.56900160188744,12.69773140099565,7.061021091617562
215.45407412713922,174.56900160188744,12.69773140099565,7.061021091617562
215.45407412713922,174.56900160188744,12.69773140099565,7.061021091617562
215.45407412713922,174.56900160188744,12.69773140099565,7.061021091617562
215.45407412713922,174.56900160188744,12.69773140099565,7.061021091617562
215.45407412713922,174.56900160188744,12.69773140099565,7.061021091617562
215.45407412713922,174.56900160188744,12.69773140099565,7.061021091617562
215.45407412713922,174.56900160188744,12.69773140099565,7.061021091617562
214.84218628862766,174.56900160188744,12.69773140099565,7.061021091617562
214.84218628862766,174.56900160188744,12.69773140099565,7.061021091617562
214.84218628862766,174.56900160188744,12.69773140099565,7.061021091617562
214.61053809551828,174.56900160188744,12.69773140099565,7.061021091617562
214.61053809551828,174.56900160188744,12.69773140099565,7.061021091617562
214.61053809551828,174.56900160188744,12.69773140099565,7.061021091617562
213.63146713595182,174.4757567485954,12.69773140099565,7.061021091617562
213.63146713595182,174.4757567485954,12.69773140099565,7.061021091617562
213.08756683505257,173.52393122202167,12.69773140099565,7.061021091617562
213.08756683505257,173.52393122202167,12.69773140099565,7.061021091617562
213.08756683505257,173.52393122202167,12.69773140099565,7.061021091617562
212.83300838259825,173.52393122202167,12.69773140099565,7.061021091617562
212.83300838259825,173.52393122202167,12.69773140099565,7.061021091617562
211.7058727615929,173.47269778470326,12.69773140099565,7.061021091617562
211.7058727615929,173.47269778470326,12.69773140099565,7.061021091617562
211.7058727615929,173.47269778470326,12.69773140099565,7.061021091617562
211.7058727615929,173.47269778470326,12.69773140099565,7.061021091617562
211.7058727615929,173.47269778470326,12.69773140099565,7.061021091617562
211.52543180358856,173.47269778470326,12.69773140099565,7.061021091617562
211.52543180358856,173.47269778470326,12.69773140099565,7.061021091617562
211.52543180358856,173.47269778470326,12.69773140099565,7.061021091617562
211.52543180358856,173.47269778470326,12.69773140099565,7.061021091617562
211.52543180358856,173.47269778470326,12.69773140099565,6.569154768798256
211.52543180358856,173.47269778470326,12.69773140099565,6.569154768798256
211.52543180358856,173.47269778470326,12.69773140099565,6.569154768798256
211.71103778732748,173.41082912345695,12.69773140099565,6.569154768798256
211.71103778732748,172.86692882255778,12.69773140099565,6.569154768798256
211.71103778732748,172.86692882255778,12.69773140099565,6.569154768798256
211.71103778732748,172.86692882255778,12.69773140099565,6.569154768798256
212.3050075097209,172.86692882255778,12.10376167860224,6.484301951313483
212.3050075097209,172.86692882255778,12.10376167860224,6.484301951313483
212.3050075097209,172.86692882255778,12.10376167860224,6.484301951313483
212.3050075097209,172.86692882255778,12.10376167860224,6.484301951313483
212.3050075097209,172.86692882255778,13.398672712021181,6.315400512171891
212.3050075097209,172.86692882255778,13.398672712021181,6.315400512171891
212.3050075097209,172.86692882255778,13.398672712021181,6.315400512171891
213.48731758371193,172.86692882255778,13.004569354024113,6.315400512171891
213.48731758371193,172.86692882255778,13.004569354024113,6.315400512171891
213.48731758371193,172.86692882255778,13.004569354024113,6.315400512171891
214.16787285742137,172.86692882255778,13.004569354024113,6.315400512171891
214.33207413764947,172.86692882255778,13.004569354024113,6.315400512171891
214.16787285742137,172.86692882255778,13.004569354024113,6.315400512171891
214.16787285742137,172.86692882255778,13.004569354024113,6.315400512171891
214.32157316937662,172.71322851060253,13.004569354024113,6.315400512171891
214.32157316937662,172.71322851060253,13.004569354024113,6.315400512171891
214.83390754256087,172.71322851060253,13.004569354024113,6.315400512171891
214.83390754256087,172.71322851060253,13.004569354024113,6.315400512171891
214.83390754256087,172.71322851060253,13.004569354024113,6.315400512171891
214.83390754256087,172.71322851060253,13.004569354024113,6.315400512171891
214.83390754256087,172.71322851060253,13.004569354024113,6.315400512171891
215.67311122218928,172.80647336389458,13.004569354024113,6.315400512171891
215.67311122218928,172.80647336389458,13.004569354024113,6.315400512171891
215.67311122218928,172.80647336389458,13.004569354024113,6.315400512171891
215.57674061165977,172.63782479546796,13.004569354024113,6.315400512171891
215.57674061165977,172.63782479546796,13.004569354024113,6.315400512171891
215.57674061165977,172.63782479546796,13.004569354024113,6.315400512171891
215.57674061165977,172.63782479546796,13.004569354024113,6.315400512171891
215.44540911294655,172.57894384645255,12.215075781257838,6.806874290319257
215.44540911294655,172.57894384645255,12.215075781257838,6.806874290319257
215.44540911294655,172.57894384645255,12.215075781257838,6.806874290319257
215.44540911294655,172.57894384645255,12.215075781257838,6.806874290319257
215.44540911294655,172.57894384645255,12.215075781257838,6.806874290319257
215.44540911294655,172.57894384645255,12.215075781257838,6.806874290319257
215.44540911294655,172.57894384645255,12.266309218576254,7.3192086635035025
215.44540911294655,172.57894384645255,12.266309218576254,7.3192086635035025
215.44540911294655,172.57894384645255,12.266309218576254,7.3192086635035025
216.1963442646412,173.3717084787876,13.104724172257477,6.991528445788845
216.1963442646412,173.3717084787876,13.104724172257477,6.991528445788845
216.1963442646412,173.3717084787876,13.104724172257477,6.991528445788845
216.72777203459665,173.84899294218926,13.455814651614332,7.825766680227588
216.72777203459665,173.84899294218926,13.455814651614332,7.825766680227588
216.72777203459665,173.84899294218926,13.455814651614332,7.825766680227588
216.72777203459665,173.84899294218926,13.455814651614332,7.825766680227588
219.09347850403822,174.85927964761294,13.14752431417827,7.692700396593665
221.4371491908179,175.7173314458151,12.855201848942897,6.491240537585014
222.20973576851586,175.69212054008193,13.298661183434405,7.844715866632669
222.20973576851586,175.69212054008193,13.298661183434405,7.844715866632669
224.33794203989925,176.72449172874047,13.06733389265483,6.830651807524106
225.4639516341766,176.94969364759586,13.06733389265483,6.830651807524106
226.27980208552535,177.22164379804545,13.06733389265483,6.830651807524106
227.59216476290518,177.40272489604357,12.808359329606361,7.121447787261133
228.4509446597953,177.59891449258387,12.962059641561666,7.531315285808546
229.83806083217922,178.6206553509886,13.064526516198498,6.557879976758471
230.64594424499185,179.5478958944682,12.807699857793494,6.321749288782684
231.93480833040732,179.74618267683982,12.807699857793494,6.321749288782684
233.1332449154079,180.2909265791128,12.807699857793494,6.321749288782684
234.64850215116394,180.46606811307913,13.385790642439957,6.464528814196711
235.32905742487333,180.77541141931067,13.385790642439957,6.464528814196711
235.32905742487333,180.77541141931067,13.385790642439957,6.464528814196711
238.62513047346243,181.57330369309344,13.406745162593893,7.297342303690357
238.62513047346243,181.57330369309344,13.406745162593893,7.297342303690357
240.21177482897502,182.72283138439883,14.942315936443151,7.321734808857144
241.9035226494193,183.01283199584853,14.43527664034815,7.127417841171905
243.99359791004494,183.8237047238034,13.061711293617265,6.41825468738088
245.76634503468716,183.90409251037522,12.85039170534111,7.620581127586007
248.52949093416007,185.58495354677973,12.588055194426005,6.247405170566992
250.7289384259556,185.77845558091198,12.476833806930046,6.425195852670555
251.22465538188462,186.0758857544694,12.476833806930046,6.425195852670555
252.2473998852767,187.00784056944988,13.116156184218141,6.372472108370147
252.2473998852767,187.00784056944988,13.116156184218141,6.372472108370147
255.23289007444984,187.68700633194047,12.723908415334023,6.924959004805686
257.42414412681296,187.68700633194047,12.723908415333995,6.924959004805686
257.6048696429918,188.6209766972489,13.52386487376242,6.745946781002033
258.628996121464,188.90547694243037,14.362187972779509,7.296918082944416
261.5526334231575,189.02130103898506,12.972298814123405,7.296918082944416
262.41879468060586,190.2586742639113,13.15790479786233,7.111312099205492
264.50080589550777,190.65524782865452,13.15790479786233,7.111312099205492
265.81441613733256,190.81944910888262,13.15790479786233,7.111312099205492
268.3270558997713,192.0091698031123,12.13809173367622,7.043324561593096
269.50936597376256,192.8536769988203,12.13809173367622,7.043324561593096
271.05608250492037,193.2867576275445,12.13809173367622,7.043324561593096
272.82375848284266,193.35474516515688,12.13809173367622,7.043324561593096
274.36303779634295,194.7345159383015,13.7885828412754,6.576093355069787
276.073379800277,195.26077501643505,13.7885828412754,6.576093355069787
277.70761150709575,195.58762135779884,13.7885828412754,6.576093355069787
282.8640331220398,197.62513665751482,13.371927140109051,6.557879976758471
284.8356717127993,197.7611117327396,13.371927140109051,6.557879976758471
285.7995761402011,198.0788626662124,13.371927140109051,6.557879976758471
288.2743225900536,199.00689258490706,13.371927140109051,6.557879976758471
290.8892278789312,199.82871996141145,13.371927140109051,6.557879976758471
292.6034169799726,200.3700428354245,13.371927140109051,6.557879976758471
294.3965872861176,201.24101126983777,13.371927140109051,6.557879976758471
296.240991029581,201.54841189374835,13.371927140109051,6.557879976758471
299.7868095196715,201.5482829749439,12.039857769830007,6.660346851395303
301.757224882409,202.94399385688297,12.039857769830007,6.660346851395303
303.85364821501327,203.0854579869764,11.816914298045617,6.929290059586947
305.67495903028106,203.72732822424896,12.811308018308978,6.676315446161027
307.6134538748797,204.72525362286777,11.674457462468808,6.224514493850222
308.3913759434827,204.73382237941334,13.779635367828803,6.937774651551877
310.32178042863205,205.7294621303173,12.86868153923291,6.434340769616455
312.51260253887716,207.41959249295985,14.849243059835032,4.96388982285913
314.5809611212776,206.51380482651984,13.703730023790627,7.000357442493652
315.5568700483433,206.54812247143644,14.779697838969582,7.7098817467065714
318.21597192780166,207.6958852312453,14.13053977967013,6.40893334269191
320.25576930528626,208.4650673553856,13.194613118881989,6.66094617255456
322.29926277008013,208.49023989025883,14.053323509123288,7.659061312472204
325.5993764306208,209.38668671103937,13.587807497279016,6.969745963310174
327.1575722808166,210.20876313384633,13.747664056070505,8.184655810125719
328.87509013026175,211.38192557550823,15.152288659957208,6.853496716965282
331.5439607926385,211.48601766761294,12.820496015079698,6.8738320280352525
332.5164660903818,211.7233402058527,13.746156432532985,7.1700630774631975
334.4258974060218,212.4732629110266,13.226866295174034,6.962776610756464
334.10855186573684,213.29198741205525,15.985655491627767,6.850995210697619
337.66834931044053,213.75782610876809,14.081444397758446,6.953440518727831
338.3609913926232,214.30361494857465,14.97592760388875,7.093860443947307
340.15207127766877,214.69366487777802,14.299256670532998,7.588794694926577
341.90900713350993,215.56623632312545,14.226913864677442,7.4189428128686075
343.4003280802949,215.72238243344387,15.298834421558297,7.709648842360082
344.6860025377155,216.47326676266115,14.561493464894397,7.360173060437518
345.3380720748073,216.44059890972264,14.825931673435093,7.692700396593665
348.1613514974961,217.4876393371362,14.079972847098702,6.713629437027208
349.5280015934992,218.07859452554638,14.089195262566989,6.81404716335058
351.14492007230103,218.3804330289705,15.188654329774124,7.679179982371835
352.7412555238797,218.25665058961238,13.732317677152878,8.000820680544564
353.71177119670466,219.34058557023633,14.76439024235026,7.212489486205584
356.06418427865935,220.4769774980948,14.941308455552871,7.219702018574623
358.42595645589074,221.58644828785296,14.54518983194265,6.605062049287966
359.7826146535395,221.77197720452185,14.786876326813285,7.72160643697822
360.98377131841187,222.5059046106966,15.018948694804578,7.97616484356854
363.22764389261226,222.3922968489399,14.594684607380714,8.188296887280444
364.4801856577282,223.3913865462463,14.834688655852858,7.449315639684727
366.33305225232414,223.5686882847489,14.000714884987303,8.188296887280444
367.45690171158725,224.40774015248599,15.154401773435893,8.120713186609095
369.0719440696581,224.62197225387462,14.510056523169794,7.904994473881857
370.84355912500666,225.53011403170802,14.889259326807917,7.396444358139206
371.77563162166496,225.54046619400552,15.14622792103171,7.806459208598994
374.1467048472655,226.50181713894713,13.935494950611712,7.838715909719099
376.2517411597996,226.50181713894713,13.935494950611712,7.838715909719099
377.72064773137896,227.53623930712567,14.439404037149245,8.030470694457335
379.44193550266175,228.58845664690915,12.68312446698377,7.377994842289752
380.308489934875,228.66409244331845,14.886379035359028,8.570945505206709
382.1780937569995,229.43137572812432,14.088456817896144,6.850995210697619
383.40231999986975,229.43704960702402,14.826256302125103,7.869861165109057
384.52068622645254,230.04388630005386,15.423522551262863,7.518528077380978
386.6159705938383,230.5393665530283,14.709660262443492,7.48995824386887
388.49788114120383,231.64295165996344,15.157918452958995,6.604313798122234
391.80373174257164,232.46842243494413,14.601529635751263,8.043649658992791
392.76268474097645,232.79775253449785,15.42126463284609,7.633782160445406
394.84019428670405,233.32161613751668,13.174990789803076,7.869861165109057
396.79054905578556,234.30943582924772,15.091002318163305,7.863206471042986
399.0145493309987,234.46804029145974,14.226913864677442,7.971726787160776
399.5222212666833,235.39798568416563,16.19645534426462,7.307728224744125
402.47894831941096,235.46555859825125,13.943442709353235,8.242608059956211
404.2618170391764,236.59205018337272,13.935494950611712,7.736249035082238
405.42751591803966,236.68631360046095,15.113864008935536,7.4288484111716855
407.7532725061277,237.664942001276,14.494046458349885,7.545869547903806
409.71259558221897,237.64905208431898,13.730561201338048,7.582548723126962
410.6150656775688,238.50330445595492,15.034084682853802,7.981057300774239
412.05121511763605,238.3835805249729,14.675450621624805,7.981057300774239
414.57113204100955,239.59522805669252,14.601529635751263,7.531315285808546
415.3998564982278,239.7135633850475,15.370031195527645,7.4288484111716855
418.141985152972,240.4014974587094,14.972216021607494,7.919188639527931
419.70893541896544,240.86000911698324,14.637111016123072,7.38219512117513
421.5813289089894,241.5698172637955,14.546946850028121,7.385373016168103
423.7655904322536,241.91327415765443,14.499574686912922,8.438659222930028
425.5041738273099,242.5424084538309,14.581824245891653,7.544264281658229
429.60224123086743,243.56182426607336,14.694425205319419,7.150160923661161
429.9154281442261,244.10297395426457,16.44593337921458,8.043649658992791
432.3113824224835,244.53846776218836,15.0957405842924,8.146294791012025
434.51743322129073,245.49620316393336,14.581824245891653,7.71316572079985
436.5448635593161,245.37020121803337,14.76439024235026,8.739840200931468
438.5416910144083,245.8559542650055,15.025245812341609,8.430454663938292
439.53908355853093,246.5290260984055,15.867476869652307,8.018591252310898
441.8868167943635,247.4363678276281,14.469223286463944,7.938367639655297
443.4698764744041,247.47186551065514,15.059043806665215,7.785945249885714
445.53698692951855,248.45799696620222,14.864092391183078,7.644390372608456
447.60334347328626,248.46685163221508,14.872554100081118,8.019057383115808
449.4644936172836,249.4833765739821,14.791122993352303,7.623928003699376
450.99381620488055,249.34818140519945,15.186373085194191,9.079852539358228
452.92430846538895,250.5007605790634,15.061375103546936,8.018591252310898
454.8782993562309,250.63230222676,14.726043510789339,7.542607651867712
456.1310594585884,251.78376878389184,15.093233349954005,7.682591750201823
458.1547272304181,251.7253900946298,15.157822005346418,7.981057300774239
460.9455221461697,252.60065470598622,14.412922806750089,8.163569558510773
462.4283174977099,253.03438878009882,14.550296198432818,7.070214349942717
464.7519282579275,253.4686993461871,13.831009250017757,7.509474347402289
466.58683600423757,253.6739852703629,13.767230184991092,7.942632799033333
469.5981973229463,254.47297161468205,14.76439024235026,7.933738434826154
471.420418109858,255.59380591295113,14.825484358998153,7.798822501347985
472.4215371897494,255.51734147236164,15.636253034880895,8.532375112860905
475.97498141203687,256.52613327034163,14.45103291475317,7.801000069026088
476.0575494638785,256.4232515312535,15.472498070164477,7.992416221674375
478.7122979296644,257.7248315262082,14.581824245891653,7.600564761372084
481.22030376553295,257.90433008448923,15.066819993363367,8.210063589198
482.6200846832891,258.57555153538345,15.273507147258897,8.018591252310898
483.5044868199558,258.1281353475213,15.44321287395644,9.150103627819192
485.7391873313412,259.40333117645065,14.510056523169794,7.869861165109057
487.71574081135606,260.4223525100073,15.216330883572368,8.146116533629652
489.6035172941585,260.49724232299945,14.650589758261049,7.904994473881857
491.75214002282223,261.6243200431123,14.38255256366881,8.315576113507632
493.50019925354684,261.46567669082725,14.755989684579504,8.78332719320207
494.5108132575475,262.5490681632913,14.865166674175555,7.878297410786729
496.70323970035736,263.4106789034477,14.709660262443492,7.798822501348013
498.50962571383826,263.6167567692973,14.650589758261106,7.588794694926605
500.70670679200043,263.84227234168003,14.517852798515378,8.495416868069128
501.79758962407806,264.39293043503244,14.40147722498017,8.000820680544564
503.15940629676584,265.16822997088275,15.095740584292457,7.876038565717806
505.9433546060007,265.5958865774015,14.111548653059515,8.502297214907117
509.35780149729516,266.74743115652484,14.709660262443492,8.57098314504583
510.9453062634149,267.30800821123876,14.721963833607845,8.527708157219536
512.5672472892421,268.14748343263994,14.555228133703963,8.107686758827128
514.5132376520427,268.59689443855166,15.410172267502276,7.864942692542684
516.0480648125174,269.548249081689,15.11386400893548,8.146116533629652
518.300406606083,269.5994207659636,16.079608913364154,8.612560974704309
520.4792067187165,270.26237327269536,13.98305689157769,8.045527708973111
520.6889992152339,270.9719937202796,15.31373048217199,8.55767291650784
521.2152930766052,271.24980072152914,17.013881842735827,8.47600659074476
526.0201765212981,271.9783021387894,14.088456817896144,8.467127414246818
527.47051062537,272.3839270120344,14.76879606364605,7.68555618972772
529.1922002027002,272.42401701715784,15.02319767266124,8.678739691378041
530.7106773647445,273.4281304859233,15.410172267502276,8.56831155122535
533.7615822994275,274.0442557547456,14.334389979305797,8.607660649338015
535.6930225439768,274.6533698085037,14.642860785303014,8.376483680675506
537.3699646790171,275.3207546045286,14.755989684579504,8.256327561609965
539.5505013616906,275.4732414900692,14.16872607790981,9.077294735745113
540.9082256050812,276.6255247779361,15.212722698625953,8.818460501974869
541.5892013146407,276.32037655694467,15.218344396952489,8.888024668808384
544.0613197025579,277.6417937425897,15.061375103546993,8.442855339734763
547.2562755295903,278.4008378624334,14.692416158818219,8.320853507766344
549.0169329649322,279.33693463697733,15.17758938985321,8.537394031792417
550.5581624935505,279.6478323552396,15.636253034880838,8.030470694457335
553.5587122997068,280.562909960061,14.401477224980226,7.8844451070093555
555.700480117725,280.98351650599415,14.246363876224791,8.06907872664226
557.5675476618649,281.1722094738356,14.866979519120946,9.280951989431685
558.4692670622582,281.84660665490424,14.96579895337311,8.858261062744248
558.5805261248573,282.5717313127698,16.017627190910048,8.504368927708754
562.363525142691,283.35431539734765,14.994545214644404,8.69619679825854
565.1333027175831,283.38562560006596,14.857696822343428,9.324485591953419
566.414161553569,284.37909152663633,14.617320586667233,8.838379889612725
567.0231509597087,285.7934596074341,15.98565587915175,7.4493156396846985
568.8366686096358,285.5923661641731,15.057132552107532,8.609591177230698
571.6016394972063,286.6340859637401,15.0115759901729,7.863206471042986
572.6852392052747,287.37218191141176,15.805839270076262,7.916157356369865
575.5524282388465,287.3742918270212,15.358359964743613,8.654987383446723
575.9765612076085,287.3145352048022,15.829293195805349,9.150103627819192
576.8927943770951,288.24545473813345,16.33416736581853,7.97616484356854
579.4274571244346,288.19393354401257,16.55096145933794,8.858261062744248
581.638152528621,289.41923679182315,14.41906160299493,7.832971380784386
582.4207891305165,289.8972075254907,15.63432240389966,8.256327561609965
585.5124587397783,290.7394201559987,14.720346120875092,7.201320404456851
586.0141441111974,291.4341721560461,15.122430461677595,7.960856627817577
587.8094416002784,291.39006980194273,14.494046458349885,7.994139025997072
588.6564436279751,291.4813528908224,14.525523766177798,8.219870038224656
589.1726998419879,292.59666455994096,14.919627124174895,7.487963801944375
589.5642812695913,292.37477794872814,15.618512926417452,8.065679809761832
592.0165413638513,292.7303284266889,14.131420408180702,7.769466200513705
591.7949425254529,292.6410546730373,15.669455712672516,8.010394400200312
591.7277068541397,292.4544345384719,15.669455712672516,8.502260723019617
592.4913630192113,292.39859358167297,14.983355092656211,8.78635580190712
592.5179762032378,292.72585205209606,15.528065599713159,8.697413792189082
593.307778488118,293.7365960061571,14.806463385024927,7.4800818484901015
594.1600122559383,293.488437539016,15.16509744625398,8.299816845584928
594.4118501466811,293.47360108469695,14.919176526727142,8.205547089699905
594.8222424834789,293.4755091565866,14.637111016123072,7.933738434826125
594.7454506644475,293.12588315709905,14.860215860644985,8.620567211976379
594.8358696565251,293.3945329243257,15.652771295316938,8.414137929498452
595.700187397374,292.516074352466,14.60100405412959,9.218430525700512
595.5689401036118,292.5676683245153,14.686064393496963,8.765016209452199
595.653701569036,292.4974937100732,14.721510052202007,9.048200842361325
596.4550166200626,292.43974877279396,15.790685163620424,8.841239370340077
596.8239695257513,292.6063967121603,15.14622792103171,8.400428930992405
596.1371994646495,292.5171405606427,15.172956648662193,9.227319692188985
596.3496104773432,292.52585692199864,15.33248181326178,8.960919162209905
596.6197265336981,292.6578105524993,15.740197643425176,8.782266609673854
597.4459783895607,292.5787058326236,14.983355092656211,8.757261908523333
596.8587636784711,292.50078832926533,15.599189095126917,9.09952697215732
597.516939235088,292.3165761808026,14.905674219519142,9.08107683356144
597.621541743769,292.30195535825345,14.821283199504364,9.110330040062365
597.7731318200557,292.5065852388898,14.478012069334113,8.68680724160049
596.9037965225683,292.496065853972,15.292155939895338,8.811638636098223
596.4459473144904,292.42043590123393,14.976522286062163,8.9519722446434
596.6406231322723,292.41978347094914,14.750603945585794,7.971726787160776
595.7006239794896,292.3502336736801,15.729885385085367,8.05677056309247
595.4471404160892,292.204929615889,14.960163696980203,8.094883096311207
594.6292407216264,292.3900287690789,15.353255933717264,8.221194252837165
593.6741101953495,291.81275454513394,14.806816651092618,8.485281748477178
593.5199518161404,291.59995902396594,14.686064393496963,7.692700396593693
591.6748347195182,290.5949858501058,15.820434799596796,9.064377233932646
590.7661684429057,290.7970817843479,14.703996510388151,8.658450906813925
589.4239043086407,290.27358738752116,14.693870678211624,8.578043422955943
586.8139059907116,289.3616324637054,15.318122624944408,8.045527708973111
584.2856503009764,288.5227695909464,15.442143579260573,7.992827939575875
582.4420885772837,287.89573088736086,15.057132552107532,7.644390372608427
581.0060393787193,287.49198083467746,15.404604841771516,8.030470694457335
578.9398527333543,287.5327978847722,16.44593337921458,7.070214349942717
576.9975067440688,286.043831603662,16.2493145483337,7.424621529917488
575.6604087569,285.63136106033244,14.976522286062163,6.448814128842628
572.6892713950322,285.16619639901853,15.44321287395644,7.103877922019933
569.6684923416327,283.4861449974997,15.4856391909708,7.721606391114221
567.5307641099947,282.63386567286324,15.820434799596796,7.71316572079985
564.8092734623445,281.3947329849167,14.826256302125103,6.991528445788845
561.4140753214109,281.16309968434234,16.017627190910048,6.650032845727139
559.7869353929399,280.0454716128232,15.523731507482921,7.326381536534825
555.9532101474723,279.5749576010536,15.921713255635154,7.001717275068472
552.5091178217516,277.72300961291705,14.605134478666855,6.371562651051875
549.8805527891996,277.01917412507186,16.457063891518942,7.053027382079563
546.7379185778955,276.3236333056779,17.470602125583127,8.094883096311207
543.7474947726917,275.2228334115043,14.908930259661815,7.428848411171714
540.8598495305065,273.4602877321664,14.864092391183021,8.262118887566714
537.8880285720395,272.6147134396157,14.755989684579504,7.202328298425698
531.680864634793,270.60268377918777,15.142456081080354,7.694194621245003
527.7436264704543,269.62651760877276,14.546197113558947,8.112302236407857
523.8399859122951,269.66377288438053,15.481820906141365,5.675380731179018
519.9617897143119,268.53841097302217,14.97221602160755,5.444442189675442
516.9168883101692,265.4234672484413,14.721963833607902,7.806459208598994
513.4687475235896,265.0954363232957,14.80879173235337,6.458844331203238
509.85288746031097,264.105549141929,14.42911625157717,7.227795847120319
506.67899490058915,262.90228855016653,14.615456449488192,7.659061312472204
503.59860172507865,261.4832635386122,14.514975538269823,7.545229574959649
499.8745723720191,260.74578938028054,10.997491699075795,7.273473345949583
496.2132103168753,259.46813274630716,15.574964944801366,7.4800818484901015
492.2917502375354,258.5875827094458,16.16132203549182,7.904994473881857
489.60258321420105,257.4915699494404,14.685723067033848,6.4293955054239404
485.7307798012287,256.5312680659487,16.0815698144267,7.801000069026088
481.7745543455824,255.62501985253914,15.56405578635406,5.83212925628618
478.71115548373626,254.1861107018326,15.314258332227382,7.992827939575875
475.62087990668334,253.61628312487028,14.872554100081118,7.366343410071522
471.6990049054972,252.23083676946604,14.755989684579504,8.39686079670119
467.97345338462316,251.5162762587589,15.58794625314681,7.05914722128594
464.43998832380174,250.48768920132792,15.404604841771572,8.069078726642232
461.5442484828884,249.5341506407908,14.720856375806648,6.991528445788845
454.89497856367666,247.36293896304522,14.037961825248601,7.4288484111716855
450.3451053390011,246.42206098909324,15.831132131393474,7.070214349942717
446.56605703444365,245.50936338876156,15.56187806729855,7.162454136102781
443.69942203270136,244.4254462054849,15.838377279055862,6.310603447123839
440.53767765057256,243.58478092399602,15.0957405842924,6.75640563235595
436.45998717182084,242.14293632380748,14.770746032336206,6.745946781002033
432.548117679239,241.48244288682483,15.250172713031986,7.219702018574623
429.8109058702942,240.0898293252678,14.594684607380714,7.339768712432743
426.8978819553301,239.61639439056046,14.400796004964377,6.40893334269191
423.1259296900362,238.591563365444,14.78661003786857,7.671713994542699
419.5703146004338,237.50447804806652,14.93546063637092,6.8894768643436635
415.82378154555204,236.64159176120086,14.50983178989594,6.830651807524106
413.1172960241012,235.66523159438856,15.128824559575207,6.4879382245870545
409.7744845992919,234.35002024286433,14.34328943821265,5.90606035691107
405.47645225718924,233.44425321957596,15.061375103546936,6.194255676388337
402.47205481347265,232.7649760730828,14.841074021543193,7.6373708844629675
399.6082469145349,231.59770562202294,13.93597493083945,7.389848919484791
396.5591798656026,230.97082117149301,14.68606439349702,7.1332312768414
393.58939629119305,229.70095570230202,13.705851425636354,6.138677117397691
389.9264743881577,228.57827310147755,14.369523288078597,5.902395873831779
383.7755660914658,227.80057809652507,13.473881300700441,6.480517303797086
380.446823723673,226.41807625358544,15.626198382119753,6.609113414076887
377.7138131127989,225.69955744183738,14.89166946857739,6.363961311357855
374.31202738766484,224.63830701352853,13.939491926620349,6.809889404518657
370.19727937187315,223.5384977232077,16.657053426076118,7.960856627817577
367.67198848555967,222.6234834314324,15.443212782228443,8.018591252310927
364.9097890224226,221.75995454639855,15.362366810025492,7.54152552492161
362.4219334869113,220.87017646299554,14.242895574522265,7.018980912624301
359.66048682673886,220.56474514787465,13.877656965259291,6.499662122969539
356.6783854443427,219.69597474707984,14.474923214396995,6.780728593151991
353.69215044039635,218.54736576433652,13.793617529897517,6.530855646808618
351.9912023472258,217.54150984509798,13.242555039417653,7.065269889835065
347.68821485522676,216.49630807549292,14.581824245891653,6.249353248239288
345.94713319534367,215.75042989501685,13.631723803849638,6.569928740515138
342.74034071871785,215.68714238025922,14.474923214396995,6.253728961559887
339.6158141812162,214.79222645770844,14.127994111214491,5.133595457828676
337.69988579525835,213.88799033796036,13.746156432532985,6.491240537585014
334.970907272946,212.65545311102977,14.356622327036177,6.699757085950239
332.4896715521216,211.55064574184811,13.877656965259291,6.9212618282432175
329.52162786746635,212.1427494360521,14.03198461162549,5.427465746006106
327.48998945742056,210.22578229891582,13.42304943036629,5.374514860679199
322.0161823345774,208.8670266118729,13.526323877531183,6.078062417695833
319.86575317260866,207.43179152462127,13.203947007232728,5.212084344960289
316.7318188625836,206.62429091846928,13.52895120102005,5.956974599274986
314.4766552828804,205.64939379618684,14.70680340881961,5.24329512836178
311.97864577939595,206.06876323797516,14.043141293729718,4.836610596631971
309.6892869358344,205.5184749934591,13.686674088432937,4.445393245556232
307.7353742447372,204.23010189813903,12.889569158320796,4.481233389621792
304.59012654176126,202.3496513789715,14.798912054143557,6.686915817057468
302.49197360319096,201.51679099326415,14.80271734409456,6.90580333979355
300.6391015924394,201.08414573877445,14.610889473544717,6.8738320280352525
297.6080080598293,200.23169718160545,15.541084843441865,5.665744729977092
295.8687290941203,199.5249975170533,14.834688655852858,7.1935451456182875
293.525055766235,198.3399010882731,12.872266772046146,6.299966953314566
290.6309118834999,199.17734167201672,13.72658046915376,4.510376934004512
288.741212625588,197.51768700560774,14.340126154926395,5.133595457828676
285.4387837687467,196.51173655702607,14.6324441980737,6.524757439246599
283.6574621281275,196.63233019649755,14.552258198638299,4.582052144177652
282.1734187412292,195.33439841412624,12.779258653198951,4.980436151850938
279.6573471503575,194.85722883946045,13.064526516198498,4.508542484021433
277.52898674206745,193.6248883218769,12.624826524459365,6.563365471431496
272.6085437885977,191.86947158287234,12.558216987746164,7.891312026083767
269.72781084743656,191.6878302683593,13.29590927639589,5.99334203706249
266.95312488689,191.48245034767507,13.555836185520718,3.932471346271342
265.38264215582706,190.6702365868783,13.204151756179385,5.658922181219737
263.4903145275871,189.89745393717448,12.430937761519033,6.279108493873082
260.76575464577513,189.16888339746956,13.92608284097173,6.168778140582532
257.75796362166454,188.95969052999897,13.491597980078666,5.939697223934019
255.80367482744634,187.72837968905452,13.380636447408392,6.620384583735159
253.19320618877296,187.24915917136505,13.152186710139603,5.260874684055835
251.8925513783956,186.66613675903778,12.33543814777616,5.276290926490191
250.1035988708715,185.6280095952769,13.044966921800665,6.44574836136033
247.64646840690065,185.47949405305778,13.11073986426348,5.897640507503155
244.59353020112647,184.6327878807271,12.727922622715738,5.557859545252541
242.3240423249811,183.52799725370897,13.023042607646346,6.686915817057468
239.62510660689045,183.3668321603578,14.808791732353399,5.5569336363055015
237.62992159328684,182.66894992902337,12.628668144529883,4.763725451987227
235.77844417016794,181.27043612079532,12.655261593126397,5.612793844650213
233.6031962253182,180.88079419240108,14.32314766771998,5.850750051769552
231.4570472868793,179.99242761885935,12.628668144529911,5.467094310669921
229.6878871673049,179.36225123106962,12.058372784857738,4.99874362717739
227.80199973217722,180.0836653247995,12.393178331350043,3.667763057564656
223.02491182470598,177.32820159925993,12.603425580332669,5.481977793071536
221.1345713995548,176.50999967370188,12.586218492274497,5.752596795548783
218.697532618718,175.65473715477538,12.577724540665372,6.218595652787059
217.93466385080802,175.53577405210163,12.469453579566135,5.306999443463354
215.8065244127475,175.4276801470511,11.702229088151597,4.009528691557904
213.63785351897536,173.71422549079864,12.63467762107203,6.247405170566992
211.53650115740894,173.33076812822878,13.83302807597488,6.199245915529474
210.00387146682607,172.77997625497085,13.126730942862963,5.67538073117899
207.86496050862044,171.6728462920354,12.660639456288209,6.5541189104522175
206.1087308207073,170.52596831631553,12.852467326838024,6.586090222210515
204.4713204828555,169.45376014797856,12.929057628393451,6.850995210697619
202.91225944423152,170.35433144091542,13.286913212472712,5.686348451100599
201.34444850560405,168.61412758085694,12.039857769829979,6.660346851395303
199.86386746006687,167.84125890371854,12.962059641561638,7.838715909719099
198.83830605238478,167.5181140890424,12.402122227247816,6.724042171399418
196.96061002689618,167.92667879520474,13.088122910678067,6.563365471431496
195.4295691664651,166.38152787572616,12.47336417026142,7.6367535736294485
194.24337479684422,166.5974143854166,12.27698371518855,6.713975469243735
193.58398681765996,165.80565428616896,12.724582079804804,7.385373016168103
191.7034929337892,164.97872588000934,12.205179067847837,7.307222175110638
189.8310975709547,164.3922035405196,13.290672217049064,6.989516863149305
189.5213730624468,164.4459354005391,12.168453354611813,7.1332312768414
188.6475521927562,164.5996454214767,11.842096368089642,6.9467415702573305
188.4723667718305,163.65367453413924,11.812120713822168,7.738975640090388
187.40704742303546,163.72961858491044,12.431808758305635,6.67366477916795
186.73995475134902,163.69809654763048,11.659625719837095,6.601973503616364
186.74680861764855,163.46050030911834,11.596243886588638,6.910090535158986
186.25782107333134,163.49815280509776,11.814057848576681,6.9880538254653
185.54028293163003,162.3443356738526,12.624826524459394,7.837430533532881
184.69275323045233,162.45835953503487,12.437191305574117,6.850995210697619
184.7374083973835,162.52939882195085,11.593991895026733,6.815861901924819
184.54660761817948,162.49158739617985,12.596696832771585,6.618061533968842
184.56798278618606,162.47082185591253,12.04632641186717,7.015992305812745
184.64996714866155,162.5767134278736,11.736841784206888,5.984244988658105
183.7425330805494,161.55013506882457,12.518783382097752,6.884234644446053
183.5377315481211,161.55223648455583,12.867789754302152,6.667007010381184
183.64628330634196,161.42029802654866,12.443458051818851,6.777713321841759
183.69355777185476,161.74847541306244,12.34608494403426,6.151829267645951
183.91199929951688,161.7362186951374,12.2447915191037,5.9943121662557814
183.58529164832242,161.57645795788792,12.660639456288209,6.3942623516607
183.46239086006477,161.0185697111168,11.834522870559624,6.089351812592213
183.57638768556401,160.86513673039843,11.78302682043838,6.458844331203267
183.6755423335738,160.73201164924788,11.731261927655822,6.464164735647074
183.4434567697466,161.10266291196075,11.839925056436385,5.902395873831779
183.44704941760713,160.61488041937287,11.812120713822168,6.778877158425047
183.52417337189343,160.72399436473626,11.901770400393389,5.902699894931942
183.87487559672556,160.667897357778,11.419917347745866,5.734051326505323
183.67324008917004,160.46324022097485,11.564473263540123,6.1436264212557035
183.65912356663657,160.52798278823172,12.720920589894149,5.926792547564304
183.5824479487002,160.45357402982756,12.830406982255113,7.128003879030615
183.73792243889284,160.53383883050395,12.364031723828504,6.804188764505199
183.63010445828323,160.55283103623108,12.681737035789837,5.109760434044773
183.76830638390732,160.51005899361638,12.549359822472638,4.845006007410319
183.77936134198333,160.4361645502954,12.481280261649516,5.091431342164725
183.56644199349952,160.51766700599623,12.568561941800937,5.149619128932329
183.6239068040876,160.50817691513691,12.716856908247138,5.187991692327927
183.57677428730446,160.08394336417211,12.756553391563102,5.88272136352785
183.77327554349122,159.72627489824686,12.542591231892544,6.183462344014259
183.5450652418898,159.58906666595325,12.7885247033214,6.330319728144104
184.5124676741606,159.55819720161045,11.910023980905919,6.572299818731608
184.2109238168795,159.48149809790013,12.289893448020393,6.464164735647074
184.62382173714977,159.58432204027372,11.78302682043838,6.662501584889839
184.53146334872812,159.61136516898307,11.861356662330621,6.682004157485437
184.42583924666275,159.6987623280521,11.860998313223064,6.089351812592213
184.73135160890268,159.58833415100412,11.593991895026733,5.937529182604607
184.5305753167113,159.4380576170279,11.75211522164085,6.576093355069787
184.5416467378378,159.54475295489146,12.507457923119745,6.499662122969539
184.54839559269962,159.7405469306597,13.012830705627408,6.116752803243401
184.60949940078598,159.67500195193338,12.753391084529397,6.605062049287966
184.61517447444186,159.49571715658928,12.624549979364645,5.974977852829056
184.76870042239204,159.4699700302327,12.372897650463472,6.841860716276955
184.5025910151165,159.35800526391665,12.7088670882938,6.923040627375116
184.61020496663468,159.47992862414836,12.583951645872617,6.8407383499068715
184.50877134050765,159.46939348862065,12.787638806443624,6.777713321841759
184.64073299545396,159.47623895458477,12.489404705293452,6.524018112828998
184.59890671899464,159.53409521243933,11.926826899932024,5.875716193348865
184.61080058202768,159.4130912451552,11.904902585777734,6.336126790588878
184.4867527121516,159.46599717312304,12.961847116217882,5.2521982738578
184.5046081872848,159.35892845064888,12.889569158320768,5.324476231754943
184.63023359627695,159.4887544755958,12.768720465475724,5.147390437644901
184.60336788218228,159.47065313591207,12.540707696252042,5.174138140411685
184.80446688402955,159.37447229458832,12.510374155033332,5.207806915699933
185.58499030196174,158.82626983123515,11.870919807746958,5.466608449281807
185.56073006907994,159.28907504167415,11.7654427270557,5.019495946053667
185.6533995201009,159.49028049380019,11.731261927655822,4.907976928917236
184.77655786755895,159.18194089163822,12.655843621952329,5.265994702467509
184.75168659141102,158.65138525573656,12.655261593126397,6.5923852231976525
184.6078929562392,158.6614843952587,12.745013242526511,6.770035389697455
184.58305239484332,158.76876787443197,12.720920589894149,6.697757431800312
184.59027201596228,158.55473641995428,12.692610768046507,6.202434481110885
184.5300452216433,158.53866330492116,12.848524968384936,6.524018112828998
184.6716063561578,159.1405571995646,12.683124466983799,5.269996315921247
184.68005614163675,159.18629182242816,12.575835265136078,5.215662204698532
184.49768801234595,158.98011103127624,12.94649146242429,6.354106239226638
184.72289000489064,159.0036250776225,12.532754209254989,5.467094310669893
184.76867467263608,159.24278283258434,12.597655835184725,5.440558062770322
184.6856827552009,159.37172231333986,12.383623453040883,5.155827663328296
184.5360713715632,159.31024497853298,12.85411124768504,5.410346259618848
184.65930505137618,159.4788653528864,12.648642631997006,6.505016210741331
184.52386508288564,159.40322098891465,12.929057628393451,6.359128887878285
184.67100099702094,159.54770099958796,12.600457326732254,6.553201516006084
184.90944571181603,159.66337298308318,12.269942322293076,5.686070832282155
184.59151110399478,159.48674646858925,12.745013242526511,6.770035389697455
184.66724572276382,159.62739057091892,12.628786150462957,5.956974599274986
185.85196183602423,159.57547675131096,11.357964902617624,6.327630796563199
185.47933822821219,159.58328363047605,11.808047427896184,6.142302697919092
185.43618922875277,159.42156006427692,11.795281015006282,6.3580511047431685
185.57123902050105,159.3934083294053,11.781571985232745,6.936565977822426
185.75585940081177,159.1217040095724,11.736841784206888,7.335526115129312
185.5521643458331,159.56756608948794,12.82572378025776,6.79653738782892
185.6631328342488,159.55964194241412,12.496859067943461,6.7746130736746295
185.70326533620883,159.74896240008712,12.542591231892544,6.499662122969539
185.7615370889599,159.53630797876355,12.597655835184725,6.778877158425047
186.13635420073433,159.55677930132484,12.127890273239558,6.899099257232081
185.92821466459753,159.632890610162,12.364031723828504,6.698286993851411
186.50087213216034,159.62338659017215,11.982646078350456,6.772010586704113
186.62638904778083,159.51598634363842,11.831017556292352,6.444213609919785
186.63306816366665,159.51970909855203,11.781571985232745,6.7247624365148795
186.68949181754178,159.56587757564856,11.685659444234858,6.971931901063186
186.63314910922247,159.53989184357928,11.69574514028696,7.040722198879223
186.43456679157492,159.58734188831625,12.018957127072724,6.772010586704113
186.4357573009681,159.6487904120749,12.030528813565411,6.763431621556663
186.3968395671806,159.5450009129026,11.99337552654029,6.830664207168638
186.53862493261278,159.81134423172855,11.870308500589772,6.546126011354659
186.5968037252195,159.84428622370436,11.75143238669773,6.664991502903177
186.52190307207064,159.96230024655637,11.946335029628187,6.2636559045922695
186.51353488790525,160.16189920707248,11.978107258151425,6.327744937754488
186.55749026865936,160.3407579099973,11.922429695551955,6.058939681346089
186.79264157621793,160.45850183392966,11.54329300126173,6.142302697919092
186.50028392180064,160.4193615545406,12.176365585182907,6.278180355996625
186.46267314353253,160.4609276359891,11.92586305302575,5.8063292844024375
186.71005638181848,160.31438153411347,11.834522870559624,6.089351812592213
186.57111744114226,160.46678895489484,11.7654427270557,5.786807428252928
186.57420781218184,159.61583678137788,11.949955705658141,7.010961916021216
186.53346918880385,159.8071280447249,11.928496287357348,6.662501584889839
186.675877022284,159.6305192331041,11.728621099905865,6.830664207168638
186.62210259081684,159.7833292045608,11.757214484599132,6.505016210741331
186.5636451020258,159.45417572241115,12.702042588829158,6.795013664540818
186.7556537825172,159.63083317630338,12.509002427904704,6.40893334269191
186.9446667203119,159.86813871924457,12.431808758305635,6.28818233704996
186.5578456362707,159.8269666310166,12.70505445726684,6.311223410501867
186.89684972199498,160.18633233248028,12.509355831020741,5.9653865924644265
187.45840369228824,160.44362099382099,11.808047427896184,5.559842959323305
187.52860740373035,160.43536660508585,11.839129643314863,5.546851481034565
187.64669387840044,160.4698355974161,11.781571985232745,4.79205512208344
187.81636222632324,160.2843198433692,11.65145742474661,5.466608449281807
187.28767318887668,160.5693799038082,12.178703625184397,6.089351812592213
187.32845657603613,160.46195049064974,12.044871860892556,6.022435930446278
187.3691733302641,160.41394994175405,11.986684074124952,6.051529823830066
187.69215967820855,160.4336135499071,11.684936526702018,5.902699894931942
187.5365368131344,160.49721087576472,11.795281015006282,5.503002852725984
187.54513885095855,160.16598640396128,11.836968039125622,6.024550041418792
187.39021208409952,160.391343859936,12.117127156397032,5.563008245944815
187.47043729456968,160.3416681951637,12.01559160030044,5.691596021194954
187.68505505451208,159.94555925236864,11.733471415297402,6.298348416385807
187.52912199450014,159.49036768583792,11.945324982754812,6.9212618282432175
187.24797562403006,159.64342602842538,12.01559160030044,6.218595652787059
187.61402354796277,159.74181180861626,11.861356662330621,5.5949795577031125
187.55598218665972,159.2584749447272,11.797414038813997,6.777918092760359
187.6835015840241,159.5162240337798,11.812120713822168,6.691595478273655
187.69315198346456,159.56230806604498,11.608463460135567,6.633407691506051
187.55868078259167,159.59706030950622,11.755096542569305,6.221729025909411
187.81456262185435,159.60492281336806,11.596243886588638,6.433532567216986
186.9280507392049,159.5790666576107,12.510374155033332,6.749783265041231
186.73284035287506,159.52727626947947,12.628786150462957,6.565909780534213
187.0603324056138,159.49404034806662,12.211842983937743,6.643067188748887
186.85665987257727,159.80014454622017,12.586218492274497,6.293109246137249
187.07122325563466,159.5189716242063,12.383623453040883,7.589185579198215
186.5125962605881,159.49272711535144,12.985939768850272,6.697757431800312
186.62069627782967,159.64432046824183,12.745013242526511,6.3845529475794365
186.63769328272386,159.62693029882826,12.708212478453305,6.671811551187972
186.59124472551943,159.61426586747965,12.708212478453305,6.433532567216986
186.52234679835436,159.56661194038395,12.793198547791263,6.239997031785208
186.82129882046635,158.61904394720378,12.238746202610486,6.215893181767456
186.81774404440998,157.56215309244345,12.452186368265728,6.604313798122234
186.5065839632622,157.5933576664653,12.972298814123405,5.289300409330082
186.88328253911683,156.54912039429996,11.521181779984175,5.527839742921714
187.00965323139908,155.51999049815177,12.146070041474871,6.314202476434588
187.00947403621015,154.32071375913944,12.053184532880437,7.257487769134912
187.40984633996942,153.4652644039923,12.072801854530638,6.5923852231976525
187.34362387788974,152.71395901456336,11.970675528240577,6.138807963200293
187.66009618809258,151.7384956123304,11.57936956675178,5.5569336363055015
187.72633209533853,149.77738158187188,11.550275673367992,5.411464169386505
187.77576277491514,148.135251882914,11.839925056436385,6.569928740515138
187.8569917693354,146.6969078163181,11.573614856505884,6.745946781002033
187.88636756178758,145.5866902739921,11.455130360444173,6.406387720100241
187.78788250190823,144.6611375396719,11.50967223298926,5.467094310669893
187.8717240615533,143.7003946906027,11.523725277481105,5.445662859785273
188.37682020321915,141.1224200150649,11.631308314306665,7.114896043325871
187.87264510957476,140.66488032322633,12.308955026946848,5.978635298802772
188.07954814476327,139.58634815605004,11.346618419681391,6.284280970900454
188.47808248576104,138.2761498806248,11.389369494542876,6.293109246137249
188.55647253844316,137.77956396662455,11.37571231306518,5.935154250294886
187.66774534743274,136.37177835741963,12.708212478453305,6.460008009880426
187.9736706905967,135.67370034234284,12.11860427408476,5.685866021240571
188.19105633662446,134.40366539707256,12.20013817042559,6.447541374876806
188.80195118003775,133.66350779357208,11.46658555891264,6.447541374876806
188.7865239264089,133.5232924175937,11.596243886588638,5.665744729977092
187.8621430505645,132.49903517481812,12.359530800408521,6.553201516006084
187.6490443415586,132.4543936098112,12.612857849438171,6.078062417695833
187.58478878218966,131.75952171938064,12.626749728568512,6.807971051808835
187.65216194070726,131.52652048446248,12.683124466983799,6.183462344014259
187.42395508175295,131.4125761013216,12.867065134433943,6.354106239226638
187.7574653706299,130.98704323792003,12.53946804841712,6.342468757668058
188.33730668354232,130.41439482079517,11.989241909363813,6.809889404518657
188.091623782874,130.78807201453253,12.277354234795354,6.138677117397691
188.24115181820935,130.49905555602157,12.117127156397032,6.26637710462748
188.00526962345677,130.58765317132253,12.364031723828504,7.0689431911396525
188.26599978628937,130.5546682999631,12.085858217846038,5.937529182604607
188.12161203638487,130.62021177117873,12.261232126549487,5.982123632676405
188.49027381793016,130.72626607491412,11.769658438890787,6.288862270332686
188.6911031244337,130.69774804628534,11.732457145919426,5.9943121662557814
188.5117471388459,130.54116143976478,11.734525130117959,5.726729329967753
188.5117471388459,130.54116143976478,11.734525130117959,5.726729329967753
188.5117471388459,130.54116143976478,11.734525130117959,5.726729329967753
188.5117471388459,130.54116143976478,11.734525130117959,5.726729329967753
188.5117471388459,130.54116143976478,11.734525130117959,5.726729329967753
188.5117471388459,130.54116143976478,11.734525130117959,5.726729329967753
188.5117471388459,130.54116143976478,11.734525130117959,5.726729329967753
188.5117471388459,130.54116143976478,11.734525130117959,5.726729329967753
188.5117471388459,130.54116143976478,11.734525130117959,5.726729329967753
189.53992574084495,130.54001972522906,12.01577796750874,6.633407691506051
189.53992574084495,130.54001972522906,12.01577796750874,6.633407691506051
189.53992574084495,130.54001972522906,12.633506482466998,7.212528174279413
190.13389546323836,130.54001972522906,12.633506482466998,7.212528174279413
190.50510743071624,131.40618098267743,12.633506482466998,7.212528174279413
191.325846153283,131.379705540014,12.633506482466998,7.212528174279413
191.325846153283,131.379705540014,13.336875341149664,7.180556862521115
191.81844999396748,131.5439068202421,13.336875341149664,7.180556862521115
191.81844999396748,131.5439068202421,13.336875341149664,7.180556862521115
193.86983676639247,131.59052924688814,12.68416136810535,7.133934435875091
194.85973534633348,131.96174121436601,12.68416136810535,7.133934435875091
195.84963392627446,131.96174121436601,12.68416136810535,7.133934435875091
196.46443517409557,131.96174121436601,12.069360120284244,7.236401310511951
197.9586667677399,132.2605875330949,12.069360120284244,7.236401310511951
199.5733178643718,132.52371707216167,12.069360120284244,7.236401310511951
200.53341634603714,132.49462317877789,12.069360120284244,7.236401310511951
201.46058438702795,134.3489592607595,12.90061422600013,5.829663593146591
203.07671659057712,134.52462580462355,12.90061422600013,5.829663593146591
204.65771548535352,133.7868263203946,11.495281875087784,6.707996312466804
204.65771548535352,133.7868263203946,13.634700104214744,7.21470062989161
208.0604918539007,134.52925025535035,12.3973268792885,7.4003066136305335
210.03213044466042,135.75302593237362,12.261351804063679,6.380493549444452
211.94364993714734,135.93951563895772,12.261351804063679,6.380493549444452
213.41433027802933,135.93951563895772,12.64500754516331,7.2756902786769615
215.30815068615004,137.40595972400894,12.588055194426005,5.921048184044821
217.33721460968712,137.54193479923376,11.238866647012998,5.68012165772106
219.41228562673714,138.44413958925549,11.238866647012998,5.68012165772106
221.35731249746323,138.53476527996995,10.659746164239635,5.718729689905956
222.61689929915792,138.31614019453306,12.510374155033332,6.924346625344015
225.6778418345875,139.5350972933258,10.922293064490276,6.41825468738088
227.31519747995986,139.49641312850434,10.614475503756779,7.001717275068472
229.5129856905352,140.39566863701393,10.614475503756779,6.682004157485437
231.07848247506618,140.57557121168426,12.708212478453305,6.698286993851411
233.69517454115356,140.6559300016631,11.890870933474275,7.54152552492161
235.08224992086323,141.10505714310045,11.347202725710673,7.38929841498279
237.27803909369888,142.2908603184322,10.838274686064892,6.042577922319367
239.62138783322612,143.58261614840808,11.621017687652227,5.67538073117899
241.9617021410904,143.46390747467095,10.05505887194542,7.594327164887062
242.4678913778373,144.66851211228212,12.8595008756389,6.080623717213882
245.9541544655908,144.459493628779,10.474341006835544,6.923040627375116
247.23238556496293,144.69130168626282,12.09927729719405,6.830664207168638
252.56674469082827,146.58058328544325,11.701500103539104,5.818778740011254
254.4794054077085,146.4574073863081,10.326733697932013,5.88272136352785
256.48410185668666,147.47223276283947,11.783690583237842,5.481977793071536
257.67250903647533,147.23738982904626,12.624549979364645,6.167719073888065
260.73774772967704,147.47767873042315,11.655606661505544,7.1332312768414
262.65540755893323,148.54643352072915,11.99337552654032,5.904023713948078
265.51673607140265,149.3601475527985,10.87024599782319,5.88272136352785
266.01868095800074,149.3591209480473,13.158295003731837,6.857139649832078
269.2028693706563,149.34670273368943,12.287252842511407,7.227795789712587
272.54838176209864,150.52701661816317,11.453458659935507,6.605062049287966
274.571004055513,150.9016281104987,11.445729609472664,6.5541189104522175
276.75193499375723,151.67342273914406,11.60898423485952,5.594691197522678
278.4246262905898,151.59784449143675,11.637557353519355,6.720689371657443
280.8316750460874,151.44703834305847,12.624826524459365,6.988053825465272
282.2560542323967,152.51731994482157,12.366924688028519,6.991528445788845
285.6864118192018,152.4157521259909,11.578756833964178,6.81404716335058
287.3938036829159,152.60944885449842,12.364031723828532,7.015992305812745
288.9500779764395,152.83468830959623,12.47493475378917,7.322720927531776
291.84095486534636,153.30662735956636,12.366924688028519,6.605062049287966
293.3950883801949,153.21373209683387,12.895082749753612,7.258310050759519
297.61251453260024,154.23747615021364,12.756553391563102,6.777918092760359
300.7453220438787,155.29847382068533,12.684937515336117,6.051529823830066
301.92103791598134,155.5205326093242,13.048036225657995,6.623773741465527
305.4889912577483,155.6436322995735,11.957270597605543,6.458204975177324
305.7599957751553,156.27260886360747,13.846656512981383,6.7247624365148795
309.6440494354705,156.65091981382852,10.61665250804117,7.757304700389199
311.61199460048954,157.45154925959662,12.455901410937997,7.010961916021216
312.60121394982605,157.4100017266966,13.427258874054417,8.019057383115836
315.70683384267863,158.3459989066004,12.561397937451318,6.65015184923891
317.6258567720525,158.7579587845574,13.227432622590868,7.316186534378431
320.44291537236313,159.48387252860599,12.681300047718082,6.9467415702573305
322.0887851180193,159.51717248875175,13.054279460886221,8.205547089699905
324.8017428193252,160.4873255028087,12.89149672272066,7.914677409697532
326.45741216288286,161.32369087993692,12.724582079804804,6.937774651551877
328.5428072143711,161.34402909962526,13.666857112622438,7.623928003699405
331.15743455323803,162.4685395544752,13.245257407348731,7.79959454756343
332.84892044175103,162.76878690777085,14.406329833620873,7.64607796994764
334.8864727121589,163.50652774314565,13.555426643683518,7.254271289783759
336.85708851175787,163.71362283702138,13.651750120795612,8.184655810125719
339.4680895822396,164.48828064735207,13.899607398308262,7.492550273754745
341.5590329746248,165.06515340603698,13.971463238378647,7.097631210343394
346.0044950850832,165.79136335724067,14.243788152933064,7.916157356369865
348.26260971744523,166.58080173568123,13.701990421395237,7.729327930017831
350.55100022197985,167.4677496092395,14.685723067033848,7.588794694926577
353.6795540769091,167.69120426844736,13.590027329081636,7.48995824386887
355.7540365024562,168.42028945735706,14.053323509123288,7.79959454756343
357.64325098212925,169.35380091203822,14.671052230258624,6.40893334269191
360.517411485825,169.60277931144765,13.701990421395237,7.729327930017831
362.3517511790093,170.2220210649356,14.96016369698026,7.736249035082238
364.5124269523889,171.33871150521807,14.721510052202007,8.059008467312168
367.5429454445228,172.3499276237198,14.419061602994873,6.490176286935622
369.66946332195084,172.5366930037696,14.648332800484184,7.0591472212859685
371.10946121084595,173.50924248924318,14.35922096889567,7.492814968668711
374.0333143971939,174.98285360929913,14.587968907557865,7.783780143052638
376.20720839066803,176.418935948628,15.249854974143943,6.830664207168638
378.53112464595523,177.52779496779158,14.826256302125103,6.499662122969539
381.07109833784335,178.62872867488642,14.42466390084212,7.182405261830098
384.03553433623375,179.95534838019566,14.121310099618427,7.553258890493595
385.5788924723236,181.49429085788566,14.652763073069707,6.81404716335058
386.5811271492332,182.2749497617783,15.219690666592783,7.609845333296363
389.1419351546621,183.32396402003488,14.219840127036775,6.667007010381184
392.4878500902125,185.3666327646597,14.826256302125103,7.729327930017831
394.3532878655815,186.59892217565576,14.652763073069707,7.275148099216409
395.7084022258668,187.60045209604584,14.721510052202007,7.535318386403787
397.5615018693637,189.17363269609513,14.837885625737215,7.040722198879223
397.5843322981558,190.18137036389228,15.713469099250688,7.48995824386887
399.3549320949924,191.4715316757445,15.633971449810417,6.650032845727139
400.98079727925165,192.03631577778967,15.35835996474367,8.1034440697957
402.4822178010854,193.53323687425294,14.816981368910774,7.107332526550692
403.40192862936857,194.20789259370602,14.961537284705003,7.348259052874454
403.71127254747745,195.349596358128,15.761856696843665,6.90580333979355
405.36293314228476,196.61262486388904,15.018948694804578,6.66094617255456
405.6766110880395,196.53886910487577,15.729885385085367,7.832971380784386
406.7270815321045,197.4131671847965,15.72988538508531,7.481286951443025
407.40432781508645,198.43554377576828,15.880255565309369,6.886128519470418
408.62922206886145,198.66182825161275,15.636253034880895,7.528566276053766
408.69626880245704,199.30033480802075,15.618512926417452,7.1332312768414
408.99944664325636,199.34542054765842,16.3849965645897,8.090516975876255
410.47725816530937,199.34542054765842,15.72819144367719,8.008416335762206
410.47725816530937,199.34542054765842,15.72819144367719,8.008416335762206
411.14966238244926,199.868401605434,15.72819144367719,8.008416335762206
411.14966238244926,199.868401605434,15.72819144367719,8.008416335762206
411.37379712149595,199.868401605434,16.998288298274872,8.008416335762206
412.4643744245399,200.16583177899142,16.998288298274872,8.008416335762206
413.50358321978973,200.6584356196757,16.041180143139115,8.008416335762206
413.50358321978973,200.76090249431255,16.041180143139115,8.008416335762206
413.50358321978973,200.76090249431255,16.041180143139115,8.008416335762206
413.50358321978973,200.76090249431255,16.041180143139115,8.008416335762206
414.31556753080935,200.85112297331472,16.041180143139115,8.008416335762206
414.3976681709234,200.85112297331472,16.041180143139115,8.008416335762206
414.3976681709234,200.91299163456102,16.041180143139115,8.008416335762206
415.1365739319499,200.83089099444697,16.041180143139115,8.008416335762206
415.2390408065868,201.13829161835747,16.041180143139115,8.008416335762206
415.2390408065868,201.13829161835747,16.041180143139115,8.008416335762206
415.2390408065868,201.13829161835747,16.041180143139115,8.008416335762206
415.2390408065868,201.13829161835747,16.041180143139115,8.008416335762206
415.2390408065868,201.13829161835747,16.041180143139115,8.008416335762206
415.2390408065868,201.13829161835747,16.041180143139115,8.008416335762206
415.2390408065868,201.13829161835747,16.041180143139115,8.008416335762206
415.7149535698736,201.07030408074507,16.177155218363907,8.892254324723467
415.7149535698736,201.07030408074507,16.177155218363907,8.892254324723467
415.9189161827108,201.07030408074507,16.177155218363907,8.892254324723467
416.07261649466614,201.07030408074507,16.177155218363907,8.892254324723467
416.5644828174854,200.75410430178988,15.860955439408656,8.857121015950668
416.5644828174854,200.75410430178988,15.860955439408656,8.857121015950668
416.5644828174854,200.75410430178988,15.860955439408656,8.857121015950668
416.5644828174854,200.75410430178988,16.629456999185038,8.703420703995391
416.5644828174854,200.75410430178988,16.629456999185038,8.703420703995391
416.5644828174854,200.75410430178988,16.629456999185038,8.703420703995391
416.5644828174854,200.75410430178988,16.629456999185038,8.703420703995391
416.5644828174854,200.75410430178988,16.629456999185038,8.703420703995391
417.38033326883425,200.5501416889527,15.949581623060965,8.635433166382995
417.38033326883425,200.5501416889527,15.949581623060965,8.635433166382995
417.38033326883425,200.5501416889527,16.835407729335373,8.542188313090946
417.50407059132687,200.5501416889527,16.835407729335373,8.542188313090946
417.50407059132687,200.5501416889527,16.835407729335373,8.542188313090946
417.50407059132687,200.5501416889527,16.835407729335373,8.542188313090946
418.6534795529237,200.46804104883864,15.68599876773851,8.8705908735472
418.6534795529237,200.46804104883864,16.614028686433187,9.303671502271385
419.4005953497459,200.6174642082031,15.866912889611058,9.378383081953586
419.4005953497459,200.79790516620744,15.866912889611058,9.378383081953586
420.41263193457945,200.94248182118363,15.866912889611058,9.378383081953586
420.57683321480755,201.43508566186793,15.866912889611058,9.378383081953586
