218.61097081727536,191.61175884152254,14.863326644461011,8.670273875935578
216.57276363050582,191.46582575622608,15.876735279310623,8.782874835363316
215.53468852283768,191.5011029148449,15.037056154761956,8.958993737066123
212.59253335639195,191.5462638750677,15.74019764342512,8.782266609673854
211.56128697863218,191.53117446392102,15.809988947763713,8.853593810747697
209.56149989816916,191.61374740291106,14.83468865585283,8.792110733533463
208.50768250122633,192.50815575700048,14.898631279369454,7.960856627817577
206.60078083022555,192.42565652879762,15.809988947763713,8.15092763529151
205.51540721482738,192.5639781347795,14.826256302125103,7.904994473881857
203.5540077802164,192.49777403331888,15.669455712672487,8.39686079670119
202.53351577188215,192.52793332932885,14.87919877685573,6.910090535158986
201.60203553105117,192.58543402708838,14.816981368910803,6.866406000226959
199.53048813407503,192.55314577643273,15.834060357080347,6.862376551272774
198.06265646280147,192.63135089192062,15.410172267502304,7.864942692542655
196.80596314722933,192.54173294124482,15.623420747099772,8.960919162209933
195.77812906025534,192.63044963881424,14.679537424865487,8.48528174847715
194.58628965659898,192.53703003572838,14.837885625737215,8.233571827614952
193.55818328469365,192.6244227132525,14.93165622844353,8.677927266883643
191.7130583909621,192.4898657147975,15.674861067065791,8.764023305970284
190.6059451255789,192.5881781491069,15.525268073125403,8.648879572638066
189.60359858606313,192.798187552453,14.8576968223434,7.992416221674375
188.5026249095956,193.48197705148155,14.825931673435065,7.366343410071522
186.6454990981029,193.48470791884796,15.358359964743642,7.97616484356854
183.55961600967916,193.59518921842013,15.149701080612175,5.897640507503155
182.52604725145846,193.42954439395302,15.018524519922636,6.795013664540818
181.10329622674828,192.81628420698755,15.24785600739878,7.975261091427484
179.64743711808944,192.6045544227922,15.493789168808462,8.853593810747697
178.14424669467323,192.70001005819336,15.867476869652279,9.503515558294424
177.3736576620652,192.62785839124982,15.16122088756643,7.070703911690174
175.6642389578818,192.45773378679348,15.405296650331678,8.537875251991068
175.53481649518687,192.55363051580713,14.652763073069707,9.939286839774553
174.64469370849156,193.60834629065508,14.732686820143044,8.811638636098195
173.501568421289,193.51810850746793,15.107322772307555,8.677927266883643
172.55448658827328,193.55245829173984,14.837885625737215,8.844543588674725
171.54836347578677,193.68804494653193,14.985100547509518,9.742962900147518
170.65128730171642,194.55764194789322,15.478645646479379,8.951505916036268
170.54663493994858,195.51885501979987,14.902700423367946,8.80263133815518
169.60196619050583,195.58815916831657,14.755989684579475,9.872459765159135
169.57337462331955,196.18072173131026,14.415398070390694,9.960854460656236
168.75166178053834,197.45118134164187,14.639441966850995,9.604219889080582
168.6021797721585,198.58249074611493,14.69442520531939,9.289579152788122
167.67053195684008,200.28821507984614,14.779309246789069,8.112302236407885
167.60888594965306,201.31959373347357,14.77930924678904,9.18461804926639
167.54768943190965,204.4938414311647,14.755229947706539,8.760917781450758
167.58690673520337,205.53902403858015,13.790505463920454,6.924346625344015
166.61010159679196,207.5133268208803,14.748268294628389,8.80263133815518
166.57765911188682,208.55802916939984,14.826256302125103,8.43199410547399
166.54518055698617,210.16017720684474,14.825484358998182,9.150103627819192
166.50368705035044,211.8186151235332,14.896522919670701,8.642793958110843
166.5750666511542,213.35238131306937,14.866659967611156,8.728168110016867
166.6594730587485,214.58645371129543,14.721963833607873,8.739840200931468
166.52956399478714,216.1524743237979,14.826247891528851,8.18091178300432
166.5611867143551,217.43777860075014,14.158723435441743,8.818460501974869
166.57136943270774,217.86954284788197,13.877656965259263,8.572527340565216
166.59827253461876,218.53831501473022,13.94792358280489,8.818460501974869
166.5972953378074,219.56938588256395,14.650589758261049,8.994127045838923
166.65743304970607,219.78800093928214,14.212846928699236,9.630794784521584
166.54860015478357,220.51168099970525,14.26412336176017,8.642793958110843
166.67576481989255,220.67754580150486,14.47801206933417,8.995671499079634
166.59467419987757,221.24051519258254,14.806816651092646,9.07925147087056
166.56157234816183,221.58311495801001,14.825484358998182,8.841239370340048
166.56751649359472,221.6642722820834,14.861389610897902,8.74819388442927
166.55267012337453,221.51609142500692,14.791122993352275,8.994127045838923
166.84381041388008,221.55657610772934,14.517852798515435,8.844543588674725
167.4175965289865,221.49459749527358,14.053323509123317,8.607660649338015
167.38411900156663,221.55311945893615,14.035405861895242,8.44042630419213
167.51340026918172,221.58602956693716,13.939491926620349,8.856053357050087
167.4882559944948,221.5721194096474,13.94792358280489,8.78332719320207
167.5323783971022,221.5191304059036,14.866979519121003,8.902731375442329
167.56302025963055,221.5655567034683,14.750603945585794,8.873637482058513
167.5636356263556,221.59512268047513,14.802717344094532,8.888024668808384
167.5753978162903,222.55406319331047,14.866979519121003,8.46632297468534
167.56234299123471,222.60295536798975,14.837885625737215,8.78635580190712
167.54411567255912,222.64867871808255,14.941308455552843,9.072887563449399
167.4746613588949,223.4242989849712,14.96257390288605,9.047881227599902
167.5291458614488,223.63011600390064,14.925167305888607,7.971726787160776
167.5398133748605,224.4266445921371,14.96257390288605,8.088741874850797
167.58654206829698,225.5765641107035,14.755989684579475,8.923860428293295
167.555749247059,226.60142460922657,14.786876326813285,8.80263133815518
167.5569953076359,227.49524527004274,14.89607341250479,8.931825268826117
168.4706304326719,228.5143875162405,13.95255828363517,8.578043422955972
167.5655939525493,230.61629244110952,14.802717344094532,8.280569745400612
167.5364993568481,232.52279935856095,14.419061602994901,7.864942692542655
167.5831238598482,233.5766365670904,14.693870678211624,8.842797849590426
168.53533336607356,236.52758115011173,13.783067490006118,8.764023305970284
168.53470549840986,237.9918742061585,13.93597493083945,8.728168015139545
167.5201198879187,240.49666427543733,14.786876326813285,7.837430533532881
167.58665133686907,241.74133864102578,14.786876326813285,8.57098314504583
168.63602762113794,243.43177786548156,13.842523656486463,8.15092763529151
168.56557791703406,245.27220938883636,13.843577991345427,8.088741874850797
168.50941948729513,246.79534307768492,14.13053977967013,8.995671499079634
168.54632389581897,248.64044444117755,13.842523656486463,9.02926035461175
167.59025998405812,250.45247358907037,14.773297006201943,8.286813553658106
167.57484418466373,252.5290689922853,14.866979519121003,8.000820680544592
168.48489664715672,254.2590395413528,13.91279027403209,8.46712741424679
168.62942710976773,255.74659633121541,13.790505463920454,8.640886334988124
168.59774165074032,257.46342162334037,13.790505463920454,8.844543588674753
168.62968989324366,259.5914541888904,13.703223783769062,8.757261908523333
168.5297964337889,261.2753725894601,13.976107650930572,9.574791981852968
168.5955416993444,263.5966735356255,13.860283554375911,8.493767080676037
168.55987456929927,265.5328274502302,14.57604058528301,7.971726787160776
168.66073934649907,267.60574766077866,13.906881037455662,7.82625732024178
168.59430633541476,269.0975357514853,14.005509168962078,7.360173060437546
168.6156957570158,270.7716221814351,13.81959935730427,8.699074121755757
168.65952820830637,274.51736047090185,13.89889158656078,8.33933495193645
168.67644295756548,276.60321532880056,13.976107650930572,7.682998404793352
168.63316376952855,278.3012208424155,13.744459457821222,8.06907872664226
168.63913044068462,279.64589138306985,13.705851425636325,7.991862662272467
168.57130124871506,281.5390711553363,13.790505463920454,8.495416868069128
168.52531854736705,283.3208000132802,13.811606679587129,8.216627121884017
168.54342804558513,285.485834286491,13.761411570536666,8.000820680544564
168.108176904956,287.6171226298973,14.369523288078597,7.377994842289752
167.73764796943817,288.50355688072096,14.555228133703935,8.030470694457335
167.70197088888835,290.3567900242096,14.545189831942622,8.010394400200312
167.5864799244347,291.5540306705229,13.907520614862023,8.856053357050087
167.53391942939933,293.5575137150053,14.671052230258624,8.609591177230698
167.52827072999284,295.5215031234897,14.709660262443492,8.609591177230698
168.55836377083816,297.4373543675218,13.811606679587129,7.353401704409805
168.4994395194517,298.5503165234689,14.014715683115469,8.725415273785359
168.6041235629605,300.4976078075579,13.89960739830829,8.154436340340851
168.57612913991073,302.3889688429558,13.843577991345427,8.088741874850768
168.6098334331275,304.4528128876588,13.875549303103725,8.05677056309247
168.60152177295123,305.46003304978854,13.971463238378647,8.248598433642314
169.44423083254208,307.7782577474533,13.131819561068397,8.65746975094629
169.55786372423495,309.60675134926515,13.873131955644851,7.783780143052638
169.64944892442122,312.65118618856496,13.667243393451457,8.609591177230698
169.6200655696316,315.02834969065907,13.75361586057656,7.692700396593693
169.53504339201177,316.60035000571025,13.842523656486463,7.904994473881857
169.90974878125425,318.3491878311597,14.400796004964377,8.06907872664226
169.55091787999328,320.6957319469627,13.81959935730427,7.797163426857992
169.64064729091737,322.1132079408734,14.467405381153554,8.315576113507632
170.69209424720816,324.6747226620286,13.730561201338048,7.685015597763822
170.5668300856222,325.95784096376286,13.821675522191015,8.609591177230698
170.5899198018256,328.54933438697094,13.91586206750253,7.891312026083767
170.60190254790194,329.9276009968987,13.772257038940836,8.888727119520468
170.58418793644668,332.4345051840997,13.846860713868608,8.345414369637979
170.60789575345808,334.2899843940626,13.75361586057656,9.044750769328346
170.60226648541217,335.5514444755715,13.821675522191015,8.764023305970284
170.509247128667,337.6809184863994,13.971463238378647,8.95196729232498
170.63982162398682,339.3834959804939,13.701990421395237,8.853593810747668
170.61549352431075,340.698149073497,13.747664056070505,9.783221398040894
170.64279988179186,342.4591477996449,13.737123730168037,9.450860059885429
170.602237027731,344.54037610141006,13.761411570536666,8.379041294533977
170.63503257736372,345.5703118085217,13.68372143255391,8.792110733533491
170.62142412412152,347.42126819479535,13.779635367828831,8.856053357050087
170.70990334562418,348.533935895369,13.715692744312207,8.280569745400612
170.76071618048815,350.7063817995954,13.590027329081664,8.22351085538179
171.63499445621278,351.66369346708353,12.779258653198951,8.609591177230698
171.60523822468474,352.50049880650937,12.858791010847824,7.940127782654656
171.61431744368488,353.5308261219554,12.64799115821097,7.9752610914274555
171.54516607466394,354.5046164066245,12.913661810953158,7.830112105521948
171.59982375542904,354.53513536664514,12.841383853056016,8.721540252919851
171.51147398799975,354.55865398103083,12.913661810953158,7.85420475815431
170.6687618452926,355.0022948598591,13.843577991345427,9.047881227599873
170.6726400781045,355.50014486615277,13.779635367828831,7.832971380784386
170.71732273597897,355.5097758516956,13.701990421395237,7.869861165109057
170.58329112574197,355.5444249885059,13.848693250688058,7.9135390003932
170.64740949845395,355.557580176759,13.793705627654504,7.889681913706397
170.64320306048583,355.7330056995666,13.877787144071846,8.728168015139545
170.63291795822997,355.5259628967991,13.877656965259263,8.74819388442927
170.63852544735974,356.0202486966815,13.807390347713664,8.326594179155563
170.58178995457368,356.54990735045465,13.907520614862023,7.864942692542684
170.60400496249707,356.5306855139063,13.793705627654504,7.836731028379518
170.61455549104497,356.44150443604457,14.770746032336234,7.896914004300982
171.5213977608749,356.5565778352243,13.877656965259263,7.940127782654656
171.6876871916199,356.65179604191707,13.783067490006118,7.72160643697822
171.75762620703526,356.686488073483,14.642860785303014,7.705086133751138
172.50184764717017,356.6775237087595,13.846656512981411,7.75730470038917
172.56341584844884,356.65128876440536,13.81959935730427,7.738975640090359
172.65248053259697,356.61091632728625,13.747664056070533,7.832971380784386
172.6329601223868,356.5052175715377,13.788582841275371,7.848885617341352
172.5515932509395,356.5681852633533,14.053323715300365,7.760214469163088
172.5842118788014,356.4574333441012,13.907520614862051,7.928885316059279
172.69412372146763,356.5439061854306,14.382552563668781,7.7640327998565795
172.9828693245274,356.5617465158489,14.212846928699236,7.891312026083767
173.48230908343027,356.59721799598265,13.873435658760144,7.848885617341352
173.51285287499536,356.5686099839028,13.907520614862051,7.896914004300982
173.57238363396934,356.5081638008286,13.831009250017757,7.933738434826125
173.49061372912655,356.5700273018736,13.821675522191015,7.876038565717806
172.59841542817918,356.57350964573124,14.77969783896961,7.855351213625568
172.64003681712742,356.591782300521,14.791122993352275,7.834727856336258
172.6795017534867,356.54400292091276,14.721963833607873,8.018591252310898
172.70926902181404,356.5288092776053,14.228990052987342,8.08066101774591
172.54853849986202,356.52118010259096,14.003434550136944,8.792110733533491
173.47826029579,356.50718157543236,13.907520614862051,8.856053357050087
173.55155023680726,356.50945495802944,13.87809085966353,9.9536386260462
173.5913675846661,356.6305832124528,13.906218489325255,9.739982990499072
173.6235917580255,356.6081715040103,13.75361586057656,10.629913275293063
173.56513579689474,356.7644167133936,13.805089958351004,10.600767158245162
174.4965737049638,357.4190433386989,13.667243393451457,10.03808836807167
174.57498740518733,357.6123901671289,13.62863536126656,10.115304432441462
174.5474061264978,357.6046539048948,13.744459457821222,10.771640979584618
174.57011514633618,358.560267799199,13.842523656486463,9.907593073931935
175.60511129421894,358.87903390056783,13.526323877531183,10.223792852887186
175.5149736231259,359.809272170452,13.747664056070505,10.48659025672356
176.2853803538797,360.09134224908735,13.218226828153774,11.01518902346146
176.58946798777455,360.9492697987456,13.59659049507681,10.504859323069695
177.59806692642502,361.5525048908028,13.730561201338048,10.861488711506183
177.71822046361422,362.6574945007744,14.13142040818073,10.697091145634829
178.6850200986119,363.70756927272294,13.456057259985556,10.715659175706548
179.55501058002721,364.63681441512813,13.204151756179357,10.806303374306594
179.575462640424,365.02359778320846,13.706993433930535,11.32924967498343
180.6551486953993,366.5593885475926,13.286913212472712,10.922293064490304
181.51122181267087,368.5357316971237,12.63467762107203,9.837332022310704
182.66006498533977,369.9006927106394,12.176379309064714,10.436896550626898
182.68970256265735,370.44213384582235,14.089195262567017,11.271356210053625
183.6469069603088,372.0710112013793,13.287391594116343,10.350178715416916
185.6111596090763,375.48296501699383,12.856474717568744,9.767832142777422
186.53618903837105,376.4553056223024,13.8499180096114,10.753391625348684
187.59423366142107,377.9879719463344,13.230612732758857,10.471889226779354
188.31946249817122,379.71886646857064,12.126257604277157,10.641409734365652
189.5790789434534,381.72926256219,13.242555039417653,10.655816883029956
190.60421297809458,382.8267791510392,13.358379135972314,11.00328917269394
190.7704927290794,384.71849462134486,14.13142040818073,10.640790665920974
192.633192376242,387.3240422300865,13.166993390835358,10.092987151729801
193.51880987781632,388.6296594248298,12.091526491579941,10.224764506914994
194.5996026609355,390.77455196120866,13.597507522481095,9.722217878573986
194.5568058283737,392.6953630694576,14.07997284709873,9.883954448956729
195.73164279545193,394.5746841398699,14.601529635751263,9.888053402456137
196.59722073741554,396.51097058560777,13.005410813903381,9.796283470212927
197.5845757711209,398.7184394455799,12.817866685383848,9.88365623933214
198.20850018427922,400.2091950933624,13.242555039417653,11.157721301433526
199.59825653722137,402.99710468868733,14.467405381153554,10.479322959369313
200.60384695085153,405.698138128254,12.663434556644262,9.652008046222761
201.6429160431036,407.6828056629264,14.6371110161231,9.885353236975902
201.82086599816267,409.478577755982,15.405296650331678,10.579541073119344
204.66016114531092,414.5545181097342,13.491597980078694,10.012632463203033
205.60289733765083,416.4598927038122,14.126595273744755,10.303556288770892
205.45597287569458,418.7210807781806,15.758380206355525,10.769780555231137
206.62055809314487,421.45087134120763,15.34342798908537,10.579541073119344
208.47437323588002,424.66720513195605,13.189582296806662,9.92618049141123
209.5980291433078,426.56885931801526,12.780208895047906,9.908884429640693
209.68016908389404,428.7613870216126,13.679327764019604,9.836819965137693
211.64777037766515,431.5934403059574,12.770349031458125,8.994398653385815
212.68737033559154,434.33463485903724,12.910826204243222,9.273252154635031
213.70009090692622,436.59735982073494,14.69442520531939,8.895475794791082
214.55214268761955,439.6048192116161,15.665135353063476,7.879190103177734
215.60048420994508,441.38107400375463,14.6853081242796,8.974354964837516
216.61296465150994,443.76421086555024,15.714639956563246,8.7853498969763
217.41685445584037,446.76480446313343,14.806816651092646,7.424621529917488
217.7454896585447,448.6159545604831,15.570492008455574,7.424621529917488
218.56881347069577,451.17633990934667,16.678669903872958,7.335526115129312
219.7944741428929,452.87319768384407,16.601453839503165,8.030470694457335
220.6758736058287,454.735078568308,16.737451165921982,7.646077969947669
221.57646134477943,457.59007846367814,16.529168179042927,6.841860716276983
222.6226346181427,458.7451077899284,15.704589021445287,7.623928003699405
223.68586724620928,460.638655743386,16.503873000788076,7.594327164887034
224.57162055416447,463.51026567597955,16.690828739275958,8.158924663053881
225.53334538099176,464.3775024020121,16.753334003125133,9.273252154635031
225.69010666444652,465.6365932893753,16.66494199530476,9.233278673074267
226.5438929679743,466.52693718732996,16.702100565806717,8.094883096311207
227.42472694718504,467.6995674309799,16.084737192877668,7.925812529823759
227.61893200638633,467.57863193073854,16.503873000788076,10.564175776854086
227.6157327887766,468.4669375437999,16.737451165921982,9.744087169018655
228.5464108873013,469.5922065568336,16.084737192877668,8.951505916036297
228.54607660073086,469.64505350104105,16.758431453242395,10.479322959369313
228.72115915573528,470.51664681243545,17.323225148967367,8.847218558222607
228.8831923812692,470.52558465911363,17.225121949408617,9.715647602006356
229.59150891492345,470.6654841685544,16.86398821094798,9.696793221295081
229.50565010042175,471.6422617693977,16.93425482849358,8.74819388442927
230.57190862912253,471.5470767221134,16.496040556163166,9.852583949926782
230.51071611432337,471.6853780700504,16.912823920142557,9.815192709799192
230.62880560552227,472.44697331254224,16.80085786198478,10.055058871945448
230.58283481964236,472.64191133808896,17.622050150440515,9.796283470212927
231.6358286673976,472.7567770016964,16.758431453242395,10.224764506914994
231.5735532652655,473.29150826644997,16.67357863575762,10.139911689430221
231.59819623831416,473.5675750749359,16.716005044500008,9.80050041949113
231.64436457455704,473.5755044494277,16.755885968242723,9.922264271517008
231.7490308288761,474.54897063558224,16.80085786198478,9.758074010748714
232.7063142174274,474.7459616001614,16.70453853650423,9.58964249317836
232.5540937256164,474.62726699177335,16.737451165921982,9.744087169018655
232.73994802986385,474.6823129858805,16.717277936057826,10.539992786475239
232.63155495709745,474.70986784654417,16.755885968242723,10.655816883029956
232.64150749671393,474.7431016284779,16.716005044500008,10.564175776854086
232.51375019245015,475.4147810048831,16.885710679469554,10.224764506914994
232.5013960051037,475.5981151803552,16.969388137266407,9.872459765159135
232.5415854228434,475.5357435715408,16.987534161352073,9.767832142777422
232.6096701797983,475.5196405627966,17.682478740680125,9.922264271517008
233.43245824552608,475.6530821239575,16.885710679469554,9.80050041949113
233.5704097835249,475.53083073098,16.75296736135104,9.97504926859068
233.59227316264457,475.5784946099936,16.83069601921403,9.930576875602753
233.65946145045348,475.5897031786767,16.83069601921403,10.443423568708965
233.69752109448945,475.5683397151174,16.737451165921982,10.583290848647039
233.66439634915898,475.56853240530546,16.688321667083926,10.891325719570546
233.74615651422178,475.53913125267616,17.606959628090095,10.90358704679312
233.57930987833154,475.60925932050924,17.809766978780516,11.002892688461259
233.5402724317479,475.50533911543727,17.819091671802028,10.988439864277893
233.64602499771885,475.59210101347276,17.682478740680125,10.73303294739975
233.54266599193053,475.6494315896232,17.861518080544414,10.818734229308347
233.61307690296945,475.5979058912197,17.798302837234786,10.84885704395441
233.58060875209893,475.67575651063424,17.721086772864993,10.887465076139279
233.6099524036793,475.6150753320912,17.680135402341847,10.838274686064892
233.60253487553496,475.6328496773514,17.67553587485679,10.759021836869351
233.69352462998197,475.5199513018646,17.716522125488467,10.816402981877161
233.61740979715745,475.6058966728476,17.72108677286502,10.73303294739975
233.5310937223128,475.6522184358672,17.94963425871856,10.816402981877161
233.616626126897,475.59571781222934,17.77604933761677,10.806303374306594
233.60681602720157,475.63619297882803,17.721086772864993,10.810249011769486
233.63035902540526,475.65207275677193,17.64387070849523,10.84885704395441
233.65285049533705,475.5712063421969,17.808020649375067,10.838274686064892
233.6557059851776,475.6558329529353,17.726769312175207,10.707788399550907
233.56934760639115,475.65433836223576,17.798302837234786,10.694424915214825
233.65467516591804,475.68773051889696,17.57306900021996,10.707788399550907
233.6222691208844,475.63502993406206,17.76314455213449,10.816402981877161
233.5741127390056,475.58403087014545,17.691812445574868,10.77630782056599
233.61824528328364,475.4883310267161,17.669899698842443,10.816402981877161
233.62521035813774,475.4874716799366,17.64816409058355,10.96615993309814
233.71569062561375,475.64840378964675,17.636921003949766,10.856192410797746
233.68835467231008,475.668064356178,17.606959628090095,10.77630782056599
233.56980640545288,475.5846248117694,17.672054312722565,10.821059102024947
233.6360237308457,475.6071061044069,17.622050150440515,10.753391625348684
233.52842820823207,475.53716979408256,17.84725206929599,10.922293064490304
233.56200658574267,475.66085852839,17.734238854317255,10.733881411823631
233.60051671259754,475.5795455892322,17.67553587485679,10.810255274187796
233.6324801200559,475.67411826602245,17.861518080544414,10.691455003081217
233.5379273227784,475.5843272496194,17.917987474132218,10.715659175706548
233.6230104503773,475.6192388920693,17.734651109868253,10.809692105062538
217.43568179611677,444.70962487225376,16.020788800400567,8.994127045838923
215.62172090132003,441.6342518101553,15.985655879151778,8.919995980566682
214.5751453058553,439.6569321513286,15.845122256536541,8.15092763529151
213.70020727303753,436.9059063676909,15.525268073125403,8.531904076222077
212.51025117532487,434.6174572392621,15.797984107402556,8.000820680544564
211.6123906838973,432.4658391428946,15.665135353063476,9.324485329204435
210.57146608643464,429.9045728617361,15.704589021445287,9.310326824794174
209.58470861054317,427.65301538800054,15.782624052167506,8.654987383446723
207.61462324193062,422.77310596885053,15.782624052167506,8.612560974704309
206.69373692066227,420.7787743003026,14.6371110161231,8.9519722446434
205.50869764873528,417.8652503847417,14.902700423367946,9.18871166000406
204.53675341032232,415.6658184250859,15.651533360455147,9.008076754218791
203.58572869334736,413.67955273518777,14.748268294628389,9.072887563449399
202.6383855962646,411.6297043150127,14.770746032336234,7.960856627817577
201.5021965505621,408.9098895882431,14.69442520531939,7.71316572079985
200.56489249897865,406.4670758196364,14.806816651092646,8.654987383446723
199.54116252152488,403.61423155471664,14.941308455552843,9.265927724373853
198.5795388158044,401.6516222971584,14.8576968223434,9.06831840536131
197.51785327030487,399.64090338738555,14.617320586667176,8.02252943826386
196.60304269874104,397.4942617131783,14.550296198432846,7.3776149738532695
195.79430087710998,394.7745152823489,14.525523766177798,8.670273875935607
194.77518856254596,392.5651541128074,14.552258198638327,7.891312026083767
194.40512586268972,390.8681179273631,13.986727993806682,7.5062106900095955
193.62870282976945,387.5926233256948,13.744459457821222,8.532375112860905
192.52024787256013,385.67894299803845,14.13053977967013,7.991862662272467
191.69700198467382,383.4642068729263,14.552258198638327,8.273149704765217
190.79177822540296,381.30609455530345,14.033350420452706,8.904883489390272
189.4864376713662,379.64160103053206,13.75361586057656,8.531904076222077
187.5890625868324,375.5558811044831,13.737317050183663,7.43166332223052
186.54929650376113,372.8066084452337,13.848693250688058,8.14629014746356
185.61888658376907,371.17839810659433,14.372383331596438,8.524510761452916
184.3663971616081,368.9678979813087,13.97903372629861,7.333697617774078
183.56781901109878,367.13572260378595,13.703223783769062,7.418942812868579
182.5122455380958,365.24612665143707,13.860283554375911,7.412742179499105
181.70008956258516,362.8855092772914,13.56712615399249,8.065679809761832
180.5529393926843,360.7015334326289,13.75361586057656,7.692700396593693
178.77026922739216,359.4280685265247,14.439404037149274,7.72160643697822
177.868972023975,356.7465891502869,13.473881300700441,8.531904076222077
176.62228767062018,354.6758379237586,13.800238287222584,7.832567676531767
176.07480306938194,352.83312103089395,13.17802484546445,7.609845333296391
175.59675388877912,351.45755481442717,12.770349031458125,7.594327164887034
174.80010756131475,349.7098259939369,12.542591231892544,6.780728593151991
172.77594158385546,347.76860871826705,13.661303615048212,6.873078216266492
171.6519253107672,345.71905745445537,13.007657034240196,6.806874290319229
170.6886432080263,344.342184505294,13.66037100728451,7.366343410071522
170.65333822329683,342.5614145245161,12.510374155033332,7.564412279787575
169.57685935996815,340.65499837267186,12.793198547791263,7.589185579198215
167.7630967235724,339.34136045917865,13.406745162593893,7.7640327998565795
167.58136423832053,337.611691235686,12.770349031458125,6.957931033751265
166.5770004226831,335.7557353147448,12.801313088871325,7.651693959938996
164.66263361210736,332.62744825700406,12.772219195487509,6.9534405187278026
163.5669601104241,330.7691144669601,12.8595008756389,7.477130599636212
162.49389281864538,329.3356142655874,12.852467326838024,6.682004157485437
161.5044036939968,327.5623464914124,12.948381262112918,7.289459080893209
160.59208171473216,326.4016016842575,12.858791010847824,6.569928740515138
160.56168589427537,324.47374579616934,12.858791010847824,7.202328298425698
159.59389395808526,322.5472209732341,12.787638806443624,6.830664207168638
159.24729815005915,321.52997033598973,12.21943522119534,6.749783265041231
158.51973831867355,319.73266316585534,11.771164179110428,6.743480495829374
157.6710323341296,317.8555700200871,12.724582079804804,7.257487769134912
156.58506015032714,316.59744749553226,12.74312530210372,6.924346625344015
157.58128076052836,314.9601065032861,10.889878989833619,5.541310105446314
155.5651676452327,313.55120748918034,12.364031723828504,6.777713321841759
154.82412783081736,311.7801130136756,12.52288437980917,6.698286993851411
154.61475952346288,310.5188806411029,12.14269692671715,6.047255810726199
154.54983914170566,308.8921955529242,11.878978094635698,6.443395628522865
153.54257730254824,307.4665286264068,11.901770400393389,7.010961916021188
152.73196943706122,305.89465898938965,12.191258144164465,6.569928740515138
152.57671708980735,304.6237782402658,11.753932927054564,6.982534412111647
151.56984740805166,303.5785841384853,11.966900083876851,6.274679911236319
150.69639669158894,300.4708928183547,11.755096542569305,6.460008009880426
150.65718016655018,298.79290648870904,11.588565916172513,7.107332526550692
149.54391095325207,297.4242349084841,11.841214607205956,7.797163426857992
149.62875249179214,296.10676535689777,11.73312183196677,6.601386821270808
148.71334756899773,294.4359771798779,12.33179137925572,7.694194621245003
148.56710535961605,293.48420857546495,11.781571985232745,6.433532567216957
148.1797636049677,291.74967112181344,11.189382395045328,7.273098556779473
147.69127948157214,290.830048832637,11.669528791780778,7.001717275068472
147.55844028903587,289.38771065990346,11.701500103539104,6.873832028035281
146.6386415829903,287.60301074408255,11.757214484599132,7.0591472212859685
146.58639211462562,286.7826820415403,11.564473263540123,6.529108863373722
145.63129342469136,285.6246990341637,11.511799544655446,6.903089501647798
145.45954899184164,284.46848163930235,10.940232762989098,6.029186392428869
144.59808781604096,283.51201257514913,10.574096635472074,5.945435466737138
143.7244164272756,281.8473203922419,11.54159834134282,6.699757085950239
143.6474926513277,280.6175461858755,10.64902859433883,6.745798990039361
142.62672765273794,279.68199099827507,10.771640979584618,6.563365471431496
142.6841150898059,278.78408518997065,10.645392558160921,5.656462712422126
141.5327312319125,277.39518066574567,10.881406934675624,5.242137647361972
140.5246440032072,275.89949632283015,11.317844362439445,6.426233663418998
140.65529340590675,274.6729743850885,10.733881411823603,5.600285953994899
139.04858245131481,272.6528189524071,11.234937365803319,5.6753807311789615
138.88001158837088,271.8354717568464,10.956270261815234,5.501446344230601
138.38256858669692,270.46970119127553,10.677458871854014,5.818778676759678
137.50121598943923,268.9352194070595,10.722554278694957,5.851072828621227
136.76370786553113,267.7288832531306,11.225587689300397,6.460008009880426
136.6426926586267,267.28984424189366,10.801980606685305,5.348039418015787
135.6752945323109,265.60005995417816,10.996725645889,6.534795431742339
135.661192825256,264.67255279705114,10.759021836869351,6.609113414076887
134.77324717811905,263.68877087642744,10.531989404935047,6.5752199047384465
134.70006212547645,262.74864282419765,10.648364978470227,6.313374864284242
133.64837382386887,261.55524426418566,10.68052586693372,6.815861901924791
133.55119955380405,260.6295460849013,10.806303374306594,6.650032845727139
133.40073976995714,259.54447328810807,10.561083298318835,5.295088595851325
132.60324411560924,258.65961102369704,10.830611192217674,6.226505219817454
132.59587588777114,257.6042457878959,10.424168689920606,5.713988763363886
131.70085355433008,256.5902325644179,10.655816883029928,5.212084344960317
131.5994637587738,255.5501424517406,10.643127950704638,5.798121943294291
130.61356564734436,254.64621818912175,10.72098962144625,4.867197742251648
130.64637005693342,253.59115446722834,10.50138475429037,5.868420892103444
130.68845999231155,252.52398231599847,10.163689008832847,5.827803330752772
130.0403136284277,251.7042492647901,10.266118179473239,5.642965621829632
129.5299978878538,249.58955126856617,9.981241884118532,5.824597385957759
129.57771790374028,248.8959158734223,9.630794784521584,5.6427123627373135
129.5793218905025,247.75239398665158,8.576984337125594,5.637680715975819
129.58776842976636,246.70564810995887,8.818460501974869,5.305129624694047
129.09365291829366,245.66736450686844,9.160503161551759,5.453941188669546
128.2833518860436,244.44023163278266,9.058837389773089,5.4690321475492
127.63191347538749,243.51537896081763,9.742962900147532,5.1627113193716525
127.55137760791031,242.72372602849128,9.78322139804088,5.403151687153297
127.62010406965926,241.66681629858485,9.80570962137675,5.926792547564304
127.59588470862907,240.52271926278684,9.756319798657628,5.766094622577441
127.38772348917848,239.69809555756999,8.967044489103301,5.831867565040284
126.5432236400131,238.56809004449025,9.902080231906226,6.26408968441757
126.46051789817955,237.66372352442687,9.950265537170992,6.0231631580938085
125.55393567689234,236.68224064238106,10.775505164021865,6.1158272552556525
125.60668627193364,235.71815706512982,9.875340113464759,5.692220172640532
125.75767119050667,234.8098270373827,9.588368375779197,5.854844406449246
125.60799413811209,234.03344150637756,9.756319798657628,6.42382404720604
124.91676669697273,233.09310267853874,10.469726014296867,6.429395505423912
124.69099165142363,231.74108980885737,10.590177191702637,6.662501584889839
124.5344183650451,231.7741631387921,9.998450842435744,5.85451458966719
123.67931065460792,229.71796490879046,11.317844362439445,7.001717275068472
123.87267990811652,229.13650963162564,9.715647602006342,7.25491589494797
123.64155251069322,227.79817234469652,9.872459765159121,7.834727856336258
123.73820867823255,227.8178933019127,9.858192953798806,7.206678986914994
123.32196007981229,226.7381424168691,9.84504820714723,7.798822501348013
122.69488527237803,226.40962411207914,9.785586527819277,7.172681224579577
122.7102283629218,225.60293636483377,9.715647602006342,8.145870478538058
122.728874432109,224.27707770325543,8.531904076222077,7.319720983425498
122.63485614684448,224.38008118094353,8.696196798258555,7.065659898585068
121.62008773141756,223.67656057324461,9.559422215732752,6.809889404518657
121.6350747591296,223.8268261319327,8.45515904849114,6.486149407061703
121.63803311959772,222.76355456086543,8.783327193202055,6.9212618282432175
121.61350023102503,222.59609963730435,8.552891684493233,6.577294168638446
121.54816755133871,222.54790158028166,8.789846964263518,7.651402929735411
120.67878876248378,222.2378444747259,9.652008046222761,6.910837761095507
120.60108761731368,221.9849770272657,9.74645428357249,6.691595478273655
120.71948737266423,221.98185622885185,9.883656239332126,6.563365471431496
120.6347179387261,222.10860524714002,8.902731375442315,6.167905397365274
120.71294454866405,221.69945248028756,9.84504820714723,6.254501213952352
120.64679401272241,221.54396997243248,8.902731375442329,5.90606035691107
119.7310665033302,221.49976611978167,9.427455086343315,5.875716193348865
119.81177002950757,221.47843359159248,9.709339010847245,5.709958673872933
119.63950227524029,220.88304856771913,9.690012014820638,6.512958895207305
119.64536458846582,220.66669730447776,9.709339010847245,6.215904379152818
119.62443217394242,220.65345807575898,9.709339010847245,5.87860724229958
119.55197080622642,220.62371463575474,9.636393726288702,6.543969238556315
119.52991536896816,220.55623586856055,9.676295977743322,6.264653478374015
119.17286830269082,220.65154309896027,9.476784720470263,5.945435466737138
119.24549945302631,220.54635387531974,9.377029091833734,5.9653865924644265
119.29837913446977,220.63493562442244,9.142439002337596,6.467672675514592
119.09673428735177,220.53539686447152,9.319355817532411,5.189186762035092
119.2684712326132,220.52726399028515,9.339757829726182,4.9110463705602285
119.68868892651312,220.53869225062874,8.78635580190712,5.004149662013333
118.61224615939491,220.46050592194985,9.776051606379866,5.047634809008372
118.57013169434012,219.57560884760193,9.795913785474426,5.877548271284638
118.73402679841836,219.58197463499104,9.687307462765958,5.786807428252928
118.63343257500128,219.53647344208036,9.822092741120485,5.809943250885993
118.54755871721461,219.58420861965013,9.875807235016381,5.646168580827549
118.60467394152715,219.61818312675405,10.007020580349007,5.690893492978034
118.5834454065558,219.59318935962716,9.796002732107155,5.326950569190643
118.62006097048851,219.50374041544134,9.757524316111983,5.661773368608181
118.69564591118669,218.87749732172634,9.668622542040481,5.503002852725984
118.72890111549991,218.56367692044614,9.637061129493745,6.142302697919092
118.62075259283269,218.68300948892153,9.690012014820624,5.824597385957759
118.57120162878665,218.67943310369526,9.778244112811919,6.138807963200293
119.5892986549151,218.62488371673896,8.91428147397886,5.758143979137685
119.61315012908072,218.6115539463493,8.967044489103287,5.6345487376516985
119.58734337061844,218.6381723709134,8.835498604177587,5.70032168011457
119.62284934935373,218.62627500213446,8.869273292253851,5.665744729977092
119.5729199443382,218.62578083202908,8.92319586079472,5.481078538571694
119.52346701335817,218.5970842793306,9.556589223379476,4.888025803189919
119.53502340159173,218.55466647019213,9.61058568683029,4.924432335400638
119.6270914113639,218.5723513762991,9.688266496804872,5.644215316456894
119.61191447281998,218.6246978912989,9.742962900147532,4.871481450073759
119.56780035285784,218.59378125848036,9.80464207034008,4.858680195094337
119.59358030565717,218.6459182769669,9.865941369429052,4.9110463705602285
119.56384759729548,218.5473218778578,9.875807235016396,4.947879180371842
119.58189064669175,218.54621908887174,9.829802274009111,4.8667158317398105
119.60469177885813,218.55170083466797,9.757524316111983,4.963086442269315
119.53984814868438,218.4765376112159,9.844017055274762,5.064516569640261
119.53239948976507,218.3354992316952,9.835904983561775,5.147390437644901
119.5725281096746,217.54686310907118,9.734395484503338,5.9195648216574455
119.53703130445612,217.57406077074123,9.756319798657614,5.809943250885993
119.6195602718015,216.70512030318042,9.685246358214869,6.215904379152818
119.62364952278998,216.63142703797615,9.712471170349062,5.70032168011457
119.69146377541135,215.88246990329955,9.751250086282582,5.658922181219737
119.67802746891415,215.63660703505715,9.742962900147532,5.798121943294319
120.42901635090485,215.30767721883376,8.986559431875975,5.228105621225438
120.65945402346614,214.43309614688098,9.396134526626355,5.999070505461447
120.58189096023573,213.5840220636448,9.028125948234518,5.956974599274986
120.5676436736959,213.41456918261943,9.688266496804886,5.5569336363055015
120.66437165896838,212.75007584845778,9.716487457484078,4.845006007410319
120.56003810479251,212.48364439314622,9.865941369429066,4.954894998868809
120.6301276679676,211.6022543570179,9.733431663479621,5.8063292844024375
120.58760596004507,211.4932121200672,9.865941369429066,5.809943250885993
120.67504709815105,210.6348350581437,9.84716402155749,5.786807428252928
120.52414710955156,210.52632403450826,9.891923750491458,4.858680195094337
120.63855735747877,210.5810562262903,9.847164021557475,4.923582010778745
120.66874588391664,209.67868744073385,9.757524316111983,5.758143979137685
120.57583365004645,209.52894665003083,9.795913785474411,5.930499156611546
120.56961425303626,209.54870417089865,9.844017055274776,5.064516569640261
120.53765492235084,209.62419828603134,9.822092741120485,4.8891220564059665
120.62665313765919,209.48905461100634,9.716487457484078,4.950907778064106
120.54386613167215,209.54663779818407,9.80464207034008,4.945961875245729
120.53330382647073,209.48210307659198,9.844017055274776,5.37145696780027
120.5755509446506,209.04840199364597,9.822389228137851,5.6392692873136525
120.58219974009602,208.62659327504036,9.712471170349048,5.853791879194574
120.61358607094019,208.63546990091507,9.74645428357249,5.876966463527282
120.56863484673293,208.62885232586254,9.865941369429052,5.766094622577413
120.53967593364243,208.70381847151273,9.844017055274776,5.788018936731703
120.57834759153185,208.61424529129306,9.733431663479607,5.8063292844024375
120.58914218235307,208.56227575058662,9.805709621376735,5.637680715975819
120.55778762485814,208.56034105703182,9.781616968744359,5.8063292844024375
120.51885885589459,208.61826567149268,9.844017055274776,5.809943250885993
120.58548842365659,208.6745581553089,9.822092741120485,5.788018936731703
120.59447499500564,209.41397871177875,9.749516581930607,5.301413113452014
120.61329973804882,209.55708314420866,9.742962900147518,5.7716465006308795
120.59370699740869,209.52914398640323,9.757524316111997,5.011271747534067
120.72714400270927,209.43528051624457,9.781616968744359,5.131735010695934
121.57509732111357,208.65190248243943,9.571890923269692,5.818778676759678
121.57213350172336,208.59538449315906,9.690616078407658,5.67538073117899
121.5758748558705,209.175378759331,9.853894926641487,5.4690321475492
122.53979995835581,208.59575356214555,9.537076657114767,5.766094622577441
123.23617407511131,208.62196023936846,9.317833515571891,5.809943250885993
123.60441516370173,208.4922180503204,9.804642070340066,5.964248143678674
124.62008804455189,208.71666441551477,9.688266496804886,5.731496996608286
125.68001809179194,208.72677286800877,9.493228028806186,5.70032168011457
126.8799490751409,208.75383426028503,8.922224177580745,5.665744729977092
127.21421233110907,208.57441533437782,9.265927724373867,5.984244988658105
128.74342092831134,208.62144633975709,8.408454992433832,5.75483611649463
130.64491626984682,209.899680585701,8.551567980292532,4.5537761381124255
130.26619947024298,208.53822490592944,10.05505887194542,6.024550041418792
132.62474799027203,210.01408726292973,9.531159358839972,4.262546268814532
133.62491460472705,209.82242617549775,8.699074121755729,4.567741261256344
134.67486073236435,209.83380922470786,9.426421456350681,4.567741261256344
136.60262667491548,209.634234863665,8.841239370340048,5.713988763363886
137.76911614399882,209.76826195698604,9.372306702859305,4.606727023439305
140.60834411854376,209.44099071290893,7.80100006902606,5.019495946053667
141.8330018163179,209.40143886794954,8.495416868069157,4.713210728175341
143.41445311827798,209.3055281864936,9.001650505571092,4.368448039468319
144.80253265519812,208.4702787401706,9.637061129493759,5.056809548717865
146.45193228016055,207.76885344444102,9.557634801503411,5.6392692873136525
151.6157666848687,209.48432359259638,8.739840200931468,3.98808242178427
152.734182067062,208.90322796035178,9.381751820928542,4.517139765632265
154.55395482361808,207.7131193309783,7.916157356369865,5.480416631332986
157.59913577265777,208.5047645029404,7.739322823239689,3.9629062649118794
159.8006562463834,209.03815203904696,8.146294791012025,3.281682735715748
160.68642446407097,209.14911882344333,8.640886334988124,3.2003282722178312
162.44341711515244,208.0516611884091,8.572527340565216,4.497063522919461
164.72904811934455,208.85911002871717,8.376483680675534,3.516844293413385
166.603416631618,208.81567001861828,8.472141652302184,3.6006602022284255
169.67439108440098,208.30951867116897,8.445666209638745,3.9977918421801064
171.05726353782288,207.74080400395485,9.251858096047897,3.840393926661392
173.91662742351772,208.27251086570956,8.462785263554707,3.2667228089887317
175.52786609499375,207.67772800718052,8.793818210816966,3.7584538106505363
178.57278140289327,207.68623400392138,8.31961942828653,3.750811636733488
180.75723793116268,207.45999058161402,8.265466436166122,3.9683008619259112
182.20631412194084,207.5759933979356,8.78635580190712,3.985863393580388
185.56684843621,207.97181407541515,7.335526115129312,3.3588988000855124
185.68219917268328,206.81017204375738,10.077785868782286,4.504038377109396
190.6433621148211,208.24648104175296,7.785945249885714,3.1703250119295205
192.4339772281262,206.98750952732337,7.662331582849731,4.190337584370951
193.32264838461654,206.6879887946008,9.655336151007674,5.083438569570262
199.520532142273,207.6545543308317,8.551710019670253,3.6838135469348856
202.67726792629068,208.32384918044445,8.117196254079772,2.182042003784886
204.63188845008344,207.86729291694883,8.029462244774635,2.5938797786617727
206.73697103150462,207.54359593820848,8.517120083772596,3.2125979263352917
209.62557324121576,207.9423439853033,8.697413792189082,2.630437342027932
211.52962310391212,207.36381604646175,9.345879632502005,3.3780287828320468
214.19586859822098,207.81335691241773,8.998128342682293,2.797345598761325
216.49847113666337,206.35168588847168,8.527708157219536,3.98808242178427
219.43698866421397,207.29610055817074,7.954541900651435,3.12742673017064
220.56033748535611,205.80574534167263,10.332066428134112,4.578280932227102
224.28145956808262,205.87518547680352,7.954541900651435,4.419189944806362
227.6089247083662,207.1305482787074,8.197349970948068,3.125239676423945
228.39336783736172,205.62399633923846,9.338947460276984,4.183848462204082
230.43519645003593,205.63313772374843,9.837332022310704,4.009528691557904
231.94943178742903,205.64413440259568,11.081968630822104,3.671327031069893
234.8902631574294,205.82404865971722,9.939286839774553,3.6888074869266347
238.29903862363494,205.63565256134157,9.036825062128173,3.8183767868147243
241.24084843686913,205.32815921685696,7.97616484356854,4.285067282980975
241.82979515185866,205.6765190180315,10.349154338321938,3.791274361563495
244.86045050862404,205.54145883076106,9.42695246659028,3.842507798881911
247.72054166694664,206.49642045096863,8.112302236407885,2.8439680254073494
252.75104397046326,205.99264425815554,7.1276366687208395,3.3941126993908597
255.75019708421053,205.20720505985815,7.3776149738532695,4.508542484021433
256.9331677149417,204.64255261907203,9.175766474633122,4.092327905062859
257.29428730591746,204.62251580239,11.19822768558248,4.0214629810102736
260.7429716487745,204.561355612637,9.588368375779169,3.8608031955571107
262.87063601575545,204.66017797900514,8.765016209452199,3.77641655832781
265.64449810534575,204.73120017799113,9.503515558294396,3.7335239693299513
267.63699393493846,203.61707235879797,9.683682510785218,5.010742694534201
270.15590014244566,203.81336017063757,8.709684344132313,4.662242795976709
274.7455363597942,205.42153171600523,7.59350617317142,3.054858805298835
275.3612176444945,203.61882066390487,9.52941934122714,4.969643419887262
276.90530253758845,203.7228708478344,10.528189706493208,4.785540775678726
279.65120074096666,203.57474101848513,8.50470637922848,4.914901137004563
282.31341130618364,203.63637686405752,8.78332719320207,4.567330140465089
284.12955624492014,203.57334822161977,9.418662740809623,4.454772917950521
286.2518968649041,203.4558209961829,10.070963203865631,4.092327905062859
288.9287322998951,203.6469906628923,9.426421456350681,3.898581713428996
289.6475754024562,203.44092322750635,10.50138475429037,4.169667475968225
292.9972364046385,203.6655140676597,9.204926898475776,4.005197200100156
298.4454035335209,204.0369827540514,8.670273875935607,3.8284326205429977
301.46208857778004,203.9122199748492,7.142485954204858,3.590546993194863
303.530450396315,204.3730521250881,7.798822501348013,3.3588988000855124
303.83695977616566,202.46861805302242,9.375719029271863,5.481977793071536
307.74732714645666,203.36842354934714,7.5062106900095955,4.708865091248242
308.5232124908878,202.8823171846065,9.574791981852968,5.366516473699875
310.7820557764792,202.80899379787473,9.079251470870531,4.6244785529200385
312.71294503505317,203.32914922277203,7.806459208598994,3.903229604299497
315.21858667068847,203.7598851395154,7.879190103177734,4.149395971495977
316.84605561726653,204.16603444801055,8.83917531507717,3.941033579970707
319.29219787274553,202.6386916875827,7.769466200513705,4.841841255392609
321.33883226687027,202.48115007096018,8.504368927708754,4.092327905062859
323.4776250396583,203.1947239198647,8.888727119520468,3.372797642189596
325.53105244471124,203.04174811982006,7.941182784355931,3.791274361563495
327.33462745655294,203.37573075055067,7.4242393495574674,3.155301723561905
329.6264654146158,203.3878838129621,8.625148929514125,3.0770801586374716
331.60095458279466,203.4072485608744,8.351050282903373,3.5863406122897743
332.64362300262246,203.42781998758016,8.524510761452916,3.6949244597423956
332.91240268362515,201.6998155983554,9.627382031071306,4.672939816250988
336.0579687958432,201.5368404458109,8.154436340340851,4.924432335400638
337.2248773443344,201.55428485512104,9.450860059885429,5.586196094876527
340.2757012875312,201.5349664066445,10.083259617795989,5.83212925628618
341.93528052660736,201.53654809006719,10.269736561181048,5.443732538069639
344.15965278604824,201.56437513401357,9.397327562966893,5.004149662013333
345.9955115558555,201.57104271302111,9.164363316491858,4.582181658245929
348.389774878787,201.4869739727185,8.82469301841627,4.369920100465748
350.0174114794291,201.29762177578093,9.451733030849653,4.262546268814532
351.417992643583,200.63864117535869,8.792110733533491,4.9555533225370425
351.27690413238,200.5678830078328,11.562361808213495,5.314956637646532
353.30237902335716,200.5691968972986,10.471889226779354,5.067043174248084
357.59816170315946,200.48108668326745,7.614604212589427,4.895102708093191
359.6634288920079,200.6421005904442,7.417344327926401,5.307237751878375
359.4099843467204,200.43343846566532,9.879135333315787,4.827668075503823
362.632142478039,200.27502386709725,7.834727856336258,4.742996684329114
363.6642736753698,201.07331319434357,7.995583684360213,3.6006602022284255
365.67481953971264,200.01847054014584,7.848885617341352,4.412346509208135
364.45455913967453,199.35602766584185,10.473801618167442,5.411464169386505
366.4954416114465,199.65256293976375,9.8989857994099,5.691916834660702
368.4449708085728,199.46471530846128,9.930576875602753,5.221711784354483
370.4950194852106,199.6489749401476,9.048200842361325,4.422271794337377
371.63566398768967,199.66801640298863,9.51659778978825,3.7584538106505363
372.647057810726,199.5576266583421,10.192520496811255,3.86080321848911
376.14080248805016,198.74754958280624,9.556259986203827,5.19972969837562
377.47122770345584,198.65694221601052,9.169793589702977,5.5159294773309
378.5217600080579,198.6657904187656,9.852583949926782,5.235944613389677
381.24266107872046,198.49665885429943,9.137995622620338,4.708865091248242
382.4231910846257,198.409425575329,9.875340113464745,4.394923482131759
384.1207544958082,197.6724955481364,9.734395484503352,5.283759711183109
385.0455813970489,197.54449390964882,10.066487110794242,5.062337448780937
387.2028416167199,197.72652130171426,9.280951989431685,4.713210728175341
388.5342891395849,197.43429709510707,10.710389439031701,5.051467257811964
390.15628278607414,197.45000188999524,10.294762386173716,5.339209063636702
391.9608096026188,197.58819989890097,10.346952625550784,5.173476312775392
392.81708363266705,197.56867888109596,10.629913275293063,3.9629062649118794
394.731975426188,197.41360317990944,10.424168689920577,4.401315669077576
396.8891386111179,197.63008730414418,9.367594345182908,4.571897581437412
398.8841603015702,197.64999372710813,9.420359853113439,3.8994112506740066
399.92909834011976,197.57621733308812,10.140094540099199,5.427465746006106
401.5513072106612,197.2738713308128,10.576674505612743,5.155827663328296
403.3693030280951,196.9152192039972,9.742962900147518,5.242137647361972
406.2203245723946,196.71177612523795,9.09952697215732,5.586196094876527
406.67442784479056,196.5544145556551,9.661153705582478,5.613588063343428
409.99921141685917,196.55415082289517,9.361682143880444,5.34953265364598
411.075366829544,196.58174449381912,10.294059470432842,3.8997972737817292
412.1655725747636,196.56976550409163,11.157721301433526,3.938019282858903
415.2364310210634,196.5807760309281,9.137615583106083,3.8705183910973346
414.94122754268136,196.51983390631068,11.389369494542848,3.938019282858903
416.8675665605912,196.4281221042609,10.52174936811167,4.0305088305266565
419.2068757520219,196.59095208274687,9.757524316111983,3.830731768547679
420.8755893595437,195.6834082691638,10.53722618005088,4.739104236756532
422.44870319792204,195.92282684152752,9.800168426966195,4.62603028655451
423.7451636820365,195.60111180346286,10.578600818660163,4.864612055296277
425.2125864053541,196.1264587219212,10.764740552005435,4.364084007569772
427.71440417423713,195.715657635212,9.836819965137693,4.713476233295154
429.7686205404366,195.65581191421285,9.744087169018655,4.988599651124389
430.5736854097871,195.48333597845547,9.84716402155749,4.859639387262149
431.8762603280291,195.4954391770803,10.303556288770892,5.9676706106908455
433.6164830777718,195.63957966050833,10.643127950704638,5.321563975352319
435.6545593134332,195.51948739490624,9.697464742372631,5.734558477460752
436.7660401724325,195.5627807931716,10.294762386173716,5.786807428252928
438.58966316522503,195.523474361907,10.793834445389223,4.131332860499384
439.98886317962797,195.54644036576013,10.926459028343402,4.88352991942034
442.708215804026,195.5574281254269,11.285873050681118,4.34809839912927
444.91921479017606,195.51563514692361,10.424168689920577,4.131059443783357
447.4383784377443,195.90581860102654,9.939286839774525,5.020876857205707
448.16652871372105,195.5532409926414,10.697091145634829,4.954442214820347
450.1301438904866,195.51374701164275,9.88365623933214,5.250692377145185
450.75637880125566,195.42419763209446,11.00328917269394,5.289300409330082
452.581359837459,195.45354149209263,10.838274686064892,4.571897581437412
455.31966622236746,195.39800917291015,10.198848450898822,4.6358402049540075
456.1318884021285,195.5282293056519,11.04025959065632,4.421398924795199
456.78525958077563,195.46190386867994,11.375872101629454,4.056151118203928
458.54673645077503,195.39254821389372,10.750792484479348,4.040330508872955
460.51370937763807,195.52035407307218,9.88365623933214,3.938019282858903
462.7853005804953,195.35666351801342,9.574791981852968,4.169667475968225
463.90529288473283,195.29594632596803,10.610259249388093,4.286263670282608
465.59305976432086,195.571448908107,9.688266496804886,4.014957286964176
467.5197941703427,195.52570083583691,8.815449695290908,4.044051180347992
467.9082790923525,194.65988873064936,10.479322959369313,5.473006727767768
469.7602395204901,194.84441530612926,10.444707724783655,4.916867981861941
471.9143975128448,195.08159609446608,9.206530697097719,5.048742640343903
473.03094511967197,194.60365148601684,8.858261062744248,5.454823917584605
474.0053629072984,194.7544498696814,10.19545402636669,4.20114186011088
476.0867863897292,194.69349135572278,10.329192779205641,4.391663596601035
476.39829060785695,194.55415630796583,11.485297861628965,4.109935019112328
