134.35918602356395,362.0811421778395,15.943563138327335,10.453326692016503
134.13073436624023,361.08507683937887,16.669163409552084,10.894878045458881
134.11280662695822,360.1864020730006,16.50222866292623,9.93417745380134
134.32556461426935,359.3055006545802,16.42012717839603,9.92425269023937
134.23848368745118,358.3292114689937,16.452984102202123,10.130143104248418
134.21046689950586,357.7932545527386,16.5103476573982,9.743811732234974
134.40058700302257,357.2573048624161,16.131359619523693,9.930576875602753
134.64921217232674,356.348102054505,15.909083801302899,10.26611817947321
133.5195804632723,355.4824277136338,17.241134423952758,10.016278093915389
133.65656401283118,354.64250471233726,16.83384343444638,10.021485389068403
133.5462908337206,354.2853151763832,16.05924526238732,9.292709337224096
133.4129424275722,353.46054266169284,16.584329303040278,9.605774893345085
133.78012707612203,352.57162971167406,15.944869912939623,9.79070959566468
133.74208481981793,351.97482151107613,16.969588183120095,9.690097500083368
134.0481297569791,351.742050756533,15.969024783385152,9.292709337224096
134.51456670413015,350.67139043175,15.599121621671543,9.85207681368729
134.42248479255963,350.7297293957382,15.927524182127797,8.866869132318584
134.42797371992862,348.908166827404,15.878804304382953,9.834032211237172
134.41767903618072,347.59487354088964,16.089687367325155,10.182883845784659
134.44045569181574,347.2941804552817,15.906521946369963,9.587492680003834
134.45039100085648,346.7119386630145,16.173826102469974,9.277372332888888
134.46143752948305,346.06176184962646,16.023983262794815,9.58964249317836
133.8862846916899,345.39770562704564,16.599633691169856,9.170785279998142
134.3246322086296,345.3091915948539,16.113046414140115,8.54715002031486
134.40547698087178,344.43581402725414,15.98933623873836,9.064377233932646
134.51632461874706,343.5522081269375,15.906509260175113,8.879847402524945
133.89313959275785,342.63448632215534,16.724934252651764,8.90636742722512
133.8497813600801,342.4154568156577,16.550961459337913,9.277862902558411
133.7586808709224,341.35323625143735,16.76640719775054,8.785349896976356
133.73060296212105,340.4828603397531,16.812355301398355,8.789380465105069
133.7735664322405,339.4947477305887,16.724934252651764,10.062155566636022
133.30251492362288,338.79169986513034,16.99483250361058,9.76997617357324
133.4899876558292,338.3449788443503,16.967504897673876,9.374745588909946
133.61444445483127,337.54362809465056,16.890143914160234,9.176978193360412
133.5352806564104,336.43818320990215,16.249021489364907,9.450267728124345
133.63964353396844,335.529752254836,15.900245940302199,9.218430525700512
133.58053806844862,335.489319088979,15.946565968469372,8.923843998841392
133.69257267346342,333.38860565635935,15.813010977532684,9.282524561875448
133.63358891537106,332.7125113588668,15.764143312947539,8.741254822819258
133.4248212377855,331.58229835332764,16.18103395175251,8.974354964837516
133.56965191954487,330.6601597469325,15.838377279055862,9.837117138163592
133.62547553860276,330.3210692203465,15.838377279055862,9.156561864454204
133.59976389821804,329.89068761814883,15.82043479959674,8.670273875935607
133.75897265977395,328.57610007167557,15.652771295316938,9.09469320320784
133.4394494258475,327.4863959522585,15.962114601548507,9.28029918694682
133.5465510887065,327.3893412660304,15.80500263300155,8.718393782806174
133.49751569731248,326.4635142476744,15.988278051994172,9.11481272123035
133.55718025984018,325.44516707800096,15.933599006030335,8.914618093406034
133.5988801982877,324.6376269438775,15.779898694075058,8.914618093406034
132.68326425060806,323.5089984969237,16.777542954732496,9.571081551357452
132.6228966446097,323.2591240113596,16.55234103587702,9.176978193360412
132.60675608164658,321.92823610942304,16.5242377751334,9.420359853113439
132.49200740707732,321.52669545524054,16.631152227015235,9.036825062128173
132.37695696245999,320.50737728186476,17.11196806435413,8.914618093406034
132.53887137175178,319.5780171345249,16.737451165921982,9.044750769328289
132.42864836187823,318.6467706297362,16.091725462355924,8.702667852090428
132.516978942815,317.4236700633869,16.084737192877668,9.277862902558411
132.5821986370342,316.2998676123392,15.773108726078078,9.178317577674761
132.50153561427837,315.44770255516465,15.96378792277008,8.968899662778142
132.4951707822635,314.89053089703475,15.950522182854968,8.502260723019617
132.43234878340093,313.89139961463906,15.83885489262974,9.338947460276984
132.37777750251837,313.36559719572386,16.045636718452215,8.613973396221695
131.84934402537684,312.51092973134433,16.55234103587702,9.064377233932646
131.67208644978354,311.55905229599307,16.716005044500008,8.994398653385815
132.55432878279692,311.44244071950044,15.779898694075058,8.197349970948096
132.40649752060207,309.4307863141076,16.023983262794815,8.7853498969763
132.29404306608356,308.6248113300238,16.08729931798561,8.914618093406034
132.46233788907313,307.75075756628513,15.990711673779288,8.546079979975161
132.62050540453097,306.99165868560294,15.80500263300155,8.625148929514125
131.63606577165527,306.1535517156599,16.748530583268405,9.441573613116987
131.5829623066407,304.64298422913276,16.447021710763607,9.03427953126453
131.5624935358133,304.04776200064174,17.0138818427358,8.414137929498452
132.33690532182985,303.3107490830255,16.131359619523693,8.25216951634593
131.88507137365832,302.3225837347176,16.585970689451898,7.919427446314899
131.57162406326992,301.5684464878306,16.39519523027269,7.981057300774239
131.54102340538697,300.3307371682637,16.766407197750567,8.166663284513163
131.55103360183898,299.02907888969827,16.877318445860055,8.531904076222077
131.701999103442,296.50604790218335,15.764143312947539,9.04010114154812
131.5361916778693,295.6930168986342,16.009624822241847,8.784768492204478
131.49012048004488,295.2289916809432,15.98933623873836,8.10726907879689
131.5648816560739,293.5316636049507,15.876735279310623,9.233278673074267
131.5787797087935,292.44772348329445,15.841096263690474,9.246305115287157
131.49601257106508,291.65525508218286,16.023983262794815,8.909087219468915
131.68739890152588,290.2809875544314,16.333326569026383,9.09469320320784
131.67409848243219,289.18921174846207,15.969024783385152,9.292709337224096
131.60783233929584,288.2236306474706,15.920272578570149,8.322946798418116
131.46050727743318,287.37607398060175,15.962114601548507,8.290400607005836
131.67856095578117,286.337618955988,15.652771295316938,8.290400607005836
131.7090099665742,284.72353246753124,16.588959177426943,8.838379889612725
131.64369362013878,284.40142985964263,16.92889686548898,8.090516975876255
131.61474120730378,282.39361554326535,16.744674447241238,8.922682381121149
131.44837291028455,281.4050619050945,17.00950118971727,9.119551842679698
131.6044957691787,280.2369894060654,16.83069601921403,8.25216951634593
131.67835662022208,279.49407321077035,16.753334003125133,7.992416221674375
131.63626742009583,277.93760798539415,16.724934252651764,8.430454663938292
131.56512816889048,276.84496181686364,16.871710064797412,8.648199209415623
131.65853557973008,275.54136260432847,16.720996049592742,8.088741874850768
131.6484300798706,273.34545114085984,16.833102032612516,8.33933495193645
131.66193556854043,272.4774363197066,16.784073592568006,8.065679809761832
131.4981997003307,271.5989825700971,16.92394087250608,7.972434956469783
131.66369559603243,270.40230324863313,16.737451165921982,8.065679809761832
132.15513392095744,269.0783800964486,16.32990669939383,8.210063589198
132.10633607215374,267.6059722920205,16.287124370723035,8.741254822819258
132.14374281445112,266.1689534421337,16.436547530087466,8.666543243137028
132.22138648373416,265.4238709917389,16.20688813959137,7.933738434826125
131.74390016205908,264.31703041972634,16.50222866292623,7.96376209106387
131.80477420405643,263.6186080245868,16.580801214011615,8.042925962020547
131.43670511914252,261.7798843939061,17.02614219353697,7.876038565717806
131.48937356898603,260.6482918200738,17.059045353301826,8.163569558510801
131.8337223785762,260.087545210712,16.599633691169856,8.094883096311207
132.36584721008907,257.56749681001696,16.036065880667167,8.760917781450758
132.73739470405093,256.7880308041502,15.59090263407063,8.042925962020547
132.49186368829868,256.2257002362368,15.962114601548507,7.919188639527931
132.45039103660326,254.49213900620413,15.983725324544906,8.06907872664226
132.5415309376632,253.49586740127543,15.88025556530934,7.9401277826546846
132.6780965085809,251.54093541403256,15.70783384016903,9.008076754218791
132.47576560813505,250.46519052149915,16.084737192877668,8.065679809761832
132.60124179122323,249.35571169100967,15.70783384016903,8.388771477366276
132.4458253442104,247.54225921858603,16.084737192877668,7.925812529823787
132.57012360201517,245.8193968093658,15.867476869652279,8.782266609673854
132.59714643450874,245.38298920814296,15.831132131393474,8.146116533629652
132.48211743167988,243.65207529189388,15.98933623873836,8.782874835363316
132.55352226405003,242.72313497571946,15.841096263690474,8.974354964837516
132.44388133529975,241.53596549093677,16.036065880667195,7.992416221674375
132.55816999703717,240.72310975745935,15.98483244334875,7.736249035082238
132.68942439486142,239.46105858182446,15.84542354201372,8.264538061198408
132.59219324601213,237.5317810602158,15.882365568711919,8.812151218769174
132.53217290555634,236.69624666416715,15.898247486293599,7.692700396593665
132.49502571925208,235.5670204323696,15.909903278394665,7.933738434826154
131.6851574822101,234.08143350977502,16.653188358311127,7.659061312472204
131.51418403656726,232.41876775275836,16.777542954732496,7.99466811936918
131.6468483086239,231.47905604122155,16.702100565806717,8.094883096311236
131.54244142926882,229.89572964836879,16.83384343444635,7.4316633222304915
131.64952067496702,228.48394957938496,16.737451165921982,7.925812529823787
131.55431113981885,226.579017419529,16.877318445860055,8.205547089699905
131.51555701134498,225.40931334679863,16.890143914160234,8.050968599083035
131.6331420624203,225.57777208221754,16.724934252651764,7.954541900651435
131.5759813098735,222.71337415204644,16.766407197750567,7.919188639527931
131.49686421829094,220.62933955693327,16.724934252651764,7.886554363039039
131.59323562702528,217.3393397949047,16.327139117021574,7.8820671599414425
131.6270863515376,216.25415342915764,15.838377279055862,8.042925962020576
131.46275877890997,215.29631145053264,15.991492339585648,8.67177135616015
130.57099618239278,213.3784199405822,16.748530583268405,7.7995608108357715
130.55573921054722,211.46056330102635,16.81010542849856,8.218273765043733
130.62320921336828,209.330961091804,16.520971639814547,8.090516975876255
130.51644512393082,208.02450202966673,16.92889686548898,8.362467126325868
130.39454740599052,206.55844938228032,16.173826102469974,7.7995608108357715
130.11405031457886,205.4625679298867,16.42012802281215,7.963762091063899
129.54147912137802,203.67982365080837,16.855800877761993,8.812151218769174
129.58296877773014,203.2254714929921,16.95201318148949,7.053027382079563
129.503492714506,202.3845875761484,16.79292179026416,7.4786291373646065
129.54041547660012,201.34474760030056,16.946444393874117,8.050968599083035
129.63530684737594,200.4222458237435,15.98933623873836,7.8820671599414425
128.84090914195275,199.70355025802877,16.599633691169856,8.658450906813897
128.5599129348936,199.66205193549155,16.833102032612516,7.760214469163117
128.50432528662728,199.50560303023337,16.90703431508041,7.275148099216409
128.55894562714624,198.75917771558835,16.970563299152104,7.64607796994764
128.7273074006153,198.63068080210172,16.59758388598391,7.879190103177763
128.5706938849238,198.53658685133956,16.92394087250608,7.692700396593665
128.57805887153341,197.52123083784568,16.88085260838426,7.960856627817577
128.46031545170587,197.59799222296357,16.987534161352073,7.798822501348013
128.57199150812434,197.62529849319105,16.885710679469554,7.806459208598994
128.48025298925717,197.603721681017,16.871710064797412,7.837430533532881
127.30396745833097,197.3357963579273,18.15491386277843,8.442408504090395
127.44402020283044,197.37563421667005,17.11534583301571,7.99466811936918
127.64111000587302,197.52917883610314,16.82827585899686,7.733582655789007
127.65913182847318,197.38512442756962,16.833843434446365,8.107269078796918
127.47929188191675,197.34610711935912,16.89014452024317,8.104794623266883
127.51778961643224,197.60410410488421,16.8331020326125,7.760214469163117
127.60779723913741,197.44114713141954,16.642669875257937,7.919188639527931
127.58178326745002,197.35132857340994,16.918107257514947,7.6166422719936975
127.52977118749362,197.6677093063753,16.91031809698228,7.837430533532881
127.42488686021609,197.5192464083272,16.95826775239884,7.992416221674375
126.63670279438287,197.5983329058137,16.84888129662596,7.896914004300982
126.6080180243118,197.5302127699485,16.855800877761993,7.889949347037515
126.60765123951923,197.43407140795452,16.928137088211926,7.891312026083767
126.59520526460274,197.43788561428178,16.78407359256802,7.972434956469812
126.53010473616527,197.43179144939836,16.885710679469554,7.127636668720811
126.00287553867922,197.6021338284649,17.564533219347695,7.933738434826154
126.33792567547783,197.49022565943258,17.064750225721866,7.991862662272467
126.40669291178862,197.5853459711475,16.969388137266392,7.904994473881857
125.69300656426752,197.58778283154115,16.843284270727153,7.848885617341381
125.67160222643396,197.50504632927277,16.833843434446365,8.050968599083035
125.78884876611912,197.41304488962484,16.88085260838426,8.024799251334201
126.33634474961156,197.44882277888533,16.44593337921458,8.094883096311236
125.73593742848138,197.51818646166134,17.01718572579813,8.485281649576052
125.58033752259564,197.52416505574806,17.039654754812005,8.994127045838923
126.39765335461479,197.4990248198416,16.24142637321819,9.111823851116498
126.43553088758989,197.30090292895812,17.074788063584833,9.09952697215735
126.36456807591249,197.43403681400633,16.89014452024317,9.094693203207868
126.55710156079081,197.91266107999553,16.877318445860055,8.438659222930028
126.56962170737658,198.38669945202605,16.871710064797398,7.991862662272467
126.50592727498277,198.3564286450532,16.987534161352087,8.184902823196921
126.55541256916295,198.69097276865466,16.907034315080423,8.658450906813897
126.51013250643247,198.36782680916392,17.898625055431538,9.028957276626045
127.55394969366404,198.62034689219652,16.888949495295066,8.89018882134647
127.5872480242453,198.68656825535723,16.843284270727167,8.82469301841624
127.57820327749121,199.40782850982663,16.885710679469554,8.018591252310898
127.512092957037,199.50809732418082,17.012989905696713,9.121677879612946
128.56827749665453,199.88771454733973,16.89912151972078,8.537394031792417
128.6654647091938,200.51915889207933,17.778002749493652,7.992416221674375
129.50795074195884,200.49581029856512,16.97676654365918,8.919995980566682
129.53788833066398,200.59679870595866,16.885710679469554,8.994398653385787
129.50566552272628,201.2758072387004,17.914126933789476,8.957063466894738
130.59189787320574,201.38469907722578,16.80085786198478,9.206530697097719
130.6781879056752,202.39311986226767,17.734238854317255,8.103444069795671
131.40612535569824,202.43633537041967,17.060734627035686,9.017084968042894
131.51879178263286,202.505750240455,16.896334900648412,8.877358695742714
131.61962851724638,203.35772266727002,17.880469624130512,8.094883096311236
132.47887143831068,203.25274332303897,17.880469624130484,8.402283720221789
132.52468361962798,203.65581302557268,17.897399240488397,8.816322406926986
133.58145804155726,203.61901576309046,16.871710064797412,8.879847402524945
133.48596394319472,204.60212137226392,17.903011832072536,7.692700396593665
134.45663000979403,204.65169931486588,17.01718572579813,8.811638636098195
134.53556942484303,205.26465055473443,18.075894326283873,8.252466763545868
135.59428307359983,205.4724225818752,16.793721593402353,9.029260354611722
135.54490584737707,205.8442644054368,18.13397036813177,8.756021247882188
136.3889661977805,206.46997952678336,17.988797306771573,9.121677879612946
137.6120944287105,207.5651029242102,17.77666526305964,8.018591252310927
137.64835184537645,207.5118912447315,17.742320930268193,9.09952697215735
138.52905571132487,208.57784325754457,16.93425482849358,8.010394400200283
138.49758388573983,208.56801030617933,17.935905896408286,8.919995980566682
139.38553338658684,209.12837369462704,18.14832606355381,8.12472787350353
139.38857436086087,209.5058078302708,18.068559062529033,8.957063466894738
140.50531313519753,209.6047912252028,17.900092891288352,8.788269040171855
141.64341628531156,210.3595087007385,17.81273485445024,8.90636742722512
142.5465950190657,211.28155375011067,17.880469624130512,8.197349970948068
143.54252293878514,211.49637712890737,17.861518080544414,8.08151975564138
143.49209007308485,211.45363199590918,17.967877208166584,8.919995980566682
144.5782710601871,212.38937444571445,17.89844589861798,8.059247761423535
144.6335809383515,212.55985346993384,18.835460364992997,8.06567980976186
145.48837786312131,213.47108789389222,18.275991245240732,8.019057383115836
146.5589121627559,214.3894352776209,17.903552549009845,7.2064614033750445
147.0662747166344,214.2635857576835,18.261599223453487,7.296918082944416
147.4934039990699,215.50903034083407,19.0723678993362,6.9880538254653
148.5602802655497,215.58130072234087,17.856389405426512,6.853496716965282
149.3740089147623,215.34141542816823,18.03122371551396,8.23072329602283
149.49662366481004,215.53712491068427,17.996256685364585,8.019057383115836
150.30905410950928,216.43737623973362,18.068559062529033,8.22351085538179
151.48134647009073,216.72970523891112,18.996869281639363,7.768641747325773
152.51654804303683,217.03872606722683,18.058520709223444,8.607660649338015
152.46625916887822,217.37386040019808,18.879327738411746,8.146294791012025
153.3159551945255,217.1235371784682,18.127517745169428,8.537875251991068
153.6061830066579,217.5675359864766,18.80267149586217,8.914618093406034
154.42326432861935,218.49722002798575,18.073650124256346,8.103444069795671
154.56740289340055,218.45539741405864,18.964604707846433,9.121677879612946
155.43275867725814,218.68300675129615,18.10716709471393,8.764023305970284
156.32027181098448,219.2532461175976,18.31312372890835,9.156561864454176
156.54327233560755,219.50010793121513,17.93170306144893,8.863384656087618
156.56133740604906,219.4981010669977,18.788837938346973,9.18461804926639
157.47330276191053,219.66871370624528,18.8606607041456,9.571081551357452
157.40885562815936,220.340337250304,18.916961183859456,9.008076754218791
158.46581289451805,220.69748006126832,17.9598530287237,8.782874835363316
158.45142805150738,221.29253357235334,17.982936498767344,9.222018717316587
158.58185445816383,221.5651992690575,18.88208279163902,9.137995622620366
159.51477391039344,221.93485121206484,18.15850294174112,9.07925147087056
159.64925709815458,222.57343613654646,18.823749019317574,9.019106948977509
160.60186660848393,222.42130039574482,17.941911761430475,9.218430525700484
160.52066097526756,222.4608523718521,18.92701656091569,9.175766474633122
161.57514952641756,223.40567632577873,18.837325481619274,9.121677879612946
162.38255998599274,223.34822714968738,18.152672542512278,9.314292652899553
162.66020269616783,224.26383081421486,18.802671495862143,9.17078527999817
163.49220475922266,224.44552012693026,17.93170306144893,8.96585153072445
163.62679587903804,224.45553464068587,18.802671495862143,10.041753714411385
164.51740339267664,225.01705948949655,17.99134299815924,9.458967885298307
164.56473802343868,225.49241023567146,18.928705218285046,8.951505916036268
165.42329602836566,226.38552513140138,18.184383159083694,9.150103627819192
166.2150076784691,226.4167357037283,18.25561901399132,9.20773778639142
166.53907533792946,226.99176656835274,18.88208279163902,9.557597462434558
167.55776555942975,227.26132571784464,18.684335696386228,9.280299186946792
167.5998641005262,227.72957485463564,18.83145350222523,8.74819388442927
168.55599212532414,228.3167292601065,18.922178299104047,8.315576113507603
169.52515105063125,228.66990715092092,18.837325481619274,8.82469301841624
170.40168091068483,228.4699638336902,18.300207255638384,8.918455434709813
170.68993981664258,228.41060106570617,18.696572843411502,10.198130641860814
171.58558807508837,229.67123170543599,18.802111674041953,8.841239370340048
172.51660134702183,229.94688042819425,18.901720119770857,9.556259986203855
173.49270609279512,230.49838213360607,18.831102625640796,8.888024668808384
174.2531247831661,230.59251884536377,18.6090715131175,9.76783214277745
175.45273908894342,231.52552360632933,18.936853428543657,9.872459765159135
176.42935491481782,232.429071957687,18.901720119770857,8.994127045838923
177.354379869464,232.56843917178665,18.493247416562838,9.960872303701905
177.50211429884732,233.4742348682322,19.17287573992317,9.077294735745113
178.1958640314627,233.58327083864918,19.388868795270298,9.842926828233487
179.52205198550143,234.36186110354535,18.990959184432313,9.20773778639142
180.21037197062822,234.39428065920973,19.176736751558366,10.139911689430193
180.4923899471538,235.19421295620302,19.265408060260654,9.381751820928542
181.49563503853457,235.60117328426543,19.253053207498937,9.767059838840709
182.42927965224627,236.3060548179439,19.077386663634883,9.310326824794203
183.3888928630586,237.22915586888115,19.11251997240771,9.310326824794203
184.35558435584954,237.40759829987846,19.13431034281598,9.248957105840105
184.43809016847217,237.63048910691808,19.98283851766371,9.885353236975874
185.5145928374029,238.57027886473736,19.288186516271736,9.837326456386307
186.44191983800283,239.05746603708937,19.033759867151304,9.381751820928542
187.38178584660568,239.44215167655133,19.08586262300105,9.008076754218791
188.53185972048811,240.24330182056016,18.86994168012515,9.280299186946792
189.30286579724904,240.34495124084066,19.211549786690227,9.93417745380134
189.30994446843266,240.59834637900113,20.225251801906353,9.815195727395718
190.504829945482,241.5336525415461,19.232532430793555,9.996603319024956
191.60189728132661,242.33364199875805,19.85031945663667,10.04812630902316
192.3718420403542,243.4113579233417,19.200875978329464,9.114812721230322
192.93938810061746,243.3403706221074,19.570916440678587,10.334105717085635
193.3903642960655,244.32724716834633,20.0942658844356,10.350178715416945
194.46152377576288,245.39692481815015,20.061119309273522,9.134660280930149
195.4762578571702,245.50931465111532,19.02293049619061,10.007020580349007
195.67141806777394,246.27830277887003,19.721286471267405,9.464352609142509
196.54759841874622,246.51544347438607,19.874069338995213,9.908884429640693
197.3825344302156,247.38916389485846,19.878573679549078,10.195454026366662
197.61356405174328,247.88997815639343,19.954398604497527,9.60421988908061
198.52936465396505,248.4754092509941,19.981040554185938,9.990520277092998
199.44361896152577,249.19311556673802,19.69009641429446,9.381751820928514
200.5607852587605,249.5604343298932,19.021950071577095,9.977199302248778
200.46317698103064,250.39204825537354,19.930369818709067,10.077785868782257
201.5163194042677,250.99739436770707,19.929807116867522,9.580652778545556
202.60194452039397,251.44454245171337,19.960352639588706,10.038088368071698
202.53304291268756,252.36707854725995,20.354789550036656,10.022723121902573
203.74767493488395,252.47396461628256,20.06769133514848,9.92777964571826
204.558838476515,253.48957137324325,19.98283851766371,9.927779645718289
205.46975395868895,253.50621510574123,20.05632359565962,10.062155566635994
206.52682368628234,254.2220697486918,19.72385703610496,10.459621155510206
207.53869419524315,255.54682289131316,19.98283851766371,9.970206054460647
208.66948941435413,256.6545289164538,19.874069338995213,9.796283470212927
209.46631604385186,256.46866534453136,20.007988236838997,10.862217704593661
210.48180251781073,257.45159298614584,20.025264926406095,10.139911689430221
211.62817578555723,258.4047050184455,19.844528543034016,10.076696400256594
212.7022784357883,258.828442186847,19.848505380478713,10.555796043254588
213.4695941416136,259.31403504626695,20.351013380664284,10.972463967679573
214.45622506727167,260.3587021991626,19.93762682318976,9.914339021367596
215.53576669740514,260.56111588119,19.98357758255878,9.960854460656208
216.29506663632122,261.51792334145455,20.134740866141215,9.990520277092969
216.4501662869352,262.2529710766149,21.0714393611554,10.28691401454762
217.43793816041082,262.5005852877522,20.076176736143367,10.076696400256594
218.62435045317164,263.43845093778117,19.897985700178936,10.097485280687806
219.49791667930077,263.452286463422,19.940412108921322,10.988439864277893
220.47683204988812,264.4016715540762,19.9203485204348,9.994168029023626
220.73916244993907,265.21200718983283,20.815399823296246,10.594478860853712
221.8780887755189,265.3442066429731,20.5702692124961,11.097118917267665
222.4241386885751,266.3948779046349,20.99395389070264,10.235486416463573
223.50641617222308,267.5409068025933,21.04349873622334,9.92777964571826
224.4694792271635,268.42447502460806,21.079985572950534,10.115304432441462
226.37377750513465,269.4817779738519,21.005709300554457,10.092987151729801
227.48168059336533,269.19618976579153,20.903242425917597,11.168889335416736
228.58154881795133,270.34328510654336,20.85200898859918,10.144220589048246
229.63589442317013,271.43971386075714,20.66821143417127,9.994168029023626
230.4747996273176,271.6232905302334,20.88684713741796,11.002892688461259
231.58079309339203,272.36845574123913,20.918165847281045,10.676980484549688
232.55798876050298,272.86675295242344,20.94377845355868,10.584490186207063
233.36424669941167,273.6280320540631,21.144124197458098,10.742030942760096
234.34007837579284,274.27367420238465,21.1126798927003,10.922293064490304
235.5690780549612,275.10778513305013,20.736198971783665,10.26611817947321
236.53451845171776,275.53823432789,21.035344823746073,11.012621701843557
237.65029765592442,276.21139118317376,20.736198971783665,10.402093254698059
238.54534123398838,276.33438391209825,20.84833737984121,11.196329333618394
239.4925123917905,277.43077245923814,20.933469564064012,11.049515115107283
240.44420050831576,277.5801353582211,20.973476162499765,11.012621701843557
241.19821515076347,278.15644324532,21.15908214623869,11.321965008075097
242.72935666163465,279.33386882793053,20.736198971783665,11.28593124365932
243.33191643427867,279.4756815850445,21.056379412986445,11.14749498334578
244.51891599559903,280.39540233362374,21.008149122233277,11.01398109320968
245.57705962773156,280.8983636756044,20.99395389070264,11.356160111696795
246.60026582014024,281.6068510131448,20.689361308743344,11.001485775284152
248.5944469920509,283.2946996792594,20.872174047008514,11.081968630822075
249.29780743952222,283.65229170567767,21.181927894875514,11.84082925800493
250.26572598317097,284.26073359979773,21.181965149427697,11.329888335740407
251.09218922876897,285.3832110050637,21.41607434790774,11.149956168434528
252.0830465544887,285.5858890839824,21.280099272682946,11.421906318884112
253.02726022754146,286.28631997301864,21.428267069769873,11.329888335740407
254.51841964481173,287.467324932114,20.903242425917597,11.117655898098349
254.3858718955894,288.42542056572165,22.025243403687057,11.136359024336173
255.19252316446043,288.3370513246429,22.26865116265705,11.85266916722071
256.6767467211539,288.91395511371985,21.652914960522253,11.728662270282882
257.63934351619866,290.17108229632015,21.67456899011205,11.411988975854456
258.5029781508263,290.44247408923803,21.96337474244075,12.249994926769773
259.58047082815295,291.3560239334151,21.815781267207,11.356160111696795
260.65020816777985,292.1405322122671,21.959974648806963,11.421906318884112
261.4110289119273,292.4026770537972,22.73556070854835,12.269985144295902
263.5160331014791,293.5774597692555,22.21084938742598,10.765147056858268
264.61484492444015,294.4374098634092,21.900886608694464,11.091194503631868
265.6042807692292,294.1190562782445,21.7566696302261,12.479297297337212
266.26030833211286,295.32227434979615,22.249273470910452,11.165687055512251
267.5593014336114,296.3585278526092,21.96520442657146,11.281448532014565
269.5742425865279,297.4509231855444,22.294989966691503,11.372696902201199
270.5334190886514,298.42378342820996,22.45832403241127,11.445702330567713
271.8119643796427,299.61693619138543,22.643930016150193,11.074490363089865
272.7781399302016,299.6981089518279,22.7057986773965,11.940651620538233
273.65504872228126,300.57041748326344,22.80169428411631,12.048302658767625
274.7673581147073,301.1835346764059,22.71232022339359,12.103275908518981
276.44343869015063,301.9436259551158,22.116602432281525,11.548570728186405
277.2772119279775,302.4038044655571,22.163937261644207,12.169769232620581
278.45550287002493,303.32180843300654,22.953273322381733,12.188126265523465
279.6045240737477,304.29799433583287,23.085878121804683,11.505583271061255
280.7076967609722,304.43588869487394,22.90607859182296,12.232995376995063
281.3943842394953,304.9206893606519,22.892269898809616,13.156476953338824
282.0515545609033,306.1599833939872,23.465890472477327,12.331564891148787
284.869445923956,306.7548539619823,21.562694481520055,11.818882749285024
285.4413756810805,307.77707693614036,22.249273470910452,11.904592816538809
286.1311159845338,308.1116237811153,22.73556070854835,12.269985144295902
287.29904515725974,308.465132488095,22.167172830796403,11.82249217642476
288.593041419307,309.36194058478026,22.09594972403181,12.101781695008185
289.48445563767746,310.54677312489,22.23531179619664,11.937390895193118
290.44727299710144,310.5346498110638,21.959974648806963,11.829831544558544
290.58513222899177,311.3901613542496,22.984856336488974,12.02858607467374
293.4893990581864,312.6491447081829,23.096442624557028,11.728662270282882
294.31435137343357,313.4295548795221,23.026896202971784,12.048302658767625
295.535977458402,314.3181160915422,22.86174338275805,12.252699067883384
296.59392507039365,314.52886238620465,22.891404661135425,12.744944216740294
297.49866475377854,315.5344584409872,23.13949716239955,12.10460313848148
298.3838813948476,316.4701529479273,23.077010644874406,11.816914298045617
299.4778052246422,316.8083889735989,23.235301281169086,12.77568012565888
301.2808023437386,317.8760054872447,23.251737863442656,12.509706920682618
302.45433750953197,318.50330166530813,23.08319668268564,12.723908415334051
303.25915700186727,319.297273148437,23.09714145637281,12.964904874096078
304.46910471741984,320.49083489059825,23.07027987205106,12.315096017109113
305.4439065321636,321.3027193699383,23.891286273191668,12.068794096766908
306.39798551052127,322.4557379928026,24.005040563569082,12.126257604277157
308.47968099430204,322.7248930632911,23.886068121963206,12.685496213973352
309.625082113187,323.6175939306932,23.757565918583794,12.86868153923291
310.59813209580346,324.41864647314014,23.695697257337486,12.683075555493986
312.0962936440776,325.32358886500793,23.367104061563566,12.3602056232981
313.12154639598316,325.66541392498465,24.245465307374502,12.860638119563873
314.65024296511046,327.81429979451394,23.695270493409907,11.500633377554607
316.45417452003494,328.68648251662404,23.31972540105511,11.965806619783393
319.27939016018,329.64629824759834,23.310012860851316,12.92510328502334
320.33253540720665,331.59980759158617,23.999600777179126,11.965806619783393
321.53513340870046,331.6587216743252,23.927703878393686,12.83650937476176
322.3897803556178,332.48706142739746,24.20356339001637,12.985619683969446
324.4383926743772,333.43342986952945,23.982417077991272,12.92510328502334
325.6389599646137,334.3385808114167,23.832993918626812,13.149238024069973
326.3760115043393,335.1999628263727,24.30395798935149,13.409080269987044
327.80998838987284,336.3456640661438,24.20356339001637,13.257569834419087
329.14778185563534,337.5304110023596,24.219688833647922,13.21820305836377
330.4045316857002,338.49298799969534,23.973386913305774,12.807699857793466
331.3800308527307,339.4074737983733,24.06758831479152,12.985619683969446
332.51561919000574,340.4440551227868,24.54350107807835,13.053607221581842
333.88864472625994,341.0791495682751,24.7204112465962,13.262410413319856
334.7328375093822,341.9827970317324,24.654821295131228,13.7469306615277
335.8847268353845,343.6879586263786,24.949270724100813,13.073853654550646
336.43573343964744,343.8757850356552,25.04069523478853,13.464504978705975
337.79977510829855,344.8031317070889,24.712292674332275,13.546605618820024
338.8478774555053,345.81923627329576,24.810631725598398,13.803733287332932
340.6246988984831,346.39263942689604,23.825062265423412,14.007699924897167
341.5517456701859,347.5982467047851,24.488417622896407,12.591210680598579
342.3162835966865,348.25503305785816,25.12279587490258,13.464504978705975
344.66441392347434,350.56406550217,24.87649395456043,13.054001778135671
345.48440957592317,351.48998093504247,25.083277970011295,13.285214418899272
346.76861790443735,352.4602027910541,24.488417622896407,13.186071027713467
347.8207168918706,353.5832651555002,24.87895603417786,14.045776980256562
349.4787048682991,354.68689326076566,24.941112513243297,13.962518969039138
350.492358250655,355.4589399572335,24.997412992957152,12.949110334189527
351.54624005407993,356.3762005242852,24.98413457882549,13.186071027713467
352.3817841468988,357.7284133063354,24.93307048226376,12.683075555493986
353.2464053966877,357.98562626043736,25.2424137884953,13.425499490449681
354.50172487531836,358.59445341043346,25.167168285010007,13.945443898187364
355.3710511401123,358.170192004108,25.155388916590084,15.29719596279125
356.79470512681684,360.09934076334764,25.678138317126184,14.375791721943244
357.24244777706576,360.88720246262073,25.929809748192156,14.381239020005694
358.2746300562156,362.643978905892,26.19010419638539,13.79290753916223
359.41153793522943,363.52769328600186,26.04670638469736,14.044186102912818
360.6777601435955,364.50258331739036,25.70078341068222,14.045776980256562
361.6176585446382,365.1071859598048,26.07471188186946,14.47493511312905
362.6524018263233,366.6705652095838,25.82086096773753,13.836495117732795
363.48362572614457,366.38336323780015,26.073718431628834,15.066819993363367
364.54147724377856,368.46046084600476,25.922969062204743,14.044186102912818
366.345261839735,370.40378226917215,26.223764468457773,14.195200139621022
367.28115451820497,371.54882145822245,26.35430547661349,13.957108819390328
368.1363026123149,371.39953940294305,26.35430547661349,15.18861842110124
369.5090434607581,372.60231142828,26.254159389633173,13.893953766335073
370.43430517900754,373.338312701672,26.20180377506449,14.033350420452678
371.2202281824523,374.1606109602313,26.372142055426934,14.47493511312905
372.70117823479364,375.34033332658265,25.697500355701038,14.449712660074681
373.72713798969585,376.4698625697449,25.861100400958435,14.229792086651742
375.4290226667922,376.5429911990643,25.053713472671006,14.919627124174895
376.3635705794048,377.61263809587774,25.08740137897763,14.889270737116817
377.26515831762356,378.6039848166394,25.380708143568768,14.970652069058133
378.11035800356217,379.3776704470989,26.447899207504406,14.195200139621022
379.28574249027906,380.4679749105388,26.07471188186946,15.168938851429743
380.58684207242925,381.02297660851485,26.04982436761088,14.735254187739486
381.52014349623425,382.49293122838935,25.983497952626692,14.345056161345951
382.4699052604743,382.5094143843851,25.975568490683656,14.772365286686522
383.39385619964224,383.4407921423079,26.223764468457773,15.017027516125381
384.27844567985284,384.6161854204688,26.254159389633173,15.157040472365566
385.59156026101147,385.23847802212566,26.57871267801005,15.324663165699462
386.63036308445265,386.537952795157,26.57871267801005,15.324663165699462
388.12738273199534,386.38572915621285,26.70526178464405,15.698363346378585
389.80395602938364,388.25959807516296,28.015399849794335,15.204939234717472
391.67299569793136,389.6750907376392,26.92900995741195,14.860215860644985
392.973599548221,390.3934968002884,26.34437986863537,15.157040472365566
394.68170273935294,391.0633439355846,26.91034877228344,15.579675605006173
395.93435103672647,391.1911063124772,26.692451211374248,17.5407536531888
396.4839912634716,392.40214023604733,26.97592322165059,15.517922388374245
398.27214491584436,393.3099542744488,26.099816954081916,15.44438709668151
399.3937830959546,394.3748510871057,26.855328823514753,15.088528563316459
400.07870095959214,395.0219510236656,27.346143894101772,15.579675605006173
401.4443178372309,396.4582908018669,27.045591844962132,14.195200139621022
402.4538533788635,396.8355616007146,27.059039969737398,14.685308124279572
403.54400854843175,397.33392089144604,26.974736303392035,15.28155932783909
405.11548851432457,398.05407031710035,27.427025616661467,14.525497119350348
406.56913039075215,398.4289748420118,26.651114744062966,15.229208425178854
407.18664884554784,399.1544853292634,27.177332332920173,14.247147786861206
407.9978393739584,400.46977097471296,27.806902883473867,13.325557372031483
408.1495362060042,400.4793489687368,27.934145949278218,14.490838211188077
409.33635925531416,401.5457358664341,27.066145793727628,13.880074766014161
410.13463509134033,402.7446153867908,27.760166371544983,12.63021787520529
410.7434207873638,402.72588363169507,28.057579705585795,14.574078504314855
412.64159216843086,403.29000580679025,26.576083445744473,13.945865570539183
412.715574497683,403.2042207344891,27.564041455010965,14.817034141824081
413.0796472302818,404.2697190912202,28.02329591061175,13.419606492405592
414.1614397124876,404.5706451607147,27.257412517868204,13.13610241824972
414.6324552834847,404.22599454045076,27.336805137659326,14.43527664034815
414.49971662684067,404.6418385940896,27.64328448241986,13.7469306615277
415.2961849152676,404.3013385744937,27.0403161428643,13.754640259170401
415.43592655115253,404.4236384858976,27.939009781768675,14.102035064950712
416.15726027137407,405.2942677036299,27.5858150783244,14.121310099618427
416.4377585635117,405.24702321284104,27.175311877754098,14.449712660074681
416.4746039651856,405.58649905541637,27.787907532670204,13.984174245337272
417.0289747855914,405.56716062439597,27.257412517868204,13.957108819390328
417.32799101898695,405.4558550905031,27.614141100453878,14.313088842643651
417.4311251947119,405.3148820769673,27.832116998666606,14.285511379846582
418.03548665191863,404.97937830908126,27.326580278661197,14.934293873221804
418.10379859168813,405.3274741170045,27.377421228625337,14.205640774612903
418.69460896043887,405.7195494015652,26.92900995741195,13.875008179276278
418.25055536868297,405.3524020021281,27.363575967285044,14.177504939571634
418.3572907886036,405.3873581150287,27.787907532670204,14.164615203341612
418.44274357385257,405.14809396989307,28.054747415242957,14.151656982896611
419.25703001939866,404.4395307653174,27.165289184913433,15.168938851429743
419.2807016449419,404.31260470806154,27.195015004326535,14.344623298985425
419.6980996385947,404.2414018114965,26.849953878452027,13.50441467259418
419.8767523522234,404.012688332976,26.43460034763757,13.623292329328592
419.48616544539203,404.50871371341924,27.195015004326535,12.028564328836751
419.123268819321,404.07593719598736,27.4938613230554,12.700968545976707
418.08569787881027,404.15753307974444,27.750016358552557,11.494089615968505
418.4739315056924,403.8721860082373,27.09321123764005,11.986693456652858
418.6156459352326,403.25621206036374,26.59732236686881,11.281448532014565
417.2314260486826,402.98803554420516,27.246584658657127,10.916677959263268
416.43634169236657,401.7410432596145,27.12824633319258,11.00382682591345
415.31041903845465,400.94644051384347,27.29705626390222,11.732945236238663
414.2192659869997,400.78755423147186,27.127027507349794,10.470080792310455
413.49914280502276,399.47074817102913,27.127027507349794,11.55788139410896
411.6967549692294,398.4139283855495,26.692451211374248,10.56803170409512
409.3819536919378,397.39310402724686,27.830711775812063,10.325203257025862
408.1047496297729,395.47590915597476,27.437683016983044,10.927002392456245
406.2689053794335,394.25040067336647,27.614141100453878,10.69867246823867
404.3383556156317,392.460465234477,27.177332332920173,10.775153788382454
401.47208361606334,391.5391975877669,27.816315596420566,10.363884775386111
400.4093720077911,389.5364349240466,27.054763408684664,12.966272937295685
395.48219906304547,385.5339827783784,27.466965195411774,12.373731845457769
392.39537094062104,383.44121555821044,27.336805137659326,12.089544186291562
390.47739008058,381.4531488595707,27.127027507349794,11.625868931721357
387.63797357379826,379.1483382092109,26.967002402541823,12.690354071784384
384.4194447499787,377.47688993541124,27.330990120186982,12.101781695008185
381.3189910370119,375.4711181736785,26.8469093172979,12.643498577565367
377.7294924441633,373.1533640134117,28.02395041308847,11.458000833276344
375.48491975315386,371.20771761083347,27.165289184913433,12.888640854155994
372.4774238576658,368.9122160283263,27.011110597526,11.82249217642476
369.6603589103544,366.40998028576627,26.86828140014626,12.09312809705699
366.35282130752836,364.30693300501525,27.697687053668005,11.909103228287222
363.45362551082616,362.6588898062085,26.147707309101293,11.657519508640974
359.3393533288413,360.0180742476675,27.059039969737398,11.55788139410896
356.30303308342474,357.9268416602143,26.43460034763757,11.277559875272004
352.1450239708422,355.0516337764303,28.41945088568542,12.450426102300298
349.3210035858353,352.8719914117394,27.339513157982253,12.561397937451318
346.06434889162904,350.8127121139354,28.21773413773849,15.034931702733275
343.40330746677057,348.10647964969627,25.276117065464575,15.579675605006173
339.493106517947,346.3104267236218,26.149052888775543,13.298661183434433
336.1651320376199,344.18900566204496,26.298476048139946,12.028564328836751
329.9107817644479,339.5421109303456,24.90085220460054,12.991748976313318
326.4593139045039,338.17439771673764,25.20366920110837,12.99981486470557
322.47971210784897,335.2197937043903,26.01499850782335,14.158566454761853
319.64013252597545,332.56792186696765,24.79439331444638,13.054001778135671
316.4005045060344,330.5480994931951,25.48988843348053,13.054287522971833
312.3963774342181,328.1096056380382,26.025902916157293,13.628706258934074
309.3619132761596,325.4956608888969,25.861701635929137,13.30030369847782
306.3200808475148,323.29463753567705,25.281564752382963,15.069795460243938
303.41488947765754,321.04936612657866,23.908426935576642,13.172189934317657
299.4837246199506,318.6073422201702,24.3892742317106,14.871508677872328
296.6100359621659,316.38886936296234,24.499989853539546,15.90024594030217
294.44243573714084,314.2426214821164,23.160589701486913,16.287124370723063
291.25630444157684,312.32435322585275,23.72708499296357,16.009624822241847
288.2968271265184,310.960032638227,23.797634864619,14.746787166141587
285.46588878198764,309.45600276476756,23.195797642113405,15.032228083602604
283.4446607063538,307.2399650945509,23.096442624557028,15.247260951367707
280.33529894025247,306.1194067337955,23.998647414578784,15.066819993363367
278.8132772849637,305.3192408327197,22.707837562543432,15.365183500403646
276.3506450003974,303.6670460433551,23.085878121804683,14.792892777078748
274.09830645038096,303.35838945625477,22.488185484346957,13.223949603752203
272.59075106399,302.49669262492586,22.86174338275805,12.476833806930017
268.4258116860726,300.32490079373986,23.10628023060991,12.039857769830007
266.5539752045496,299.6062085960167,23.023739655678582,10.87350035754531
264.44416963296686,298.4992045272141,23.251737863442656,11.217943706046924
262.36623026176704,297.4965188469014,23.195797642113405,11.034894023918014
261.4865267987999,297.38907534872965,22.654324501612678,10.516177210831302
259.5461354272054,296.32423877343496,22.901641439074297,11.485297861628965
258.47441015373226,295.44405069544115,22.665788670845643,9.114399498654336
256.620208981926,294.42962960929,22.996804587453823,9.35742227721613
255.46503953317605,293.4748081149471,22.052407803568514,9.08189486139247
253.5289272496412,292.4142086193933,21.891987111194595,9.246305115287157
251.39622368885912,291.7099957061704,23.04777525060544,9.314292652899553
249.3970603641586,290.37882827196603,23.01514198362807,9.218430525700512
248.44438670558742,289.3633203537145,22.081611484241364,9.222018717316587
246.6052397162416,288.5168770650574,22.850113044017746,8.965851530724478
244.4127685542624,287.279327689471,23.085878121804683,9.488370619641387
242.6121790808292,286.54963973127514,22.850113044017746,9.119551842679755
241.4292191640974,285.5235137095373,22.168495421510613,8.013413118530991
239.4347225313236,284.5416818201577,22.087112064933365,7.919188639527931
237.34713691618953,283.2712530144655,22.013796876530932,8.39050454720234
235.71389948299924,281.4026793284951,21.68802449835738,9.246305115287157
231.64374601384094,279.57331075721635,21.85214621664835,8.957063466894738
230.3229545658737,278.32258612885875,21.41607434790774,8.566429739163084
227.598087655228,277.3135331905208,21.942088631978464,8.39065878441994
225.58071668860055,276.2894862004278,22.016880570272292,8.279641427175136
223.54425062827778,274.6566759602206,21.91254052363047,8.205547089699905
221.48379936950573,273.51603296463054,22.161010474127494,7.760214469163088
219.52518971879374,272.43311788956225,21.072356891169676,8.598248788753438
217.56199289756253,271.0150519270202,20.94377845355868,8.83917531507717
215.5163999861313,269.4332021786175,21.143377050067073,7.844715866632669
213.44458358385504,268.1409477132652,21.159409612509734,8.504750594858649
210.54943264718696,266.5045264046698,21.07998526368496,7.940127782654656
208.46549794312742,265.2945028100928,21.005709300554457,8.40228372022176
207.48057152953655,264.5376088838503,19.998960671773574,6.524757439246571
204.46018646781837,262.60861190012207,20.916219509996182,7.933738434826125
201.425285972545,261.5970580577005,21.085925144965728,7.848885617341352
199.5772580235165,259.7775672664622,21.11859360513543,8.146294791011996
197.49281197995845,258.2702605102413,20.980091990710008,8.531904076222077
195.51271696120426,257.3634757941841,20.42322475919744,6.949445793280404
193.41358290585546,255.38128710279864,19.981040554185938,8.248583408266484
191.5496068133169,254.41252744716977,19.940412108921322,8.061017661053285
188.39511810108434,253.33718207310753,20.134740866141215,7.275148099216409
183.51433861473672,250.2790711695112,20.03756870395847,9.150103627819192
181.45203724180456,248.3235716667713,20.364676196345187,8.061017661053285
179.56594655224717,247.34908612740415,20.09927125785069,8.219870038224656
177.2052583552539,245.3871291669619,19.499722297058327,8.292985344725963
175.4732047067789,244.4357999013784,19.17928498635672,7.919188639527931
172.30342359439376,242.3887792870561,20.05632359565962,8.226492051101076
170.4740418319394,241.4014848746832,19.929807116867522,8.094883096311236
168.49218534621198,240.24657739658113,19.110072119772695,7.3263815365348535
166.5101241047392,238.56629477208554,19.176736751558366,8.061017661053313
164.58077896005807,237.61478817673864,18.837325481619303,7.38219512117513
161.47557442291165,235.4399801549435,19.05490180794891,8.056770563092499
159.52184081891133,234.3575297141166,18.892429184300823,8.242427161430271
157.57951579247376,232.80846106870675,19.015331010298212,7.591289460683214
155.5070799942779,231.3498831103475,18.993679002617796,7.919188639527931
153.49679001419472,230.5170983569252,18.931810341371488,7.919188639527931
151.56272055477783,229.1948995668849,18.82731807991837,7.545869547903806
149.56071585077467,227.5765421799975,18.016697467287457,7.954541900651435
147.22076906092602,226.26133693515015,19.392882920916804,8.715902436367116
145.6242990782102,225.41634246007428,18.876513196942085,7.402932595158376
143.60871886162764,223.82172710551038,18.007322326411327,8.278042161970944
139.74470581612837,221.23068089735244,18.638957542933298,8.82376181553758
137.49169541055085,220.192395932238,18.78851607697004,7.414979662149193
135.390996591594,219.36209497548998,18.37499239015466,7.362370688311131
134.5074789717816,217.2815152571354,17.880043100184167,8.2285319457595
132.43769988886106,216.28650135172796,18.080202283096213,8.218273765043733
130.55508934319977,215.30089060405885,18.03416993608579,8.146116533629652
129.3238023687362,214.21524906566214,17.39684823158504,8.388771477366248
127.41601750230902,212.58493687024827,17.183663326909624,8.068850605679302
125.56457919436086,211.63020606745738,17.076933143724645,7.963762091063899
123.68450792087974,210.3804814593059,17.73465110986824,8.107269078796918
122.45715699859542,208.54541505917868,17.012989905696685,8.018591252310927
120.5482283120424,207.5627501109586,17.94870992967506,8.02252943826386
119.46631069802534,205.56216936842807,17.009501189717255,8.96585153072445
117.56217666169155,204.46004447135311,16.970563299152104,8.625148929514125
116.45483931078607,203.4239226460129,15.98483244334875,8.146116533629652
114.30904259754817,201.7022167535052,17.183663326909624,9.338947460276984
113.46529086460725,200.56861266751935,16.518932552765307,9.404036509439436
112.32656640674216,199.54321525030286,16.83769291390746,9.240254309593695
111.36323066167763,198.65370214154424,15.165097446253952,9.324485591953447
109.57683561089341,197.36380713501495,15.820434799596754,10.021485389068403
107.60539247592482,196.33004256933492,14.99780210706318,9.637793779005847
106.51179859143288,195.35019073132977,15.030009812594699,8.948906910049345
105.35564843859831,194.90282541252074,15.10651778098719,9.76997617357324
104.48764159411408,194.57171293825624,14.960163696980246,8.96585153072445
104.51734718533477,193.8197507446115,14.16914781185504,9.69061607840763
102.6631852425252,193.36908462500605,14.830695805570144,8.915978287406887
102.4047309894027,192.4978844012581,14.12659527374474,9.837332022310704
101.56957966663133,192.39432608171498,14.170420519956863,9.036825062128173
100.58247374544928,192.44380449153488,15.271189044500375,8.946817280180085
100.61957549286647,192.19989202383852,13.781794638656464,8.322872205499152
99.58049389428126,191.3325974091269,14.531813300188759,9.19527169277481
98.38732228256859,191.22147304136809,15.162205498100136,8.222920329750139
98.68447933767573,191.5128494655882,13.7469306615277,7.91942744631487
98.35250014248504,191.45586304873956,14.024743850408896,8.016399902047567
97.54405917103932,191.4338893441915,14.891704615897936,7.9449630456406055
97.27266660089855,191.3688419307074,14.229792086651756,7.300502027064823
96.57194458900673,191.55334058021563,14.78661003786857,6.991158720833255
96.38573795030669,191.40891521452596,14.1877208878946,6.981259484519569
96.64002565578156,191.02231147826052,13.849918009611386,7.544264281658229
95.52099526633222,190.78336487018262,14.382552563668781,7.679179982371835
95.0705952678996,189.83604820651533,14.34462329898544,8.583368127501615
94.58315909008445,190.39960856427822,13.963749758060246,8.041369663709077
94.51608209680657,190.3273212769918,13.976107650930572,8.146294791012025
93.49090362065932,189.40207163416324,14.140428699885433,9.119551842679726
92.41590323914339,189.46684174495013,14.137509576144467,10.00447534673313
92.46702942665708,189.49799866961166,13.024907483912429,9.80050041949113
91.48575629512172,189.5962414212389,13.093919120698729,9.925114778538898
90.61545783367629,189.50578065606848,13.152767587876099,9.690128719524239
88.5714393934472,189.39019424539134,13.834242231354963,10.129033139280494
87.56387451267426,189.38534165089092,13.88426151329331,10.195454026366662
86.53646860664425,189.23294955326932,13.010906846308302,10.308344593365916
84.63446041511695,189.16900812971755,12.855201848942897,10.352043733142125
82.22163468009887,189.2165360390019,13.058791801486294,10.382810864190759
80.68283113932935,188.9360722003781,12.654659017651099,10.707788399550935
77.57420111029364,188.5747559316309,13.858580119173894,10.888884379350912
74.511415688486,189.21512035240875,13.920448780420202,10.39393508938042
71.64357990249214,189.5084620592152,13.831009250017772,10.097485280687806
69.45732697842696,189.53162456021033,12.94005466642767,10.05505887194542
65.77854386398467,189.55787683054223,13.628635361266547,8.957063466894738
62.39463530460845,190.3520129586971,13.245257407348724,8.46712741424679
58.51421670249982,190.9451318958462,13.98305689157769,7.5148504941874705
55.476374950551815,191.21530018373187,12.992418861725525,7.300502027064823
47.749463634312725,191.04886979476052,14.694425205319405,7.600564761372112
45.70779970484112,191.64730719381518,13.549236812942333,6.819265682541754
42.3189358263197,191.89885106561144,14.054097405037346,6.359103586024617
39.52201871738756,191.55952917022768,13.195479423986043,7.895161440999459
36.36206227500176,192.47892558438008,13.371927140109051,7.121447787261133
33.53028997662321,191.6329946442128,13.325557372031476,8.226492051101076
30.681332344185165,191.66967424086485,13.373372763116627,7.770004286950439
27.60577486895721,192.41234346603184,13.937445210543128,7.070703911690174
25.32021568951329,192.2430830144283,14.04577698025657,7.620581127586007
23.444178273303393,192.10054232924256,12.992418861725525,7.486108010803747
20.38026692213341,191.9090581115179,13.940105567160657,7.64607796994764
18.4398446667711,192.98527159297845,13.706993433930542,7.179853703487424
16.082972202863303,191.49593480985024,13.357683002588622,8.932507065081666
14.38133128986583,191.69502813222314,12.96103460759419,8.718393782806174
13.438833687837295,191.3718782093389,12.713669533519827,9.110330040062337
11.542262108474645,192.08904379823474,12.949110334189513,8.388771477366248
10.350563040878011,191.48800103078872,12.992418861725522,8.909087219468915
8.588783731026835,191.8249747835657,12.940054666427665,8.570134565961922
7.446438313462757,192.60925377525894,13.00765703424021,8.019057383115836
6.273597410519567,192.23611796877478,13.32555737203148,8.430454663938292
5.564733769353541,191.45956656110783,12.962059641561652,9.990520277092969
5.663845438257066,191.96646854005337,12.497469571755026,9.651511154424668
4.42060068896717,192.2532839757254,13.042890689367983,9.338947460276984
4.428545245915707,191.90268180004438,12.917632146357043,9.722217878573986
4.760167911130708,191.71993387301129,12.700968545976686,9.712505358688048
4.618836709036948,192.1938827793569,12.850391705341117,9.189524300912552
5.514782744690354,191.39500555312492,12.551545386612254,10.086063257099141
5.579604833292436,191.74091880626207,12.992418861725522,9.83711713816362
6.190946864719717,191.42432155643885,13.223949603752196,10.160774836781343
8.172331088274147,191.85307279965335,12.193558081785268,9.324485591953447
9.38674633007501,191.53395364376382,13.013293078880078,9.375719029271863
10.289966455478503,191.55281160856373,13.115759953516928,9.119551842679726
11.895053789558927,190.6608477906078,12.673692197878287,9.765118477454308
13.751234121420078,190.7479133447208,12.497469571755024,9.83711713816362
15.458776246671082,190.57498986592398,12.93055020047921,9.960854460656236
17.277488530870873,190.4456964877388,13.286913212472715,10.021485389068403
19.586859223124296,190.8499561068369,12.808359329606372,8.658450906813897
19.837093189754565,189.58216610802276,15.68122226178561,9.85207681368729
23.513387367560444,190.11949999282552,14.045776980256573,8.666543243137028
29.073260568291854,189.3663297415111,13.186071027713457,9.319478771466663
32.043864223507036,189.2349488948605,13.464504978705968,9.27737233288886
34.167806855378444,189.66783670481624,14.04577698025657,7.844715866632669
37.9168635606967,189.23065035289426,13.325557372031476,8.158504513488651
41.21084802728427,188.53316635344376,13.239893506710771,8.599743913237376
43.86681602360099,188.29770581884543,14.367612019960639,9.19527169277481
48.00286239948128,188.44281490231668,13.449171571336294,8.188296887280444
50.31267869703873,188.9638682562027,14.07342028576793,7.682591750201823
54.2423826383217,188.5803435871352,14.039209459504391,7.717460170721722
56.12774148003119,188.04744936319912,15.268082242615577,8.328044859608497
57.81897383195771,188.4932069900213,16.307708423545343,7.290504942290852
64.20812068378815,188.20585858072954,13.957108819390328,7.553258890493595
67.43146661318232,187.5886098722707,14.86760435676095,7.9941390259971
72.09334640533248,187.84582758007062,13.257569834419073,7.750579287814219
75.67510308507825,188.16129028085376,13.522795922481052,7.396446388539374
78.69933689454187,187.21704057807978,14.203410739732519,6.896453769581143
82.26291164599589,187.4921548837889,14.163341459096543,7.081670729548279
86.60239308988149,187.39415977137932,13.597507502163282,7.321734808857144
90.3358236743344,187.4006556932139,14.018819448752993,7.150160923661161
94.48122306286919,187.72976984224061,13.7469306615277,6.499907432352785
97.79251441973666,187.78399796573765,14.353529409144386,6.619946753355379
101.74932729203594,187.43782248492673,14.685308124279587,6.934728836465354
109.75611093098027,187.30404594838657,14.638124725605536,6.305653727953143
112.57743078882578,186.7639939585816,15.608142867376444,6.766535925163197
116.53933311468556,186.83362479976526,15.878804304382967,6.676315446161027
121.25994654576633,187.2041079010545,15.166450675489813,6.2757726933061235
125.26484859423603,186.51338782963055,15.268082242615591,7.1383241653787195
129.42919206777964,186.52587336670632,14.96016369698026,6.0455456035741975
133.90529540882483,186.60604707048998,14.367612019960632,5.993346728326429
138.06678293929596,186.49767058068346,14.34505616134598,5.864331135141441
141.35119264964854,186.80807102541243,14.694425205319419,5.686348451100599
144.51620576299837,186.89812882278528,15.579675605006202,5.665336583638606
148.7444566933334,186.78282077620287,15.466369024987216,5.750316688777303
152.6439669635478,186.63113015021537,15.876735279310623,5.85524989024222
156.6205751778018,186.62891745620885,14.919627124174866,5.798949410528337
160.1423764246722,186.35267582405478,15.219690666592754,6.1249974633848865
164.72003401657423,186.6389881169636,14.6853081242796,5.710953159442056
168.76302279113088,186.68335719429228,15.651533360455147,5.798949410528337
172.47560400135265,186.71399929966663,15.82043479959674,5.630047971386745
176.79627371725365,186.18780328883616,14.47493511312905,6.246033644706358
180.40406002306332,185.97685080310617,15.069795460243938,6.642607209449636
185.0539651231183,186.27185445996992,15.066819993363367,6.225213051150149
192.05301250658647,185.53584446195865,16.452984102202123,6.934728836465354
196.1868458479479,185.50452624241768,15.168938851429772,6.9400373830070805
199.7194291895793,185.6272628843934,16.08729931798561,6.814047163350608
204.7054826384517,185.68807238530263,14.574078504314855,6.642607209449636
207.58758264853958,185.71523261589314,15.773108726078078,6.5268036107909495
211.85510168795804,185.52239826792234,15.517922388374245,6.946976883167537
215.48182566579598,185.2479370495526,15.962085980916271,6.246033644706358
219.83498737395058,185.52280577464728,15.59090263407063,5.815654157153318
223.81760806101434,185.77449039473098,15.482631921313555,5.686348451100599
227.50580713345713,185.12455990110405,15.901555204640545,7.311326614155888
231.4743034538854,185.6751096123017,15.034931702733246,6.210080485911561
235.50318771151353,185.36478738327227,14.696014580416886,6.239648648668606
238.7033578340046,185.10444315027618,15.656207574473228,6.315108937602645
242.55666504496506,185.79055740128456,15.637133650853258,5.574978084217264
246.48360874121946,185.75405002440505,15.84542354201372,5.747044807984253
249.58758423787796,185.76348139092798,15.705121188465654,5.710953159442056
253.58887271610482,185.62655424671726,15.83837727905589,5.939391479645963
257.39774123355255,185.41338519193914,15.76414331294751,6.425195852670555
260.29064412835413,185.5333783580134,16.511259109769696,5.902214794895059
264.5548086809537,184.70181959823287,15.517020981557494,6.814353129467037
269.1251382629007,184.53960227856618,15.270719061215289,6.157548008554556
276.52713240371855,184.70136506122287,14.778115220530935,5.664944167870203
279.5189066210066,184.36362784678676,15.683834958645548,6.225644411065417
283.1733410026198,184.4542131518208,15.608142867376444,6.044772093145781
286.94339029238336,184.60056484039944,15.540008573900877,5.9769263745772605
290.16224467897905,184.33268376767148,15.252829263642411,5.992182925002396
293.5412923494787,184.67741002334503,15.927524182127797,5.91124608821238
296.4934243533686,184.3939807047964,17.104958531370414,6.210080485911561
300.28613854804627,184.14959094460343,16.113046414140115,6.254853460341309
304.429506308595,184.04446973179472,15.579675605006173,6.536926827275323
307.0924764470426,183.43703295693132,15.763322901899642,7.060655049809242
310.98241771209183,183.37553904273454,15.466369024987216,6.345177035892192
314.4847698492537,183.56250937918864,15.876735279310594,5.911550369956075
317.41693887576554,183.4637108765528,15.927524182127797,6.075447368440507
321.3250556960285,182.84592776946906,15.157040472365566,6.405654009154517
325.23549026014365,183.4003217956633,15.211564680847061,6.100069085212795
327.85873519469254,183.42460359500186,16.42012802281215,5.993346728326429
331.86418725142084,183.71816009598268,15.98483244334875,5.6869115423452286
335.55637502597807,183.48012107469992,15.012421380019191,5.921048184044821
338.0268829546147,183.59217326746227,16.372121888128675,5.902395873831779
341.91991267551305,182.63136560515287,15.898247486293599,6.900119143611306
348.38187184818946,182.6550341214874,15.933035759024506,5.85524989024222
351.44004217420223,182.48839939324372,15.763322901899699,6.157548008554556
355.11956933136946,181.84133201971565,15.352819701329338,6.56805120912486
358.1856545756306,182.54252969994346,15.9882780519942,5.7527916355306274
361.7643947977255,181.58402391014195,14.613913940302837,6.732252489352987
365.39578683037,181.93755019228482,14.871508677872328,6.7417506006354415
367.5412663911972,181.85545946603528,15.091739095807611,6.275772693306152
371.8724466939574,181.69165088874968,14.375791721943244,6.543463818263831
374.3915153098754,181.28211924068438,14.78661003786857,6.0631288021385785
375.63313383966204,181.60595273073756,16.317009026977303,5.846928234666876
380.23352938880214,181.79165165620097,14.96016369698026,5.6356781050268125
382.3473882988501,180.91080920951154,16.04505887652772,6.390828535566129
384.5239265473878,180.6702142168956,15.705121188465682,6.798753761240562
387.1365318380292,180.45311598634868,15.29719596279125,7.070703911690174
389.50780862178055,180.6102933512417,15.962114601548478,6.867421398340639
392.50142429157677,179.73444866470868,15.14482904303037,7.825766680227588
395.55914108231485,179.71617723460716,14.863326644460983,7.71316572079985
396.5347399504411,179.7212754533565,15.746263566846096,7.422982307808553
