399.36228254682504,179.27633514834426,14.748146901027724,9.680720066379678
400.02267365504713,179.4160600030006,16.86910706157505,9.273983859775853
401.66771277971407,179.44166347225277,15.915388874082169,8.08066101774591
404.78502297805926,179.04001487006042,16.14362156304651,8.92326809653224
406.42777023127337,179.1747888475247,16.41109417939981,8.951505916036268
407.5898015285925,178.36381268690488,16.642669875257923,10.208329105641468
409.24251342430887,178.7097257460275,15.599121621671543,10.016278093915417
409.0012851391143,178.16353147733255,16.58432930304025,10.590982574713848
410.23531834830146,178.3368337322916,16.436547530087466,9.264235880594754
411.9781004933663,177.7810615162411,15.705121188465682,9.586242803349165
413.22334053573684,177.92860890007506,15.807327104715341,9.379026257081875
413.33296813233835,178.27617316896695,16.690828739275958,8.85826106274422
414.04391472475834,178.36943396818992,15.876735279310594,8.726574355649461
413.86120062759414,177.98306526526662,17.051670531411276,10.10469364824371
415.26669629128554,178.34102389789928,15.365183500403646,9.994168029023598
415.3307856895274,178.22112867426532,16.420127178396,8.841606942213247
416.4281006026825,178.84753151137718,16.233368287733754,7.517465851366637
416.15342325458766,178.99901234490844,16.588959177426943,8.294479588713472
416.46512688135954,179.1427371472518,16.091725462355896,8.045862731177948
416.8998339060805,179.09672926151927,16.6606822691341,7.471157968221576
416.947497811359,179.14548395850926,16.700337443683168,7.217638320174075
417.04160542230505,179.1804206015283,16.601453839503165,8.030470694457335
417.2785258638331,178.84093935249103,16.946444393874117,8.332470997652393
419.101379851278,178.807011207083,15.819743133777024,7.844715866632669
419.2755510113317,178.71009626606187,16.3849965645897,7.342654062139786
419.2703903538155,178.18987647109978,16.238410895641834,7.509474347402289
419.33738028105824,178.36289908188616,16.327139117021545,6.924959004805686
420.3000267591552,178.5393128674726,15.405296650331707,7.547976672050055
420.2845076654276,178.11604738993012,15.157822005346418,6.1868661246311945
420.2797613197356,177.82060142706578,15.219690666592783,6.310603447123839
420.4093926584189,177.73444097867477,15.24677271479834,6.3905065454379155
419.5217567749383,177.09966770232117,15.98483244334875,5.9943121662557814
419.51415909337106,176.5092835331502,15.165097446253924,8.094883096311236
419.33542339953596,176.3312039212735,15.3187977582092,6.81404716335058
419.21184596008794,176.25800656437073,15.472498070164477,7.633782160445406
419.7242347089918,175.66757615835417,14.810436303216818,7.733582655789007
418.63134096162617,175.60466407458247,16.029359978101525,7.2075285831838585
418.76266913377424,175.10535622227462,14.78107669247936,6.575529602779426
417.66524352566466,174.28115006276175,15.000624304231621,6.701266484735498
417.5792300266532,173.65102485938428,14.467405381153526,7.606600324289303
416.8392192824896,173.4282479111738,14.804093592243476,7.200974892653306
415.40642017454945,172.39744919146275,15.669455712672516,6.605062049287966
415.26061973882105,171.83570113680244,14.97592760388875,6.249353248239288
414.55957139165855,170.87735346217195,14.887328464243865,6.5947911484033455
413.4438877000808,169.71363081669838,14.972216021607494,7.238633365818515
412.373967003964,169.26142152130586,14.89166946857739,6.448814128842628
411.58144131957573,168.25574820378932,14.763336535351357,5.827503215212829
410.6182741329267,167.3377974369014,14.861389610897902,5.410529551012473
409.31526759509336,166.46691257607054,16.209589246533767,6.619946753355379
409.38040486251316,165.41729883480076,15.019119223646271,6.876419500454006
408.28679236087567,164.29300912138746,14.652763073069707,7.070214349942717
407.4667407900164,163.47864687746804,15.011397134298647,7.223914661897993
406.4480600669476,163.07515747837041,14.550296198432818,6.609113414076887
405.8533410780474,162.08155409483948,14.662872715375954,6.805552737094331
405.3932474735232,161.26042747151888,13.971463238378647,6.26637710462748
403.56966578585957,160.30073583795064,14.919627124174895,6.361954207667026
403.2893303651175,159.40385109435047,14.127994111214491,5.939697223934019
402.3703609091734,159.35765431847503,14.732686820143044,5.827803330752772
401.6085008776516,158.0107230339696,13.821675522191015,6.40893334269191
400.2404100203734,157.34596751806183,14.169147811855055,6.293109246137249
399.47155093869833,156.50375063528165,14.037961825248601,6.404179664803195
398.5832298326272,155.54008702922687,14.043141293729718,5.854844406449246
397.72984752841757,154.28924290915006,14.581824245891653,5.517447011959007
397.476975944148,153.47421701680545,14.000714884987303,7.551900756144676
394.47040508886727,152.0728440398154,14.313084980328824,6.667007010381184
393.22462799750656,151.3690732646723,14.173217700390751,6.760251863673233
392.83657571847067,150.27889805685123,14.510056523169794,6.429395505423912
392.2232322650215,149.28535177276132,14.091931747485205,6.447541374876806
390.4833936874463,148.74790886710576,13.801470135318311,6.050890847504093
388.91105681894254,147.66678931343714,14.601529635751263,6.250479352847918
388.22496632428647,147.0717260551668,14.005509168962078,5.6392692873136525
387.3997330562695,146.3447823233599,14.099348485411838,6.426233663418998
386.24962031633584,145.5546384108712,13.84869325068803,6.080623717213882
384.73693030981644,144.95179817112904,14.053323509123288,5.937529182604607
384.23009072672176,144.02646357701497,13.325003169779677,6.167905397365274
383.35264780873956,143.4102880988338,14.035405861895242,6.426233663418998
382.4532700426069,142.60905124956142,13.705851425636354,6.833621696725714
381.51113129038725,141.76706181603592,13.596590495076782,6.429395505423912
380.61079085326855,141.00642261876158,13.100901887532245,6.107537890628919
379.42732483040936,140.42699736439965,13.525627452064327,5.943078728937365
378.34483375224323,139.39360122283543,14.127994111214491,6.533666946327401
377.3997595542157,138.27321217313218,13.7885828412754,5.473006727767768
376.2356157013496,137.5300328678928,12.80835932960639,5.6869115423452286
375.6102797108301,137.02946160713412,12.948381262112946,5.690893492978034
374.3465590611888,136.22401899106617,13.364008314970874,5.435122998911595
372.47302952251005,134.51699606984874,12.856474717568744,6.40893334269191
371.4215672700105,133.34759030474186,13.279465936366762,7.297342303690357
370.30578421026496,133.02891215607593,12.962059641561666,6.865280600669024
369.20577008896305,132.29957713774564,13.279465936366762,6.406387720100241
367.3854785815702,131.17065171116707,13.14752431417827,7.55283311665562
367.2364085262279,130.2785281320338,12.634677621072058,8.06567980976186
366.38623685191897,130.27589198856106,12.948381262112946,7.609172198476244
365.4103876399815,129.35164999499602,13.651750120795612,7.609172198476244
363.7221764575945,128.5313161815368,14.367612019960632,8.456365931748252
363.3184707272985,128.12780061493783,12.971901138021622,7.881661450949821
362.27897040596616,127.9518126454174,13.971065400574332,7.844715866632683
362.38616808395057,127.79821386091007,12.780208895047906,7.656865241085967
362.41631431214176,127.73171562714717,12.03379415739579,7.750579287814219
361.2747118666899,126.96006115831109,12.99981486470557,7.695292707268223
359.84275964619906,126.74201963376291,13.780931374828356,7.634041121307774
359.82234192535634,126.33332064763756,12.626256966294477,8.367696924408179
359.3543891626143,126.54558058985421,12.86868153923291,7.981057300774239
359.0599427891171,126.55840437270842,12.420160971823123,7.517465851366637
358.4151467276732,126.27340609362497,12.914412180948148,7.319720983425498
358.6028343574707,126.12344140722864,11.629990271282566,7.582548723126976
356.8628904574969,125.08809497207251,13.546605618820024,7.881661450949835
356.9049930980314,125.28477534601454,12.888640854155994,7.931471294865233
357.4554836153244,125.60826747899907,12.169769232620581,7.5466166749770025
356.3818424092017,125.37612462823981,13.081969455315516,7.578520236182783
356.21785140072376,124.96014789251122,12.85039170534111,8.367696924408179
356.26834505069263,125.16758088519856,12.064388943030849,6.558078092109071
355.75182297864023,124.80181085234531,12.81046061507692,7.1834358589216265
355.9251726755816,124.3079875056123,12.373731845457826,7.274666524527376
355.000315930347,123.7948487978581,13.509648776369033,7.299568290457444
355.44903926380204,124.6037287081667,13.400699995914408,6.210080485911561
354.9797268839715,123.97773276481274,13.528804200969091,6.704540134993522
354.9523375500989,123.94664136550557,13.648528131951082,5.866472618119332
355.2062016348926,123.08160687821173,12.93018454605891,6.584816204011489
355.2966609422676,123.19962201179055,12.761782644738673,6.051979398535877
354.9704127123344,123.62735984953068,12.744954089358203,5.76141760203862
353.5660173752196,123.03470994426901,13.663290139330627,5.7195168025104834
354.2107815062286,123.45708817045924,13.194146740824294,5.36157906429257
354.33544231505937,123.15375500942193,13.086927636527662,6.345177035892192
354.2612077113655,123.68737860414791,12.54064658130244,5.503449219132733
353.75622652225707,122.71092856801322,12.643069805230937,5.642712362737299
353.8048779489813,122.76253983019642,12.64799115821097,5.480796168558086
353.7749272609648,122.38076712935751,12.55500697619243,5.573747491672876
353.6206383826793,122.24878404750861,13.100901887532245,5.548068770876654
353.5085725698796,122.3477077836358,12.914412180948148,5.268334211000521
353.2912275711395,122.13581964208358,13.301762167957065,5.444442189675456
353.33446725637407,122.27366955931382,13.461532447256275,5.50699054660484
353.1224919636364,122.02002276944322,13.262410413319856,5.593669698134903
353.0765300652512,122.33240716824018,13.546605618820024,5.500742887642076
353.08373056897653,122.27184554695347,13.223949603752203,5.304522157437319
353.13680500180794,121.736106424414,13.086927636527662,7.1383241653787195
353.22916702309857,122.17952895883977,12.392923898226911,6.345177035892192
353.13041259325104,123.20463370609599,12.561397937451318,6.321749288782684
352.69223028099145,124.13065579848183,12.638058532732316,5.992182925002396
352.0972841289417,124.64518672200515,13.483501201270883,6.345177035892192
352.70060319682057,124.80354800961577,12.700968545976707,7.172311649492727
351.9959107548793,125.93906183435831,13.72754633727817,7.299568290457444
352.199299625612,127.01331277908638,13.13610241824972,7.0606550498092275
351.5839190672517,127.69806739753207,12.700968545976707,8.143562185361532
351.5500357391398,128.1989572232289,13.074526444387743,7.620581127586007
352.23344059754896,129.69989053399343,11.897206942297828,7.1383241653787195
352.5649501265526,130.78522937555687,11.709264488471547,6.972932785269592
351.3893437867169,134.53675772738896,12.068794096766908,5.418642247527998
351.3218333061161,134.33656523127408,11.872012028443237,7.681890136051521
351.445973809264,136.21857351188575,12.249994926769773,6.1249974633848865
350.5786778515945,137.72373914058065,12.972298814123405,6.563365471431496
350.28855711320085,139.36768810238434,11.766468289095599,5.992182925002396
350.6299732118416,140.4720643444748,11.986693456652858,5.993346728326429
350.1878926871118,141.12080078087712,12.402122227247844,6.5746190120349866
350.1366625432122,142.22039514508768,12.507457923119773,7.729327930017831
349.6734606738536,144.10463308026058,12.77568012565888,6.724042171399418
349.3108606333836,145.36110505800286,13.049908477040958,6.943987996957588
348.9942402825727,146.90974188706087,12.392923898226911,6.444320427077997
349.87165095815715,148.25860269617783,12.54064658130244,6.315433530152319
350.5199544057737,148.9207264610232,12.002520281784541,6.867421398340639
349.4618158670996,150.36899593686883,13.115759953516942,6.865280600669024
349.51515402755354,152.34536357742138,11.940651620538233,6.619946753355379
349.3963277500417,152.87093766082492,12.420160971823123,7.517465851366637
349.3218318307733,154.91498181154023,13.005410813903381,6.41825468738088
349.2854816367819,155.56835333367826,12.81046061507692,6.943987996957588
349.5271648542377,157.50634388570586,11.879141169472291,5.9769263745772605
349.4923265200824,157.5078213781997,11.99932370728942,7.8491816731892925
349.48625666061236,159.68824892994598,12.039857769830007,7.275148099216409
349.34125139548934,162.01417107786082,11.935701699339916,6.474555167094763
348.30362436348923,163.60140346830605,12.479297297337212,6.732252489352987
348.30754524798914,164.81565472281247,12.039857769830007,6.609113414076887
348.33222837654216,166.2153407318474,11.766800260198295,6.193052768525433
348.1144886287889,167.32852958007257,12.249994926769773,6.310603447123839
348.22322073692754,168.25381608329812,12.091091207148395,7.4288484111716855
347.27519582894564,169.05909246325703,13.061711293617236,7.093860443947307
347.6597539048181,170.79641191568908,12.80835932960639,6.404179664803195
347.5930508534927,172.1126763135794,12.86868153923291,6.558078092109071
347.9652293266066,172.87971981962835,12.3602056232981,8.02962263119366
347.15386061590755,175.3367378393602,12.103275908518981,5.902214794895059
347.0754739728272,175.99372146824038,12.626256966294477,6.798753751081648
347.33837951272767,177.05351629753068,12.232995376995063,7.553258890493595
347.43683754170104,178.41014593651408,12.101781695008185,6.798753761240562
347.49295395900305,180.0140021564313,12.02858607467374,6.294027597213017
347.4597539239973,180.98870185330787,11.988624332511563,6.762813726032164
346.6136732057253,181.94840731314895,12.753391084529426,6.675328666833565
346.53895150589346,184.48531671117476,12.558216987746164,6.066976450161178
346.2905767236202,184.91808422728246,13.053607221581842,6.662778686015741
346.2636314562984,187.48160137482378,12.961034607594172,6.853496716965282
345.9643892847815,188.58887815773969,12.85039170534111,6.9481769104460795
346.45103094267847,190.19660638633832,12.101781695008185,6.526803610790921
346.27082631451697,191.95625726741008,12.150894736881014,6.075447368440507
346.7068330601122,193.2627483470942,12.092117029184749,6.105920480083398
346.0902310770168,194.08275799045583,12.392923898226911,6.642607209449636
346.47579896010166,195.93616887781477,12.103275908518981,6.425195852670555
346.05928892402125,197.31081489103693,12.397196657223162,6.56805120912486
346.5937803820653,198.6777054572475,11.804429589790118,6.5746190120349866
346.21676820375325,199.5264779806482,12.849644608744654,7.614604212589427
346.44176314596115,201.25739850408308,12.237756770232977,6.866741298852958
346.36051965725096,202.18643738353506,12.81046061507692,7.303159789903646
345.8614567638926,203.31533761201584,12.700968545976707,7.396446388539374
346.25000214065875,205.3120602441214,12.315096017109113,6.157548008554556
346.3966575970994,206.35979250642492,12.089544186291562,6.676315446161027
345.77027076738165,207.0395540347787,12.643498577565367,6.65015184923891
345.24959395276124,208.34688904720593,12.126257604277157,7.053027382079563
345.7675850606852,209.9483863731544,11.599776768740412,5.849460079963109
345.0731420874556,210.5589738015421,12.690736684094873,7.662331582849731
344.811848094064,212.43420163056237,12.725599217679417,6.239648648668606
345.26635905695804,213.9290879820283,11.937390895193118,6.199245915529474
345.1205194465881,216.5174062130239,12.54064658130244,6.495874488156659
344.9457804590753,216.6384447967881,12.578168982929242,7.228832748809907
345.21885214554027,218.65540524031704,12.150894736881014,6.814353129467037
345.20234607568807,219.93905551285286,12.10460313848148,6.981259484519569
344.79885449511573,220.94642480587845,11.99635033348369,8.030614686051052
344.654248425075,222.97929077596783,12.747007313186884,6.972721949093682
345.1314427159167,224.50984390213802,12.305744307845373,7.070703911690174
345.5572208413003,225.51447609408226,11.709688812898492,6.533666946327401
345.17521647051365,226.7403321110502,12.237756770232977,6.730766223628137
345.5089314779052,228.23570792740227,12.17976466529376,7.578520236182783
345.2182837618805,230.02415908703685,12.064388943030849,6.372472108370147
345.29852663150945,230.99732980126348,12.169769232620581,7.070703911690174
345.37639335302066,232.37273129699736,12.397196657223162,6.56805120912486
345.0787942375796,233.34169958665663,12.402122227247844,6.87346533076385
343.96222530129813,235.26968189982531,12.373732249262389,5.877522818399655
344.2281778906266,236.29095875647187,12.3602056232981,6.586094967158829
344.01553712900557,236.95709734728047,12.373731845457826,6.866741298852958
344.42030139659465,238.8409567178043,11.732457145919454,6.609113414076887
344.06496549232816,240.18801259013586,12.305744307845373,7.002716374077778
344.43551282979246,241.44356138149232,11.816914298045617,6.434340769616455
344.2343415848664,243.05154803592458,12.1946371158553,5.948603471148914
344.5851685273639,244.94098359125368,11.629990271282566,6.455413102121611
344.0205033848141,245.82898214028725,12.509706920682618,6.730766223628137
344.80265723847845,247.1205865758384,11.658290896196604,6.65015184923891
344.0917583552574,247.83543465819812,12.1946371158553,6.9400373830070805
344.2310939614593,249.44129564090974,12.237756770232977,6.662778686015713
344.4784421690717,250.48881721849912,11.878782959291925,6.743684075847995
344.2540176470934,251.82676311058765,12.150894736881014,6.65015184923891
343.8779543181988,251.83427035575613,12.450426102300298,7.668740715184981
344.03498492989957,253.14130705588428,12.211840960166796,6.94398799695756
344.1439653708524,253.89822208715094,12.188126265523465,7.4242393495574674
344.1613390192501,255.34784328654257,12.252699067883384,5.9769263745772605
344.1337035669374,255.8557300469892,12.498706496478576,6.418254687380909
344.0910700126447,256.0365753494713,12.249994926769773,6.496209430862734
344.539245192686,256.44710251594813,12.028564328836751,6.5746190120349866
344.18844824648636,256.95684251228556,12.31596226698025,6.370325310507042
344.31063607965484,257.1658790949078,12.121830927965789,6.760251863673204
344.2937753970199,257.3710671665827,12.064388943030849,6.372472108370118
344.31378770822835,257.3258741485307,12.305744307845373,6.662778686015713
344.42258351512004,257.6067278213946,12.232995376995063,6.239648648668606
344.36574031741145,257.46298871733745,12.169769232620581,6.25485346034128
344.47459688443485,257.68771221113883,12.089544186291562,6.856756404165367
344.7341098503051,257.3316269225511,11.75504563679931,6.867421398340639
344.29292549871957,257.3514276521944,12.266428016529005,7.4072548887532434
344.50132095480876,257.72558090163704,11.935341221381691,6.340650023859041
344.34512440649974,257.67845436642034,12.101781695008185,6.9347288364654105
344.5337903124687,257.23465080631644,11.942457937588586,7.269518043456969
344.34739321075483,257.4346420849106,11.965806619783393,7.070703911690146
344.28208999590856,257.4170622694718,12.039857769830007,6.557879976758443
344.4884748262057,257.5901322675033,11.729718010107888,6.87346533076385
344.1384348294875,257.5454615908027,12.237756770232977,6.866741298852958
344.3298513336283,257.5661496535777,12.252699067883384,6.7240421713994465
344.05838947904897,257.7091163048775,12.450426102300298,7.127417841171848
344.49015212329226,257.5418702695003,11.953852749154521,7.097600069810483
344.07538518558596,257.59681069845135,12.92510328502334,7.172311649492713
344.44127018905334,257.6928637978687,13.172189934317714,7.307858799176245
344.6983303779106,258.4330021249566,12.930550200479217,6.496209430862791
345.56774143048983,258.51873750021997,12.022233663555255,6.191811726520427
345.16075102411963,258.99225886070366,12.373731845457826,7.070703911690146
345.19121246700075,259.1640298381554,12.126257604277157,7.795451317035315
345.7510893665712,259.6561123702279,12.681300047718025,7.039986423549351
346.6320142740476,260.17210207031917,11.96848997731621,6.679189567986157
346.46625633062706,262.19654987284594,12.10460313848148,6.418254687380909
346.2295608494865,263.2297598377329,12.10460313848148,6.643456606236384
346.38124164707665,263.21546550217283,11.99635033348369,7.039180774192914
346.57781114738816,264.59825481326175,11.89781908217094,6.798753761240562
346.3422383208598,265.0195861835212,12.34725839374056,7.2751480992164375
346.4907020142656,266.7323976160424,12.420160971823123,6.8637731686391135
346.34973371551365,267.55894513633314,12.169769232620581,6.594791148403317
346.5237622524642,268.8721545543704,11.766468289095599,6.427978046820726
346.46291594682606,269.31213666417966,12.095493724669495,7.1383241653787195
346.314876892632,270.9838525816979,12.86891280564862,6.990520536401732
346.3004725621259,271.7089694278563,12.571012753112825,6.345368342047436
346.00763757888154,271.79801095022765,12.397196657223162,7.471158250379517
346.53029075234406,272.91331539967507,11.761844006946149,7.546616674977031
346.35930394581516,274.0388291635233,12.188126265523465,6.496209430862734
345.28698306027326,275.2514423669848,14.045776980256562,6.3504842729883535
345.47660697644375,276.086327739526,11.82310073991215,7.093860443947278
345.32809091907563,277.60048428479905,12.103059647660132,6.1969992907490905
345.5383553906502,278.447959007213,11.965806619783393,6.1868659227288845
344.8229321677925,279.5471473321864,12.331564891148787,5.746748687137313
344.0787584677862,280.3973292425577,12.971901138021622,6.239648648668606
343.9240429172049,281.1817989011478,12.690354071784384,6.444320427078026
344.3425265339382,281.306500171466,11.761844006946149,7.410641599752182
343.8238854203458,282.4303645731772,12.473364170261448,6.024550041418763
343.39769079516464,282.6304603339348,12.160903618195391,6.0241513293838125
343.40118754189615,282.21766938199227,11.935341221381691,7.039986423549351
343.5202878235063,282.62578539858345,12.92510328502334,7.097600069810483
344.38758377733154,282.60335702934316,12.089544186291562,7.398079278178443
343.6998718092312,283.3485131943171,12.914412180948148,6.43389487715109
344.1839494147196,283.3718363641527,12.441719383070222,6.322840997953733
343.7332423976831,282.996482602848,13.182802435005271,6.754824388184488
344.47876232644177,283.59038858146005,11.986693456652858,6.896453769581115
343.3920707675271,283.12710547277544,13.822165606067017,7.626022403347292
344.2725331709009,283.9710643814983,12.095493724669495,6.642607209449636
344.2502830465366,284.13628245107463,11.972393098202701,5.866472618119303
343.97618994620046,283.5667312336792,12.311212191368554,6.64587560772992
344.2778989856736,283.1744159542639,12.450426102300298,7.398079278178443
344.1839253361428,283.7343646871498,12.392923898226911,6.840893991821247
344.40005031921885,283.5548461834917,12.293780507041106,6.444320427078026
344.04404358921346,283.3422637823569,12.867322292881624,6.650526128905142
343.9856306480369,283.5064260190742,12.177987488201154,6.3504842729883535
344.32118028002037,283.36738946422037,12.10460313848148,6.643456606236384
344.20703543291813,283.32491298090406,12.103275908518981,6.5746190120349866
344.26372555747514,283.2022751462276,12.985619683969446,6.25485346034128
344.2160067716534,283.19664150197127,12.914412180948148,6.43389487715109
344.48111068850733,283.3563120309733,13.013293078880054,6.404179664803166
344.9425228631427,283.12289117275094,12.476833806930017,6.9481769104460795
345.34791392414763,282.33108238339383,11.99200217905377,7.3753628425166085
345.4974448486708,282.34215857559605,12.039857769830007,7.531315285808546
345.4454372999477,282.1420227876437,12.781657071132258,7.342654062139786
346.50595843424526,282.6106050085299,11.783690583237842,7.326381536534825
346.2701250519009,282.2858220664484,12.388511352776675,6.660946172554588
347.1242775008306,282.27844568282075,12.723908415334051,6.361954207666997
347.2904799155418,281.2971578961211,12.441719383070222,7.818566825426615
347.87496360046134,281.22951266396046,12.811308018308978,7.849181673189321
349.1898400269374,281.2589858763776,12.311863588016081,7.486108010803775
349.9376707713252,281.0424916367003,13.081969455315516,7.758961194187123
351.8166147242792,280.873199689827,12.311212191368554,7.9532609731849675
352.34084548989347,281.2176578928829,12.150894736881014,7.96376209106387
352.52131235584005,281.1445966973924,13.940105567160629,6.806874290319229
353.56341698716005,280.0165633223401,14.345056161345951,7.849181673189321
356.75531035185634,279.7659743574959,13.448084342798836,8.143562185361532
359.61625669009106,280.29782988775014,12.962059641561666,7.326381536534825
361.1028517777902,279.5854813275614,13.005410813903381,7.319062362802754
364.0024132043094,279.2086944905959,12.402122227247844,7.396446388539346
365.54154430134616,279.6398032363473,12.744944216740294,6.558078092109099
367.52728826805605,279.34261386963834,12.83650937476176,6.418254687380909
369.5637454966412,278.29473499221166,12.930550200479217,7.486108010803775
372.4589092235457,278.1722311567389,12.03379415739579,7.206678986914994
375.31672371864704,278.30147702983953,12.296024956422116,6.352946227484779
377.71274583186675,278.3573608900088,12.92510328502334,6.0516379542594905
379.92187921554796,277.95605746812066,12.450426102300298,6.134992572147951
382.32773580525065,276.99474919038823,12.93018454605891,7.0637119279396074
385.0392882052789,277.3344959627285,12.559338233001313,6.31060344712381
388.80987603097765,277.7975058405671,11.373823084690457,5.840611854300505
389.93594271429646,277.5282351527579,12.559338233001313,5.073230222197594
392.8067545566916,277.55511907940456,12.52910975227769,5.774285364093203
395.40925877073647,276.64133187684246,11.981963648027715,5.874425757398797
397.6045641074393,276.7231154938839,11.940651620538233,4.949492899704978
400.2339283789255,276.26782254405964,12.101781695008185,5.0990653209304355
404.57953620144195,276.0680813128164,12.473364170261448,5.260874684055864
405.52881747168584,275.72246669712393,13.491597980078666,5.430580319025353
407.98803970835945,275.9790795175643,12.94005466642767,5.473006727767768
410.33697231896986,274.81753655056747,12.849644608744654,6.390828535566129
412.57605817145986,274.06075938557916,13.054287522971833,7.238633365818487
414.8002852732713,275.8627319384859,11.888718794735667,5.31495663764656
417.0601379438979,273.2228842802928,11.578756833964178,8.248583408266484
418.02181185383955,273.6455348024299,12.449725268377392,6.148012478211058
419.08039002396947,274.84071091906304,11.879141169472291,5.3045221574373045
420.42892423863066,273.12668446417473,12.497469571755005,7.176764704572179
422.42129234301206,273.4192923599135,12.249994926769773,6.743684075848023
423.74121523853216,272.7982456806272,11.625868931721357,7.546616674977031
424.66398057820965,272.7969835058353,11.383833669321405,7.238633365818487
424.4293938169146,272.71738480300746,12.654659017651113,7.223914661897993
426.46801424184076,272.3433248209129,11.965806619783393,7.206678986914994
426.50226464642714,272.4081062750382,11.921820856610395,6.915504625008907
427.0038695113851,272.45824802106773,12.507457923119773,7.026661754561644
427.57753826906185,272.51602422270906,12.654659017651113,6.91651403798744
427.94827890852736,272.4419810812785,12.761782644738673,6.4466737071360285
429.21211961897694,272.7175367208049,12.215075781257838,6.247405170566992
429.31756277419555,272.3985429312798,12.373731845457826,6.050890847504093
429.3599653497044,272.20623157790715,12.667607935620197,6.136752288811579
429.9548072518706,271.9118013851512,12.305744307845373,6.730766223628166
430.47261287419457,271.6008809702051,12.002520281784541,7.053027382079563
430.3280804617836,271.7704635283157,12.068794096766908,7.306956970151418
430.5640107302516,271.43621124788274,11.728662270282882,7.849181673189321
430.2178515979051,271.6917099322801,13.1866637391214,7.467146936610902
430.69911438288153,271.6450826248877,12.577694458295014,7.750579287814219
430.5568788511612,271.6637819627954,12.901528497311176,7.307858799176245
430.5181448662215,271.68272048126767,12.992418861725525,7.176764704572179
430.2274500681869,271.788298726239,12.315096017109113,7.224856330037369
430.4101104915834,270.9086501938018,12.172048312553784,7.466286627923921
430.51746041472626,270.66901857494554,11.940651620538233,7.919188639527931
429.23711341366743,270.4476007965604,12.86868153923291,7.857319978281623
429.44201031729267,270.7576909065322,12.03379415739579,7.478629137364578
428.58570321067424,270.88424525733103,11.748851514797593,7.319720983425498
427.65266920861234,270.6139952493101,11.608463460135567,7.069816092263011
427.022893712087,270.46591031465505,12.472324614346917,7.448261459835351
426.48049007719186,270.782816395679,12.215075781257838,7.1332312768414
425.3500231178647,270.59583507616736,12.68312446698377,6.85099521069759
423.7949530483771,270.83072638798524,11.702229088151569,6.620384583735188
422.6470116166047,270.2424199000896,12.9877842453418,7.832327903679413
421.27960336591474,270.74647364276035,12.509706920682618,7.070703911690146
419.5979244639844,270.7016684121971,12.612857849438171,6.675328666833593
418.6802090736273,270.4292647587854,13.239893506710757,7.795451317035315
417.34850352605696,270.4616108654648,12.442406016764721,7.262761883088899
415.7015956472707,270.94635017724084,13.109760301397216,8.018591252310898
414.5725092869042,272.0003000337603,12.723908415334051,4.954442214820347
413.19864869908884,271.60819399985115,13.423160577427495,5.533211230389952
411.7272856266109,271.84184049593034,12.770349031458125,5.515433136510126
410.2973923694634,271.17963180513465,12.33179137925572,6.218595652787087
408.4185631726239,271.53472098379257,12.217204097909246,6.0241513293838125
406.5802636931194,270.72451788081014,13.223949603752203,7.0228884901283095
405.05380650960603,270.66325942505006,11.72550751403179,6.935379471021861
403.20798240631626,272.154426101964,12.20013817042559,5.289300409330053
400.96282811876904,271.97643917452984,12.558216987746164,5.812417997706859
399.5623288032626,271.8678948405285,12.045706041686003,5.327908441514978
397.4452299153641,271.44874560841515,12.806812877986602,6.1249974633848865
395.25662383694095,271.379966231695,13.887975993915177,7.0637119279396074
394.67618788159734,271.9836208179596,12.621206894247678,6.0631288021385785
392.43207613501784,271.40160176528667,14.247147786861206,6.704540134993522
389.373778879732,272.0178454290783,13.893953766335073,5.954551614143611
386.27479639803533,271.926966234221,13.67297413543497,6.372472108370118
384.8711536850746,271.5564584008662,13.081969455315516,7.578520236182783
382.7668859887838,272.08432292495064,12.72108753930678,6.7665359251631685
380.70917909892535,272.6911564320923,12.17976466529376,5.323008261128393
378.36523203472314,272.82418619950033,13.29175121545984,5.883234144547771
377.1808405827152,273.00023846058633,12.901528497311176,5.864331135141413
375.79771815551834,272.97144423330695,11.816914298045617,5.50631085092175
374.1506277143385,272.6153548629598,11.401489986368802,6.3451770358921635
370.5351477447803,272.1315546897772,12.150894736881014,7.224856330037369
368.93128290121547,272.5773562068883,12.435600910508697,7.609845333296391
367.295388289079,273.1494942965913,12.930550200479217,6.496209430862734
365.5275441249064,273.6133949807186,11.99200217905377,5.742648930814482
362.9719956012091,274.1345757889053,13.086927636527662,5.65117329759147
360.76547257263667,273.557269115283,13.152186710139574,5.982123632676405
358.99790187192986,273.4729006355364,13.21820305836377,7.142755689923263
357.01527723196455,273.46942502169566,13.914788785101905,7.168224525658559
354.6883482048143,273.946981752738,13.073853654550646,6.427978046820726
351.95612923442127,273.2152237774428,13.663290139330627,6.990520536401732
351.22485868417465,273.6619444686282,12.476833806930017,6.87346533076385
346.7725374021702,275.0983046718547,12.77568012565888,6.201061113623894
345.002644988763,275.22246861493795,11.99932370728942,6.225213051150149
342.92367541657046,275.1261328438882,13.238022132054425,6.523083369418146
340.9288260018201,275.8620387253987,12.725599217679417,5.747044807984253
339.5477415259888,275.7998136814466,13.086927636527662,6.246033644706358
337.8523962524017,275.930583197694,12.781657071132258,5.710953159442056
335.8320267376453,276.0492358500183,12.72108753930678,5.683890177137073
333.25873072522575,276.88757537412624,13.257569834419087,5.778940697054452
331.97883212151675,277.09250294087104,11.430871691379025,5.3045221574373045
329.2755923148164,276.0263772890724,13.169632408023006,6.824264065975569
327.8132735631845,276.61296989765304,13.822165606067017,7.626022403347292
324.42513881834964,276.21185647327445,14.389154491363513,7.098649549072661
322.036527535481,276.8241873120794,14.490838211188077,6.634359662953557
321.18367618160283,277.7083449083698,13.30030369847782,5.993346728326458
320.097687344411,278.3219784464409,11.698920159926217,5.552029906405664
317.2053817946756,277.12026973758503,13.663290139330627,6.990520536401732
315.67870272633996,277.71065075362907,12.722745637905462,7.084256093833744
313.071065674204,278.21835211964816,12.092117029184749,6.345368342047436
311.54760363239643,278.4751941386417,11.904592816538809,6.239648648668606
308.1184565558237,277.6060491788809,15.728671206903812,7.308271469874512
306.60936902915887,277.8015475471157,15.093169339958251,8.26152427029291
303.01762900974154,279.64727586982286,12.103275908518981,6.0516379542594905
300.74241716886274,279.09936651177503,12.78949746297019,6.7417506006354415
299.6938847090345,279.72328551019393,12.971901138021622,7.060655049809213
296.12754380242785,279.54530729012873,12.901528497311176,7.307858799176245
294.4588222365748,279.9227708907026,12.9877842453418,7.1383241653787195
292.597225668516,279.8285280649892,11.599776768740412,7.33661094775033
290.1295108118373,280.30428823875553,13.393544909643879,7.070703911690146
288.9541512287802,280.2475939658347,13.02491218380544,7.630756632936539
287.1076161289239,280.44863559038885,12.089544186291562,6.495874488156687
286.0168563068404,280.824208901861,11.489893856496508,7.070703911690146
283.7282041748263,280.79164653585593,12.064388943030849,7.238633365818487
281.1267465631027,281.15244462274023,13.443307738090141,6.9835364873195545
279.84728973717773,281.8566074438063,13.257569834419087,5.982903309891697
276.611791736856,281.7918535628738,13.590205567762666,6.361372818952702
274.31511958457537,282.22200234909604,14.490187800460319,5.992182925002396
273.2429301035831,281.43794170544095,15.88754550865201,7.5073017238685225
271.2918936237607,281.29087470729974,14.366871717843253,6.824264065975569
268.95068096785957,282.21645820952114,15.085215303735424,6.345368342047436
267.6633867944757,281.99241151546755,15.39059971685515,7.5898847918737715
266.76113203594673,282.2971207522464,12.626256966294477,6.499907432352757
263.7129268893336,282.7587029142298,12.402122227247844,6.4251958526705835
261.2035129625181,282.95004106515216,13.172189934317714,6.315433530152291
259.2336902130998,282.86767343729645,14.665426623371047,6.285182838587616
255.63670932250642,282.6478622502148,18.763881846576794,7.168224525658559
253.20699352480474,281.69852639515324,15.964406057266928,9.28163142864355
253.33817667522374,284.3434139563308,13.879358877715049,5.927642854024157
251.6405689415911,282.87604585641077,13.734782222738858,7.951716023690892
251.05433887413867,283.8285021407305,13.663290139330599,6.990520536401732
248.7079955459135,284.851774479675,12.86891280564862,5.719516802510498
246.67727049052417,284.63726260639504,13.186071027713467,6.246033644706358
245.5258604926257,284.7956073998465,12.57816898292927,5.783066199047937
242.9327546892125,284.75925268684404,13.44330773809017,6.4597712507705864
241.61554943682742,284.9014699773126,12.402122227247816,6.4251958526705835
238.67244333167622,285.01189164100737,14.313088842643651,6.2167961639765394
237.13789105918346,284.89989335161596,13.879358877715049,6.795102783881305
235.96450763681358,285.77642891633644,11.761844006946149,5.64296562182966
233.86614776834557,284.20427196276,12.221188852809235,8.554832196966458
229.5420583870885,286.03565073732744,14.665426623371076,7.332713311685552
231.27310290076687,287.04606831214744,11.458000833276344,5.1425673031240535
227.68143057739763,286.3531917329167,14.039209459504406,6.157548008554556
223.6801224440603,287.26153834438657,12.91763214635705,5.710953159442056
222.5082322447657,287.1811370926369,12.867789754302152,5.408201490938609
220.46353341411674,287.5087388664968,13.529519984868699,5.64296562182966
218.2650699248883,287.06594698022866,14.457667473012606,6.990520536401732
216.98859530755635,287.6018342336342,12.217204097909246,5.911550369956103
215.49077374685407,287.68231283022607,12.774544901010103,5.9676706106908455
213.76515523292034,287.4150827854279,12.47336417026142,6.7033725812969465
212.0617469564516,287.1789851671014,12.47336417026142,7.38219512117513
209.4405322892684,286.5992982961937,14.871508677872328,9.319478771466663
209.56376289027742,288.3540949625346,12.121830927965789,6.480517303797114
208.771575344858,288.4204359513813,11.625868931721328,6.798753761240562
206.8726413677719,288.0452203089905,12.331564891148787,7.662331582849731
204.75970583027953,288.2583705701157,12.59121068059855,7.1383241653787195
202.66374150846136,288.01980581097064,13.301052257810255,8.096292678667112
202.87891557300688,288.2627754691499,12.56139793745129,7.389057610265468
201.61835958001413,287.57918031160546,14.313088842643623,8.530022643595714
202.553560781348,289.2498863982946,12.23552356660511,6.4466737071360285
200.6187501409471,289.064980668134,13.352630892322026,6.676315446161027
199.08775571456022,289.0479924993425,12.964904874096078,6.754824388184488
199.3293788193468,289.44317148720177,12.232995376995063,6.814353129467065
199.4481714927158,289.0076172695068,11.329888335740378,7.306956970151418
198.6218562016156,290.0757961256701,12.028564328836751,6.2757726933061235
197.10236999122668,290.110710324652,12.930550200479217,6.496209430862734
196.18221755743036,289.2513587858869,13.41960649240562,7.499191863403155
195.40630664648347,289.76836190345387,13.73478222273883,7.084256093833744
195.3215785923076,289.91841488868306,12.293780507041106,6.642607209449636
195.2718135200402,290.1850671240301,12.964904874096078,6.8637731686391135
194.68660585142828,290.55725496207083,12.991748976313346,7.398079278178443
193.99197536392614,291.0260947930702,12.811308018308978,6.676315446161027
193.48555764649362,291.7523648201211,12.889800497907544,6.65015184923891
193.22676721096343,291.90962190193636,13.182802435005243,6.8637731686391135
193.24485095621094,292.27284378286765,12.311863588016081,7.176764704572179
193.21497508338285,292.8663340495175,11.986693456652887,7.060655049809213
193.08676478050018,293.6714932963183,13.049908477040958,7.542607651867684
191.92029642005036,294.1232389598616,15.363780272103014,8.20565537260046
192.53055316370973,296.24898082447635,12.095493724669495,6.444320427078026
192.23264668908828,296.2667998581874,12.45042610230027,8.02962263119366
192.09505308247532,298.2809422313754,11.999323707289392,6.225213051150149
192.50002089322481,299.0218277313996,11.165687055512251,7.471158250379517
191.85063641006232,300.3740849888894,11.693856469333753,7.00271637407775
191.63779124425747,300.8337735973118,12.089544186291562,7.127417841171905
191.50879816814322,302.5275982902302,11.658290896196633,6.896453769581115
190.9591907302183,303.5061801072056,12.64568199590741,7.410641599752182
191.49078255188238,303.68726425907124,12.103275908518953,7.471157968221576
191.20486199984614,304.194969609465,11.953852749154521,7.545869547903806
191.25491888174162,304.92079031607574,11.658290896196633,7.142755689923263
191.41285769013686,304.56459064829716,11.260096346828789,7.733582655789007
191.2923057525168,304.7857392161024,10.9078906336035,7.3217348088571725
191.15665770625847,305.1483544047231,11.458000833276344,8.02962263119366
191.4380449460812,305.43687139778814,11.373773443292578,7.901779444813769
191.16593769115713,305.9147632995014,11.44613494940478,7.499191863403155
191.49691686132607,305.8485079124945,10.755183854941976,7.389057610265468
191.57376435586562,306.1650091622402,11.136359024336173,7.053027382079563
191.67416786809812,306.170844166054,11.401489986368773,8.328044859608497
191.57071023180123,306.4297534294011,11.401489986368773,8.129758077236886
190.76673570540294,306.50817626535223,13.049908477040958,8.62012303070594
191.0865290852886,306.1437772351513,12.09331463045936,8.498004875457923
190.58373637906223,306.6043084583977,13.582644592456717,7.435754338936135
190.19326467950822,306.31573124749013,13.79248456245611,8.20565537260046
190.68921014965642,306.14688246520814,14.168512187667432,8.385445988619495
191.86093707194104,306.0505774618342,12.81046061507692,8.62012303070594
190.9735162344761,305.7161608141383,14.02393553269124,8.963752608524317
192.25811322015142,306.7940748818894,11.840829258004959,8.683274789203665
192.0608139548143,306.7959969408141,11.97239309820273,8.859570892670035
192.45394256139608,306.66576977810513,11.909103228287222,8.931827421215417
192.36172803168128,307.21038770844456,12.331564891148787,9.458190547580159
192.35883895853553,307.5353135468148,12.373731845457797,8.090516975876255
192.15765217906775,307.5477706306288,12.643498577565367,9.113171052660732
192.8270682213593,307.86822513886307,12.103958797071726,8.814839558737049
193.1501574525596,308.52842817416564,11.373823084690457,8.760917781450758
192.97638540080504,308.69210449487076,11.829831544558544,8.90636742722512
193.65624194034,309.6272020068615,11.548221312278514,8.931827421215417
193.08924977870956,309.733353750979,12.509706920682618,9.382280190511949
193.37967984746626,310.4260352977015,12.92510328502334,9.189524300912524
194.25507831185746,311.072113511856,12.34608494403426,9.206530697097719
193.84537702167594,311.1639558289183,13.29175121545984,10.023287801822164
193.89937846967848,312.3986794753534,12.807699857793494,8.784768492204478
195.0306457116088,313.41091043328623,12.09331463045936,8.28010731454873
194.41476349691666,312.6872933382488,13.268719325907142,10.300716318796333
195.99518298671728,315.85451994010634,12.3602056232981,7.939402152191462
196.43706965181207,317.1414661667356,11.984365850004764,7.408517070912012
196.36752144520423,317.6438909954284,12.492067289412745,8.129758077236886
197.05232189042528,318.2290749019244,12.28901567297686,7.6625627137385095
197.20882477629996,319.7205946785758,12.571012753112853,7.303159789903646
197.26436311180262,320.63265508189914,12.305744307845401,6.662778686015713
198.2792356496092,321.80207610737864,11.909103228287222,5.774110656139271
198.28420410308166,322.24402828912355,12.690736684094873,6.584816204011474
198.48154306477048,322.57271820427184,12.39719665722319,6.814353129467065
198.95949221578647,323.7908726147884,11.996350333483662,5.750316688777275
198.91007438679287,324.1626508898992,13.967072974639109,8.03106696041749
199.3497617032168,325.15849684860075,12.331564891148787,6.345368342047436
199.09503543726137,325.78622830469953,12.690736684094873,5.627024756155265
199.57302853135417,324.9738984485796,11.972394027538343,7.762321402469922
199.3286996672819,326.9744291456774,12.690354071784384,5.552029906405664
199.49528247080855,327.53988825119455,13.011898947857844,5.783066199047937
199.87898749443315,328.17649589086324,12.690354071784384,5.552029906405664
200.1889225253728,327.81953593414386,12.63021787520529,6.315108937602645
200.0857768779087,327.6189930337736,12.690736684094873,7.5426076518677405
200.05881677252128,328.1134429176373,13.880074766014161,7.832327903679413
200.71809731011135,327.90614892170163,12.451288822130834,8.859570892670035
200.72130983896574,328.49537005932166,13.156475602834064,7.951716023690892
200.71217972548172,328.7848728385384,13.289356339005025,8.021503375795817
201.0557802937456,329.1285969872394,13.76825206293313,8.260951237759855
200.23661405671604,329.0185896715003,14.511914663831504,9.674609775887689
201.95461594523192,330.28846294634434,13.011898947857844,8.096292678667112
201.88442319929553,330.90024919815664,13.169632408022977,7.901779444813769
201.94573594973144,330.84045344731027,14.127423855879215,8.62012303070594
202.73560311215496,332.0618356824252,13.13610241824972,8.127963371292026
203.542232120002,332.22664618296255,12.420160971823123,8.171158534094161
202.25916607910867,333.0639332234358,13.945865570539183,7.367627093869771
202.78815240150973,333.0140907833108,13.813588311708997,9.400914267690837
203.59513429800762,333.21779353973193,12.868912805648591,9.373652537447754
204.12313125563927,333.8679753451672,13.156476953338853,9.341098636870584
204.58207421436302,335.3312543420838,12.037580683006667,8.480281105859945
203.9312694023702,335.5391790369786,13.528804200969063,8.62012303070594
204.61026626833163,336.0174980774781,14.298792006276216,8.420399737029356
204.53993667400928,336.4866589945816,14.077430340072567,8.683274789203665
205.4892121191698,337.20015213962233,13.285214418899272,8.922905206723385
207.4818961642008,339.4434146082734,12.331564891148787,8.859570892670035
207.178179452534,339.3875201795625,12.761782644738673,8.946404328270432
207.0900958577958,340.177486792064,13.301052257810255,8.963752608524317
208.1003644858331,340.73849850920374,13.288041722872237,8.551710019670224
207.58706999087778,341.1122337567829,14.257319669729185,9.929204769989951
207.20969874306837,342.37201140880865,13.682736031472388,9.2095338673372
208.91169797252402,343.95835754707707,13.914788785101905,8.011545058088984
208.7380192422964,344.5744253527912,13.621732918490807,7.6742157287272335
209.86068374911397,344.91241210569405,12.23552356660511,8.288580480603457
210.35813337900078,344.5332763527762,12.279117784773007,10.425666043675221
210.07055416668086,346.1567934667966,13.528804200969063,8.859570892670035
211.19225111868425,347.82078953222276,13.97106540057436,8.143562185361532
212.00984221341727,348.1526053771735,12.420160971823094,8.389056095003298
212.30226894247554,349.54660162925995,13.186071027713439,8.427188250794302
212.82095383147484,351.317429278465,13.300303698477848,7.306956970151418
212.19525399909634,350.166136132293,14.547279184424724,9.276525856734622
214.481631207087,351.6662373914927,13.443307738090141,8.380243784783488
214.66862412767813,353.8980070836565,13.893953766335102,8.751386463211077
215.57190357776548,355.3445240910228,13.533071850326394,8.02962263119366
216.204021643703,356.7170026640595,13.780931374828356,8.129758077236886
217.51093996022695,357.3506976791159,12.991748976313346,8.570945505206737
217.14280315351184,357.8355518545616,13.352630892322026,9.202488858221955
218.24252394336506,358.0407473917672,13.528804200969063,9.57791447856215
219.57805532969664,360.6560372715301,11.816914298045589,7.857319978281623
219.5142363816526,361.2603373064056,13.257569834419087,8.226492051101047
220.01734146756297,361.9184270291293,13.546605618820024,9.113171052660732
220.08340654931933,363.73035323287615,13.623292329328564,7.939402152191462
221.4098356152843,364.89771058412083,13.682736031472388,7.630756632936539
221.90378452399563,365.5103722276441,14.168512187667432,8.096292678667112
222.25964689516482,366.603816841232,13.533071850326394,7.849181673189321
223.27878854123085,368.13436700201214,13.442851371324224,7.4882997571805845
224.65230924671974,368.92326315464993,12.630867060304638,7.398079278178443
224.91686210954103,369.98642230236146,12.985619683969446,7.818566825426615
224.79282524318083,370.8718241417029,14.177504939571605,7.832327903679413
226.65942541139938,372.3552104831607,12.700968545976679,7.695292707268209
226.27309124757187,372.99273238878175,14.41335797382996,8.294479588713443
227.9315836216706,374.42882831872714,13.945443898187364,6.972721949093682
227.927098672695,375.29904009942027,14.708085361369484,8.498004875457923
229.24109461695195,377.1704229607755,14.574078504314855,7.435754338936135
230.18065775059983,378.75337565607657,14.247147786861234,7.303159789903646
231.12124436284103,379.41643315758967,13.509648776369005,7.408517070912012
231.33711632493393,380.0228330776198,14.045776980256562,7.545869547903806
231.81863166583824,381.55312839477267,13.879358877715049,7.084256093833744
232.80044990909585,382.0640730202115,13.920448780420202,6.619946753355407
232.33263836349826,382.5295436304812,14.75810931753233,7.168224525658559
233.34354299741034,383.73103960866194,14.077430340072567,6.84136801573618
233.57744835204144,383.72584422445476,14.375791721943244,6.840893991821247
234.32754046415306,384.77541814877895,14.47493511312905,5.849460079963137
234.48904158515236,384.4214249305783,13.945443898187364,7.190619510002875
234.23405289390752,383.3652371591938,14.871508677872328,8.129758077236886
235.4633055514498,384.7446856462105,13.713512808330734,6.405654009154489
236.35700261559242,384.7712163750373,13.054279460886221,6.853496716965253
236.2599565708598,384.4865603924204,13.189582296806662,7.00271637407775
236.25589991966552,384.38829805594446,13.257569834419087,6.866741298852958
236.4333209489451,384.72445851020433,13.590205567762638,6.795102783881305
236.6108778807698,384.4226767450156,12.727922622715738,6.660946172554588
236.56949877895508,384.0142866455792,12.78949746297019,7.435754338936135
236.40718965785405,384.6941396500678,13.13610241824972,6.403849928896761
236.4151881437494,384.22929127102077,13.149238024069973,7.3217348088571725
235.80209930042022,384.2698323814825,13.880074766014161,6.940037383007052
236.32949764492452,384.4688859884069,13.061711293617236,6.643456606236384
236.4236274411292,384.49721665710604,13.230612732758857,6.474555167094763
236.3621411923584,384.2262480947283,13.42549949044971,6.619946753355407
236.3696185358387,384.28447317915766,13.17802484546445,6.496209430862734
235.6220193914406,383.8709690581884,15.179769583747515,7.379054658766165
235.49652505309408,383.7853737893909,14.127423855879215,7.303159789903646
235.15503748256455,384.05278640668814,14.796158556356858,7.307858799176245
235.75162022896177,384.57488764817543,13.880074766014161,6.543463818263831
236.02247976622283,383.8014640283899,14.2325893428482,7.993563336845398
236.17930909167413,384.00569891407866,12.761782644738673,7.367627093869771
236.93437233696278,384.57962109434675,12.510799252410237,6.023718158567874
236.35751097788645,384.7614300609033,12.985619683969446,5.846928234666848
235.760411574285,384.24125797373046,13.76825206293313,6.225644411065389
236.2829649623756,384.39600820589317,13.7469306615277,6.87346533076385
235.56519809626508,384.7764003664711,14.616542939749024,6.355018669456115
235.3587241727074,384.82674608363556,14.457665497619843,7.084256093833744
235.9355439429866,384.3015594659753,13.623292329328564,7.217638320174046
236.62500267797913,383.7299361405599,13.34553920585779,7.943773336820129
235.76800490610475,384.03266413324405,13.879358877715049,6.361372818952702
235.97763353130634,384.3088026024857,14.141661386822108,7.332713311685552
235.81575746036282,384.4877530863404,13.7929075391622,6.321749288782655
236.43828095139284,384.01591732515016,13.41960649240562,7.367627093869771
236.06631499843198,384.6236357711393,13.442851371324224,7.037197362169707
236.4742900757443,383.7885923960506,13.011898947857844,7.51798605876229
236.38665765142494,384.6699751426313,13.182802435005243,6.427978046820726
235.8576302802726,383.96790180184104,13.8143008010058,7.499191863403155
236.60008634303279,384.06890920934427,14.02393553269124,6.795102783881305
243.46523507727076,355.82514827004405,14.007699924897196,8.021503375795817
244.41575510080304,354.0545079320246,14.735254187739486,7.893886172003306
244.32465602104162,352.69300535334474,14.965491372753377,7.662331582849731
244.73189677678727,352.27067992868325,13.186071027713467,7.039180774192914
241.0649036380132,348.71699451257894,16.681065669880326,9.96230310840076
244.76250051393836,348.82083855394444,14.012060834332857,9.05482802352293
244.2775565556136,346.82736873522157,14.536454477967965,9.469833873835967
244.42746941988668,345.4906186989061,13.985480807771978,8.893580925725814
244.6206667587947,343.33685141748464,13.913844589226983,7.89920288481818
244.23863660201846,341.18413241781667,14.52567414669727,9.673709984193238
244.74415713309597,339.7001942144223,13.613272685631188,9.4182524806929
245.20026232747335,338.29151525760005,13.415016171541879,8.468897608333464
244.33106443498127,337.2776826756536,14.291670865785534,7.690459497694349
244.36993108554046,335.2050630688365,14.293145833399336,8.719989936654144
245.70551090583726,333.3507599421766,13.208405695511402,9.15879534180283
245.53937120084763,330.750614807538,14.270243513223846,10.657347511312423
245.31161519050022,330.4174833831037,13.72754633727817,8.28010731454873
246.32483575347646,329.13296871795455,13.169632408023006,7.782055513831779
245.16974857389283,326.78172869947554,14.606319579807291,8.859570892670035
246.00480596469825,325.49191097651936,13.605332295388592,8.930298979932616
246.375556142399,323.85238064172216,14.353661560924053,8.264806392260937
246.88433411842016,322.8268847609751,12.81046061507692,7.422883720885693
246.59990390784094,320.7104461263623,13.866640395762317,8.399870070084546
246.23076441956687,319.9122946112225,14.96549137275349,7.662331582849731
246.84916627706517,317.9723466385543,13.639291224198843,8.253843321164766
247.02630733822042,316.0273308213668,13.836495117732795,8.062209753639593
247.7332853423019,313.2627133106247,12.662455952399881,11.12761280665444
246.62267211488668,313.40098836187656,13.981423501165551,8.735089708651913
247.67182212936862,310.2483181097093,13.933237437635427,7.995927101383813
247.76435637031489,307.6377281280266,14.316249799005107,9.253185845698397
247.01667058775956,308.06645480967677,14.965491372753377,7.422883720885693
248.14534174536192,305.65327838727154,13.370216998971387,9.13431499011756
248.80587721199217,304.1469669126246,12.819388717950488,8.632263607098253
248.7910970400556,303.4220315096324,13.29484128853818,7.285541548043682
248.50973101350874,301.3503495740439,14.027032749092228,7.955665175346098
248.5218309228757,299.35917270576465,13.648828854077209,7.6625627137385095
248.71049048949868,298.7235243655819,14.297932959079844,6.88338819566826
248.3669627870154,296.05444429883124,14.077430340072539,8.946404328270432
247.86643336679288,293.97458777518466,14.389154491363513,9.784625054127218
248.77487868782168,293.73428350465775,13.250997396827927,8.952363094241662
248.9286391276687,292.66945543782674,13.551891695896984,7.645291877244404
248.35215628322618,289.00634488280986,13.844741395475126,10.360191233781734
248.73229884086837,289.4325684864346,13.696857347598808,7.650221314410885
248.51181826189315,287.4066805892987,13.648525958369817,8.728519509988928
248.26935557908942,286.2104380296207,14.316249799005078,6.808948075136584
248.3868386187387,284.40508721585934,13.998213406596108,8.463574738190857
248.21788717631415,281.50993865377757,13.771211376935582,9.333408456742234
247.64010284578023,280.8904827519124,13.994669911572373,8.453739522408341
247.44314092491302,279.0398849364087,14.58508535853204,8.634921306139745
247.36112469976166,276.27617511653534,14.14166138682208,7.85647854823452
247.22103732355615,273.748571846452,15.903432047381813,11.710709053072037
247.58323321538603,272.79135603714053,14.298792006276244,9.214777070711364
246.78214638886263,271.3822030073142,15.143880483187814,9.260646338640072
247.59702304596954,269.39447755010445,14.127423855879215,10.415981995436368
246.85696995678768,266.8634667665145,14.13256952587085,9.96230310840076
245.2287505405666,265.75441243141216,15.601429849962727,9.065695723627016
246.68781523809923,265.0109195729167,13.483501201270883,8.427188250794302
246.75411844360508,262.3671561645372,13.880074766014161,9.418622162652468
246.95425631874153,261.57428396761543,13.836495117732767,6.8637731686391135
246.4930689359425,259.3653729652712,14.247147786861234,9.338466616598112
246.10459273383645,257.05571914306944,14.449712660074681,10.837284495055997
245.72566513426958,255.18104094988652,14.942316500759063,10.837284495056025
246.61635585988824,254.24271010321272,14.106054764159126,10.022723121902544
245.64617039645174,252.36956436900255,14.703885133518952,10.437617288765523
245.67569260478237,250.1210497413403,15.54028685067263,10.168335840563543
246.05470363418524,249.65936795633544,14.615717598352518,8.48072502620451
246.58596315900908,247.93670650166408,13.68101657046978,8.107269078796918
246.62512632349092,246.53992136395865,13.986727993806653,8.625148929514125
246.05488787770776,244.8863703262038,14.353529409144414,8.414137929498423
246.6994668098895,240.50958484460227,14.141407823380348,8.566429739163084
245.50805499374692,239.47327358513968,15.797573165915395,8.715902436367116
246.17760537783872,238.40783576872153,14.127423855879186,8.979294823652026
245.6381637961052,235.22378826535405,15.035972117524608,11.276979088143463
246.77495283645834,235.45993652123403,13.880074766014161,8.030614686051052
247.00588896579282,231.34237464488837,14.19729909814535,9.78462505412719
247.64380684389977,232.37179666316842,13.962518969039138,8.501372436793986
246.83761816395335,228.07166422357227,15.021104652036087,13.238939693319963
247.44942934601062,228.79043245792832,14.845767441771386,7.901779444813798
247.5139944128661,228.16896663240843,14.998383726806253,7.4991918634031265
246.89002987206754,225.7775684353011,14.99838372680631,7.367627093869743
248.19906219069983,223.31190797142153,13.889372406045112,9.463199336982797
247.62679746058174,221.69768063321058,15.061375103546965,8.82469301841624
248.72504835446676,220.57442303948994,13.792484562456139,8.20565537260049
248.17184431804748,219.17849131666568,13.981041072803407,8.261524270292938
247.90010045869207,217.93335042484557,14.195200139621022,8.666543243137028
247.55473201844913,215.36551071295423,15.325125427477047,8.819175953548097
248.09741710377952,214.6098130288677,15.903432047381813,9.39748257345289
247.58801477722233,212.90072228717858,16.16273068257368,9.218742685616093
247.45785024236042,211.30920982209068,15.683834958645576,10.176534133472302
247.7782201230792,208.75106033277353,15.059295396419742,9.73062164076353
248.15189949154762,206.59027653746566,15.091739095807611,8.81596640250146
247.4925025996425,204.56343378648745,15.252044806694613,9.532528004184144
247.96083950758072,202.1843788596444,15.812259983070362,9.276525856734594
247.9249535709532,201.26969243589656,14.840015035554046,9.776951082247365
248.58261869019967,199.6833420225598,14.934293873221833,9.850278937656952
248.1174056121308,198.83581299901846,15.56979574016745,8.897026137238527
248.8387679179877,197.08399490992164,15.363780272103043,9.427774257881396
246.8386630404865,194.79574435407818,15.887546673640259,10.48578080460257
248.5148125480775,194.11717822445988,14.335086734212553,8.627890549236923
248.01637719752955,192.09549159796128,14.845767441771386,10.415981995436368
248.77921836196228,191.985128721379,14.074394724339442,8.570945505206709
247.98502775275412,190.25975206197666,14.965491372753405,8.739846961687988
247.54523004762015,190.30152151859286,15.034931702733246,8.498004875457923
247.53657060319384,189.84397037473653,14.942316500759063,7.553258890493595
247.77633002638223,189.31216428206704,13.409080269987015,8.500399099723921
247.45185297284246,189.3183199591653,13.93854490676,7.5066018189535555
246.2748675661348,187.89343766743775,15.252044806694414,8.897026137238527
246.73747541634924,188.3504158802248,15.016622233968803,7.78811566338581
246.63318872715286,188.49862863067867,14.449712660074965,7.2248563300373405
246.50850456787305,187.79609354341144,13.79290753916223,7.963762091063899
245.27226427323606,187.1937420905358,15.268082242615463,8.526331641980136
244.81657634760012,187.4923191843191,14.4865956488253,7.422883720885693
244.5032310523589,187.5023222142201,14.848478699114764,7.547976672050055
243.95710320718874,187.46429098639246,14.481345511442356,6.934728836465354
243.67878098451772,187.4075102179426,14.867604356760722,6.724042171399418
243.5359246766416,187.32355758573095,14.950782889820601,8.381963886661708
