422.3309562321231,202.57937152224704,16.223137128818394,10.000071223528863
422.7110402906489,202.70184657911497,15.930226398954517,9.605570756689701
422.4351164313938,203.43450058179673,17.479732440958458,9.38452144784381
423.53635697452665,203.48264760940597,15.969755496718676,9.961332636567107
423.5131400443511,204.7247390515043,16.767287768706638,8.687713869796198
424.6257605557573,204.49811590944424,15.82745085738378,10.17992861963549
424.56411267269397,205.64081688287752,16.89076776493863,9.75474572471262
425.0582104284002,206.54347558217876,16.474937483367682,8.741069450782419
425.49617750896385,206.41968435665677,16.085840867961338,9.208976701983971
425.4978170457669,206.4658603596128,17.050481150908922,9.928128265086201
426.0058544739735,207.40262236137193,17.323225148967367,9.404036509439436
426.02048483694375,207.9182105561755,17.958589647304052,9.458190547580159
427.30320615396494,208.89651220888362,16.584329303040306,9.523674253231036
427.324730116641,208.88492009374673,16.95351989277441,9.22033538028083
427.69489909410873,209.54333546055676,16.65694671503934,9.110330040062337
428.1910633832077,210.33067814986538,17.26135648772106,8.723481235729992
428.1208840074063,209.90730297985726,17.449236848703492,9.815195727395718
428.11510332369636,210.93515041978503,17.73373826463711,9.27737233288886
429.4295825411031,211.43455282375515,17.268834553551017,9.110330040062337
429.5679292953687,212.04725566461522,17.103420039340506,9.867357715004147
429.9520633977491,212.77178826229022,16.95351989277441,9.319478771466663
430.29328212551246,213.0778685677202,17.183663326909652,9.637793779005847
430.02929542616096,213.50626494284725,17.73373826463711,9.441573613116987
430.38202449256335,213.32411162160366,17.412552447419955,10.10469364824371
430.3877927393357,214.33823569033123,17.232111489415615,9.924252690239342
431.1968629331137,215.1784144340369,16.45126584864289,9.587492680003805
431.4498563638929,216.51580447135078,16.23968622039166,8.210063589198
431.2520580657673,216.35019274507903,16.666429943154355,10.426781294485721
431.162603600801,217.0866144322742,16.996009750915846,10.241185362731358
431.1874703920641,217.81411070170756,17.151806675146076,9.616908945024107
431.3388920557241,218.44043350235603,17.000798199447843,9.937086271508264
431.24263941548173,218.8904455623533,17.479693923375976,10.176534133472302
431.17103352752827,219.50310619084053,17.65163762452306,9.27737233288886
431.50178586269317,219.92256366550467,17.20084701593862,9.246305115287157
431.061018372806,219.1575336691535,17.322856092279608,10.13223658227676
431.1782291401171,220.0665789152346,17.240246061411938,10.415981995436368
431.3384661725599,220.03288623052435,17.000798199447843,10.775153788382454
431.7387807580733,220.80096274952092,16.666429943154355,8.866869132318556
431.1268444858276,221.47698970236956,16.95351989277441,8.922905206723385
430.49041284940415,221.1347221265726,18.42955414142267,9.850278937656952
431.36987096639126,220.96823407156967,17.07693314372466,10.098378734029467
431.22414844311606,221.3425142036478,17.141891010413417,10.465575564252418
430.81445699948034,222.2929549173206,17.892808656540808,8.81483955873702
431.135352496549,221.52434910163498,17.15903378383871,9.93417745380134
431.312106628116,221.80172128126003,17.412552447419955,9.473150295228464
430.93388604891067,221.5447530611105,17.482509645638515,9.787216938370278
431.5905457730487,221.59542767454508,16.45298410220215,9.926180491411202
430.8812258058539,221.5295442070689,17.472797166388204,9.790205416186382
430.37389192080866,221.45831292696946,17.815838904751217,10.180479374143545
430.5148399803044,221.36347519926545,16.81010542849856,10.758467474239069
430.3108785569191,221.19321552672523,17.419368688264683,10.246687463685106
429.83599789845005,221.16087724617975,17.71652212548844,10.956270261815234
429.84039917431875,220.8590436954188,16.69078861540254,10.826457480261126
428.4446737312455,221.69016224503696,16.748530583268405,10.016278093915417
427.5594668805912,221.38800697380853,16.724934252651735,10.470080792310455
427.27650773086606,221.04613243111956,17.55722122532069,11.281448532014593
426.3481572460201,220.690897023771,17.108951747227422,11.356160111696795
424.84424365282115,220.8460929346649,18.39054338554962,11.001485775284152
423.75649657881223,221.28941830493656,16.81010542849856,10.609044314874637
421.98529140641523,220.86955692962994,18.044095800435173,11.187339396269806
421.86423198465565,221.33364350816427,17.487436344294963,10.50888193459977
418.5600892573902,221.7093538057464,16.860909327876584,9.994168029023598
416.4353540742735,220.91889169020646,16.996009750915846,11.439621947731837
414.37879627496255,221.66837391623915,17.322331968417757,10.10469364824371
413.1267689823789,221.14276130906364,16.996009750915846,10.785929265004285
410.61705772650936,222.0239203445363,17.70664438468515,10.160774836781343
408.46570961474765,221.78029592647653,17.322331968417757,11.006898438265466
406.2220723471367,222.40176575997899,17.322856092279608,11.003826825913478
404.1546790678598,221.9259328503506,16.99483250361061,10.837284495056025
401.3753838887063,222.55087508538298,16.912731863496504,10.098378734029467
399.4195193720547,222.31561238105039,17.405335704180914,10.919385135170074
396.4900543565178,222.57437371214758,17.897939544865267,10.098378734029467
393.67131585680767,223.35920108468991,17.84581041344677,10.50919946569644
391.9140758169408,222.9127571727454,16.28245461355567,11.014601650346492
388.50391959907193,223.0401296718433,18.557209302214233,10.775153788382454
384.9172492799792,223.0401296718433,18.557209302214233,10.775153788382454
382.2272465406597,223.0401296718433,18.557209302214233,10.775153788382454
380.07190535374207,223.7585767341492,18.557209302214233,10.775153788382454
376.93356882453594,224.65524431392237,18.557209302214233,10.775153788382454
372.6054539247965,224.65524431392237,18.557209302214233,10.775153788382454
369.2235617438234,224.65524431392237,18.557209302214233,10.775153788382454
365.84166956285026,224.65524431392237,18.557209302214233,10.775153788382454
360.0131329743552,225.03881185164994,17.592993405424295,10.646016522256758
356.93561074904926,225.8781360949152,17.592993405424295,10.646016522256758
353.2462738243513,225.8781360949152,17.592993405424295,10.646016522256758
349.68194390691883,225.8781360949152,17.592993405424295,10.646016522256758
346.6412811235163,225.8781360949152,17.592993405424295,10.646016522256758
342.3131662237769,227.4057060595291,17.592993405424295,10.646016522256758
338.95586925071586,227.96525555503928,17.592993405424295,10.646016522256758
335.71232870379504,227.96525555503928,17.592993405424295,10.646016522256758
332.14799878636256,227.45606556683464,17.592993405424295,10.646016522256758
327.93139612421044,227.87772583304985,17.592993405424295,10.646016522256758
324.2420591995125,228.80006006422434,17.592993405424295,10.646016522256758
320.59680672836686,228.80006006422434,17.592993405424295,10.646016522256758
317.22352459864516,229.22172033043955,17.592993405424295,10.646016522256758
313.85024246892345,229.22172033043955,17.592993405424295,10.646016522256758
309.7194803337773,229.69834673064872,17.592993405424295,10.646016522256758
306.5570283371632,230.33083712997154,17.592993405424295,10.646016522256758
302.5280650795812,230.88913632859092,17.592993405424295,10.646016522256758
298.3114624174291,230.88913632859092,17.592993405424295,10.646016522256758
295.3645750624361,231.32286475220508,17.350093457517687,9.616908945024107
291.3707248882313,231.80700936823666,17.773434363428635,8.931827421215417
283.6329659747989,232.27275821059695,21.01839893139288,10.50919946569644
278.22734324874995,232.27275821059695,21.01839893139288,10.50919946569644
276.50492475620496,232.7159267995499,17.608772241613053,9.790205416186382
273.02970274164693,233.17928973482435,17.608772241613053,9.790205416186382
269.11285627307575,233.17928973482435,17.608772241613053,9.790205416186382
265.62108802941634,233.52846655919035,17.608772241613053,9.790205416186382
261.54756812377923,234.2922515414973,17.608772241613053,9.790205416186382
257.8582311990813,234.90714102894697,17.608772241613053,9.790205416186382
254.06328880314436,235.5396314282698,17.608772241613053,9.790205416186382
250.68139662217123,235.5396314282698,17.608772241613053,9.790205416186382
246.84045155414526,235.5396314282698,17.60877224161368,9.790205416186382
242.9995064861193,235.88880825263578,17.608772241614304,9.790205416186382
239.73796480141004,236.27251903907217,17.608772241614304,9.790205416186382
236.08382906647307,236.27251903907217,17.608772241614304,9.790205416186382
231.45019971372847,236.96756344198386,17.608772241614304,9.790205416186382
227.44442718468395,236.96756344198386,17.608772241614304,9.790205416186382
224.26691784995614,236.96756344198386,17.608772241614304,9.790205416186382
220.52135927824466,238.15459526067852,17.25095006633188,9.716052336209913
213.1886459665587,238.15459526067852,17.25095006633188,9.716052336209913
209.87891104322856,239.1729752370878,17.25095006633188,9.716052336209913
206.42551396530112,239.1729752370878,17.25095006633188,9.716052336209913
203.1266866524857,239.3475636492708,17.25095006633188,9.716052336209913
199.8095068210087,239.6967404736368,17.25095006633188,9.716052336209913
195.6369236157272,239.6967404736368,17.25095006633188,9.716052336209913
192.4594142809994,239.6967404736368,17.25095006633188,9.716052336209913
189.00601720307196,240.08045126007318,17.25095006633188,9.716052336209913
185.00024467402744,240.9237717925036,17.25095006633188,9.716052336209913
181.96413491952742,241.0683484474798,17.25095006633188,9.716052336209913
177.88562706399253,241.33147798654656,17.25095006633188,9.716052336209913
173.69550517160056,241.33147798654656,17.25095006633188,9.716052336209913
170.64036524237272,242.60445295705816,17.25095006633188,9.716052336209913
167.26708311265102,243.44777348948858,17.25095006633188,9.716052336209913
163.53311487741794,243.46901415850962,16.14946574138949,9.292709337224125
159.39022736817336,242.93623070492913,16.5103476573982,9.653591253232833
156.36114228331857,244.40114081767874,17.64752363107513,8.922905206723385
152.13142341307628,244.09115774161324,17.104958531370443,9.805390240912999
149.14951613971223,244.58485920269712,16.830631223382454,9.76997617357324
141.6797099688152,245.62151416676116,17.258374906591854,8.143562185361532
138.3958620640459,244.61106085690736,17.0138818427358,9.280299186946792
134.89709408080404,245.85797552909827,16.77811219000668,10.241185362731358
131.27526741344923,246.31359312512498,16.584329303040278,9.11317105266076
128.17543538044612,247.11615927492934,16.890144520243183,8.7853498969763
123.64556963159421,247.20979258525202,17.075750503982107,9.775248476917312
120.01889888288608,247.2168519213228,16.7552331104028,9.517765553838274
116.07589266181458,247.37859176366703,18.31475723744171,8.661165984208878
113.01813029985871,248.18775111670652,16.588959177426943,8.430454663938292
109.49637210047558,247.89081539178153,16.961450052409077,8.480725026204539
105.4902356571839,248.67606095216232,17.88072239206265,8.702404814387904
102.13877346339264,248.76473872106482,17.268834553551002,8.2944795887135
99.77490949254019,248.89414993126414,16.25951615447373,7.73318451249358
95.59510014829999,248.19547675880978,16.3380273826981,9.195271692774782
92.51003535238586,248.52240403675887,16.781009094404723,8.661165984208878
89.49177584552105,248.32829973940582,16.384996564589727,9.178317577674733
87.278257190597,249.84956127836247,15.024417140873126,8.456365931748252
83.75938021000181,248.83537104898855,15.76379919854466,11.401489986368773
81.14286340497087,248.84180844794633,15.43492034144343,11.494089615968505
78.57500017199854,249.49544481654874,14.772365286686494,10.608342856882246
75.41409995384663,248.74556373464176,15.962085980916285,11.302346595182968
70.9829183499388,249.6370237729427,15.698363346378613,10.194914127245852
71.19925354671133,249.60233864634696,15.10651778098719,11.576190256082583
70.88605966848961,249.22559262290835,15.838854892629755,11.356160111696823
70.71732617008007,248.9387011704366,16.2824546135557,11.852669167220682
70.95352805144461,249.62496747414932,15.909083801302884,11.353918781271744
71.37321271807976,249.43028100779722,15.76332290189967,11.247787695626329
71.50616440193056,249.93739950691798,14.976599514361197,10.46557556425239
71.15572338365551,249.5438279914669,15.066819993363382,11.187339396269806
71.15572338365551,249.5438279914669,15.066819993363382,11.187339396269806
71.15572338365551,249.5438279914669,15.066819993363382,11.187339396269806
71.15572338365551,249.5438279914669,15.066819993363382,11.187339396269806
71.15572338365551,249.5438279914669,15.066819993363382,11.187339396269806
71.15572338365551,249.5438279914669,15.066819993363382,11.187339396269806
71.15572338365551,249.5438279914669,15.066819993363382,11.187339396269806
71.15572338365551,249.5438279914669,15.066819993363382,11.187339396269806
71.15572338365551,249.5438279914669,15.066819993363382,11.187339396269806
71.15572338365551,249.5438279914669,15.066819993363382,11.187339396269806
71.15572338365551,249.5438279914669,15.066819993363382,11.187339396269806
71.15572338365551,249.5438279914669,15.066819993363382,11.187339396269806
71.15572338365551,249.5438279914669,15.066819993363382,11.187339396269806
71.15572338365551,249.5438279914669,15.066819993363382,11.187339396269806
71.53943417009187,249.9275387779033,15.066819993363382,11.187339396269806
71.53943417009187,249.9275387779033,15.066819993363382,11.187339396269806
71.53943417009187,249.9275387779033,15.066819993363382,11.187339396269806
71.53943417009187,249.9275387779033,15.066819993363382,11.187339396269806
71.53943417009187,250.26539019828135,15.066819993363382,11.187339396269806
71.53943417009187,250.26539019828135,15.066819993363382,11.187339396269806
71.53943417009187,250.26539019828135,15.066819993363382,11.187339396269806
71.53943417009187,250.26539019828135,15.066819993363382,11.187339396269806
71.53943417009187,250.26539019828135,15.066819993363382,11.187339396269806
71.53943417009187,250.26539019828135,15.066819993363382,11.187339396269806
71.53943417009187,250.26539019828135,15.066819993363382,11.187339396269806
52.353894848273775,246.42828233391754,15.066819993362962,11.187339396269806
52.739238871513095,247.45553187745523,15.599121621671543,11.494089615968534
53.406642156267964,246.61924093702936,15.906521946369963,11.875417069550167
54.266707414859276,246.1818083259219,15.024417140873119,11.083586415398202
54.8036659907001,246.05698989610295,15.76332290189967,11.2477876956263
55.82787881979014,246.63381831340277,15.698363346378613,10.55579604325456
56.15730945994687,246.16486752797573,16.457063891519,11.136359024336173
58.22897309189693,246.1998882457327,15.390585414536446,9.712505358688048
60.41021114438719,245.4251531156949,16.338027382698087,10.098378734029467
60.41021114438719,245.4251531156949,16.338027382698087,10.098378734029467
60.41021114438719,245.4251531156949,16.338027382698087,10.098378734029467
64.40699281280988,245.4251531156949,16.338027382698172,10.098378734029467
66.43410133507814,245.08730169531685,16.338027382698172,10.098378734029467
66.43410133507814,245.08730169531685,16.338027382698172,10.098378734029467
66.43410133507814,245.08730169531685,16.338027382698172,10.098378734029467
71.6606619784,245.08730169531685,16.338027382698172,10.098378734029467
71.6606619784,245.08730169531685,16.338027382698172,10.098378734029467
74.7013247618024,243.73589601380462,16.338027382698172,10.098378734029467
74.7013247618024,243.73589601380462,16.338027382698172,10.098378734029467
78.75554180633893,243.0601931730485,16.338027382698172,10.098378734029467
80.15441554511435,243.0601931730485,16.338027382698172,10.098378734029467
80.15441554511435,243.0601931730485,16.338027382698172,10.098378734029467
84.91058625695078,242.50064367753833,16.338027382698172,10.098378734029467
86.14036523185004,242.1931989338135,16.338027382698172,10.098378734029467
89.85673085600853,242.1931989338135,16.338027382698172,10.098378734029467
91.08650983090779,242.1931989338135,16.338027382698172,10.098378734029467
93.32470781294846,241.63364943830334,16.338027382698172,10.098378734029467
95.84268054274422,241.35387469054825,16.338027382698172,10.098378734029467
97.62484550146036,241.09927969644593,16.338027382698172,10.098378734029467
102.5439614010574,240.17694546527144,16.338027382698172,10.098378734029467
104.50238463534299,239.89717071751636,16.338027382698172,10.098378734029467
106.74058261738367,239.3376212220062,16.338027382698172,10.098378734029467
109.507585310907,239.3376212220062,16.338027382698172,10.098378734029467
111.04480902953108,239.3376212220062,16.338027382698172,10.098378734029467
113.9189404241952,239.5190167511427,16.556946328031188,9.418622162652468
115.94126499647655,238.89496866785524,16.84029050027371,9.341098636870584
118.3575081378317,239.03696764889844,17.5407536531888,9.696441460458402
120.89430634634996,238.7509638775733,16.669163409552084,9.587492680003805
123.06867737853094,237.85000498440547,16.45126584864289,11.003826825913478
125.72790815233033,237.96576654153938,16.577160961206957,10.262052023604298
127.37958149322904,238.47249515480408,17.635176807740663,9.691403470920534
129.52611108458356,237.5970795110646,17.12052213042989,9.697638409544197
132.6031176246323,237.70176986923076,16.912731863496532,9.441573613116987
135.12223839106872,237.71336576406063,17.323235064066836,8.948969772432633
137.49572968632054,237.18503742758787,16.953519892774437,10.310912683324801
139.79548661976372,236.75171622685033,17.867599994552563,9.478543899549237
143.1436946100453,236.5474672108109,16.40217854453772,8.859570892670007
144.20660815044775,236.56542753263398,17.23498480887389,9.604228175937351
147.90874815343423,236.84671221416306,16.996009750915846,8.60695365591252
151.79557836461206,235.7667962425444,18.557209302214204,9.458190547580159
155.32064780726407,235.86518769169624,17.322856092279608,8.824851216821685
158.10780001777658,236.13958535000882,17.431804872734205,9.36959511909464
160.8558360686813,235.25164362401685,17.322856092279608,10.241185362731358
162.7366377927337,235.049501063385,17.953875321433003,9.563370774230663
165.64870747110368,234.6297606960277,16.84029050027371,8.683274789203637
168.52108647851696,234.50805206528537,17.548380239889326,9.22033538028083
170.92112788372825,234.54300355557518,18.062140825093365,8.702667852090428
171.86969617390096,233.9998375705564,19.392882920916804,9.260646338640043
175.41140028078786,233.94909842343142,18.144241465207443,8.620567211976379
178.69206269990156,234.2812182749289,16.871229573406907,8.210063589198
180.04511826408543,233.32498662722503,18.19803750926812,10.29625806445435
183.776077010428,233.5837846712713,17.051670531411247,10.28513460624805
186.05412412670748,233.47661229243815,17.867599994552563,10.13223658227676
188.34546725203094,233.16847717375327,18.308442745435542,9.687875533459163
191.61936570690796,232.93098121620068,16.88481700818076,8.666543243137028
194.71559285833678,233.05388395795507,17.034240167545192,8.81596640250146
197.03831112578612,232.70345803832654,17.21390731182504,8.389056095003326
198.2693283507695,232.21640966588043,17.07693314372463,10.344680654371672
201.27956388312552,232.351129057829,17.407798065956285,8.741254822819258
203.94408292381547,231.8896271776124,17.502772926422125,8.751386463211077
209.44276297006212,231.11283531269066,17.479693923375976,10.415981995436368
211.75503282199378,232.00839081883345,16.828275858996875,9.342167848193128
214.61938776913775,231.6071279673273,16.961450052409077,8.751386463211077
216.6995397799022,231.1588936529051,17.773434363428663,8.570945505206709
219.32736198197725,231.6498923343888,17.683213884426493,8.390504547202369
221.02084136908707,230.86535384783176,18.73810093411913,9.716052336209913
224.39300444019415,230.55268394052592,18.47264402566367,10.262580014257594
225.7772232074577,231.37183370898086,19.392882920916804,9.151697558185447
229.18527319643067,230.60675131724082,17.498114347940657,10.656746332204477
231.02733561636296,229.7853682215211,18.65038849192959,11.710709053072065
234.52165620088755,230.3273455073607,17.21390731182504,10.785929265004285
236.0746713145362,229.97834936955434,18.638957542933298,9.319478771466663
238.0119766169822,229.08049280231606,18.41906773467437,10.788311101737861
241.03179062257223,229.20023389590062,18.194446335916354,9.914339021367567
244.92080385237824,228.97420882547937,16.87122957340688,10.736237001258928
247.30823277562612,229.00667738621024,17.323235064066836,9.031070412546683
248.8295564867609,228.9225277220687,18.194446335916325,10.023287801822164
251.74385304573937,228.735757883645,18.04409719581841,10.112625900953162
254.1289205010648,227.96176683323552,17.322331968417785,11.187339396269806
255.9619602705692,227.89015982226144,18.47264402566367,8.948969772432633
259.46628994618453,227.9577808515569,17.569536984409012,9.031070412546683
264.269661313532,227.97243919251275,17.95387532143303,9.022047900217586
266.79812536614133,227.09378339268076,18.31475723744171,10.28513460624805
269.30146558939384,226.68575226116008,18.144241465207415,9.85207681368729
272.2443251660983,227.22905699323988,17.412552447419955,8.841606942213247
274.9555642216976,226.88477611916704,17.982606454847883,8.729420609149457
277.9584434132067,227.28170395877913,16.87122957340688,7.578520236182783
278.8354727993798,226.36680605709205,18.30844274543557,9.687875533459163
282.4437256115426,226.40410857165682,18.41234389682552,10.56803170409512
284.305979179237,225.92465715152642,18.939541801882,10.264942503310095
286.2981546967692,225.10802810803438,18.41234389682552,10.459082923640523
289.1320854379619,226.39300960508393,16.84029050027374,9.341098636870584
291.18808248803924,225.37347901232053,18.76585963245259,10.28513460624805
293.11049940952023,224.72761718658694,18.072081872024796,10.264942503310095
296.3966901774819,224.90483404723423,18.02437342607419,11.446134949404808
298.64269004916747,224.46997493199385,19.47158589094147,12.367088336138522
302.68256600361724,225.06295571991802,16.28245461355567,9.577914478562178
304.8402242402574,225.34193550036102,17.548380239889354,9.716052336209913
307.62908154091616,224.19968871351304,16.854376501588604,10.211769292138996
309.3771709081135,224.33291017627715,17.758651214097995,10.350134143185926
311.83696759099604,223.56578158757867,18.957087799098474,10.241185362731358
318.55684841686474,223.7334407043869,17.431804872734176,8.498004875457923
320.9612728020617,223.7313581408638,17.599417854358023,9.697638409544197
321.7903646665169,223.03100984674117,19.340021121408085,10.262052023604298
325.8744667390968,223.19132390549888,17.258374906591825,9.563082199323617
328.6864987154552,222.45927711027298,17.23498480887389,10.919875871271245
329.7515144815847,222.35743413377443,18.85554851576279,9.776951082247365
333.8813135824182,221.23584487712813,17.458840782854395,11.511323593090822
335.8570427204417,222.10006513132356,17.431804872734176,10.785929265004285
336.9762079634393,220.70827164018172,19.340021121408085,11.051440640804628
340.57289647020906,220.8602844276624,18.00549070341401,11.430871691379025
343.4617243320074,221.16801802039478,18.04409719581838,10.112625900953162
344.8724573012438,221.09016456933315,18.521292677280087,10.785929265004285
347.70581198652724,221.33890365702558,19.17498536000761,10.459082923640523
349.7224748601907,221.23697875376402,19.216962027463467,10.826457480261098
353.1043260148536,221.14844119362982,17.863654842430833,9.202488858221955
355.27105339726194,219.9713595627533,18.528471761189508,10.683755894556867
358.07401737979984,219.60857410862909,18.31475723744171,10.555796043254588
360.84797982649326,220.1081691417036,18.24238397819005,9.616908945024107
363.7071110830895,219.25240808939805,18.317761440250138,10.415981995436368
366.0878338944034,218.94131333134467,18.437485371232185,10.655429857400406
368.3395415162324,218.81013041653713,18.682197273741167,10.393616793137681
373.98848089576154,219.31048586011642,18.287502965141016,9.867357715004147
377.51049256567796,218.8054450480061,17.83886571632206,9.697638409544197
379.69304200197445,219.08632181213844,18.31475723744171,8.751386463211077
382.71845552964294,218.6461160211103,17.97654877500713,9.042748777730878
386.4603798204873,218.24593338619113,16.961450052409077,8.751386463211077
387.7319657224263,218.3018370017374,18.41234389682552,8.933799997276282
391.19902315342426,217.492344639187,16.84029050027374,9.077969097803788
395.65505750296865,217.40343890355572,16.16273068257368,9.458190547580159
397.0773049570924,216.988621541471,17.25095006633188,10.211769292138996
399.4608789021514,217.24281330454576,17.85606754404955,9.413659039959185
402.08399229599746,217.4013507223851,17.756305777691523,9.03282454196156
405.06942264834674,216.2682813299664,17.719141785340014,11.13432558132854
406.9764911896739,217.02768439318766,18.41234389682552,9.805390240912999
410.6128120388875,217.21684780070603,18.341527369375854,9.517765553838274
412.64191670277296,216.479131840591,17.350093457517687,9.716052336209913
415.00250022328487,215.719049040963,17.73373826463711,10.262580014257594
417.6605932517426,215.7083294730435,18.341527369375854,9.319478771466663
421.0017236296688,216.07438998491997,17.431804872734176,9.914339021367567
423.64761182128314,215.68462908542915,16.457802936845383,8.526331641980136
427.69889896110504,213.94521118683838,16.57716096120697,11.183005410338012
430.21054832777605,214.72476209350657,17.479693923375976,9.937086271508264
431.6346300915553,214.87633088561083,18.630241457734655,9.805390240912999
434.0963630507002,215.42005006873217,17.892808656540808,8.551710019670253
437.2903476377473,214.53151961258712,17.867599994552563,9.587492680003805
439.84627104342985,213.85464755009377,17.21390731182504,9.478543899549237
441.32756673069366,213.43515218876294,18.4190677346744,10.656746332204449
444.88918827484764,214.06883329627178,16.182466652606763,9.604228175937351
446.8462995884259,213.20322572842184,16.521902475519767,10.176534133472302
448.58073868021717,213.6506024537831,17.12052213042989,9.577914478562178
450.1112635219253,212.95763268153485,18.157194867030853,10.126127906613362
452.93046878415237,213.2542871146546,18.02437342607419,9.077969097803788
455.6803587061408,212.92094591749722,16.584329303040306,9.687875533459163
456.78629254949783,212.2394514708799,18.072081872024796,10.409519158286287
459.6646199457125,212.19941714451136,17.83886571632206,9.458190547580159
461.19994448513586,211.24533873819306,17.34919859714381,10.98782577819108
463.7256415549848,212.2979544435658,18.24238397819005,9.914339118581552
466.3915780822119,211.85469430146352,17.25095006633188,9.517765553838274
468.6072629987701,212.0420289550426,17.479693923375976,10.176534133472302
472.27083343882566,211.5880414181284,16.41131074520098,9.951539494430364
472.62426758884,210.84931076483775,17.980040184979316,10.755183854941947
477.85443182626426,211.84726104231675,17.12052213042989,9.099018754634074
480.0151205233395,210.24228676096922,16.887060970461278,10.023287801822164
481.427377609987,210.6334231721445,17.5407536531888,10.241185362731358
483.79642381688046,211.18605313586326,16.436547530087466,8.96538956186589
486.1747961235473,210.49159770226544,16.113046414140115,9.314292652899553
487.8044402789939,210.08784117170774,16.25592674258405,9.85207681368729
490.1683968075702,210.28404364068086,15.923282820609586,9.577914478562178
492.2046565219963,210.53623832963683,17.431804872734233,9.696441460458402
493.3909534467787,209.93072116931182,17.183663326909652,9.787216938370278
495.75054219539925,209.57483209891586,17.213907311824983,9.151697558185447
496.8873971187465,208.9801133197819,17.944953804632576,10.211769292138996
498.82290942817355,209.44574341022533,18.00378042267681,9.527773831932052
501.1271459018651,208.41174879842515,17.93077912373178,11.132025372650162
502.34074557503453,209.24541731256318,18.0783135782861,9.458190547580159
503.6691215794756,208.8684844651816,18.837244325304937,10.70748624806808
506.70165952011854,207.68531515787154,17.06004528719137,10.409519158286287
509.07218452813237,208.084593624376,17.076933143724602,9.605774893345114
509.48005935761853,208.34018967636396,17.746667022260908,8.922905206723385
512.5954090133857,207.79796111895615,17.359969992393985,9.218742685616093
514.821464544882,207.1457852240085,16.748530583268348,10.098378734029467
518.216752696954,207.13173081466414,16.58597068945187,9.189524300912552
519.4854468656893,207.44275181773767,16.69078861540254,8.931827421215417
521.8043566063913,207.33089498101694,17.15903378383871,8.127963371292026
522.8004011511464,206.85123023867803,16.16037276328791,8.427188250794302
524.6317178537719,206.428265968099,16.854376501588604,9.418622162652468
527.076642488364,206.21502523095353,17.322856092279608,9.914339021367567
529.0637878191953,204.90945522453868,16.935075981749947,10.9990699675283
529.495072505809,205.04474613339931,18.131391447254032,11.806487454025842
532.2570947358416,205.97855839753123,15.862942589730437,9.121191989095024
533.6576250584711,205.0134962562233,17.241134423952758,10.180479374143545
535.1907001811179,205.84546060567902,17.635176807740663,9.373652537447754
535.1907001811179,205.84546060567902,17.635176807740663,9.373652537447754
539.18748184954,205.84546060567902,17.635176807740663,9.373652537447754
539.18748184954,205.84546060567902,17.635176807740663,9.373652537447754
542.4972167728694,205.33627061747438,17.635176807740663,9.373652537447754
544.6493299789428,205.02882587374955,17.635176807740663,9.373652537447754
546.0394187847663,204.5654629384751,17.635176807740663,9.373652537447754
547.6107144944131,204.5654629384751,17.635176807740663,9.373652537447754
549.3374130333763,204.3736075452569,17.635176807740663,9.373652537447754
551.6287679802966,204.3736075452569,17.635176807740663,9.373652537447754
553.5262391782651,204.1627774121493,17.635176807740663,9.373652537447754
555.0610823240102,203.9709220189311,17.635176807740663,9.373652537447754
558.1307686155003,203.77906662571291,17.635176807740663,9.373652537447754
560.4347606083201,204.2296891313617,16.333326569026326,8.352269268252115
561.777748360847,204.2296891313617,16.333326569026326,8.352269268252115
563.2535592926002,204.2296891313617,16.333326569026326,8.352269268252115
565.1070110336983,204.2296891313617,16.333326569026326,8.352269268252115
567.0044822316668,204.0188589982541,16.333326569026326,8.352269268252115
568.4033559704425,204.0188589982541,16.333326569026326,8.352269268252115
568.4033559704425,204.0188589982541,16.333326569026326,8.352269268252115
572.2404638348052,204.0188589982541,16.333326569026326,8.352269268252115
572.2404638348052,204.0188589982541,16.333326569026326,8.352269268252115
573.9880939689054,203.38335713130854,16.333326569026326,8.352269268252115
576.8659248671775,203.19150173809035,16.333326569026326,8.352269268252115
576.8659248671775,203.19150173809035,16.333326569026326,8.352269268252115
579.6067165975763,202.98067160498275,16.333326569026326,8.352269268252115
580.1662660930866,202.98067160498275,16.333326569026326,8.352269268252115
582.0197178341847,202.98067160498275,16.333326569026326,8.352269268252115
583.3627055867116,202.98067160498275,16.333326569026326,8.352269268252115
585.3898141089796,202.6428201846047,16.333326569026326,8.352269268252115
586.0047035964292,202.6428201846047,16.333326569026326,8.352269268252115
586.0047035964292,202.6428201846047,16.333326569026326,8.352269268252115
589.8456486644545,201.0715244749577,16.333326569026326,8.352269268252115
589.8456486644545,201.0715244749577,16.333326569026326,8.352269268252115
591.2789665773831,201.06348477993177,18.916381095160318,8.979294823652026
591.2789665773831,201.06348477993177,18.916381095160318,8.979294823652026
595.9954925545678,201.14054953413324,16.3380273826981,8.53846657186233
595.9954925545678,201.14054953413324,16.3380273826981,8.53846657186233
598.0195657242341,201.14054953413324,16.3380273826981,8.53846657186233
598.0195657242341,201.14054953413324,16.3380273826981,8.53846657186233
600.8973966225061,200.56498335447867,16.3380273826981,8.53846657186233
600.8973966225061,200.56498335447867,16.3380273826981,8.53846657186233
602.8558198567921,200.0054338589685,16.3380273826981,8.53846657186233
602.8558198567921,200.0054338589685,16.3380273826981,8.53846657186233
605.622822550315,200.0054338589685,16.3380273826981,8.53846657186233
605.622822550315,200.0054338589685,16.3380273826981,8.53846657186233
607.7914723749575,199.42712723906374,16.3380273826981,8.53846657186233
607.7914723749575,199.42712723906374,16.3380273826981,8.53846657186233
609.1903461137332,199.14735249130865,16.3380273826981,8.53846657186233
609.1903461137332,199.14735249130865,16.3380273826981,8.53846657186233
611.9908910488581,199.14735249130865,16.3380273826981,8.53846657186233
611.9908910488581,199.14735249130865,16.3380273826981,8.53846657186233
614.5368409898807,199.14735249130865,16.3380273826981,8.53846657186233
614.5368409898807,199.14735249130865,16.3380273826981,8.53846657186233
615.8380308846662,199.14735249130865,16.3380273826981,8.53846657186233
615.8380308846662,199.14735249130865,16.3380273826981,8.53846657186233
617.6914826257643,199.14735249130865,16.3380273826981,8.53846657186233
617.6914826257643,199.14735249130865,16.3380273826981,8.53846657186233
618.3239730250871,198.93652235820105,16.3380273826981,8.53846657186233
618.3239730250871,198.93652235820105,16.3380273826981,8.53846657186233
618.8196899810164,198.93652235820105,16.3380273826981,8.53846657186233
618.8196899810164,198.93652235820105,16.3380273826981,8.53846657186233
619.8672204541142,198.58734553383505,16.3380273826981,8.53846657186233
619.8672204541142,198.58734553383505,16.3380273826981,8.53846657186233
621.263927751578,198.76193394601805,16.3380273826981,8.53846657186233
621.263927751578,198.76193394601805,16.3380273826981,8.53846657186233
621.7876929881269,198.76193394601805,16.3380273826981,8.53846657186233
621.7876929881269,198.76193394601805,16.3380273826981,8.53846657186233
622.2214229530554,198.76193394601805,16.3380273826981,8.53846657186233
622.2214229530554,198.76193394601805,16.3380273826981,8.53846657186233
623.6972338848086,198.76193394601805,16.30276611519139,8.53846657186233
623.6972338848086,198.76193394601805,16.30276611519139,8.53846657186233
623.6972338848086,198.76193394601805,16.30276611519139,8.53846657186233
623.6972338848086,198.76193394601805,16.30276611519139,8.53846657186233
623.6972338848086,198.76193394601805,16.30276611519139,8.53846657186233
623.6972338848086,198.76193394601805,16.30276611519139,8.53846657186233
623.6972338848086,198.76193394601805,16.30276611519139,8.53846657186233
623.6972338848086,198.76193394601805,16.30276611519139,8.53846657186233
623.6972338848086,198.76193394601805,16.30276611519139,8.53846657186233
623.6972338848086,198.76193394601805,16.30276611519139,8.53846657186233
623.6972338848086,198.76193394601805,16.30276611519139,8.53846657186233
625.2542372881355,198.9830508474576,14.745762711864472,8.317349670422772
626.1941448382127,199.07550077041603,13.805855161787349,8.224899747464349
626.2569832402235,198.88268156424581,13.743016759776538,8.417718953634562
625.8169934640523,199.34640522875816,14.183006535947698,7.9539952891222185
627.7349768875192,199.537750385208,12.265023112480776,7.762650132672377
627.9661016949152,199.15254237288136,12.03389830508479,8.14785814499902
628.3309957924264,199.57924263674616,11.669004207573607,7.721157881134218
628.7,199.3,11.299999999999955,8.000400517880365
628.5171537106087,199.0874748929316,11.482846289391318,9.86192851805248
628.5171537106087,199.0874748929316,11.482846289391318,9.86192851805248
630.6625577812018,199.537750385208,9.337442218798174,9.411653025776076
0,0,0,0
0,0,0,0
0,0,0,0
0,0,0,0
0,0,0,0
0,0,0,0
0,0,0,0
0,0,0,0
0,0,0,0
0,0,0,0
0,0,0,0
0,0,0,0
0,0,0,0
0,0,0,0
0,0,0,0
0,0,0,0
0,0,0,0
0,0,0,0
0,0,0,0
0,0,0,0
0,0,0,0
0,0,0,0
0,0,0,0
0,0,0,0
0,0,0,0
0,0,0,0
0,0,0,0
0,0,0,0
0,0,0,0
0,0,0,0
0,0,0,0
0,0,0,0
0,0,0,0
0,0,0,0
0,0,0,0
0,0,0,0
0,0,0,0
0,0,0,0
0,0,0,0
0,0,0,0
0,0,0,0
0,0,0,0
0,0,0,0
0,0,0,0
0,0,0,0
0,0,0,0
0,0,0,0
0,0,0,0
0,0,0,0
0,0,0,0
0,0,0,0
0,0,0,0
0,0,0,0
0,0,0,0
0,0,0,0
0,0,0,0
0,0,0,0
0,0,0,0
0,0,0,0
0,0,0,0
0,0,0,0
0,0,0,0
0,0,0,0
0,0,0,0
0,0,0,0
0,0,0,0
0,0,0,0
0,0,0,0
0,0,0,0
0,0,0,0
0,0,0,0
0,0,0,0
0,0,0,0
0,0,0,0
0,0,0,0
0,0,0,0
0,0,0,0
0,0,0,0
0,0,0,0
0,0,0,0
0,0,0,0
0,0,0,0
0,0,0,0
0,0,0,0
0,0,0,0
0,0,0,0
0,0,0,0
0,0,0,0
0,0,0,0
0,0,0,0
0,0,0,0
0,0,0,0
0,0,0,0
0,0,0,0
0,0,0,0
0,0,0,0
0,0,0,0
0,0,0,0
0,0,0,0
0,0,0,0
0,0,0,0
0,0,0,0
0,0,0,0
0,0,0,0
0,0,0,0
0,0,0,0
0,0,0,0
0,0,0,0
0,0,0,0
0,0,0,0
0,0,0,0
0,0,0,0
0,0,0,0
0,0,0,0
0,0,0,0
0,0,0,0
0,0,0,0
0,0,0,0
0,0,0,0
0,0,0,0
0,0,0,0
0,0,0,0
0,0,0,0
0,0,0,0
0,0,0,0
0,0,0,0
0,0,0,0
0,0,0,0
0,0,0,0
0,0,0,0
0,0,0,0
0,0,0,0
0,0,0,0
0,0,0,0
0,0,0,0
0,0,0,0
0,0,0,0
0,0,0,0
0,0,0,0
0,0,0,0
0,0,0,0
0,0,0,0
0,0,0,0
0,0,0,0
0,0,0,0
0,0,0,0
627.19836400818,181.799591002045,12.289692270590194,7.872105129828782
624.5568384411259,179.39171643875338,14.866818957272926,9.341098636870584
621.9267650348514,179.31759275253694,14.602242152595977,9.542059228429082
618.2937803048297,180.64909290870247,14.942316500759034,6.732252489352987
616.3440207979093,180.54571953167044,15.261513265873077,6.841368015736208
614.1338063182071,179.99871509457623,15.906521946369935,7.081670729548279
610.5774470027692,180.38610419727684,18.224536758439513,6.766535925163197
608.5386314586104,180.16388209272182,15.579675605006173,8.171158534094161
606.6484843277645,179.81663500533887,14.772865277799838,8.44163730159994
602.5071562792536,180.3804819901557,15.352819701329395,7.471158250379517
599.8226913052317,179.7945010736489,12.52910975227769,8.498004875457923
596.3090589999456,180.1182638769318,15.599121621671543,7.471158250379517
593.8133929415317,179.81179338957742,16.451265848642947,8.280107314548758
590.8440282261831,180.44060025235223,16.58432930304025,8.292164651520125
587.3252638178084,180.40659561421228,15.252829263642411,7.4085170709120405
584.2736541730791,180.40146150982108,15.31373048217199,8.050968599083035
578.1173517055023,180.31351916881871,16.88481700818079,7.770004286950439
575.6437306665995,180.89911717347485,16.970563299152104,7.412965836717547
571.3281947441096,179.93243718094166,17.569536984408956,9.76997617357324
569.1336759812971,180.09425073604004,16.149465741389463,7.939402152191491
566.1817039227651,180.38704817217751,18.062140825093365,7.471158250379517
563.6847278253373,179.76993137669197,16.510347657398142,8.751386463211077
559.3792079124418,180.2168565348234,16.88481700818079,7.545869547903806
557.8372690828725,180.10527848593674,15.390585414536417,7.695292707268237
554.7142748777479,179.83835951071492,16.01547072682456,8.498004875457923
551.488468426135,180.5552053888511,16.01547072682456,8.498004875457923
547.4189120292034,179.83835951071492,16.01547072682456,8.498004875457923
543.4973434017523,179.83835951071492,16.01547072682456,8.498004875457923
539.536117361717,179.83835951071492,16.01547072682456,8.498004875457923
539.536117361717,179.83835951071492,16.01547072682456,8.498004875457923
535.3658509442463,180.30172244598938,16.01547072682456,8.498004875457923
535.3658509442463,180.30172244598938,16.01547072682456,8.498004875457923
528.0055096417457,180.9774252867455,16.01547072682456,8.498004875457923
528.0055096417457,180.9774252867455,16.01547072682456,8.498004875457923
522.908517353726,180.9774252867455,16.01547072682456,8.498004875457923
519.3441874362943,180.9774252867455,16.01547072682456,8.498004875457923
512.4701225955332,181.23202028084782,16.01547072682456,8.498004875457923
512.4701225955332,181.23202028084782,16.01547072682456,8.498004875457923
507.14144883987746,181.46370174848505,16.015470726825754,8.498004875457923
507.14144883987746,181.46370174848505,16.015470726825754,8.498004875457923
500.7800760209238,181.75285505843743,16.015470726828255,8.498004875457923
496.9429681565602,182.5202766313102,16.015470726828255,8.498004875457923
493.7384457558802,183.2718960088805,16.457802936845383,8.427188250794302
490.78749051991156,183.28787941746577,16.600568136400398,8.390504547202369
487.6086712422557,183.48258277740874,16.666429943154355,8.866869132318556
484.35097788914584,183.25384861052052,16.361835950405236,9.114812721230322
481.334847753767,183.54434859703036,16.287124370723063,8.442408504090395
478.1930297287477,183.6212231878303,16.212412791040833,8.96538956186589
475.26523703624326,184.50951235463282,16.420127178396,8.02962263119366
472.62640712299753,184.71051210783563,15.652771295316938,7.547976672050055
469.6475301330941,184.57132888281274,16.14946574138952,9.202488858221955
466.4171605800184,184.1656308809711,16.641626406501757,10.056810202490283
463.60552321613494,185.34477866610197,16.12441950727913,9.042748777730878
460.021381538079,185.58942454350102,16.521902475519767,7.662331582849731
457.07066133904306,184.9617613050141,17.493775252119974,9.831212538381493
454.62932209710505,186.6383081824438,14.345056161345951,8.11984311019583
450.7733564291519,186.18803081408933,16.342317068188322,7.735363412275802
445.50726429331814,186.24774060984333,14.778115220530935,7.717460170721722
440.9207605272692,186.00192198104006,18.290337122677897,8.607217469495481
437.9809034553389,186.48874531342483,17.05266328396027,8.62547503316594
435.253489237016,186.55055870761578,16.961450052409077,8.480725026204539
431.31086040523275,186.28813971884082,17.35996999239393,9.218742685616093
428.7253902123332,187.50127238281914,16.912731863496504,8.374265291634202
427.03478884854565,187.1947905118868,15.681222261785592,8.53846657186233
423.8923383455448,186.96304347047325,16.420127178396,8.931827421215417
421.1692322447915,187.436020967744,16.58432930304025,8.866869132318556
418.72031801706856,187.4342944419032,16.048008702358004,9.39748257345289
415.946029060374,187.95601469733833,15.614278737429402,9.108329263500508
413.2372388415804,187.94367957140727,14.778115220530935,8.456365931748252
410.62893061319926,187.57139340177116,14.457667473012634,9.850278937656952
407.80824579710026,188.6147254753767,15.681222261785592,7.881661450949821
404.9330242512453,188.08896745448195,16.061229372102105,8.030614686051052
401.1886048576953,188.41335218351108,16.149465741389463,8.300284068200199
399.31958628871143,188.67712992617635,15.763322901899642,7.881661450949821
396.8987049274826,188.91745409021598,14.942315936443151,8.517120083772596
393.32775879638956,189.12836535446803,16.5103476573982,8.390504547202369
388.38210406167013,188.69122036915755,16.761350337483805,9.218742685616093
385.64634821712013,188.68367281800468,16.40217854453772,9.937086271508264
382.13095891399803,188.19583106365243,17.567054593059197,9.92920476998998
381.56266594018575,188.56316059501833,15.410920273431032,8.579275203765718
378.28782442305453,188.78116209312626,16.05924526238732,8.841606942213247
375.605298704729,189.33101129500184,15.9620859809163,8.328044859608497
373.82763963511957,189.0479255818193,15.247260951367707,8.841606942213247
369.60803148305354,189.7948602130878,17.317425874267883,10.009154404393342
369.60803148305354,189.7948602130878,17.317425874267883,10.009154404393342
364.54026017738266,189.7948602130878,17.317425874267883,10.009154404393342
364.54026017738266,189.7948602130878,17.317425874267883,10.009154404393342
359.211586421727,189.7948602130878,17.317425874267883,10.009154404393342
359.211586421727,189.7948602130878,17.317425874267883,10.009154404393342
355.7884012617006,189.9726111187494,16.641626406501757,9.338466616598112
355.7884012617006,189.9726111187494,16.641626406501757,9.338466616598112
351.03223054986415,189.9726111187494,16.641626406501757,9.338466616598112
351.03223054986415,189.9726111187494,16.641626406501757,9.338466616598112
346.4205593939917,189.9726111187494,16.641626406501757,9.338466616598112
346.4205593939917,189.9726111187494,16.641626406501757,9.338466616598112
342.3470394883546,190.73639610105636,16.641626406501757,9.338466616598112
342.3470394883546,190.73639610105636,16.641626406501757,9.338466616598112
335.978053885723,190.73639610105636,16.641626406501757,9.338466616598112
335.978053885723,190.73639610105636,16.641626406501757,9.338466616598112
332.9036064484747,190.73639610105636,16.641626406501757,9.338466616598112
332.9036064484747,190.73639610105636,16.641626406501757,9.338466616598112
328.1897193195345,190.73639610105636,16.641626406501757,9.338466616598112
328.1897193195345,190.73639610105636,16.641626406501757,9.338466616598112
324.87998439620435,190.73639610105636,16.641626406501757,9.338466616598112
324.87998439620435,190.73639610105636,16.641626406501757,9.338466616598112
321.52268742314334,190.73639610105636,16.641626406501757,9.338466616598112
321.52268742314334,190.73639610105636,16.641626406501757,9.338466616598112
317.95835750571086,190.73639610105636,16.641626406501757,9.338466616598112
317.95835750571086,190.73639610105636,16.641626406501757,9.338466616598112
314.48313549115284,191.19975903633082,16.641626406501757,9.338466616598112
314.48313549115284,191.19975903633082,16.641626406501757,9.338466616598112
310.91880557372036,191.70894902453546,16.641626406501757,9.338466616598112
310.91880557372036,191.70894902453546,16.641626406501757,9.338466616598112
306.98022062388793,191.9406304921727,16.641626406501757,9.338466616598112
306.98022062388793,191.9406304921727,16.641626406501757,9.338466616598112
304.4317244798787,191.9406304921727,16.641626406501757,9.338466616598112
304.4317244798787,191.9406304921727,16.641626406501757,9.338466616598112
300.86739456244624,191.9406304921727,16.641626406501757,9.338466616598112
300.86739456244624,191.9406304921727,16.641626406501757,9.338466616598112
297.0198485361569,191.9406304921727,16.641626406501757,9.338466616598112
297.0198485361569,191.9406304921727,16.641626406501757,9.338466616598112
293.5446265215989,191.9406304921727,16.641626406501757,9.338466616598112
293.5446265215989,191.9406304921727,16.641626406501757,9.338466616598112
290.467104296293,191.9406304921727,16.641626406501757,9.338466616598112
290.467104296293,191.9406304921727,16.641626406501757,9.338466616598112
287.9211543552698,191.9406304921727,16.641626406501757,9.338466616598112
287.9211543552698,191.9406304921727,16.641626406501757,9.338466616598112
284.67761380834895,191.9406304921727,16.641626406501757,9.338466616598112
284.67761380834895,191.9406304921727,16.641626406501757,9.338466616598112
281.18235354014837,191.9406304921727,16.641626406501757,9.338466616598112
281.18235354014837,191.9406304921727,16.641626406501757,9.338466616598112
278.8909985932275,191.9406304921727,16.641626406501757,9.338466616598112
278.8909985932275,191.9406304921727,16.641626406501757,9.338466616598112
275.64745804630667,191.9406304921727,16.641626406501757,9.338466616598112
275.64745804630667,191.9406304921727,16.641626406501757,9.338466616598112
273.33064336993465,191.9406304921727,16.641626406501757,9.338466616598112
273.33064336993465,191.9406304921727,16.641626406501757,9.338466616598112
271.2938834171161,191.9406304921727,16.641626406501757,9.338466616598112
271.2938834171161,191.9406304921727,16.641626406501757,9.338466616598112
267.0972622007898,191.9406304921727,16.641626406501757,9.338466616598112
267.0972622007898,191.9406304921727,16.641626406501757,9.338466616598112
264.3963792662712,191.46400409196352,16.641626406501757,9.338466616598112
264.3963792662712,191.46400409196352,16.641626406501757,9.338466616598112
261.79399947669924,191.46400409196352,16.641626406501757,9.338466616598112
261.79399947669924,191.46400409196352,16.641626406501757,9.338466616598112
260.11535099016874,191.46400409196352,16.641626406501757,9.338466616598112
260.11535099016874,191.46400409196352,16.641626406501757,9.338466616598112
257.7985363137967,191.46400409196352,16.641626406501757,9.338466616598112
257.7985363137967,191.46400409196352,16.641626406501757,9.338466616598112
255.8799823816148,191.08029330552714,16.641626406501757,9.338466616598112
255.8799823816148,191.08029330552714,16.641626406501757,9.338466616598112
253.64178439957414,191.08029330552714,16.641626406501757,9.338466616598112
253.64178439957414,191.08029330552714,16.641626406501757,9.338466616598112
251.79711593722516,191.08029330552714,16.641626406501757,9.338466616598112
251.79711593722516,191.08029330552714,16.641626406501757,9.338466616598112
249.0301132437017,191.08029330552714,16.641626406501757,9.338466616598112
249.0301132437017,191.08029330552714,16.641626406501757,9.338466616598112
246.23236576615085,190.80051855777205,16.641626406501757,9.338466616598112
246.23236576615085,190.80051855777205,16.641626406501757,9.338466616598112
242.9226308428207,190.2913285695674,16.641626406501757,9.338466616598112
242.9226308428207,190.2913285695674,16.641626406501757,9.338466616598112
240.4081458308185,190.48072329878426,15.803558889627595,8.859570892670007
240.4081458308185,190.48072329878426,15.803558889627595,8.859570892670007
237.89017310102275,190.48072329878426,15.803558889627595,8.859570892670007
237.89017310102275,190.48072329878426,15.803558889627595,8.859570892670007
235.36021150373148,190.48072329878426,15.803558889627595,8.859570892670007
235.36021150373148,190.48072329878426,15.803558889627595,8.859570892670007
232.84223877393572,190.48072329878426,15.803558889627595,8.859570892670007
232.84223877393572,190.48072329878426,15.803558889627595,8.859570892670007
229.7647165486298,190.48072329878426,15.803558889627595,8.859570892670007
229.7647165486298,190.48072329878426,15.803558889627595,8.859570892670007
226.96417161350428,190.48072329878426,15.803558889627595,8.859570892670007
226.96417161350428,190.48072329878426,15.803558889627595,8.859570892670007
223.88664938819835,191.04027279429442,15.803558889627595,8.859570892670007
223.88664938819835,191.04027279429442,15.803558889627595,8.859570892670007
220.24957766738225,191.04027279429442,15.803558889627595,8.859570892670007
220.24957766738225,191.04027279429442,15.803558889627595,8.859570892670007
