288.4353354324119,283.7412831068637,15.250315708710787,7.864942692542684
288.4353354324119,283.7412831068637,15.250315708710787,7.864942692542684
288.4353354324119,283.7412831068637,15.250315708710787,7.864942692542684
288.4353354324119,283.7412831068637,15.250315708710787,7.864942692542684
288.4353354324119,283.7412831068637,15.250315708710787,7.864942692542684
289.394474785161,283.773254418622,15.250315708710787,7.864942692542684
289.394474785161,283.773254418622,15.250315708710787,7.864942692542684
289.394474785161,283.773254418622,15.250315708710787,7.864942692542684
290.449528073185,283.1977708069725,15.282287020469084,8.40845499243386
290.449528073185,283.1977708069725,15.282287020469084,8.40845499243386
290.449528073185,283.1977708069725,15.282287020469084,8.40845499243386
290.449528073185,283.1977708069725,15.282287020469084,8.40845499243386
290.449528073185,283.1977708069725,15.282287020469084,8.40845499243386
290.449528073185,283.1977708069725,15.282287020469084,8.40845499243386
290.449528073185,283.1977708069725,15.282287020469084,8.40845499243386
290.449528073185,283.1977708069725,15.282287020469084,8.40845499243386
290.449528073185,283.1977708069725,15.282287020469084,8.40845499243386
290.1949696207306,282.6038010845792,14.688317298075674,9.850952889674943
290.1949696207306,282.6038010845792,14.688317298075674,9.850952889674943
290.1949696207306,282.6038010845792,14.688317298075674,9.850952889674943
288.936164101288,283.3497599109155,14.688317298075674,9.850952889674943
288.936164101288,283.3497599109155,14.688317298075674,9.850952889674943
287.7239810084914,284.09571873725184,14.688317298075674,9.850952889674943
287.7239810084914,284.09571873725184,14.688317298075674,9.850952889674943
286.7347886334423,284.7357843916954,14.688317298075674,9.850952889674943
286.7347886334423,284.7357843916954,14.688317298075674,9.850952889674943
284.45112356320976,285.89518358119807,14.793717224394072,10.448219138812703
282.87982785356303,287.29189087866183,14.793717224394072,10.448219138812703
280.81457428482,287.99319278026906,14.793717224394072,10.448219138812703
280.81457428482,287.99319278026906,14.793717224394072,10.448219138812703
278.28884065591404,289.91147148576727,14.793717224394072,10.448219138812703
278.28884065591404,289.91147148576727,14.793717224394072,10.448219138812703
275.1556521036003,291.95763543829867,14.793717224394072,10.448219138812703
275.1556521036003,291.95763543829867,14.793717224394072,10.448219138812703
272.37547449195387,293.8110871793963,14.793717224394072,10.448219138812703
269.8933933859155,294.3851004261549,16.577160961206914,12.103958797071755
268.4202947584292,295.7935693901392,15.758855392405621,10.987825778191052
268.4202947584292,295.7935693901392,15.758855392405621,10.987825778191052
265.4686728949227,298.1127008543229,15.758855392405621,10.987825778191052
263.1773179480018,299.6402708189368,15.758855392405621,10.987825778191052
261.092184739267,300.5669966894856,15.758855392405621,10.987825778191052
259.2387329981694,302.18876696294603,15.758855392405621,10.987825778191052
257.5600845116389,303.86741544947654,15.758855392405621,10.987825778191052
254.79308181811547,305.4046391681007,15.758855392405621,10.987825778191052
253.17131154465486,306.7947279739239,15.75885539240548,10.987825778191052
250.43051981425597,308.05970877256954,15.75885539240548,10.987825778191052
248.39375986143742,309.58727873718345,15.75885539240548,10.987825778191052
246.15556187939674,312.1052514669792,15.75885539240548,10.987825778191052
240.80906700324832,315.92417637851383,15.75885539240548,10.987825778191052
238.01131952569747,317.32305011728926,15.75885539240548,10.987825778191052
236.05289629141188,318.7219238560647,15.75885539240548,10.987825778191052
233.0410372121279,321.0387385324367,15.75885539240548,10.987825778191052
231.00427725930933,322.82090349115293,15.75885539240548,10.987825778191052
228.00690005154414,325.2651412617145,15.962818005242696,9.696062563555358
225.26610832114525,327.162612459683,16.166780618079912,9.492099950718114
221.6410226101085,330.05414555920737,16.90033322959283,8.44968308172605
219.53895426297333,332.41091434372953,16.08729931798561,7.3776149738532695
216.38792603223882,334.40079322259766,16.17676548546936,6.949445793280404
213.77190412112148,336.5148227508071,16.584329303040278,6.485950569010811
211.73861167470042,338.42637945790716,16.585970689451898,6.0516379542594905
208.5048097872329,340.6289505927769,17.15903378383871,6.157548008554556
206.66348796542698,342.73114020357286,17.064871940713772,5.982903309891697
204.69382844367624,344.35417269069825,17.00950118971727,5.943078728937337
201.7016690132278,345.4362389426868,17.108951747227422,6.6493305917172165
200.04562636183755,347.5088703380942,16.271226899461766,6.154160317274943
197.3375110600717,348.3548332146395,17.203675432382198,6.900119143611278
196.44939480316225,350.23736237796174,16.88481700818076,6.4251958526705835
194.50299612533507,351.4388518532938,16.912731863496532,6.485950569010811
191.329680604141,353.4324162673615,16.3380273826981,7.224856330037369
189.62457767541892,354.77078900604306,17.00950118971727,6.506646539440055
187.7061571327946,356.269523773644,16.758082589067897,6.371562651051875
186.7336695064216,356.5441257290258,16.761350337483805,7.0637119279396074
185.84216732148664,357.449585640473,16.666429943154327,7.5532588904935665
184.4324718648948,358.3142926144194,16.384996564589727,6.934728836465354
183.7373486151779,359.2981615307148,16.361835950405265,7.545869547903806
182.60301600468006,359.72921434529854,16.854376501588632,7.039180774192914
181.7987535033029,359.6688401443153,16.81010542849856,7.919427446314899
180.5339214395119,360.5357873429152,17.057598063721684,7.806019452889586
180.53989521820574,361.23569649112886,16.871710064797412,9.111495595634324
179.51687761375354,361.5152217909176,18.044095800435173,9.743811732234974
178.6166879148032,361.43149684619493,17.9039444892868,9.164104288355304
178.4717581489325,361.47970543893723,18.03122371551396,8.994398653385815
177.75530540492622,362.5546778459466,17.608772241613025,8.702404814387876
177.73659443059844,362.52875416279875,16.755885968242723,8.68680724160049
176.56296516699302,362.6481470269543,17.880722392062637,8.770392352000329
176.5429452045842,362.44429951095054,18.058520709223444,9.09952697215732
175.61322639356788,362.58976456025783,17.935905896408286,8.888024668808384
175.56583668450568,362.6614467985239,17.778002749493652,9.017084968042866
175.6324007849253,363.5467799169222,17.63193280500292,8.96538956186589
174.43096833839388,363.3454537359506,17.9039444892868,8.994398653385815
174.62740316570864,363.3762127017056,17.84725206929599,9.289579152788122
174.61448344237442,363.41756268678057,17.880469624130512,9.222018717316587
173.65191091097412,363.6475930074122,17.819091671802028,8.82469301841627
173.40282775878651,363.4064038385755,17.93170306144893,8.965851530724478
173.46748524158778,363.44021364471615,17.861518080544414,8.782266609673854
172.59278144170767,363.4449769843308,18.751438058543727,8.914618093406034
173.08281449849326,363.6804439154184,17.258374906591854,8.741254822819258
172.80139646245163,363.437078967648,17.576654845550394,9.464352609142509
172.61448533477056,363.53667000123846,17.880469624130512,8.965851530724478
172.48566830196896,362.9636454453051,17.19948782647475,9.713379815670976
171.88207453801988,362.55591253506435,17.407798065956285,9.712505358688077
171.67904003316517,362.5100262067416,17.93077912373178,9.488370619641387
171.82980783503808,361.9757424628765,17.635176807740663,10.326905337866151
171.44361270663396,362.3836619070948,18.24238397819005,10.013482509767357
171.66582471395301,362.52268040363487,17.683213884426493,10.014473169241512
171.51076361106587,362.4283689519464,16.84029050027371,9.998922484537502
170.97127121342817,362.50308539598353,17.323235064066836,9.85207681368729
170.70988848137054,361.51295074634754,17.790951589582107,9.796283470212927
170.37363913988136,361.5192691324929,18.085403373404205,9.990520277092969
169.4940005212775,360.61395601213286,17.84725206929599,9.739982990499072
169.40573686523123,359.8123306814497,17.903552549009845,10.134086348496112
169.61373027936895,359.4950902385667,17.829236186812068,9.888053402456137
169.5675064669092,358.62083264612306,16.84888129662596,9.783221398040894
169.612232529872,358.4612562585618,16.912823920142557,10.134905827382227
168.47827389911018,357.3398667860489,18.084685004899853,11.761844006946149
168.6932440624688,356.70184660448837,17.632568455198935,11.321965008075097
168.40303253311578,356.49667605923236,18.03416993608579,9.939286839774525
168.58131949310823,355.5074697388385,18.023387400450645,10.680525866933692
168.6917697689853,355.63380091916275,16.890143914160234,10.865992584776393
168.74695308466153,354.6417822133926,16.642669875257923,10.39393508938042
168.80567004714885,353.89820591404066,16.50222866292623,10.673083214827898
168.4929254093123,353.57932259754585,16.766407197750567,10.827015718104576
167.71890982129344,352.8809924302827,17.81273485445024,10.810018480372435
167.4743930013943,352.43204732435754,18.062140825093365,10.426781294485693
167.51621055049014,351.54859325354585,17.982936498767344,10.912722148824628
167.58253057301562,351.58523598087845,18.003780422676783,10.70327839561196
167.62759573064756,350.53234061966606,17.75630577769155,10.950753040597249
167.67373775395737,349.5545158447069,17.903011832072536,10.769780555231137
167.4851349281648,349.57462969246103,17.93077912373178,9.78721693837025
167.63685426657244,349.43151033926296,17.726769312175207,10.19545402636669
167.64168140184617,347.78078611066195,16.95952858786299,10.384909575827976
167.56523601923436,347.5138755711464,17.051670531411247,9.834032211237172
167.68609023655506,346.5120208076824,17.498114347940657,11.314570179871396
167.66913446434785,346.6090368702833,17.81273485445024,9.92618049141123
167.57177598716632,345.3874045563714,17.773434363428663,11.367780354274146
167.53172879489233,345.49223968529014,18.085403373404205,10.400387775640354
167.6138670019411,345.5777365688397,17.880469624130484,10.144220589048246
167.7710598687611,345.5846775995131,16.83069601921403,10.117066582186851
167.5997321009907,344.4491059152626,16.871710064797412,11.157721301433526
167.70900740744042,344.46079062568793,17.296479661242216,10.23081976265712
167.5964163065759,344.70665569229345,17.54078470400063,9.92618049141123
167.54489056442816,344.57301709181405,17.996256685364585,9.977199302248778
167.56273480729615,343.51840928794456,17.996256685364585,11.282627248337405
167.3401106385091,343.5648228063531,18.308442745435542,11.329888335740407
167.67627268656554,343.67477434525597,17.941911761430475,10.950753040597249
168.45640377081267,343.43629514840336,18.12875446786532,11.26009594277349
168.66902489424044,343.4801036262963,17.85606754404958,11.729718010107888
169.50777783843733,343.51683786818074,18.023387400450645,11.734525130117959
168.9068717863146,343.5511525259202,18.546504309270034,11.988624332511563
170.3097141216873,343.6209384028523,18.189386406415736,11.693176975552944
172.5628608687521,344.5073765206246,17.798302837234786,11.69823375202202
173.59278855276676,344.5393486968456,17.885790081586862,11.857676297278545
172.25001175996167,344.2192274314202,21.01776386919957,13.30030369847782
176.67079935720244,345.6418194142368,17.67553587485679,11.732457145919454
177.5858376906942,345.6763091506023,18.06564908392312,12.064388943030849
179.6234035567115,345.4651942249729,17.84444835516149,12.97296690508773
180.4301336240416,346.4974459812247,17.95858964730408,12.331564891148787
182.7965310069465,346.54249485936987,17.880722392062637,11.829831544558544
184.76801432926092,347.5485351686975,17.691812445574868,11.709688812898492
186.62929216612835,347.5406013041678,17.76314455213449,11.981963648027715
186.87848045866735,347.4414270753138,19.431295204012685,13.067333892654801
190.3074455580151,348.474306587846,17.980040184979316,11.904592816538809
192.42715319007326,349.1579783930911,17.980040184979316,11.494089615968505
194.36972257123114,349.74330956157587,18.03416993608579,11.629990271282566
197.694384284638,350.0420028359781,17.719141785340014,12.331564891148787
199.54844771544543,350.4037846544328,17.819091671802028,11.879394447868037
201.8804291320691,351.54014562491403,18.492610230574286,10.945993555597283
204.7573703638861,352.60704774996344,17.782928562072385,10.987825778191052
207.2150389084213,352.78249261358286,17.778002749493652,11.322589647372013
209.90826385427502,353.46247649800114,18.81376204327455,11.183005410338012
215.2656829796798,354.81347171686815,18.939541801881973,11.421555743119654
218.5847715941038,355.40646808948765,17.93170306144893,11.066422460779904
221.65664067822257,355.8871529873498,17.682478740680125,11.46658555891264
224.4314236483035,356.42955366661937,18.144241465207443,11.986693456652858
227.7214461478458,357.63782804120785,17.85606754404958,10.833179053921299
230.6585544275244,358.6007249261553,17.62967911747404,11.051440640804628
233.52006491536523,358.6496601790215,18.154913862778443,11.655006430425658
236.2955840302891,359.4080945757454,19.033759867151304,10.964681140509072
238.2683435994525,360.7461014358288,20.51386772424982,10.536668422001014
243.56490487335932,361.31146455667863,18.13612396530263,11.469116954921446
246.54756134992306,361.36402778368654,18.905138370499003,10.861488711506183
248.89656053851235,362.5115638231399,19.721286471267433,10.816402981877161
252.84581988353446,363.53286143038287,18.69175926500398,10.97859354420416
256.4889560455404,364.6327817401493,19.240473144310783,10.606055867535247
260.403203388287,365.4159726607008,18.016697467287486,10.402093254698059
263.6441883042534,365.1929060701791,18.75247266413453,11.15814549924744
265.63948114834267,366.4787719222863,19.81776885928133,11.034894023918014
270.5631724996411,367.6559886261777,18.648970658408928,10.769780555231137
274.2367116119974,368.43463797709086,18.116076532998704,10.097485280687806
275.7426087302763,368.0805701407178,19.536266460712,11.485297861628965
280.1796405070147,369.28051815805134,19.307182506465665,11.367780354274146
286.67017560675816,371.34355425119924,19.73610293757355,10.950753040597249
290.4177490641855,372.4019304991242,20.11011774389084,10.733881411823631
294.5000526430175,372.2624177843086,19.047348506462072,11.658290896196604
298.00981857076704,373.35994153185413,18.498729712647275,11.19822768558248
302.8713944071471,374.4846824349927,17.50883113270629,11.012621701843557
303.9403032173963,375.47710523222133,19.558574430239844,11.115719090505081
308.5704936509243,376.51603840451446,18.840719706226878,10.84885704395441
312.54499634745457,377.3756279582527,18.80267149586217,11.117655898098349
315.8765434009819,378.52708112090244,18.67563915345039,11.277559875272004
319.7279380759531,379.6389125920477,17.948709929675033,9.65423034096159
322.2362347884626,379.9006261983613,18.900535456248747,10.198130641860814
325.5383737381777,380.5461419923461,18.58541867444825,11.187339396269806
329.4403800588597,381.31840057759234,18.916381095160318,11.25404951231053
332.0455592224832,382.67434331090374,19.574433876740557,10.235486416463573
336.8007080084071,384.19107114731275,18.630241457734655,10.241185362731358
339.37145971981516,383.81478689290697,19.134674498862353,10.806629639253856
343.28990804448244,385.36324705925017,18.528471761189508,9.86192851805248
346.4736772854501,385.45911190532485,19.051452818965004,10.907890633603529
349.5453932627908,386.4127611877657,18.700204621225282,11.117655898098349
353.20367155109267,387.4899421343821,19.118844431465504,11.094045180131332
359.7101629213553,389.50074541214957,18.58541867444825,11.097118917267665
363.09160518685394,389.4366000641865,19.263772431728,11.066422460779904
365.42455836666807,390.52931368059615,20.140888311081596,11.002892688461259
370.4929801241068,391.51056261095624,18.339587179405896,10.891325719570546
373.00039349722033,392.4762834185157,19.307182506465665,11.006898438265466
376.59142068644485,393.357935788318,18.454639384377913,11.00328917269394
380.5778040626025,393.8789876262207,17.63193280500292,10.683755894556839
381.7343958260067,394.28985687075635,19.950455547716786,11.576190256082555
386.07445515014564,395.6657407953233,18.636845305891768,11.329888335740407
389.39335992302625,397.075643143079,18.40497771644391,11.097118917267665
392.5908933086396,397.5755962151743,17.863654842430833,11.006898438265466
395.1193150596882,398.1269780732204,18.304337022142875,10.384909575827976
398.7349566542392,399.5438778279836,19.211549786690227,10.180479374143545
401.1330927550639,400.66009484432266,18.682197273741167,10.39361679313771
400.94205191960754,400.40544654070754,21.21668571376449,10.112625900953162
405.6569452406447,401.3016809327183,19.432104672419825,11.203203203997134
408.4500057671276,402.4774478822818,19.04734850646213,9.031070412546683
411.82857065741797,403.4908737527215,18.55474466577772,8.948969772432633
413.2886897057422,404.1797582506258,18.900535456248747,8.158504513488651
416.5602803722383,404.63449166170926,18.764560381023898,8.838379889612725
418.68670707309406,405.25365315897966,18.832547918636294,8.090516975876255
422.73465879219776,406.3636779027475,18.677894920553967,8.741254822819258
423.72769686761114,406.7260410009552,19.12674154846127,8.570945505206737
425.81850887547614,407.52878738944537,18.73810093411913,7.931471294865219
427.47939631075235,407.42059912501554,17.847252069295962,8.726574355649461
428.61346969052215,407.8081867395812,18.97674123928283,8.517120083772625
429.64140386887897,408.33208963400017,18.700204621225282,9.170785279998142
430.87547058870064,408.34252081954895,18.47264402566367,9.195271692774782
431.5445708310811,408.7597992846853,18.801046586119924,9.441573613116987
432.7348581197111,408.6413430257941,18.603183340871738,10.235486416463573
433.44041057794664,408.5289738892923,18.239103685359453,9.939286839774525
433.529559055601,408.6717286431729,18.802111674041953,9.767832142777422
434.034355051604,408.2833920762189,19.479965980998145,11.372696902201199
435.509865584089,409.31267291483545,18.726053575906803,10.118392926568788
435.62627570515366,409.47089563385885,18.879327738411746,9.88365623933214
436.4942814306829,409.2400286101599,17.880043100184196,11.321965008075097
436.59294028675356,409.445925368864,18.735188690365874,10.966159933098083
436.52555788845876,409.33953234039103,19.055547663864104,11.260096346828789
436.5287097936632,409.38848715377503,19.859840260066164,10.888884379350941
437.5853433693025,409.31346206852083,19.055547663864104,11.260096346828789
437.55542712600834,409.6386685324885,18.900535456248747,11.89781908217094
438.5590914011597,410.469374896704,18.928705218285018,11.422494528275479
438.3038691037439,410.43676948932267,19.029562143287194,11.82310073991215
439.5012832395306,410.5599834323055,18.072453988151437,12.780208895047906
439.7445948014841,410.3678576895626,17.632568455198907,12.621206894247678
439.80771286778526,410.4926703967127,18.80267149586217,12.091091207148395
439.1131288239455,410.2861449148855,19.036521069459127,13.262410413319856
439.7036330783149,410.4712024766542,18.746204357632564,12.373732249262389
439.77197597373157,410.2256190398206,18.718945946005874,11.329888335740407
440.3345087071088,409.27495682247786,18.31312372890835,12.249994926769773
440.78223825038344,408.48485842127366,18.75247266413453,11.879394447868037
440.6902021575257,408.59700325452206,19.007605245135835,11.01518902346146
441.75819108483984,407.46371622747483,17.62327727219639,12.215075781257838
441.5826999914647,406.5430879817867,18.882082791638993,12.168453354611813
441.23944659321256,405.53426540531854,19.376448219535575,12.237756770232977
442.5413411309419,405.5593061101952,18.04287911201061,11.049515115107283
442.5433722885777,403.93062562958596,18.75260650023614,11.430871691379025
442.7350006012884,403.3937680993112,18.931810341371488,11.878782959291925
443.50029828373647,402.3928706847092,17.778002749493623,11.68122370860101
443.76863195277565,401.5330541642948,18.75260650023614,11.281448532014565
443.2337259356727,399.68107323028477,19.08586262300105,12.048302658767625
444.6602364262986,397.5227454693769,17.819091671802028,12.176379309064714
444.3876461622897,396.43927484052386,19.05883868245428,11.22012277273518
445.40968213743656,395.30351149629206,18.40497771644391,12.72108753930678
444.958014651326,394.5645348442074,19.62205298726053,11.083586415398202
446.7520792231132,393.6182783688159,17.777454239040992,10.539992631842495
446.74049429484415,391.5461931641288,17.77636885750087,12.073965754276344
446.4666548205238,391.6651136963088,18.128754467865292,10.697091145634829
446.96162714988026,389.57883481190663,18.531855448747706,11.196329333618394
447.7001865083927,388.3949416145923,18.016153508437583,12.160903618195391
447.4028054714395,387.42691928367617,18.189386406415736,12.002520281784541
447.5647199334424,385.39422752861697,18.748059744717864,12.048302658767625
447.25513534384703,384.4893082431949,19.25506220480719,11.935341221381691
448.4889183936809,383.48656498396264,17.99134299815927,12.393178331350043
448.5352575406463,382.42696248614453,19.00703111658885,11.879394447868037
448.06004966191756,381.5317617641054,19.47372161275507,11.073292681762666
448.460066732257,380.0550980302264,19.104498069085935,12.101781695008185
449.61239911763005,378.50393787721043,18.03416993608579,12.500958705695837
449.5848693761458,377.6045559810042,19.007605245135835,11.783690583237842
449.34045845788614,376.5569930962481,19.263772431728,11.988624332511563
450.4059152359273,375.4705801132965,18.08020228309624,10.982602213285702
450.4320932808434,372.643769248398,18.189386406415736,12.002520281784541
450.4699352649457,371.35156279597766,18.97674123928283,12.177987488201154
450.5364285994375,370.7255488772886,18.975327644931042,11.795473941443618
450.66134155163405,369.4750494235368,18.742215511700977,12.075208501319764
450.66667903632384,368.61842707729033,18.86994168012518,11.940651620538233
450.48404949837237,367.3098808661851,18.832547918636294,11.965806619783393
451.5715042062226,366.4317874172879,18.062140825093365,11.411988975854456
451.55736582737563,365.39344499923413,18.840719706226878,11.157721301433526
451.2739002280546,364.2966913827871,19.200875978329464,11.580294850743428
451.9966955586174,362.4545844504153,18.374720488178752,12.01559160030041
451.6653376018763,361.2008152210078,18.82731807991837,11.132025372650162
451.534175838957,360.4755814594978,19.16181735151514,11.002892688461259
451.81635068664326,359.58979923030006,18.636845305891768,11.658290896196604
452.2459839129665,357.48562490556725,18.49519819544605,12.17976466529376
452.40507414146657,355.41349198171713,17.980040184979316,13.054001778135671
452.5270298374432,355.5404038604807,17.880469624130512,11.22012277273518
452.35772888747795,353.62821937369824,19.36736502157038,11.54159834134282
452.39839529691716,352.5126731259174,19.055547663864104,11.136359024336173
452.5727492418238,351.4192331794268,18.802111674041953,11.659625719837095
452.4598139103729,349.3738396140222,18.97326166357334,11.372696902201199
452.52917958849264,348.2831103078352,19.055547663864104,11.631308314306636
453.45221582021935,345.4243586159814,18.128754467865292,11.203795463059635
453.48465062182845,343.3184938789853,18.072453988151437,12.2735045776231
453.52212929499717,341.5211551365908,18.52285782586239,12.329805057336955
453.91852589852385,340.5857727734343,17.487436344294963,11.411988975854456
453.78047147628286,338.5261299518956,17.880469624130512,11.834924020556286
453.26956272901225,337.49458827085516,19.134674498862353,11.401489986368802
453.4315284772733,335.5527411508802,18.837325481619303,12.049100082837583
453.582078940648,333.5493767911253,18.964604707846433,12.006673674095168
453.233090462639,332.3811246183226,19.53995234714648,11.658290896196604
453.3543606446225,330.3954239488003,19.216962027463467,12.269985144295902
453.5616603674749,328.58780255770824,18.968522993861143,12.03379415739579
453.61662682547563,327.4048848890087,18.85390493318056,12.091091207148395
454.81444512602417,325.6323692652095,18.044097195818438,11.30234659518294
453.6064229150526,323.6478775288795,19.055547663864104,12.621206894247678
454.82639432088104,322.71229892291007,18.58541867444825,11.638441791280684
454.41986760497343,320.52737427654597,19.03651053147354,11.353918781271716
454.95240751199697,318.50561585008387,18.453760181507278,12.476833806930017
454.7198707307891,316.3355978527629,18.945326812807934,11.972394027538371
454.8135188010994,315.4548051073789,18.79665716417827,11.13432558132854
454.43222922901964,313.5539448563565,19.06857249822309,12.308320634549887
454.58184632035005,311.58283181053673,18.802671495862114,11.88615745787473
454.2698397735618,307.53972883635953,19.233817890048215,12.492067289412773
454.4173613400228,306.014796274127,18.928705218285018,12.44818791448796
454.53419437190905,304.4786083666848,19.049457525331206,12.176379309064714
454.46676440681654,302.5856253129702,18.905138370499003,12.7058924549695
455.52519108283576,300.5255566813819,18.982892389689596,11.305014017290716
455.6188283647575,299.3774630256868,18.39054338554962,14.860215860644985
455.66676504916035,297.24663331541353,18.73810093411913,13.780931374828356
455.7222753450493,295.53910428525813,18.860660704145573,11.82310073991215
455.739944857497,293.43867285388563,18.509103378470854,12.02858607467374
455.5371090603935,291.27230590870533,19.17498536000761,13.182802435005215
455.3836655490851,290.47186737990717,19.029562143287194,11.879401219626004
455.4767093700381,288.6222704300772,18.9020296596006,11.580294850743428
455.6053063199358,286.4652951660332,18.922178299104075,12.049100082837583
455.47807056393873,284.44696007649145,19.998960671773602,12.354570299165175
455.1678620438658,282.3409939622369,20.37400044431172,12.44818791448796
455.51188791677663,280.3986380010796,20.047643457789547,12.308320634549887
455.6479905018673,278.37621367681066,19.907776177851474,11.888718794735667
456.538190477119,276.3554026218671,18.973318144385246,13.455333895117121
455.87625967740814,274.3497826621683,19.577843943472203,12.089544186291562
456.65626747781806,272.42603960741616,19.844528543034016,11.736841784206888
456.44889125130135,270.55684596637104,20.097414934516053,11.804429589790118
457.65439044248654,266.50743757498367,18.794899072876888,11.879394447868037
457.59636873296387,263.5644196247343,19.129449146576178,12.971901138021622
457.45420202735096,261.5497783700298,20.032273991504383,12.910826204243222
457.6782470953179,259.53760358671315,19.21791989872611,12.33179137925572
457.3635013751357,257.5442130401573,19.98283851766371,12.218805717807129
457.47277440658615,255.48546482476326,19.954398604497555,11.842096368089642
457.56681777924604,253.46251339927528,19.90777617785153,11.888718794735667
457.4649212329159,250.7995903964553,20.172126514198283,12.626256966294477
457.466807566527,248.5112377973956,20.134740866141215,12.962059641561666
458.68436340407567,246.58256397478607,18.883147226233973,12.315096017109113
458.79579035650244,244.25670426948244,18.492610230574314,11.965806619783393
457.4397665300286,242.63270751881046,20.140888311081596,13.054279460886221
458.7274279655028,240.58591941421417,18.856080111454787,12.26998514429593
458.51429845181025,238.6310993874408,18.801046586119924,11.82249217642476
458.3765531843676,236.32154563822974,18.900535456248747,11.489893856496536
458.6206308406902,233.9009201054206,19.395276819088394,12.571012753112853
458.5566821011391,232.20552804457745,19.87328019546942,12.177987488201182
458.5840831192855,229.36929449178416,20.12610841072052,12.888640854155994
458.4828726302061,227.3655244901098,19.98667029842295,11.71049978048444
458.3600809177378,225.4791036626596,20.234133164373645,11.842096368089642
458.48281760179077,221.4580899614037,20.124311133272045,12.713669533519834
458.9412718159089,219.35381573193064,19.668064422474345,12.901528497311148
459.8451415677707,217.48264453476054,18.582767029164984,12.558216987746192
459.51430515755334,215.72564172168677,19.05883868245428,12.449725268377392
459.51249799393855,213.38546781206776,18.883147226233973,11.986693456652887
459.3029852121458,211.8481982057545,19.233817890048215,12.492067289412745
459.6367399478156,209.91356424051884,18.81376204327455,12.893347414272057
459.28575552229375,208.33214504862448,19.947991775151593,11.87914116947232
459.7674604680253,206.32939007680602,19.240473144310727,11.829831544558544
459.6925326156886,205.52358272242688,18.49519819544605,10.736237001258928
459.4540697057372,204.46921882267114,18.965247866348022,11.494089615968505
459.50586024735657,203.47447143286007,19.117416325110412,12.002520281784541
459.5912140154864,203.41925527633018,19.82734024223066,10.963955586143044
458.6068182070223,202.50609604180664,20.886847137417988,11.5157393815675
458.39505008578635,201.48093819755096,20.279823378860385,12.2188057178071
458.6043618543322,201.43533465804336,19.674234276327184,12.249994926769801
458.3995798514226,200.39766785953924,20.109955095972907,12.181069779913656
458.50979720673445,200.4928985489492,20.211872217278426,12.498706496478576
458.2800003899945,200.18601876758748,20.321549673562686,12.402122227247816
458.6393889401933,200.52926981547833,19.70516789985362,11.766800260198295
458.5192626206062,200.50612687722025,19.930369818709096,10.809692105062538
458.26814816957835,200.6080713520597,19.947991775151593,10.9078906336035
458.5889397980754,200.1342201090376,19.72385703610496,11.356160111696795
458.6237002668347,200.47423909272445,19.828678237163103,10.50919946569644
458.7040597902938,200.29555709315204,19.861153751205507,10.956270261815234
459.3050720822823,200.27518728983657,19.129449146576178,10.919385135170074
459.47652025427413,199.61762467781247,19.117416325110412,10.703278395611989
459.32252313912437,199.51315905961349,19.115194924869115,10.956270261815234
459.58834231159284,199.32250770688435,19.947991775151593,11.430871691379025
460.5064488966789,199.52749988459345,18.85390493318056,10.195454026366662
460.3594992386626,198.7088989210471,19.86835490760268,10.919385135170074
460.67316207015256,198.44985219232214,19.64914545642273,11.505583271061226
461.4347411665423,197.5691896469316,19.029562143287194,10.640790665920946
461.47758934895035,197.6168386140666,19.142163102714903,10.190386828209995
462.4004169333555,196.54844764247517,19.126164398647234,11.505583271061226
463.5428543288135,196.27357242021907,18.916961183859485,11.091194503631897
463.69419860023993,195.49126238207856,18.453760181507278,11.281448532014593
464.27766390786434,194.11384076987386,19.375751066918326,11.986693456652887
464.04232306113505,194.52149466581966,19.668064422474345,10.916677959263296
465.5916237919327,193.36713632879247,18.801046586119924,11.247787695626329
466.4875346982027,192.6899486756185,18.83254791863635,11.28593124365932
468.157632838762,191.51181113098403,19.211549786690227,10.016278093915417
469.0746722497917,190.399847162365,18.492610230574314,10.266118179473239
470.34115932510736,189.6725590817948,18.75260650023614,9.93664009773471
470.6597059980112,188.40912184884394,18.86994168012518,10.208329105641496
472.6067826988744,187.50170823808423,18.748059744717864,11.935701699339887
473.4030090478148,186.45100889585638,18.13612396530266,10.350178715416945
474.63566714246866,185.72078719111394,18.832547918636294,9.314292652899553
475.29946620410647,184.46857976157173,19.216962027463467,10.19491412724588
476.48356793001426,183.47572954890643,19.110072119772724,10.810255274187767
477.68909086861873,183.6096434425181,18.832547918636294,8.362467126325868
479.5149647217274,182.32637410012032,17.897939544865267,10.673083214827898
480.52258933049865,180.47830306948757,17.70664438468515,9.563082199323617
481.36199173912854,179.50885088314243,18.84813901864385,10.785929265004285
482.52254253147595,178.14713687208723,18.9020296596006,10.534332735192436
483.8031596566026,177.5501387740012,18.684335696386256,9.651511154424668
484.8263893797733,176.62466683255423,18.75260650023614,9.712505358688048
487.60348447117764,175.35349071505803,16.708725730740355,10.656746332204449
485.7518602531996,173.63419658672336,19.716385907597612,9.858192953798806
488.82752219316455,173.41851702601045,17.624302437538347,9.17078527999817
489.05297762484065,171.59284742942023,19.56771203033179,9.533589352188955
491.3834976353314,169.11179578072787,19.536042594553635,9.141077782490527
491.7883446339923,167.63163956822763,20.85533352692721,8.897096063956269
494.67920043218595,166.35280464465603,18.628585305799163,11.217943706046896
496.54683665209757,164.45466634893302,18.314757237441768,10.736237001258928
497.3304190782329,163.33654606370322,18.116076532998704,11.836968039125622
498.7753605213478,162.478719851799,17.40480962877575,11.01398109320968
500.290844933937,161.6209757370348,16.928896865488923,10.742030942760067
500.3111683479155,160.40479173490525,18.134316279437314,11.728662270282882
501.9643124879181,159.86255565493127,17.647523631075103,11.599776768740412
502.78115715326305,159.53127643382717,17.733738264637168,10.426781294485721
503.64020453852424,158.4149839359765,16.84029050027368,11.446134949404808
504.6438905498481,157.3902364993103,16.778112190006652,11.875417069550167
505.1973995273846,157.2847127494609,17.03424016754525,11.132025372650162
504.9696832169695,156.55456657419853,17.487436344294963,11.904592816538809
506.3460089736551,156.5571054378073,17.1402691319239,10.818734229308376
506.79185198715754,155.7164115595615,16.833843434446408,11.485297861628965
507.416895005793,155.69013185687595,17.06487194071383,11.1499561684345
507.74775536827974,155.38404826775928,16.702100565806745,10.912722148824628
508.4961051892387,154.6319153908667,16.83069601921403,12.215075781257838
508.45016194609263,154.4578114851372,17.111968064354073,10.65655496223249
508.8419625853584,154.2876392150974,16.73539384881633,10.683755894556867
509.8116170571819,154.2993412520768,16.60056813640034,10.37535508525022
510.0342389032147,153.80464621821721,16.520971639814547,10.334105717085635
510.34818469994536,153.69870400547632,16.2493145483337,10.267190915657352
510.7506856302174,154.492123233553,16.546299409530434,9.333809923324878
510.5563257869704,154.37473835071978,16.885710679469582,9.461089149552038
510.54667619069915,154.2654364514306,16.987534161352073,7.1038779220199615
511.3577967086316,153.10145499788166,16.14772058528746,9.342167848193128
510.98529555345715,153.4206262674562,16.46714365522996,9.65917260342107
510.5503026125424,153.35088495768525,17.78135596436732,10.609044314874637
511.72655892616785,153.2798863832219,16.657053426076118,8.919995980566682
511.6678250552843,153.2810743340964,16.206888139591342,9.291383514582492
511.1631563241432,153.21711886954904,16.452984102202095,9.04234250244994
511.80378350334956,153.3982831401612,15.714639956563246,8.723481235729992
510.81850469669496,152.50038504938016,16.6786699038729,8.68680724160049
510.4707189437836,152.4272246320358,16.704538536504288,9.03282454196156
509.79524947281874,152.29206642867982,16.45298410220215,8.226492051101076
509.4536647126111,152.0245815358818,16.036065880667195,8.094883096311236
508.3365550450399,151.47221941808704,16.855800877761965,6.967747475305856
507.43741574122663,151.3842013571916,16.97056329915216,8.67177135616015
507.5762648864084,151.5631046993008,16.631152227015207,7.806459208598994
505.6208546057726,150.5559732157557,16.249021489364964,8.838379889612725
503.2680197136291,149.6468873965599,17.18269554066626,8.273149704765217
503.98229312781655,149.45898240330007,16.327139117021602,6.981259484519569
502.599923149473,149.26630056122897,16.76640719775054,7.362370688311131
500.3721421691973,149.3948548717943,17.241134423952815,7.553258890493595
499.36361608346795,148.42605669428215,16.78100909440468,8.210063589198
498.58024302702944,147.5379750019977,16.72124247501864,8.895475794791054
496.74557248846617,147.34948065573786,17.00950118971724,8.453517157540205
495.49723769150603,147.4523995543286,16.503873000788076,7.933738434826154
493.95245857634785,147.18033467899167,16.781009094404737,8.300284068200199
491.69736765870573,146.3383218370671,17.64752363107516,8.228901468422691
490.90998396307805,145.82797032758847,16.45298410220215,8.498442201550688
488.50382987783144,145.2107252638726,17.316901813627794,8.402283720221789
486.8435219750734,144.43873307225078,17.108951747227422,7.9941390259971
484.8359618168649,144.03096151221186,17.569536984409012,8.210064011406075
482.6958576616962,143.44012219447782,17.407798065956285,8.218273765043733
480.95516174686395,143.51828312564652,17.880722392062637,7.5466166749770025
478.719850007881,142.0450549758529,17.576654845550365,9.324485329204464
476.58432035769886,141.17919961495522,17.761243887007424,9.472663406403967
474.3481308968192,141.31147329452696,17.70664438468515,8.666543243137028
471.46638070116,140.94041846630327,18.80436022443172,8.445071957080103
467.3136900324924,140.14256789906904,18.224536758439513,7.758961194187123
464.39154131170926,139.5341189358026,17.78135596436738,8.517120083772596
463.02700669278,139.120143869946,16.912731863496504,8.210064011406075
460.08442765188755,138.34550185286207,18.356635155349466,9.04234250244994
457.7060653736381,137.35602492825913,17.333086486274055,7.9941390259971
454.4586396169853,137.1982389687379,16.887060970461278,9.805390240912999
450.1405804070871,136.0823686575305,20.674461661596354,8.819175953548097
448.23671185387235,136.2602375055626,18.492610230574314,8.634417276775508
445.4751829085121,135.94804560768358,18.801046586119924,8.210064011406075
443.6468436055816,135.4230086113379,17.316901813627794,7.941182784355959
440.0766197938382,134.30410993353107,17.63193280500292,8.143562185361532
438.393008306016,133.48956074440284,17.95387532143303,9.112268379219756
435.5182861231092,133.44689969982946,17.051670531411276,8.300284068200199
432.5467369810604,132.9353557391371,19.029562143287194,8.501372436793986
429.430574713662,132.2250920219223,18.47264402566367,8.045862731177976
426.65591690279075,131.8902060060998,17.63193280500292,8.367696924408165
423.64659857212644,131.44734895651692,16.781009094404737,8.11984311019583
420.5558376161813,131.06781653114402,18.882082791638993,6.760251863673233
417.64055816108055,129.88544662728245,18.13612396530266,11.42249452827545
412.4959792986242,129.05563914657756,17.385093810213675,6.805552737094331
409.54838898016084,129.22903840647686,18.22634210532152,6.56805120912486
406.69019942455765,128.33911801647392,16.890143914160205,7.825766680227588
403.39017585874876,127.59427444266589,18.560598373893583,8.042925962020547
400.77701452195373,127.30217591042066,17.734651109868253,8.839175315077199
397.49819192274407,126.78833815255896,18.62246703513989,7.795451317035315
394.15051753252385,126.36710136286821,17.773434363428635,6.856756404165381
391.9170864170375,125.27747005066661,17.809766978780488,7.739322823239689
388.98813985034184,125.67165788550965,18.251255067662044,6.063128802138564
385.5702529236103,124.5193072564873,19.30846068192318,7.818566825426629
382.3233971521908,124.55583385365003,17.5706997939526,6.248734785877502
379.9117376779115,123.4295286517482,18.900535456248747,8.498442201550688
376.5000313566917,123.42874414881034,18.55474466577772,6.978554409695178
373.4955307295428,122.7185550004289,18.28864761773707,5.57497808421725
370.3276006553034,121.76662650206295,17.78135596436738,7.321734808857158
367.50998345145,121.85921467797586,15.933035759024506,5.911550369956089
363.8336806899408,121.4793221417094,17.632568455198907,6.496209430862763
361.20059574105096,120.55755766172874,18.56059776818671,6.254853460341309
357.2322790204842,119.62465631250758,17.268834553551017,6.526803610790935
354.81157483809625,119.4431284143996,17.622050150440487,7.5442642816582435
351.31499094834635,119.34750184079337,16.70210056580669,6.250479352847918
345.12837416037667,117.77113687656548,17.25029785902825,6.2007827439209535
341.3446520552262,117.8665084550864,18.28864761773707,5.50699054660484
338.05138719406176,117.1068425109875,17.323225148967367,7.300502027064823
335.7431474004442,116.1665942099494,18.49519819544605,6.586094967158843
332.6052662890545,115.66591248300766,16.496040556163166,7.150160923661161
329.5930995407885,115.43751218523997,18.358246725176798,8.204477934231164
327.58869350464954,114.57312117333592,17.060734627035686,7.275148099216423
323.4744235763842,114.34523489678881,18.297655907006913,7.262761883088899
321.5720310009375,113.38229939419918,16.212412791040833,7.844715866632654
319.19802105391125,112.36088672271953,15.270719061215289,9.605774893345114
315.91324588357355,112.5645178361469,17.980040184979316,8.127963371292012
313.9351802840778,111.94780755874913,17.258374906591825,8.890677982183675
311.7899474660063,111.54110443004205,17.756305777691523,8.7853498969763
308.680960612697,111.4297041426901,16.65694671503934,8.022529438263845
306.434635491369,110.73546433844399,17.50883113270629,8.970955880715238
304.8006537782723,110.59501776414739,15.681222261785592,8.86686913231857
302.840069474041,110.34873876119337,15.927524182127797,9.19527169277481
301.0354900252187,110.42012805011944,16.600568136400398,8.02962263119366
299.57879407511325,110.50878174553941,16.5022286629262,8.86686913231857
297.4441025573155,109.77117650333251,16.457802936845383,8.427188250794316
295.4584067232891,110.4743384458828,16.994832503610553,7.963762091063899
292.54089382330824,109.34103993820035,17.060734627035686,7.172681224579563
291.6184306261315,109.35344737899867,16.684403071412248,6.621142874594611
289.92733253717995,109.40605269232924,18.965247866348022,7.881661450949835
288.16665264352173,109.23762659430959,17.903552549009873,7.487963801944375
287.756415531941,109.28966573491822,16.122035322106626,7.085210259978425
285.5340632733646,109.40837140498544,16.946444393874117,6.7560575656640935
284.6148186776136,108.46171532562954,16.497166816533024,7.838715909719099
282.5762190166818,108.64306370251673,17.01718572579813,7.785945249885714
281.3861771254784,108.31440097998117,17.01718572579813,7.972434956469812
279.9478960081369,107.86148559787651,16.737451165921982,8.11230223640787
278.5608128392703,107.44028406559025,16.9705634969543,7.891312026083753
276.5807544296596,107.7126970098417,17.809766978780488,7.59945554330163
274.1517503192509,107.38575880652458,18.62246703513989,7.795451317035315
273.78999130635293,107.30010017970662,17.157053005736202,7.739322823239689
271.5877371488965,106.89621697398194,16.511259109769696,6.350484272988339
269.41916514220276,106.53394239244182,17.446962471459983,6.434340769616455
268.03735938116364,106.43234558663744,16.138532755304027,6.814047163350594
266.11664715948956,105.41448350605938,16.585970689451926,8.068850605679302
264.19019914294296,105.55685912386153,17.060734627035686,8.197349970948082
259.72454155184937,105.25675880876265,17.250454607448887,6.991528445788845
258.5508036171317,103.98065640177421,16.855800877761965,6.91651403798744
255.5881221819768,104.27553161098885,17.988797306771545,7.509474347402289
254.15493645361047,104.27748029540362,17.669899698842443,8.019057383115836
251.2645363166656,103.9624300347939,18.1597050787164,6.969745963310174
249.6013243775961,103.44563451448842,17.819091671802028,7.339768712432743
247.47890809806714,103.41085022289732,18.540340620422597,6.873078216266492
245.66195870777338,103.60836769381633,18.12875446786532,6.868658525091831
243.43114205465452,103.42893075204084,17.059045353301826,6.643456606236356
240.8544844990628,102.49197523338147,17.622050150440515,6.9249590048057
238.46008282992503,102.54743557383165,16.131359619523693,6.4805173037971
236.88322636950224,102.46065637702871,17.4706021255831,6.096779040892628
234.62665170821757,101.54169878759652,16.828275858996875,6.929290059586947
232.91389555088787,100.40717624481172,17.034240167545192,7.91942744631487
230.61754465889155,100.4691606489672,17.43725399312055,6.576093355069801
228.37547625691252,100.54851359210586,17.78135596436735,5.902214794895045
225.83558922724893,99.57166129275504,17.50883113270629,6.1868661246311945
223.75472364060587,99.4139458260693,18.4624809518248,6.573762157089135
221.63641425239467,99.45095175052296,17.419368688264683,6.762813726032164
220.01167698189101,98.87941153230385,16.702100565806717,7.223914661897993
217.57421380388416,98.75932363677892,16.101937198166098,6.13675228881155
212.4511318052844,98.4591936592904,18.251255067662044,6.558078092109071
210.62804288970904,97.66560037083295,17.323225148967367,6.0631288021385785
208.83944309270407,97.04264180415304,16.702100565806717,6.352946227484765
206.46853507920892,97.48307099560546,16.928137088211912,6.10940285890355
204.4412047141361,96.49707080112988,17.110430579090178,6.853496716965267
202.7107846049685,96.0443252172081,17.43725399312055,6.873078216266492
200.63312395696914,95.66127026412143,15.779898694075058,6.86528060066901
198.78404593225548,95.73470729305839,15.674861067065791,6.447541374876806
196.50676393357426,94.9332400755569,16.164461730848984,7.042783851236038
195.2408628128464,94.43738166491347,16.336988579355847,8.853593810747682
192.59183007524894,93.85442076748461,16.044118254047277,6.380581681890092
190.67513867794696,93.55754395324288,16.503873000788076,6.957931033751265
188.83955974631084,93.50164283386667,15.651533360455147,6.643456606236356
186.57575430234877,93.39898485297127,16.407255196901474,7.061795063334458
185.0181811253471,92.63489675003342,17.203675432382227,7.59945554330163
183.61671722925755,92.36598703292334,17.49638776885851,9.837326456386322
182.47694499763423,92.52878599194356,16.877318445860055,7.832567676531738
180.6031501978127,92.26653870244272,17.064871940713772,8.566429739163098
179.83073148933602,91.49785170027496,16.18103395175251,8.770392352000314
176.49217324950578,91.25024809257116,15.98933623873836,8.445071957080117
175.75634815528147,91.66950956742994,15.831132131393474,7.992416221674375
174.57182041521824,91.43847761464902,16.84888129662596,8.024799251334187
173.1783193367051,91.2985832496093,16.64006187168806,8.223510855381804
172.67778148598683,91.52347477320808,16.716005044500008,7.000357442493652
172.54969191195175,91.30071552959556,16.037182504621825,7.1700630774631975
171.41507783165068,91.32756428367792,16.0609413889147,7.5671743082386485
170.59018647278737,91.53573535604545,16.529168179042927,6.937774651551862
169.44966945444781,91.5204684657215,16.958456868209936,6.962942878829736
169.38166068248552,91.41720201075171,16.702100565806717,7.070214349942717
168.65094944169155,91.54234515646475,16.457716606045864,7.08660885019539
168.6241328486344,91.697049374676,15.867476869652279,7.6367535736294485
167.6774468774325,92.48075506197735,16.41109417939984,7.879190103177763
167.75795817946008,92.4530721364014,15.867476869652279,8.867119427158627
166.46016346074464,93.34325092282846,16.138532755304027,9.11955184267974
166.6128094547177,94.5331948825081,14.976522286062192,7.594327164887062
165.39443830525278,95.38886412705057,16.036065880667195,7.172681224579577
165.31967975698646,96.2575121238968,16.084737192877668,7.412965836717532
165.54731857326993,97.44405314846122,14.89607341250479,7.040722198879223
164.77553470766415,98.209214987834,15.634322403899688,7.272594915971311
164.70403202258905,100.53398509913282,15.829293195805349,7.6443903726084415
164.18198329042247,102.02163080478977,15.338778366541334,6.993363996903341
163.3088593688118,103.18437527238308,16.113046414140115,7.13869144930257
163.44330676391465,104.47874320348949,16.038114766231644,7.039986423549365
163.5415981236874,105.6389118330668,16.23968622039166,7.758961194187123
163.58362807141737,107.50366224496568,15.964691926056958,7.015992305812759
163.5790911744799,107.68242448064235,15.921713255635154,8.856053357050072
163.82233871836303,108.4130703970455,15.620511171432184,8.895748734917305
163.3946338191694,111.4908383954178,16.164461730848984,7.424621529917516
163.5517191947244,112.8126372805189,15.831132131393474,7.787482472400669
163.38358896417918,113.17044981333039,15.03408468285383,8.35226926825213
163.78098655200233,116.34075144681131,14.601004054129646,7.053027382079563
163.7873996257823,116.74969239069299,14.703996510388123,7.685015597763822
163.5399917402239,118.78676872045556,14.89607341250479,7.82625732024178
163.65592705734952,119.71984437150242,14.919176526727114,7.273098556779473
163.4464693372164,121.69677271806655,15.188654329774124,7.382195121175116
163.730864290377,123.0504839697992,14.755229947706539,7.121447787261147
163.61846368054455,124.22327966375654,15.809988947763713,8.25632756160995
163.80110504278832,125.48727429420491,15.651533360455147,8.78287483536333
163.1313077737876,128.50187495647748,15.318122624944408,7.869861165109057
163.4459898915135,129.38424559982462,15.091739095807583,9.04010114154812
163.59798875469403,131.83889544646536,15.825799320360261,8.376483680675534
163.97243299795602,134.3460785019975,15.4856391909708,7.212489486205584
163.83104288434126,135.44353317087217,15.646986614095624,7.095418633803092
164.17742243784872,137.3495290504811,15.315933556001255,7.085210259978425
165.04932907061013,137.92560884937788,14.41335797382996,8.498442201550688
164.50594360605749,139.35484398060757,14.97991648773774,7.991862662272467
164.6031052868919,140.80639341420556,15.059043806665187,8.578526502868101
164.61541566406973,143.34730163856054,14.910347360361186,7.300502027064823
164.616448377255,144.8887391536517,14.849243059835032,7.509474347402289
165.58219969139418,146.32859875556105,14.965798953373138,7.0866088501953755
165.3911478387654,147.65654858229053,15.070636772807603,8.728168015139516
165.53568864429542,148.58276221268025,14.87255410008109,8.019057383115836
165.5487361234519,151.58229796390984,14.791122993352275,6.886128519470418
165.3692971786665,152.5559394633214,15.177589389853182,7.448261459835351
165.44904260670896,154.44796693839362,15.867901227990245,7.1810939863897545
165.9288332830298,155.7365741791629,15.59090263407063,7.857319978281623
165.53521865051914,157.08453730241115,15.91356647231197,7.620581127586007
166.15299244689353,158.6913965202626,15.113864008935508,7.736249035082238
166.59283059575745,159.7808141488692,14.732686820143044,7.692700396593665
166.36034548962544,164.2550122477764,15.165097446253952,6.967747475305856
166.62324961945342,165.07272423383768,15.105666233311211,7.412965836717547
166.78130539764334,165.70646974207426,14.724741376622262,8.909087219468915
166.6440011210163,168.3577279094239,14.806463385024983,7.121447787261133
166.60099894206027,170.22113238061314,15.001922845989128,8.045527708973083
167.49628104781246,171.46733681343193,14.960163696980231,7.275148099216409
166.50504191688975,172.83497507057882,15.764134319882885,7.8820671599414425
166.45525196654688,174.4543868123243,15.25743000245808,7.544264281658229
166.78597620803077,176.42094491340595,14.965798953373138,8.298791942991954
166.44531397981154,178.29800801539827,15.152288659957236,7.1332312768414
166.4941910992523,180.48574091315507,14.87255410008109,8.019057383115836
166.46418173442737,182.5009868532872,14.930602591127752,7.609172198476244
166.5238251764309,183.60959441860768,14.957258274729213,6.730766223628137
166.66472696005226,185.23326848203578,14.696014580416886,6.978554409695164
166.6022977025659,187.1177794020978,14.791122993352275,7.518528077380978
166.396766248242,189.48724037428718,15.19891108660326,6.946741570257302
166.69833027801374,190.34227552046414,14.806463385024955,8.146116533629652
166.6841852872511,192.08867499764972,14.662872715375954,8.166663284513191
165.51896446237166,194.3583904948411,15.845122256536541,7.096928372107271
166.13756733775153,195.68072682625564,15.218344396952489,7.80100006902606
165.5825634572108,200.4969325979655,14.97592760388875,7.375362842516637
165.542145869847,201.5077606429261,14.97991648773774,7.0266618576501685
165.56842349868438,204.2628147431116,14.97592760388875,8.050968599083035
165.31712518095213,205.71808359715484,15.032228083602604,8.670273875935578
165.4287760749311,207.62998739711068,14.972216021607494,8.909087219468944
164.41012001692872,209.69277523062706,16.036065880667195,8.402283720221789
164.60132151839736,211.3240908282022,14.848478699114878,8.599743913237376
164.3202481405765,213.57246859478036,15.962114601548507,8.476006590744731
164.5068921187833,215.00124748264835,15.482631921313555,9.12067771364653
164.61650856652443,217.24746814537932,14.848478699114878,7.238633365818515
164.62495783790592,219.16157620685945,14.638124725605536,7.2064614033750445
164.6140627516966,221.35293807192534,14.78661003786857,7.486108010803747
164.51509665621572,223.50116712144398,15.011397134298676,7.018980912624301
164.7566286954914,224.41945333783826,14.807026164747128,8.107269078796918
164.75047670195397,227.30813681454725,14.601529635751263,7.992416221674375
164.60189423749603,229.59645267527534,14.78661003786857,7.671713994542699
164.66696721336118,231.57278817199298,14.581824245891681,7.71316572079985
164.50655249248663,232.62717199494324,14.77930924678904,7.972434956469812
164.66898245425068,234.67353743672362,14.825484358998182,7.798822501348013
163.35521415264955,236.68929958033866,16.20688813959137,7.764032799856608
164.74670382142054,238.60987905662583,14.889270737116817,7.954541900651435
163.67657302330866,242.44792596728806,14.863326644461011,8.107269078796918
163.53546260715177,244.39059511878642,15.157918452958995,7.884445107009384
164.64989986771948,246.586259198272,15.062630571617092,7.941182784355959
164.45517253362547,247.44491988728896,14.825484358998182,8.764023305970284
164.0761529117086,249.26285992887975,15.201129522744196,7.319062362802782
164.35669846440487,250.42778120274158,14.76439024235026,8.145870478538086
164.77579723601514,251.38435905477164,14.69442520531939,8.726574355649433
164.7055292608553,252.58965580550577,14.718181197396518,7.396446388539374
164.62896934042976,253.19433736673346,14.748268294628389,8.33933495193645
164.5759474921161,254.42727419473138,14.97592760388875,8.107269078796918
164.5833522820309,255.6225270815775,14.96016369698026,8.555984032177065
164.58982310843987,256.20577135936355,15.061375103546965,8.35800252224999
164.77717764865974,257.3175455187464,14.863326644461011,9.008076754218791
164.71264661813657,258.32785703064656,14.79289277707872,9.189524300912524
164.5966204247174,260.2481219305187,14.965798953373138,8.345414369637979
164.4784913281758,260.59799626503167,15.16122088756643,9.110330040062365
164.58140395146276,261.55496404383393,14.966789537216329,8.853593810747668
164.68626964455206,262.80883024017106,14.910347360361186,8.228531945759471
164.5187553318464,263.5967399179267,15.018948694804578,8.82469301841627
163.6328393851455,264.3827148538602,15.825799320360261,9.079852539358228
164.5148488158209,266.6422273170695,14.966789537216329,9.029260354611722
164.41902490982326,268.4944969794709,15.154401773435865,7.992827939575875
164.54205748601706,269.89918971821584,14.891669468577419,8.654987383446723
163.83933097452612,271.53913846149914,15.704589021445287,8.186060944064309
164.2979078239686,272.5571960015032,15.273507147258869,7.7640327998565795
164.70156077504,273.7420454261113,14.750725685033274,8.55767291650784
164.88442077065682,275.4928816987586,14.592819540204971,8.019057383115808
164.37022251903312,275.9195390307766,15.117477760826716,8.498617094965653
164.55374365303138,276.46443114627647,15.03408468285383,9.09469320320784
164.53076127012685,278.13479682165564,14.896522919670701,8.11579432651871
164.3779189936556,278.2988074303533,14.965798953373138,8.531904076222077
164.5618183345613,279.54340307606356,15.03408468285383,7.733582655789007
164.6331760033125,280.29523696737044,14.732686820143044,7.739322823239718
164.61705357115167,280.4580474324852,14.748268294628389,7.837430533532881
164.50305811413946,280.4862457669197,14.919627124174866,9.458480591929742
164.69494349347184,281.43992206930244,14.672425453116546,8.0951312844781
164.58608271043212,281.38208358373714,14.863326644461011,9.176978193360412
164.87677244986926,281.8977432817555,14.53913539288331,8.290400607005836
164.4360374203297,282.1322162906019,15.061375103546965,8.400428930992405
164.5840911517139,281.8742425703185,14.889270737116817,8.63441727677548
164.60716156839027,282.3503309202577,14.826247891528851,8.20738722566773
164.52560165559163,282.62197052285813,14.866979519121003,8.902731375442329
164.67283864935547,282.49406135253264,14.786876326813285,8.841239370340077
164.94891871128235,282.4508774758873,14.53913539288331,9.404036509439436
164.67678948906718,282.6489422936767,14.786876326813285,8.91845543470987
164.69437469871397,283.4612310263454,14.807026164747128,8.55767291650784
164.78693676585578,283.4129333417054,14.652763073069707,9.06831840536131
164.67835288529818,283.52812918729194,14.898631279369454,9.015909915841576
164.68539918499073,283.50398128372495,14.6853081242796,8.838379889612725
164.54620268624757,283.53582918770536,14.866659967611156,8.983938604083278
164.7839080991692,283.4971666504612,14.601529635751263,9.273252154635031
163.52881515078664,283.64023640850496,15.569146113240862,9.518255265736798
163.89806019206193,283.42003194226874,14.799772448865383,10.08714365477232
163.46424774832346,284.36661877617325,14.942315936443151,8.89067798218366
162.32961435089678,283.50366470851105,16.40841367857871,9.845048207147215
161.77991840632296,284.1757166423382,15.61291841719796,9.92777964571826
161.49605286303702,284.15714100499537,15.012421380019163,10.163689008832876
161.4214402903577,284.3926883990533,15.152288659957236,9.930576875602753
160.5047270439768,284.406683024778,15.82043479959674,10.021485389068403
159.3619563169151,285.28613831491396,15.991492339585648,10.2103114354789
159.2018858072829,286.6682588442287,16.045636718452215,8.895475794791082
157.91126650811782,286.3467200170233,15.29719596279125,9.92618049141123
156.55505690351893,287.1206598935442,15.157822005346446,9.342167848193128
155.79481496132786,287.49978294929844,14.613913940302808,8.948969772432633
154.59805947017753,288.51449146061816,15.017027516125381,9.189524300912524
153.69129508775134,288.6434193120327,14.750725685033274,8.726574355649461
152.65317502169057,289.49020965041706,15.026516526402645,7.896914004300982
151.67490652186464,289.4433837720852,15.739722330218115,8.923860428293324
150.70831938062426,289.8033581610496,14.750725685033274,8.613973396221695
149.9017359237173,290.47604763443246,14.69442520531939,7.882067159941471
148.74668012093272,291.4541093726683,14.891669468577419,7.085210259978453
147.6711461722433,291.9947490242833,14.863326644461011,7.600564761372084
146.68454376507108,292.447462156377,14.908930259661815,7.2751480992164375
145.69243046745487,292.4601467553436,14.863326644461011,7.3753628425166085
144.65729219658436,293.6245513428118,14.825931673435065,7.039986423549351
143.8370191879566,293.750136788719,15.652771295316938,6.991158720833255
143.64531611053604,294.3992075608086,14.957258274729213,6.526803610790921
142.69318556478277,294.6323699602201,14.41335797382996,7.614604212589427
141.48123397715256,294.7222559737265,15.018948694804578,6.873078216266492
140.48031735587264,294.5778276725669,15.80500263300155,7.785945249885742
140.48969973347997,295.5210586407717,14.709660262443492,7.026661857650197
139.34359230579565,296.0146325095111,14.908930259661815,6.711580288713719
138.24208343652663,296.43906164050253,15.370030961885817,6.080451809097667
138.35585926058602,296.2367681534241,15.144829043030342,7.43166332223052
138.2417094753297,296.42128196450983,15.19891108660326,7.0866088501953755
138.65946939066185,296.28743888636177,14.807026164747128,7.2064614033750445
138.70147451141557,296.4995070441784,13.821675522191015,7.528566276053766
138.49921864240397,296.2647712853009,14.106054764159126,7.857319978281623
138.26095250030193,296.4160488237674,14.942316500759063,7.881661450949821
138.54241709393446,296.5584995214374,14.930602591127752,7.801000069026088
139.50033041310292,296.5151320863438,14.849243059835032,7.297342303690357
139.77881370366657,296.33942883026856,15.574964944801366,7.070214349942717
141.6996362535434,296.4505292280556,14.755989684579475,6.8861285194704465
141.5504776875251,295.6083593715096,16.005438617271437,7.962153752422864
142.5148276857831,295.36780883304476,15.764134319882885,7.093860443947278
144.61911808721817,295.4664890294572,15.4741148910189,7.03368858682677
146.4496436590755,293.49899396125284,15.047344296356243,7.9649822289177905
147.67709873744153,293.31793896971607,15.741657562777931,8.133920551240408
149.49281893880212,292.9561800046459,15.839050949799287,7.491602200784598
151.90157645459777,292.3806147855774,14.696518105748908,8.0951312844781
151.93708628222709,291.4099487610875,16.447021710763607,7.026661857650197
154.8825075046009,291.3549113466742,16.6126131221489,7.1280038790306435
159.49474472335373,289.5370846578895,15.98483244334875,6.814047163350608
163.4937259091947,288.36790561863194,14.6853081242796,7.070703911690146
163.91896031525948,287.5549411845384,16.457716606045864,6.900119143611278
