168.9658267351393,287.7119989346821,14.121148037075812,5.794991029267294
171.68140252290684,286.6365799504325,14.891669468577419,5.6851387714796715
174.0181627111057,285.5028794671367,15.33248181326178,6.02243593044625
177.29006381117645,284.6499575928095,14.37616536625029,5.718695615304
179.63292917367505,283.7500543779484,14.594684607380714,5.600285953994899
182.86604571646217,282.5808039158928,14.2664625536828,5.4548239175845765
185.84054340031477,281.589708841414,14.387090291236603,5.403151687153297
188.88003974544023,280.82513754019215,14.424978972411168,5.812417997706859
191.9226338306382,279.76224864671866,14.19166213720385,5.277044043797844
194.81357832999132,278.6718920930728,14.624240147851793,4.722159915945554
197.65280503453843,277.70081132254785,14.488758905131618,4.596835154640132
200.66933148890425,276.53331545696614,14.61545644948825,4.918663228193168
203.67864932820024,275.63239927699857,14.693870678211624,4.712628794093121
206.81027971734443,274.60017988208773,14.355118979478277,4.923582010778716
209.85458941529475,273.53929049785944,14.085567702472076,4.666904961662453
214.0217330578524,272.4338163972145,13.14752431417827,4.802109944540291
215.82846393615137,271.43071976291617,14.514975538269795,4.923582010778716
219.6267370096419,270.2687843450278,13.733253663933397,4.991977745078259
225.82949014644456,267.68157993473653,13.781794638656464,5.635678105026784
228.42312319121825,267.4759998309953,13.858580119173894,4.825755577212362
231.95034932408802,265.7752794574998,13.561457186303983,5.551062786103728
232.98674343889152,264.6654704878858,15.16122088756643,5.778940697054452
238.20699618062747,263.6246094857688,13.920448780420202,5.939391479645963
240.25447041847676,263.92306874291546,15.299518892299744,4.344429371290971
243.11276936614365,262.3943956492509,15.216330883572368,5.328277481116231
247.8849068725178,261.5865358687136,13.280390716121502,4.848396610647569
249.65538522045682,260.8494544569557,14.593836165888831,4.555747797817162
252.6759243600139,260.6744736102969,14.601529635751291,4.149908422792464
255.92365547946602,259.6443859050933,14.018190200350517,4.532196831692261
258.6786696497993,256.95771157829586,13.843577991345455,6.458204975177296
259.7622390230331,257.1033719348275,15.571890499771428,5.687936050814699
262.58511545984743,255.81016471488667,15.915388874082169,5.796995947513352
266.685387669149,256.3344809047256,13.94792358280489,5.83212925628618
269.5993301415741,253.7159096027992,14.561493464894397,6.592385223197624
272.82082019565604,252.98965941398652,13.724620660583525,6.467672675514592
275.7980574374044,252.34756388792857,13.419607516233043,6.91459130549174
277.606735503199,251.50760623826176,13.781794638656436,6.301712790166334
280.46406140551534,252.3805156049288,12.84764809441208,4.538333029937348
284.6731768007351,248.68509759504158,14.000714884987303,6.957931033751265
287.61171007079275,248.08925581685983,12.830406982255113,7.011628305495435
289.69783124402505,247.60788992509808,13.740754742327624,6.751237879178319
292.15265104410844,246.6758142953685,13.29590927639589,6.31337486428427
293.91291232779037,247.51182651983382,14.467405381153526,5.769991588964473
296.65297387881986,245.68158332894848,12.761163363780156,6.460008009880426
296.8052120057651,245.86634649785643,15.315933556001255,5.473006727767768
300.44456988069834,243.8675649191536,13.807390347713635,6.956395137016045
302.50320226682675,243.10584868988198,13.666857112622438,6.991528445788845
304.0994199622384,242.92769047821,14.03768074302053,6.2935108550701955
306.32324998304614,241.80854943292698,13.7885828412754,6.406387720100241
308.5953056119778,241.45149950425147,13.590027329081636,6.795013664540818
310.7254326066453,240.64117509943424,13.013293078880054,7.3263815365348535
311.4887915883083,240.87097360656958,14.294652828594963,6.686915817057468
313.8528469102557,239.62610860628487,13.590027329081636,6.717797600171053
316.60519931409596,239.76790373331096,13.821675522191015,5.443732538069639
317.22415290205464,238.85549615774707,14.207755844039923,6.370325310507042
318.17683340520364,238.5427986194789,15.250172713031986,5.9070289242883405
320.7308765439881,237.5152747112011,13.581902086346929,6.539434337870745
322.83123663050395,237.32429637118452,13.461528890732097,5.831867565040284
326.5473456154212,236.2240090972976,13.72658046915376,5.307210192345337
328.79693920105916,235.5949908456723,12.821167327656099,5.827803330752772
329.9065452974497,234.7795949336061,13.703730023790627,5.345727501540608
330.93269018530066,234.35714880716264,14.38255256366881,5.982123632676405
333.61988390520116,233.91921889600843,13.242530287384056,5.442201606747176
335.7394966040196,233.8001225027248,12.654659017651113,5.738144979663645
336.7870796624215,232.96158187459693,12.72792247436405,5.314956637646532
338.05804321016404,232.42622232349638,13.29590927639589,5.935154250294886
340.05451706440476,231.6733145217935,12.277623007962916,5.615121423073106
341.6768697413991,232.36514190685324,12.78187515194918,5.064516569640261
342.48669955737415,231.205255773754,13.184770446395305,5.242137647361972
343.9600108937107,230.67160569689665,13.427258874054417,5.594691197522678
345.665078572957,229.66333724504304,12.917688662406533,5.847872570143494
347.70628679012384,229.48403237657334,12.692610768046507,4.859639387262149
347.87202334816317,228.47118139244293,14.483004226511525,5.435122998911595
350.0669298915793,228.25181813428395,14.110653162680137,5.173855770398092
351.8263670873037,227.8538769074617,13.406745162593893,5.6427123627373135
352.7307853923379,226.72635024738491,13.858580119173894,6.372472108370147
354.49160905692173,226.63773400424148,13.667243393451429,5.752596795548783
356.0312763972516,225.66271150964548,13.846860713868637,6.387272450505037
356.57327605836633,225.91098744051763,14.219840127036775,5.454823917584605
359.89181834202185,224.6775818276483,13.42304943036629,5.824597385957759
361.68914180465356,225.08488683353954,12.430937761519033,5.854844406449246
362.388602001408,223.73925786660533,13.250958947806396,6.456830905476579
363.7420555278856,223.51099773179178,13.78306749000609,5.713988763363886
365.66305934520517,224.5591836881777,12.893924319620623,4.672730066783515
366.390703668242,222.72512863072754,12.81786668538382,6.331717278322145
367.7792999334965,221.74325772913036,12.780208895047906,6.643456606236356
368.38758246566965,220.93750866905083,13.512115131328187,7.375362842516637
369.5818181373795,220.9041838764023,12.611307455906285,7.262761883088899
370.62511809231177,220.58226438271862,12.774544901010074,6.620384583735159
371.5781247711791,219.8080435662569,13.005410813903381,7.487963801944375
372.07896319571944,219.7051585978382,13.31422743126069,7.275148099216409
373.41502455667523,219.76865373686135,12.577694458295014,7.070703911690174
373.8286112285549,219.2857096293873,12.261232126549487,6.873078216266492
374.3109753945797,218.71990085582723,13.034457554711878,7.237461607198497
375.6608901007646,218.78488406938078,12.68312446698377,7.307728224744125
376.4853045480652,218.5848742659894,11.842096368089642,7.64607796994764
376.5847668163665,218.56429727768298,12.7058924549695,7.172681224579577
377.675426523156,218.69787738320298,11.814057848576681,7.0266618576501685
377.6710811098159,218.660541956859,11.814057848576681,6.254501213952352
378.6954694260127,218.62693580514366,11.75211522164085,6.236682085130724
379.41227841645565,218.6166959652983,11.230242846146211,6.720689371657443
379.6853524147375,218.75091213285705,11.637557353519355,6.342468757668058
379.96076276055925,218.5805122712168,11.518098278631726,6.2543569185965
379.74224178918905,218.6434700185289,12.277753653802108,6.394356555290926
380.20009517624146,218.71791006953708,12.122922106055796,5.713988763363886
380.59717200290953,218.6110160509456,11.811066430565063,5.785826460918685
380.8217336342687,218.64935833091616,11.593406146852487,6.031016711375116
380.69078351179286,218.6340597899414,11.804791747663558,6.534795431742339
380.86886259799394,218.61255566248153,11.50967223298926,6.686560198250675
381.5185502787416,218.51905134300483,10.962156947730762,6.456830905476579
381.6151991735148,218.61579536465712,11.701500103539104,6.26637710462748
381.75766293731846,218.26245131541074,11.573614856505856,6.841860716276955
381.66855988196664,217.83250526016673,11.75211522164085,6.533666946327401
381.6753431883739,217.70428134588764,11.702229088151569,6.667007010381184
381.6304017564944,217.52907911655592,11.684974354533779,6.657239238150964
381.6054896471304,217.65919088549055,11.841214607205984,5.847872570143494
381.55968251581027,217.4684199005964,11.913949198549972,6.062876369928745
381.69108141697114,217.70452735753983,11.734525130117959,5.586196094876527
381.59706199016136,217.4918414010535,11.805399789863884,6.095441115990951
381.54331961177496,217.64726716474595,11.940424641213383,5.798121943294319
381.7288597140996,217.7731959017735,11.836968039125622,5.6851387714797
381.6629899163943,217.4960961072153,11.839925056436414,6.007795800150205
381.56438678218274,217.50498306592272,11.910822059201621,5.785826460918685
381.7646669325715,217.45364562103478,11.425056522008902,4.918409982568846
381.63509990124425,217.5472869952131,11.728621099905865,4.659677908766213
381.6832869068711,217.5500543729388,11.85096868201964,4.86807467746263
381.67932862751843,217.66196358054924,11.69823375202202,4.671571894371823
381.6993421636401,217.393239768446,11.7654427270557,5.11540988132856
381.72392503790684,216.73031720773568,11.804791747663558,5.867262565058979
381.637073707756,216.69263396581783,11.769658438890758,6.569928740515138
381.5617225079363,216.51350335225843,11.861356662330593,6.330319728144104
381.65716351983133,216.5556109137085,11.882978271623415,6.4895969896688825
381.6410285154245,216.56508461709993,11.736841784206888,4.9804361518509666
381.56834320697124,216.73343164358403,11.989241909363841,4.699782828470632
381.535922549017,216.54546600937547,11.982646078350456,4.865680528784736
381.69751400085886,215.7239639051822,11.805399789863884,5.830421937034828
381.55473803014485,215.65995791203292,11.928496287357348,5.731496996608286
381.6607508759717,215.85038519682323,11.95143332705726,4.457309046703017
381.5628049016485,215.5925111716593,11.88615745787473,4.86717654525043
381.69196580477177,215.69088920395305,11.981963648027715,5.594691197522678
380.70684735008615,215.69810678532997,11.794541630383264,4.751757779147198
380.5486830780999,214.70548994896532,11.834522870559624,4.712628794093092
380.5406916342248,214.5780100163408,11.528757969322044,4.901991577507005
379.74202146010805,214.59974052391684,11.583224542405446,5.156168918562912
379.68174713909883,214.03782401559167,11.688955418807609,4.691623260127898
379.0365079753773,213.66608991412713,11.412703951701758,4.6244785529200385
378.64673270612076,213.600816423306,11.66425851257236,4.848396610647541
377.6419260661544,213.6203267621574,11.888718794735667,3.77641655832781
377.55306110999965,212.73963515513458,11.799617607528319,4.74112622686323
376.76122891881556,212.66752831514006,11.669528791780806,4.667811516712305
376.6099284677219,212.53625743733787,10.986249600363124,4.794437873842668
375.68048010196554,211.95524976600842,11.769658438890758,4.461930214146662
374.80101439182323,211.5817119793342,12.372897650463472,4.60386889319571
374.71986855377156,211.6269584387532,11.75143238669773,4.713727543171672
373.6499604214315,210.6184110655382,11.808047427896213,5.480416631332986
372.6785592984662,210.13356645876866,11.89332797408889,6.042577922319367
372.6990547490737,209.67402816946782,11.636751221437237,4.938993789636925
371.62382823532613,209.58569337887235,11.829385350572295,4.859639387262149
370.6697420989584,209.18378381097256,12.576364674099864,4.336677473827535
369.72725015468836,208.70849263501336,12.29665807048292,4.602463449237888
368.916366931045,207.62578217157318,11.057313792967932,4.632117940297377
367.7366978646877,207.7328828024761,11.60898423485952,4.755487517894267
366.6951963811969,207.29259599679241,12.81786668538382,4.092451411598461
366.7055278326619,206.57157117796098,11.327851134216985,4.836610596631971
365.6628011672984,205.8532732906381,11.795473941443618,4.988599651124389
364.8107429403177,205.56551742769318,11.667262404156077,5.388153910282995
363.7137563395046,204.78881175214877,12.603425580332669,4.559775921339877
362.7347953082725,204.7433471375832,11.69823375202202,4.59435583000203
361.790428427086,203.93738465382128,12.603425580332669,5.430744355753092
360.6278334234146,203.7504251967157,12.84764809441208,4.62603028655451
360.6541284519254,203.57456849306385,10.984081391297707,4.845273428097386
359.6819063070044,202.68197919284515,11.791115304837717,5.646168580827549
358.68072467427106,201.53374962733957,11.659625719837095,6.64058153580126
357.84045059344527,201.6766904892518,12.46426477352179,5.869230638838815
356.56043205234937,201.4884045298911,11.829385350572295,4.9555533225370425
355.52757000279854,200.70872902254905,11.945324982754812,5.621329403649327
354.7356197434597,200.77312484203023,12.261524761710064,4.532196831692261
353.6709871380183,199.62716951049111,12.244791519103671,5.789378416982089
353.50083600096,199.66557727199515,11.769658438890758,4.778129993101913
351.69071555533094,198.85712281363104,11.47628995932729,5.379510918434676
350.540275748355,197.74579444497678,12.015777967508768,5.644215316456894
349.6461944474987,197.5855023006672,12.865476505688378,5.758143979137685
349.5830979289993,197.36627453487725,10.918308448834807,6.09495933489174
348.5342580833522,196.59765648730178,11.913949198549972,5.798121943294319
347.6141270234422,195.79939832634653,11.910023980905919,6.5359887700093395
347.727645390875,195.770568652588,10.774332062548297,6.426233663418998
346.6427089880956,195.74674908481433,11.733121831966741,6.745942737065064
345.6352905783418,194.7427833468791,11.860998313223092,6.7247624365148795
345.74649925278146,194.53136074197587,10.706552765237802,6.720689371657443
344.5549485367862,194.1962605667531,10.873363521381691,7.082649633193569
343.66531458173216,193.85348237085054,11.736841784206888,7.296918082944416
343.5066921534886,193.51212910412937,11.327851134216985,6.6185197638121736
342.6396833534795,193.53568881767066,11.814057848576681,6.872229728910611
342.4981754508952,193.41539141955226,11.910191673982013,6.9212618282432175
341.77132063163026,192.52490465229877,11.667262404156077,7.38219512117513
341.6958110442376,192.5854212570264,10.968397805692007,7.4189428128686075
341.67166586631936,192.65523312175833,10.821059102024947,7.448261459835351
340.67643685035875,192.47798386452732,11.910191673982013,6.815861901924819
340.7541077205584,192.6295932343406,11.695745140286988,6.662501584889839
339.6468289870452,192.02659082303305,11.88615745787473,6.250479352847918
339.63011888475455,191.71018742371288,11.030102556614736,6.5541189104522175
339.7861416629914,191.7047956786634,10.619271085086439,6.4006565444356625
339.64609151779666,191.8227988771719,10.764838249754803,6.292278162280297
339.5403259743882,191.5721021775237,10.934357820002504,5.904023713948078
338.55310513645975,191.66533649709947,11.96424726535281,5.854844406449246
338.64789147655165,191.68147115219546,11.688779583204337,5.798121943294319
338.63825451048814,191.5778509697933,11.781307137231522,6.26408968441757
338.63934177526215,191.61498063666005,10.962156947730762,4.818530526475058
337.7259425799586,191.77378887980714,11.879394447868037,4.709331370404811
337.6910193281509,191.64486811491463,11.612091382197548,4.800492408326733
337.6160084937264,191.64429741449638,10.865786337201257,4.673974610680801
336.64030418439614,191.66658964621135,11.79528101500631,4.823349113943095
336.6441590317123,191.6023420663229,11.829385350572295,4.667811516712305
335.5460790429529,191.54885623090044,11.853585095128608,4.7462525685779156
335.61769191820014,190.88294151104122,11.794541630383264,4.582052144177652
334.6760834692765,190.88252230421685,11.582409655467302,4.671571894371823
334.9179310903912,190.5085365962964,11.091194503631868,5.179644133675794
333.76288654598466,190.57190022655354,11.418325351162707,4.918663228193168
333.068953707074,190.56410465923395,11.285873050681175,4.763725451987227
331.6839388017033,190.6185124170589,11.582409655467302,4.555747797817162
330.69494845422594,190.7770400900592,10.956270261815234,4.382508104726099
329.59063384691734,190.6373842337367,11.573614856505856,4.156270528579455
328.67411988015346,190.5003500684918,11.278538574627305,3.9448409568531986
327.69865823290917,190.52421031883725,11.637557480022508,3.6767008522049025
326.8525629041983,190.10786510026577,11.455130360444173,4.285067282980975
325.55471110208475,189.49355135120683,11.080505237063733,5.057652216220731
324.49123058930184,189.6994099891844,12.006673674095168,4.879037005374357
322.9928215882845,189.70558239435573,11.748851514797593,4.615620237956193
322.072421528763,189.6454962399532,11.523725277481105,4.602463449237888
320.79826539551607,189.49918094336059,11.578756833964178,3.9449746735187716
319.3181462577305,189.5018705785687,12.045706041686003,3.744979121934449
317.64159625103883,189.54762573766175,12.788524393302225,3.7943973474633026
316.4308819187823,189.42496623273718,12.71825777575657,3.829530656236102
315.8108413789602,189.47876633534466,11.573614856505856,3.932471346271342
313.7152771760796,188.15871968026738,13.474394014745883,4.559775921339877
312.86771986907655,188.59968294802474,11.75121305338314,3.790713888188094
311.64286210340833,188.35480963966882,11.593991895026761,3.7943973474633026
309.63911714163294,188.3336089352194,11.781571985232745,4.024267284843546
308.6473894653631,187.7608487020134,12.688915962566512,4.668563420189571
307.541372473434,188.01690399148896,12.263160189878988,4.360770126459926
304.8642719430931,187.57233098308976,10.90964783516921,3.77641655832781
302.5997929271926,187.57669330689487,12.21943522119534,3.8694878200451797
301.5505247851711,187.56791614286715,11.093210475983199,3.8389391861994397
299.6567381251431,187.12993542128683,12.335810794730548,4.305896220802168
297.6404645587687,186.69838104031,12.801313088871325,4.742304621559157
296.75651612893614,186.43748792643518,11.621017687652227,3.938019282858903
295.71667690271653,186.00814252906807,11.375026641400893,4.395813870417811
293.71659869807075,185.59266236538937,10.399864139597241,4.640731989169495
291.86455819392603,185.76712459982713,12.249994926769773,4.578280932227102
290.7800292786525,185.93939493579606,12.431786363534911,4.362707636892679
288.62257387416633,185.62730739642424,12.930550200479217,4.39267494848815
287.7188231567671,185.53681955833838,12.57636467409992,3.9511950317095454
285.63018531763134,185.72029785970045,12.788524393302225,3.5835974948264493
283.6369168250783,184.05511559890434,11.693856469333753,5.439003008992444
282.7356764397809,184.81001660357572,11.582409586671304,4.6244785529200385
280.8123376045722,184.4225905358989,12.52288437980917,5.0303341060544255
279.7362091391197,184.83221871221863,11.34661841968142,4.5386473678725565
277.5830162572567,184.99113221661648,11.96848997731621,3.3588988000855124
276.05422740044986,184.04625880316163,12.10460313848148,4.27883645825392
274.9053546874819,183.67634149237713,10.53722618005088,4.712628794093092
271.7028911245248,183.53469925988605,11.492087886600359,4.945961875245729
269.8868207862686,183.62804302582305,12.276983715188578,4.891610699020447
268.3675018699311,183.7743052080746,11.89940239397356,3.8694878200451797
265.9431498986329,182.83469183128187,11.753932927054564,4.6259290480239486
264.5834981684977,182.79471000388625,11.637557480022508,4.507954957920788
263.6217245794787,182.9115147998248,11.724839033670776,4.4513656877211645
261.83709414817946,183.49319752182873,11.702145657242397,4.050742727506986
260.4751451897472,183.48183703636747,11.888718794735667,4.009528691557904
259.7782728934825,183.53677759747,11.234937365803319,3.667763057564656
258.09905562771337,183.38467447596616,12.169769232620581,4.01126471913193
256.57681560196403,182.50523444661087,11.957270597605543,4.699782828470632
255.6891854936645,180.50402855891676,11.879401219626033,6.474555167094763
254.59719511874036,180.6115298123002,11.066992263434628,6.640195358060765
252.7098501981328,182.59310563795603,11.669528791780806,4.6358402049540075
252.5423663374365,180.64645708977523,11.702229088151597,6.5271397304431105
251.56089287107247,180.67061909510892,11.764779786016817,6.699388489259576
250.6839447747663,180.7597604743899,11.860998313223092,6.777713321841759
249.70270056964722,180.781938473402,11.695745140286988,6.255187077516666
248.629619715901,180.54952998949972,12.779258653198923,5.482340570254536
248.30781190736562,180.5754136804277,11.62483599541369,5.769991588964473
246.6657416720411,180.65434382448683,12.481280261649516,5.78968478337589
246.56599232915923,180.67868477772186,10.964681140509043,5.520948602439432
245.6885929161325,180.6773249406912,11.728621099905865,5.7716465006308795
245.66133681210525,180.75278473286807,11.752115221640878,5.473006727767768
244.83267141382245,180.68343873589893,11.539983177928917,5.6851387714797
244.56689131991027,180.59541491903767,11.861356662330593,5.62695086946141
244.75207600261933,180.76595255861173,11.891273912946474,5.405124505884743
243.6158067774356,180.5524413243457,11.981963648027715,5.827803330752772
243.7533650083943,180.70521154346005,11.659625719837095,5.443732538069639
243.82560570751392,180.66631341052758,11.427977526727773,5.443732538069639
243.66388391730842,180.6417150512972,10.857003567959964,5.791612271202723
243.49441568498435,180.5302788431438,10.996725645889,5.972662491377406
242.68821966406503,180.70453906812693,11.582409586671332,5.727565180222086
242.65801305207697,180.62606174362503,11.629990271282594,5.840611854300505
242.65040900405506,180.73521351081607,11.988624332511563,5.738144979663645
242.7585876329493,181.52655993957228,11.58240965546733,4.9032200874811736
242.65704912740284,181.4766904047687,11.558858586253933,5.024063154511595
241.61114115800265,181.70501991069182,11.929881945131342,4.555747797817162
241.56356810243693,181.63400227124313,11.89940239397356,4.742304621559157
241.70187073731012,181.74811526876098,11.576037873463434,4.801424799788805
241.68254902302834,181.70468258140264,11.842096368089642,4.568997811310169
241.64121065853894,181.58118406744885,10.775505164021865,4.924432335400638
240.44623121094966,181.5922658614129,11.89940239397356,4.742304621559157
240.5657014811325,181.5599907886455,11.860998313223064,4.924432335400638
240.55473406923386,181.81842434725618,11.71049978048444,4.616639336537133
240.6641193264751,181.59931925232974,11.698233752021991,4.8260040231113805
240.73161364044537,181.7117789499445,11.543801623282434,5.598164666809197
240.47145132456433,182.00536948354627,11.966900083876851,5.189186762035092
240.52526637838892,182.57290840225423,11.608984234859548,4.708865091248242
240.65342042195743,182.3602654431504,10.934188621339814,5.019495946053667
240.64959208029325,182.36115728252923,10.710389439031673,5.11540988132856
240.54594009499556,182.75794792140366,10.861160638050762,4.751757779147198
239.48965594653322,182.53802905119875,11.980458291527611,4.602463449237888
239.67598140042458,182.66976299183946,11.794541630383236,4.539625735435266
239.61833361706562,182.57496139391858,11.608984234859548,4.708865091248242
239.7033775178659,182.5237878486976,11.7654427270557,5.818778740011254
239.66500499772596,182.7576630234191,11.655606661505573,5.4082014909385805
239.6092491109052,183.51203154216034,11.795281015006282,4.954894998868809
239.63627615838192,183.66366574925473,11.808047427896184,4.845006007410319
239.6754150883433,183.62933324219222,11.608984234859548,5.641313624168703
239.61254433416556,183.65345325225232,11.812120713822168,5.818778676759678
239.56827600373242,184.42918961807447,11.781571985232716,5.480416631332986
239.59315776930697,185.7070616828558,11.829385350572295,4.667811516712305
239.55484799872397,185.78502581012938,11.925299285847217,5.62695086946141
239.6886602528291,186.78136160835518,11.667262404156077,4.666904961662425
239.52097570212203,186.70023291351828,11.921820856610395,5.473006727767768
239.69353682125757,187.35179253614697,11.57875683396415,4.918409982568846
240.59438506682494,187.68656766540525,10.71565917570652,5.726729329967753
240.35841158577813,188.69244575734692,11.168889335416765,4.76470967061357
240.76256130831914,188.8342815652432,10.648364978470227,4.742304621559157
240.6232111457486,188.705740536127,10.881406934675624,5.586318401986773
240.58174294457052,189.76865944693958,11.51628795827537,4.5294186948865445
240.6451676140723,189.9277033112658,10.775505164021865,4.633202466102773
240.7123842553261,190.61597751258972,10.729914897431996,5.86423436864726
240.7673976329164,191.27035439714717,10.90964783516921,5.221711784354483
240.61468509912996,191.23887476374898,11.492087886600387,5.295088595851325
240.57124173358574,191.97165455025763,11.488591968708306,5.867262565058979
240.64585497141638,192.42200705118995,11.649194771915518,5.056809548717865
240.57754844347983,192.6830307097973,11.54038061090776,4.649881958048439
240.76660643749605,192.49914930752087,11.346618419681391,5.847872570143494
240.81177174278807,192.73536721843055,11.404806206448995,5.4696519561541095
240.68083742381282,193.3718391238737,11.573614856505884,5.147381193086858
241.02916927781098,193.57120454487873,11.24299831673224,4.836610596631971
241.60969775833726,193.53943705288884,10.922293064490276,5.404846052531269
241.48925216054175,193.45406091824265,10.945983803161937,5.858267617965083
241.72980534836222,194.18119665633125,10.61720885084506,5.096260248405628
241.57832528357142,194.69084004167186,11.588565916172513,4.673974610680801
241.66957375892238,194.66794825449915,11.636751221437265,4.7462525685779156
242.5145567570854,194.59897939167288,10.92356137218124,4.739182919559568
242.59466440060248,194.82754129801594,10.963955586143044,4.559775921339877
242.7779941669336,194.62452044289202,10.619271085086439,4.829586301710549
242.38003354366225,194.59148407268248,11.189959115406253,4.827668075503851
242.5842713009459,194.72540190766927,10.821059102024947,4.707863375556315
242.80190717429073,194.56174677123633,10.590177191702622,4.800492408326733
242.66222823820897,194.66421686424567,11.57936956675178,4.684116834791553
242.57423888719785,194.6224302585853,11.608463460135567,4.713210728175341
242.54278542119263,194.60631729163282,11.929881945131342,4.9032200874811736
242.7902136820758,194.62155326379315,11.564473263540123,4.649881958048439
242.7616124273258,194.53516345357008,11.462993993216571,4.713210728175341
242.66700816666835,194.65758472235157,11.68122370860101,4.918409982568846
243.65103139165421,194.55513673323273,10.69713776877461,4.8667158317398105
243.67218755367824,194.6548314932583,10.68052586693372,4.88352991942034
243.77403052797195,194.53267025940195,11.65145742474661,4.808221300280707
243.84210127195124,194.1038335835571,11.569768443925199,6.221729025909411
243.76433699824918,194.57292038348658,11.477700921230962,5.62695086946141
244.13731647385657,194.3701420034259,11.041897204878865,5.636772698994093
244.60476932925923,194.46265494840975,11.189959115406225,5.563008245944815
244.67523520964443,194.35568808399583,11.755096542569277,5.851072828621199
244.72643102095128,194.7217536393773,11.6666512469032,5.731496996608286
245.5463703148561,194.58312936726128,10.822928338773039,5.818778676759678
245.65627083667061,194.59302086095548,11.802152977311835,6.028870501786059
245.87523384608457,194.61275158368866,11.404806206448967,5.847872570143494
246.7905123562567,194.66972600281568,11.425056522008873,5.6869115423452286
246.5050393798608,195.59739989076914,11.781307137231494,5.8063292844024375
247.79189731548652,195.83615993600236,11.329249674983402,6.107537890628919
248.62650235626984,195.69060633227642,10.918308448834807,6.555369932131754
248.76692329472775,197.0359813477153,11.445729609472664,6.170463169352587
249.81518537301616,196.71562022789794,11.66425851257236,6.464528814196711
250.06648367646423,197.06592243630197,11.00289268846123,6.294027597213017
250.54552452929084,198.45555140768852,11.808047427896156,5.056809548717865
250.80187623512077,198.73377074625324,12.494810341133956,5.175089357708458
252.60367864772203,198.24611604407,10.861488711506212,5.891845291618921
252.64451530291763,198.54774833413262,11.655606661505544,6.01429303733687
253.794143266206,198.8799149901674,11.523725277481105,6.534795431742339
254.62689482682842,199.77505785520665,11.736841784206916,5.752596795548783
255.72700720558717,199.97499909890482,11.569439653060357,6.0631288021385785
255.6060079940901,201.4756355650849,12.562632010406304,4.9768193130231
257.53345903605316,200.60538353255598,10.933216898563558,6.803333873011297
257.5702664626768,201.73656097449214,11.98668407412498,5.935154250294886
258.6399764204794,202.6285575203389,11.724839033670776,5.4696519561541095
259.8157126994203,203.12195808454035,11.841214607205984,5.236900809083721
260.7043461633876,202.79890776226566,11.550275673367992,5.644215316456894
261.489860230573,202.81469331078355,11.69823375202202,6.486149407061703
262.70059862809455,203.9209462103067,11.701500103539104,5.339209063636702
263.6278590026309,204.1544195837623,11.910191673982013,5.305129624694047
264.58696248878914,204.68611158565653,11.829385350572295,5.467094310669893
265.37298203654694,205.60058876829723,12.098948506329236,5.506588736016596
266.3918530248523,205.62549844389264,12.14909846815533,5.5949795577031125
267.8280234885144,206.07223088471082,11.795473941443618,5.781180904106748
268.62251085124313,206.71995507909767,12.517870939828185,5.640901086328
269.70946879564735,207.56873535980543,12.78485627893383,5.542249403947295
270.89313220651513,207.8180555406281,12.168453354611813,5.268334211000507
272.6629326702871,208.31467755625889,11.375872101629454,4.941977224478364
273.8573578299343,208.950873716709,11.935341221381691,5.548068770876654
274.8936997388986,209.6306280932251,12.296024956422116,5.6869115423452286
276.41004242219174,210.62911212700473,11.649194771915518,5.824597385957759
277.02827242667587,210.8185399188504,12.244791519103671,5.277044043797815
278.3485312212926,212.0335332131651,11.879401219626004,5.067043174248084
279.801247945943,211.93575733119496,11.49034211593488,5.427465746006106
280.5720125091282,212.75432847129534,11.702229088151569,5.3615790642925845
281.797109081033,213.30525083462643,11.422494528275479,4.941977224478364
282.8814035790205,213.6529066913161,11.389369494542905,5.713988763363858
283.6341077247936,213.49613068847572,11.82310073991215,6.868658525091831
283.96149429298805,214.85244901122536,12.473364170261448,5.812417997706859
285.9276695989292,216.20614510677063,10.536668422001014,5.548068770876654
287.4433297538401,216.0733077505597,11.714735336266699,5.678910335242733
288.65555927039316,216.8387787009955,11.608463460135567,5.527839742921714
289.74322402883416,217.2291485278457,11.32924967498343,5.641313624168703
290.67260172210086,217.7838880509253,11.81212071382214,5.4696519561541095
291.51596554635523,218.73516878427628,11.879401219626004,5.57374749167289
292.8581333535073,218.87423637799128,11.242998316732212,5.345727501540608
293.56804265864736,219.70815769635504,11.888718794735667,6.154160317274943
295.31921652216636,220.26959435313358,11.937390895193118,5.9943121662557814
296.04106988989724,220.91833319285246,11.921820856610395,5.345727501540608
298.72485187505936,221.85441456228634,11.829492442496246,5.758143979137685
299.60662335915237,223.4907130792124,12.714031408719904,4.742304621559157
301.73048785399084,222.88599302101318,11.543801623282434,6.293109246137249
302.4434093296543,223.54742613280305,12.168453354611813,5.687936050814727
302.9116451108776,224.7405849200407,13.287391594116343,5.454823917584605
304.46425383527924,225.2929641169912,12.684937515336117,6.022435930446278
306.2125421133595,226.03163279609356,12.402057996801318,5.164596389602821
306.79938342964806,226.38618424262702,13.230612732758857,5.742648930814482
309.15234976447573,226.99519143308896,12.193558081785284,5.738144979663645
310.7493754116075,228.04653472568276,12.2735045776231,5.123343653961939
311.7293201317084,227.7699333565172,12.413546819650549,6.423484383942991
313.1406445076776,228.67958822805394,12.075208501319764,5.687936050814727
313.6731171412932,229.74409596222083,12.867789754302123,5.4082014909385805
314.95493141445456,229.80778953854653,12.261698207903862,6.433894877151062
315.7930897461419,231.5328804843971,13.354097063163465,4.771398514942945
317.5664244271669,232.13364762616948,12.53946804841712,5.120525235548513
318.5556648964703,231.56674348039874,12.753391084529426,6.745595284379192
319.7885942989306,232.79841363182376,12.552272021467502,5.7822366317700755
320.7860435258863,232.57832650818057,12.628668144529911,6.745946781002033
322.60696906474834,233.4492021436555,12.740650621014083,6.293109246137249
324.89012760250586,234.77685081495457,12.498706496478576,6.13675228881155
325.74604251617507,235.8273679522106,13.279465936366762,5.557859545252541
327.8583926945293,236.64698945304235,12.261698207903862,5.594691197522678
329.6035168114317,236.87864303505287,12.303658535291845,5.6851387714797
329.9781696914759,237.37806799998665,12.473364170261448,5.897270815191632
330.93923704263057,237.8502514309412,13.474394014745883,6.096779040892642
332.0480463524602,238.49915861208072,13.557754316850037,5.876966463527282
333.6215382371744,238.59845432204435,12.803799466103499,6.664991502903177
335.1174683167933,239.6265323115495,12.34608494403426,6.7033725812969465
335.7355412750436,240.84078775528377,12.584556324560594,5.524927166880275
336.6700957195208,241.01050305964483,12.549359822472638,6.1158272552556525
338.95584106041736,241.78100173938088,12.354570299165118,6.100069085212766
339.54800815752867,241.72173371249022,12.72792247436405,6.806874290319257
340.6362664088309,242.7444441849525,12.756553391563102,6.777918092760359
341.62112441436216,243.73804665518654,12.84764809441208,5.503002852725984
343.72021848090543,243.71423329976926,12.812775440200483,6.491240537585014
343.7711375685812,244.84608356374451,13.5128112647119,6.022853020843002
345.63559577205984,245.29847302868183,12.596696832771613,6.202434481110885
346.3202336762085,244.97608770393268,12.961847116217882,7.324166400242092
347.6932659089358,246.98411971904667,12.628668144529911,5.467094310669893
349.88715829744166,248.01314301160863,13.520503727346465,6.060915463982894
351.9307486984226,248.46751686831266,12.556033790003255,6.084151581366314
352.51363932995724,248.53923231831232,12.858791010847824,6.745595284379192
353.73552657764196,249.45299611627127,12.66343455664429,6.833621696725743
355.04519597118,250.65011376608683,13.07674966074876,6.340650023859013
356.62663422761636,250.86178169687284,12.634677621072058,6.387272450505037
357.4614165127488,251.6242128803816,12.975876449174109,6.662501584889867
358.6539598102849,252.24297445779183,12.552192143014224,6.148012478211058
359.75593237447896,253.25976156462744,12.714031408719904,6.167905397365274
361.5411838337626,253.7203285842241,12.913661810953158,6.505016210741303
361.79697720148414,254.61028353499455,14.419061602994873,7.545229574959649
364.11937758720245,254.72528396771116,13.139857481030276,7.623928003699405
364.987769168659,255.76405615840412,13.456057259985585,6.710461975606393
366.82762005061716,256.91972822388766,13.449171571336308,6.279108493873082
368.1810561299945,257.1047416643571,12.962059641561666,6.199245915529502
369.97363589067913,257.69483885117523,12.393998581498124,6.604313798122234
369.7329595804811,257.57978504810615,14.546946850028121,6.8098894045186285
371.496601150974,258.8869307991366,13.976107650930544,6.370325310507042
373.7666703828397,259.63760739682533,12.692610768046507,6.650032845727139
374.7470653839379,260.87115092232045,13.576450797563439,5.388153910282995
375.71007043431086,260.6133746877315,13.237721489628314,6.546126011354659
378.6068186140359,262.58297713128024,13.456057259985585,5.6915960211949255
379.6384579341003,263.28148915585024,13.708719347821557,5.2521982738578
381.74029011548083,263.8626144880624,12.80835932960639,6.25047935284789
382.8096844075769,264.6633895252781,13.395979626729172,6.426233663418998
383.7511509613173,265.1820794350074,13.42795093848747,5.946663987044474
384.9410231763985,265.7040200775818,13.491893562004066,6.650032845727139
386.8004083920792,265.85475495447423,13.152186710139574,7.424621529917488
387.567885346973,266.5580193182625,13.666857112622381,6.780728593151991
389.81247966722646,267.85086714574305,12.496408937145759,6.274679911236319
390.9779856315365,267.7441153961791,12.160903618195391,7.319062362802754
391.9794067000824,268.90385394054823,13.16533897504786,6.293109246137249
393.4444009772701,269.7254609379803,12.80835932960639,6.609113414076887
394.5407578656389,269.6648636924959,12.823657702075025,6.499662122969539
395.5262640642858,271.1820541885593,13.53402438882108,6.024550041418763
397.63972745886434,271.72555029529,13.62863536126656,6.640581535801289
398.38838758155373,272.57556925430697,13.744459457821222,6.679189567986157
398.6688650729344,272.76579065132904,14.601529635751263,6.557879976758443
400.7167821726692,273.69302781247416,13.596590495076782,6.569928740515138
402.5643221303117,274.74305974313995,13.78306749000609,6.215893181767456
404.88330560859396,275.2189440835536,13.551419296896768,6.0614610530279265
406.63029665895016,277.523098938538,14.25600775806123,4.771398514942916
408.63081801240753,276.65187734795313,13.937499618745676,6.486149407061703
409.58203003989087,277.6666243543184,13.491597980078666,6.491240537585043
410.64019791271454,278.58617409899745,14.806463385024983,6.660346851395332
412.4792602915242,278.7370889310355,13.920448780420202,6.681815414601715
414.17981985491707,279.8911338714892,14.043141293729661,6.363961311357855
415.5321523387299,280.6359324258523,13.772257038940836,7.132061680880099
416.73819692690256,280.95322628143595,13.684626695189138,6.649572126535588
417.63437719195576,281.594945881577,14.605134478666798,6.7788771584250185
418.6303761017776,282.88854034510325,13.925885757659444,6.484115861374391
420.6045111100594,283.590672415266,13.701990421395237,6.745595284379192
421.6153157539165,284.5552394568971,13.746156432532985,5.769991588964444
422.7145150170504,285.06436878570344,13.793705627654504,6.327630796563199
424.5763845610922,285.8221948890127,13.561457186303983,6.4293955054239404
425.7682925039784,286.4425062190441,13.32189234510912,6.024550041418763
426.6800547260189,287.4152537473015,13.661303615048212,5.854844406449217
427.63671603609185,288.08687118044867,13.455814651614332,6.361954207666997
428.6847286229052,289.13178507548514,13.98231744166651,5.444442189675442
429.62732956042015,289.62770569350823,13.971463238378647,5.722864804736332
430.7548567785712,289.86313802805296,13.779635367828803,5.690893492978034
431.49261422746196,290.8809404357662,14.825484358998153,5.636772698994093
433.6825091781822,291.6237942960851,14.402640808913759,5.851072828621227
434.6146020244751,292.1990760072003,14.792888716278412,6.1436264212557035
435.57341389371027,292.8191464948615,14.709660262443492,5.636772698994093
436.7691538416004,293.67197434939425,13.608377529010397,5.26861309002544
436.6420459405953,293.60673551391415,15.009722589969783,5.878607242299552
437.71453744590997,293.84171176721946,14.264123361760142,5.6915960211949255
438.3666829544398,294.6126193259474,14.13053977967013,5.868420892103472
438.70208959342773,294.9768568846626,14.685723067033848,5.375396242239674
439.76608743559626,295.28071850627265,14.54518983194265,5.867262565058979
439.74985715035,295.8942317740382,14.770746032336206,5.467094310669893
440.5447410178093,295.5090850140005,14.902700423367946,5.9070289242883405
441.5637365295136,295.8101233428296,14.852723334192262,6.5923852231976525
442.7570821612358,297.02113502991267,14.6324441980737,5.212084344960317
443.68749501490976,296.6900376226833,13.779635367828803,6.138491857594261
443.74381930578636,297.200825982287,14.499574686912922,5.221711784354511
443.7847453194843,297.5633987483168,14.552258198638299,6.151829267645951
444.04504376335075,297.6385662826352,15.432023219833354,5.9676706106908455
445.6048450444804,297.5612242173229,14.685723067033848,5.867262565058979
446.5254638987085,297.58255492365754,13.587807497279016,6.074549234077665
448.61130487056533,298.483096524582,13.474394014745883,5.6869115423452286
448.84865220904476,298.6205740245318,14.455591579425175,5.709958673872961
449.8230417838813,298.5334033784826,14.38255256366881,5.982123632676405
450.8624502764326,298.6520339491167,14.555465509560577,5.980792865449416
452.18105050612974,298.44524308288294,14.13053977967013,6.872229728910611
453.64720390581164,298.5545967031949,14.190837267606184,6.512958895207305
455.62354621769214,298.53118259461434,13.747664056070505,6.554118910452246
456.53948567813984,298.4831002909178,13.875549303103753,5.8507500517695235
457.7592320984755,298.66789198324074,14.93003553670826,5.786363422026284
458.7161276494074,297.7779169441089,14.773297006201972,6.671811551188
461.70293335642305,297.5325537254513,13.800238287222612,6.853496716965253
462.6786153058346,297.58808275447467,13.737317050183663,6.587156126522473
464.64364494796285,297.61330291475036,13.958288476244945,6.745798990039361
466.485199845551,297.5123557438808,14.053323715300337,5.868420892103472
468.48839249327455,297.62652100156635,13.98231744166651,5.939391479645963
470.4363773338202,296.56589087070233,13.520503727346465,6.760251863673204
472.3146733570803,296.54905254023447,14.037961825248601,5.9943121662557814
474.27402515120207,296.5752567504864,14.053323509123288,5.972662491377434
475.5676800555705,296.71851780355684,14.791122993352303,5.621329403649327
478.68670703657585,295.52580406055694,13.819599357304241,5.818778676759678
480.69555104112493,295.57592743811193,13.619778809037314,5.914692675286176
484.56176610019384,294.6789768598904,13.873435658760172,5.727565180222086
487.809754815439,294.4761392391645,13.618877206305854,5.515433136510126
489.6253169003873,294.58563779030425,13.829182610983423,4.794437873842696
491.5344226083052,294.46966131673787,14.043141293729718,5.133595457828676
493.6778288487763,294.62712531282205,14.733139111680714,4.911046370560257
495.742371547361,292.78863530154166,14.76439024235026,6.491240537585043
497.7202694625091,291.83966782155153,14.546946691899166,7.069816092263011
500.8656374336298,291.625544534893,13.561457186303983,7.413128151062551
502.7419038809511,290.7669509737535,13.464504978705918,7.306956970151418
504.52301487885063,292.34724549230884,13.811606679587157,5.8507500517695235
506.5567652812463,292.00900300369125,13.667243393451429,6.331717278322117
507.57909372114136,292.59586403024025,14.299256670532941,5.621329403649327
508.7534086837625,290.43195210670183,14.686064393496963,7.646077969947669
511.74356727282867,289.6234465204632,13.218226828153831,7.633782160445378
512.5496355341031,291.46860818573816,13.843577991345455,5.818778740011226
512.9111086392353,291.8874744559845,14.64544185506361,5.437229910263113
515.1693769552018,290.49629639430367,13.01329307888011,6.506646539440055
516.4861112614458,288.25959451629666,13.174990789803132,8.78332719320207
516.6098118435752,288.2210339138788,13.660371007284539,7.785945249885742
517.7317674228758,288.7275962663229,13.842523656486492,7.3428615335169525
518.9993101320191,288.751787860936,13.502475758356582,7.386648503100957
519.7412280960582,288.5954165616391,14.57966891260071,7.476191126611809
520.9001251013505,288.52500362768717,13.385790642439929,7.729327930017803
520.7022988431893,288.10432905066585,14.58032314071545,7.869861165109057
521.9078242828908,287.5957947693856,13.420923951212785,8.15092763529151
521.939972395492,287.64245851790173,13.551419296896825,8.107686758827128
522.0765043469446,287.6875395055282,13.269460265472162,7.736249035082267
522.5902048820144,287.84091865987193,13.152186710139631,7.38219512117513
522.7236070020668,287.8800586228687,13.660371007284539,7.459588263363571
522.6151302687956,287.6530528796359,13.920448780420202,7.362370688311103
523.8060185315256,287.98814349969996,13.380636447408392,7.739322823239718
523.9857366418577,287.588184686972,13.52951998486867,7.682591750201823
523.5039980437816,287.4350149216419,14.120488559938735,7.545869547903806
523.6523970725788,287.80844761699893,13.937499618745733,7.489958243868898
524.5614501948005,287.7846253402676,13.940105567160685,7.366343410071522
524.8164528068901,287.37877573421844,13.793617529897574,7.9383676396553255
524.6511724247567,287.7131799444819,13.733482597705915,7.478629137364578
525.0929311077549,287.70281293110367,13.395979626729172,8.376483680675506
525.7021467169338,287.73817434068616,12.596696832771613,8.024799251334173
525.7464224534001,287.6964361716577,12.600643396488522,8.35800252224999
525.6148337124622,287.6312554577541,12.823657702075025,8.677927266883671
525.7116442168682,287.5818189590827,12.705892454969558,8.812151218769202
524.7647344044062,287.7334058556369,13.906218489325283,8.55767291650784
524.718669661568,287.6940960492279,13.665495060093463,8.498442201550688
523.7608379526462,287.88844364466183,13.734842796681278,9.527773831932052
523.9158403080232,287.76193844438205,13.332037003212577,9.623364839249348
522.6624132469477,287.8564155573266,13.67297413543497,9.837117138163592
521.9060200448384,288.6634006015977,13.873435658760172,8.188296887280444
520.9082404344792,288.71957819075084,13.10976030139716,8.442855339734763
519.5514769381908,288.4239133950234,13.849918009611429,9.739982990499072
518.6497410860703,289.0660014117998,13.744459457821222,9.304535756558778
516.8807342097987,290.4260065375672,14.089195262567046,7.736249035082267
516.0435735433767,289.88948878557835,13.204151756179385,8.632254174741945
514.7759216092027,290.62078757721997,12.30574430784543,8.158504513488651
511.95234638207774,293.4321050982553,13.425499490449738,6.31060344712381
510.0234515226354,291.5074950943845,14.2093953609928,8.770392352000329
508.51326744802776,291.7974427393267,15.17295664866225,8.455159048491169
507.074593412381,291.9215323607006,13.7469306615277,8.815966402501488
504.91125547242825,294.16262686431753,13.406745162593893,7.170063077463169
502.79140554636035,294.036437810712,14.219840127036832,7.0866088501953755
499.76569133695523,293.6093674485186,14.412922806750089,8.388771477366276
498.04728953330965,294.14675955978214,13.858580119173894,8.166663284513163
493.773483837617,295.5504072354211,13.846860713868637,7.832567676531767
490.67594287387914,295.6844941970812,14.9667895372163,8.607660649338015
487.9673067640563,296.52931387256785,14.455591694240638,7.783780143052638
485.84401375048657,296.3531532920583,13.737317050183663,8.27617051793851
482.5121289426331,297.80524195276286,13.962518969039138,7.882067159941414
479.9441379409464,299.00170301148876,14.413357973829989,6.798753761240562
478.32577026175244,298.670481918168,13.005410813903381,8.332470997652365
473.44579526641587,299.6529666417769,14.965798953373167,7.55283311665562
471.12489570499247,300.90128306485946,14.073420285767952,7.206678986914994
468.07625907148184,301.07065749335464,14.639441966850995,8.205547089699905
466.03211458113634,301.5563206697621,14.075119928466847,8.445071957080131
461.8465857599112,303.3611030956481,14.848478699114878,6.991158720833255
459.9683099661529,303.33633849110055,14.07439472433947,8.119843110195859
457.0939170467742,304.093186122786,14.167923425405434,7.981057300774239
453.80327221798854,304.9684188110704,13.52951998486867,7.342654062139786
449.72634772912147,305.8255853749384,15.59090263407063,7.300502027064795
447.72948899183274,306.729874959807,13.800238287222612,7.179853703487424
441.16536717333463,307.88672852946206,14.662872715375954,8.228531945759471
437.6995486763763,308.5162117125563,14.555228133703963,7.991862662272467
434.57397536410895,310.2277622821139,14.919176526727142,6.71362943702718
431.2448413833366,310.5484783543333,14.345370436217536,7.614604212589427
427.34238902245517,311.85858198540535,14.413357973829989,7.206678986914994
424.32660407458843,312.14396068815824,14.106054764159126,7.609845333296391
420.28304500908496,312.8789983980836,15.034084682853802,7.4242393495574674
416.95555954273465,313.8019026164066,14.449712660074681,7.224856330037369
413.920502115615,315.0276254275351,14.539135392883338,7.609845333296391
409.7360192684078,315.21891950688484,14.54933304905478,8.02252943826386
406.92587368461375,316.7032556553661,13.325557372031483,7.27466652452739
402.51124547023517,317.7055110600956,14.860215860644985,7.389057610265468
398.87903793970554,318.02928022718993,15.470726824551605,8.389056095003355
394.8400710487591,319.6622303526938,15.841096263690474,7.818566825426615
392.07886869685683,320.05086971141077,14.140428699885433,8.094883096311207
388.1523222816755,321.24531348125305,15.18861842110124,7.389057610265468
384.45868536999586,321.51019351448355,14.67322189550066,8.328044859608497
380.8938147859483,323.69167251136014,14.054392678641932,7.299568290457444
376.78226961363464,324.1055545580974,14.64493687371305,8.13058988627074
372.9809387211784,325.2541247744334,15.466369024987216,7.931471294865219
365.2889389913921,327.03661899492397,15.825050460909893,8.230723296022859
361.8886646993318,328.1442131119429,15.157040472365566,7.668740715184981
357.991904771025,328.9898576160234,14.413357973829989,8.226492051101047
354.5787130159795,329.59815761560714,15.034084682853802,8.537875251991068
350.1758596129307,331.3734641346064,15.433171038016042,7.682591750201823
346.45126398075365,332.119368393115,15.776508617809554,8.042925962020547
342.3890026849376,333.30507285759774,15.59090263407063,7.795451317035315
338.6403621263219,333.9141265155754,15.467165311578015,8.414137929498452
334.84088379691264,334.6815086934687,15.433171038016042,8.63441727677548
330.75278550306876,335.7569930686878,15.714639956563246,8.661612574483684
327.0104662866213,336.5752029477195,15.18861842110124,7.635359530607673
323.0382426290662,337.73411520443744,15.599121621671543,7.471158250379517
321.4530296974614,337.8284092307515,13.896353820892159,8.367696924408165
316.06071490295625,339.54457000117685,15.501158575628438,7.9545419006514635
312.0482443244041,340.2642395272304,15.09595334410011,7.671713994542699
306.75493676469745,341.95915696717327,15.59090263407063,7.053027382079563
303.06582879981875,342.0284861112794,15.088528563316459,8.219870038224656
298.7707775798445,342.5949922909225,15.705121188465682,8.362467126325896
295.4135788238196,344.12401423964747,15.788583825380783,7.668740715184981
291.48960783472876,344.85932495176183,15.025245812341609,7.546616674977031
286.8674779632587,345.5032213049274,15.313730482171934,8.55767291650784
279.4031178591862,347.9167141466353,14.25483568234381,8.119843110195859
276.70877259536894,348.3706335462616,13.483501201270883,8.526331641980107
272.2501787008803,349.1180912961224,14.285511379846582,8.620567211976379
266.28850403984507,352.442167126091,16.912731863496504,6.56805120912486
263.91485011745664,352.24685894810176,14.167923425405434,7.053027382079563
259.21255916750385,353.67300115905516,13.30030369847782,5.993346728326458
253.60449570367118,353.82429286684214,15.76332290189967,6.732252489352959
249.27223709398837,355.1769089384464,15.352819701329366,7.060655049809213
244.01274640007554,355.4415032363593,16.766407197750567,8.970955880715223
240.00275327980805,356.43358413969,16.059245262387293,7.758961194187123
236.84018036912713,357.1252731640414,15.268082242615577,7.832327903679413
232.3004935716782,358.82809071432047,16.212412791040833,7.396446388539346
228.44194987934097,359.7521803961728,15.962114601548507,7.238633365818487
224.2950327462156,361.13536666309733,16.27083863730769,7.037559964233424
221.11114493078446,361.93890305260305,15.367225633801382,6.642607209449636
216.76916401881292,363.1469725572493,15.689431733265309,6.499907432352757
213.3160437869078,363.7369020300399,14.848478699114878,6.619946753355407
209.90182384483532,364.35007271746457,15.337481430369905,6.946976883167565
205.83580420133737,365.87543707273176,16.091725462355924,6.403849928896761
202.74034197656636,365.9131814017809,15.988278051994172,7.247023229174943
197.51246601117998,367.36663604593673,13.887975993915148,7.542607651867684
193.57508928255476,368.5541708453099,15.569146113240862,7.886554363039011
190.5028994405302,368.5385651627198,16.138157453284464,7.876038565717806
187.6824214922267,369.63395884654585,15.89824748629357,6.900119143611278
185.74946213728825,369.6844570363379,14.69442520531939,7.769466200513705
183.67487535369855,370.39110924502774,14.708085361369484,7.844312192730399
180.7648916441341,371.4946035187362,15.466369024987216,6.940037383007052
179.00627984294505,371.6899320208921,15.472498070164505,7.3776149738532695
176.7292000738045,371.60477513634544,15.478645646479379,7.273098556779473
173.86229739725118,372.71373895275764,15.267564320890784,7.4800818484901015
173.0659366908628,373.3313747109032,15.714639956563246,6.929290059586947
170.28795522954323,372.3076852006506,16.95201318148949,7.795451317035315
168.6265671694223,373.83884926628104,15.705121188465682,7.138691449302598
167.01706151434612,373.62705336483504,15.711757779709501,7.646077969947669
165.89720918696767,373.59398043939257,15.353255933717207,8.71306057565647
163.74260703720498,374.00559380405304,15.705121188465682,8.2944795887135
161.95592000494185,375.2099941113816,15.467165311578015,7.176764704572179
160.1318053798449,375.89216416281363,16.214538157593836,7.15016092366119
158.9986799692091,375.61786271366077,15.267564320890813,7.838715909719099
157.33570804071636,375.71228435075824,15.024417140873112,7.471158250379517
155.34826909778832,376.01265547552475,15.570492008455574,7.848885617341352
152.60689459199324,376.5929898847339,15.53893240102741,7.71316572079985
151.76282119711587,377.58530911271856,15.618512926417452,6.71362943702718
149.7141056375114,377.7377513668359,15.689431733265309,7.172311649492713
148.81278814952597,377.87871364707405,15.707560833045989,7.095446529413607
147.728819850152,378.11345941787647,15.71346909925066,7.37413414731418
146.77946138623858,378.76143932833793,15.70783384016903,6.643456606236384
145.62819123629114,378.915378889579,15.665135353063476,6.294027597213017
144.97384403314024,378.7355053084217,15.338778366541334,6.900119143611278
143.6317604955836,379.4565362478198,16.022333356729803,6.910837761095479
142.8301012129415,379.3267812816467,15.571890499771428,7.319720983425498
142.8179737021945,379.74946076786546,15.570492008455574,6.745798990039361
141.68792086493485,379.7753655048429,15.501158575628466,6.526803610790921
140.80553077104406,379.79531305471335,15.80500263300155,6.9933639969033266
140.7361566860345,379.63131809036435,15.42126463284606,6.814047163350608
140.44272714049941,379.62850157775426,15.91538887408214,7.48339476860815
139.76257890536476,379.7563396864111,15.681608533867347,7.477130599636212
139.04222145650866,379.6871466892946,16.376593774560916,7.6367535736294485
138.72197669400208,380.2020874571052,15.626198382119782,7.121447787261161
138.8149877477763,380.5884656004018,15.53893240102741,6.981259484519569
138.58158457698096,379.3357742849669,15.851625059647574,8.298791942991954
138.0869599077043,379.81874730410897,15.352819701329366,7.881661450949821
137.7783291792168,379.9290112738044,15.517922388374274,8.300284068200199
138.09847397735314,379.63806900758874,15.352819701329366,8.45636593174828
137.68272448662754,379.7390849667439,14.87255410008109,8.25216951634593
136.71605950789748,379.68507070027107,15.711757779709501,8.438659222930028
137.05799686920426,379.57771240676357,15.318797758209229,7.633782160445378
136.61988051995183,378.95812172965424,15.91356647231197,8.292985344725935
136.83197307871637,377.71139402967384,15.571890499771428,9.883954448956729
136.84150483482574,377.462782898529,15.517020981557494,9.195271692774782
136.67231653071389,376.77392780647295,15.838377279055862,8.847218558222607
136.67346532953783,376.68260282979344,15.281559327839062,8.414137929498452
135.98822074656854,375.6675662959544,15.201129522744196,9.458480591929742
135.69606302394783,374.59798197164554,15.867476869652279,9.54594196703681
135.72513266205448,373.62226993044516,15.458655860035634,9.661659912522282
135.79359730459984,373.552711715052,15.80500263300155,9.464352609142509
135.68642443869217,372.7567959111136,15.758380206355525,8.998128342682321
135.73333648794883,372.0842604473532,15.674861067065791,9.343143788743646
135.66818065290138,370.68819191267124,15.655344825940347,8.57013456596195
135.66987275629577,369.7371842880498,14.902700423367946,9.227319692188985
135.65071958769926,369.2355085786376,14.78661003786857,8.970955880715223
134.98468668178094,369.09515193736155,15.705121188465682,8.158504513488651
134.73555474351392,366.52850139614617,15.909903278394665,9.036825062128173
134.43182429529855,364.9994147310758,15.900245940302199,9.960854460656208
134.86665622003554,364.4562961328934,15.779898694075058,8.658450906813925
134.61162610598274,363.7107341600553,15.71346909925066,9.18871166000406
